0.03282275711159737 0.051185045065094026 0.04495392222971454 -0.008168028004667444 0.033226533760531626 -0.06704304869442483 0.02221125370187561 -0.016 0.054340794410661156 0.027932960893854747 -0.05672295990718061 -0.02805904599243626 -0.026363091671659677 0.004935834155972358 -0.09580234463632926 -0.05429417571569595 -0.04524886877828054 -0.031007751937984496 -0.06903876792352628 0.06881056031456255 -0.046906693711967554 -0.002427184466019417 -0.08198641368001874 0.08625782819331207 -0.13303493721248288 -0.0012591286829513992 -0.09633148588017947 0.06619144602851323 -0.04401173646305681 0.05488949877220858 0.020615900012884936 0.069674067076051 0.03206650831353919 0.009707559762164784 -0.08136004857316333 -0.024309109518935515 -0.01613553852359822 0.04966671023395635 0.012352456766401312 0.13477488151658765 0.02389035584056331 -0.08376726284808692 0.041237113402061855 -0.12954300107952502 0.010903804216137633 -0.19727974512927338 0.09026188660055937 -0.1938133744063663 0.10136036276340359 -0.13114754098360656 -0.11214953271028036 0.022111020598161286 -0.043923865300146414 0.05281690140845071 -0.1059371362048894 -0.026334689968877185 -0.13679890560875513 -0.007609384908053264 -0.11708985659781608 -0.004225352112676056 -0.03023340186237755 -0.08861940298507462 0.01051279056185025 -0.1570493753718025 -0.1634580457682528 -0.23241664638598197 -0.11945812807881775 -0.1702652683528686 0.021848091504947955 -0.13121546961325967 -0.08143529711159181 -0.13478363679356822 -0.06842043175651763 -0.2191380569758948 -0.1949624606442238 -0.33988188501868144 -0.15671641791044774 -0.1903695408734602 -0.12269938650306748 -0.07074490220557636 -0.31519330214232943 -0.32065033306988827 -0.342034203420342 -0.40249161475802586 -1.1161811161811164 -1.1318967558607624 -0.4735615261931052 -0.3535228677379481 -0.2609246358454718 -0.21043000914913085
0.024313153415998053 0.03783242461333036 0.040458530006743085 -0.021003500583430573 0.01898659072030379 -0.07292401787814631 0.01727541954590326 -0.014769230769230767 0.04269633846551949 0.026536312849162004 -0.06445790898543252 -0.041478589727949246 -0.04553624925104853 0.006169792694965448 -0.11218958779780663 -0.05552813425468904 -0.04391801969656641 -0.024547803617571057 -0.06903876792352628 0.0645976688667322 -0.06719066937119675 -0.013349514563106795 -0.10189739985945187 0.08271298593879241 -0.1628745492975258 -0.015109544195416774 -0.11480601741884403 0.053462321792260695 -0.05734862630034676 0.04766719630218113 0.0012884937508053057 0.05904581955597543 0.020190023752969126 -0.0060672248513529954 -0.11050394656952034 -0.04094165813715455 -0.04437273093989512 0.04443863547248726 -0.01784243755146857 0.11700236966824643 0.010059097196026661 -0.09621915327145121 0.016036655211912942 -0.15593139018831714 -0.016961473225102986 -0.21565984560715598 0.07882023900330537 -0.19638043896804006 0.09202453987730061 -0.14307004470938897 -0.12710280373831775 -0.0011637379262190162 -0.06757517738484063 0.03521126760563381 -0.13038416763678695 -0.049078285851089296 -0.14674791692575548 -0.019023462270133164 -0.11840547296408369 -0.009859154929577462 -0.04474543475631878 -0.10261194029850747 -0.007008527041233501 -0.17132659131469363 -0.1864632522097106 -0.25553662691652473 -0.13916256157635468 -0.18013571869216535 8.326672684688674e-18 -0.15193370165745856 -0.09415956228527803 -0.1525183258453535 -0.08965435885336794 -0.23983442902361823 -0.22281424073625575 -0.35313968904423276 -0.17412935323383083 -0.18663680477790218 -0.14750032632815557 -0.06380912747953946 -0.35459246491012064 -0.365812351812126 -0.38928892889288935 -0.4372304743651174 -1.3244413244413245 -1.3379114373668008 -0.5349036927984298 -0.39431396786155753 -0.305256491450285 -0.24179845771794536
0.02552881108679796 0.026705240903527317 0.026972353337828714 -0.042007001166861145 0.0035599857600569634 -0.08939073159256646 0.013573543928923987 -0.016 0.04528399534221763 0.023743016759776532 -0.0670362253448498 -0.050018299377821165 -0.04553624925104853 -0.020977295162882527 -0.11975293079541156 -0.06539980256663376 -0.04791056694170881 -0.029715762273901807 -0.07567711099309612 0.05757618312034827 -0.08240365111561866 -0.029126213592233007 -0.11478097915202626 0.06144393241167436 -0.1927141613825687 -0.04155124653739613 -0.15043547110055422 0.034368635437881864 -0.09335822886102961 0.03611151235013722 -0.006442468754026545 0.041332073689182805 0.002375296912114011 -0.03154956922703556 -0.13600485731633274 -0.06525076765609007 -0.06588678230469275 0.03006142987844727 -0.03842986549547077 0.08590047393364927 0.0037721614485099948 -0.10527507357935251 0.004581901489117986 -0.18112030706489146 -0.04240368306275745 -0.22913858595760322 0.0622934146961607 -0.20279810037222434 0.08002133902373967 -0.14605067064083457 -0.12211838006230528 -0.026765972303037355 -0.07996395990539475 0.011737089201877934 -0.14318975552968566 -0.08379219535551832 -0.16664593955975623 -0.04311984781230184 -0.13550848572556243 -0.02957746478873239 -0.04837344297980409 -0.11310634328358209 -0.021025581123700503 -0.18441403926234384 -0.20946845865116842 -0.2798734485276223 -0.16009852216748768 -0.19247378161628623 -0.02056290965171572 -0.1767955801104972 -0.09924926835475252 -0.16434145187987703 -0.10027132240179308 -0.25444363282201127 -0.24703317994671833 -0.3639869832469567 -0.1990049751243781 -0.18663680477790218 -0.1723012661532437 -0.05132473297267305 -0.38044816547648364 -0.4098453200858079 -0.41516651665166515 -0.48514614278869195 -1.5093015093015094 -1.5439261188728393 -0.6011532327321801 -0.4363411619283066 -0.3609879670677644 -0.2731669062867599
0.015803549720398734 0.011127183709803048 -0.007866936390200047 -0.057176196032672114 -0.02729322416043669 -0.11761938367442952 0.0012339585389930853 -0.032 0.04010868158882134 0.009776536312849162 -0.06445790898543251 -0.05977796754910333 -0.03235470341521869 -0.028381046396841064 -0.12227404512794653 -0.08267522211253701 -0.050572265105137085 -0.05555555555555556 -0.07966011683483802 0.047746103075410745 -0.08113590263691683 -0.03398058252427184 -0.11595221363316936 0.055535861987474885 -0.20514733308466987 -0.06295643414756988 -0.16363156505674317 0.021639511201629328 -0.10936249666577753 0.02888920988010978 -0.016750418760469014 0.029522909777987723 -0.009501187648456057 -0.042470573959470945 -0.15664845173041891 -0.08572159672466735 -0.07798843619739142 0.010456149522938184 -0.049409827065605275 0.06516587677725116 -0.0025147742990066627 -0.11659497396422913 0.008018327605956471 -0.20031186278037666 -0.05936515628786043 -0.24874402646734467 0.048309178743961366 -0.22718521370812478 0.06935182715390771 -0.1639344262295082 -0.12585669781931463 -0.03956708949144653 -0.08334271877463678 -0.007042253521126765 -0.1653084982537835 -0.11371797941106057 -0.16913319238900631 -0.06467977171845275 -0.1447178002894356 -0.04929577464788733 -0.0532107872777845 -0.1247667910447761 -0.03387454736596192 -0.19631171921475316 -0.23005206441457804 -0.30542711121927474 -0.17610837438423643 -0.20727945712523135 -0.03855545559696698 -0.19337016574585636 -0.0979768418373839 -0.1702530148971388 -0.0990916597853014 -0.2629656683710738 -0.26398643739404215 -0.38929733638664576 -0.21517412935323382 -0.2090332213512504 -0.18274376713222817 -0.062421972534332085 -0.4063038660428465 -0.44484588461104213 -0.4556705670567057 -0.5198850023957834 -1.6906516906516906 -1.7440208382666351 -0.6440927493559073 -0.48949320148331277 -0.3977200759974668 -0.312377466997778
0.006078288353999507 -0.004450873483921219 -0.02922004944931445 -0.08751458576429405 -0.059333096000949326 -0.14349564808280407 -0.016041461006910167 -0.05169230769230769 0.029758054082028716 -0.015363128491620113 -0.06316875080572384 -0.05977796754910333 -0.02636309167165967 -0.032082922013820334 -0.1298373881255515 -0.07527147087857848 -0.046579717859994665 -0.059431524547803614 -0.0770047796070101 0.03932032017975003 -0.0747971602434077 -0.04126213592233009 -0.11126727570859685 0.034266808460356846 -0.21260723610593057 -0.08813900780659782 -0.1649511744523621 0.0038187372708757576 -0.10802880768204855 0.013000144446049397 -0.027058368766911478 0.011809163911195086 -0.021377672209026134 -0.08251425797840067 -0.17729204614450517 -0.1138689866939611 -0.08471157724889068 -0.018298261665141813 -0.048037331869338444 0.029620853080568728 -0.008801710046523324 -0.12112293411817979 0.01145475372279496 -0.2159050017992084 -0.07632662951296341 -0.2524200465629212 0.034324942791762014 -0.23231934283147218 0.05868231528407575 -0.17138599105812222 -0.12959501557632397 -0.05353194460607471 -0.0867214776438788 -0.018779342723004695 -0.18742724097788127 -0.12568829303327747 -0.17162044521825642 -0.07102092580849714 -0.15392711485330876 -0.05633802816901408 -0.06530414802273551 -0.13875932835820895 -0.046723513608223334 -0.22129684711481262 -0.25063567017798766 -0.3346312971525919 -0.1921182266009852 -0.23072177668106106 -0.056548001542218215 -0.23066298342541436 -0.09288713576790941 -0.17616457791440057 -0.09673233455231803 -0.26905283662040425 -0.27972874788084284 -0.3929131011208871 -0.2251243781094528 -0.21525444817718054 -0.18535439237697426 -0.062421972534332085 -0.4493967003201182 -0.4787173986677204 -0.5096759675967597 -0.5558217537134642 -1.8942318942318945 -1.939379587970637 -0.7029812292970187 -0.5278121137206429 -0.4407853071564281 -0.3515880277087962
-0.00972526136639922 -0.011127183709803047 -0.039334681951000226 -0.1015169194865811 -0.07831968672125311 -0.16113855563396848 -0.02838104639684107 -0.060307692307692305 0.014232112821839824 -0.02094972067039106 -0.0696145417042671 -0.05977796754910334 -0.025164769322947866 -0.03331688055281342 -0.1298373881255515 -0.09007897334649556 -0.04924141602342294 -0.07622739018087855 -0.08231545406266597 0.02808594298553574 -0.07860040567951318 -0.04368932038834951 -0.12063715155774186 0.028358738036157388 -0.23498694516971272 -0.09695290858725762 -0.18078648719978885 -0.008910386965376788 -0.12136569751933848 0.010111223458038419 -0.03607782502254864 0.0011809163911195102 -0.0320665083135392 -0.09586215265137725 -0.19550698239222827 -0.14201637666325487 -0.09546860293128949 -0.036596523330283626 -0.03980236069173758 0.02221563981042654 -0.017603420093046652 -0.13017885442608107 0.012600229095074456 -0.23749550197912922 -0.08844196753089412 -0.2830535473593922 0.026697177726926015 -0.2464381979206777 0.05601493731661776 -0.17734724292101345 -0.13707165109034267 -0.06284184801582683 -0.09911026016443292 -0.0363849765258216 -0.21420256111757857 -0.14962892027771127 -0.18903121502300704 -0.0849714648065948 -0.1736613603473227 -0.06197183098591549 -0.07618817269319142 -0.1574160447761194 -0.051395864969045656 -0.24152290303390841 -0.2603220728901804 -0.3650523241664638 -0.1982758620689655 -0.2516964836520666 -0.06425909266161163 -0.2430939226519337 -0.09543198880264664 -0.18680539134547175 -0.10027132240179308 -0.2897492086681276 -0.28820537660450474 -0.4266602386404725 -0.24004975124378114 -0.24138360084608684 -0.20232345646782401 -0.08184214176723541 -0.48879586308790934 -0.49791125663317154 -0.5445544554455446 -0.5797795879252516 -2.0732420732420733 -2.1382903149419845 -0.7569623359097042 -0.5661310259579728 -0.487650411652945 -0.3816494575872435
-0.030391441769997567 -0.012239902080783351 -0.04720161834120026 -0.1061843640606768 -0.09849293936157588 -0.1776052693483886 -0.05306021717670286 -0.07015384615384615 -0.00258765687669815 -0.032122905027932955 -0.07734949078251901 -0.05489813346346224 -0.02995805871779509 -0.028381046396841064 -0.12857683095928402 -0.09624876604146101 -0.05057226510513707 -0.08785529715762273 -0.08497079129049388 0.02808594298553574 -0.08493914807302232 -0.05097087378640776 -0.12532208948231435 0.023632281696797826 -0.24742011687181403 -0.10954419541677159 -0.18606492478226444 -0.025458248472505097 -0.12136569751933848 0.005777841976021952 -0.05153975003221234 -0.0023618327822390165 -0.03919239904988124 -0.10071593253245965 -0.2137219186399514 -0.16120777891504606 -0.11025951324458787 -0.0470526728532218 -0.03019489431786989 0.016291469194312798 -0.02389035584056331 -0.14036676477246998 0.005727376861397479 -0.25908600215905003 -0.10661497455779016 -0.3087856880284279 0.006356470887363336 -0.2644076498523938 0.03734329154441185 -0.19076005961251863 -0.1470404984423676 -0.07680670313045504 -0.11149904268498705 -0.055164319248826296 -0.2316647264260768 -0.16997845343548 -0.20644198482775772 -0.10019023462270134 -0.1894487567425339 -0.07464788732394366 -0.08949086951263754 -0.1632462686567164 -0.0630767433711015 -0.23200475907198098 -0.27727327763651777 -0.37843757605256756 -0.21551724137931033 -0.2640345465761875 -0.0796812749003984 -0.2417127071823204 -0.10052169487212112 -0.19862851737999526 -0.10381031025126812 -0.3055758461163866 -0.28820537660450474 -0.4459443172230927 -0.2562189054726368 -0.2637800174194351 -0.22059783318104684 -0.10126231100013872 -0.5220389066732332 -0.5283956192841821 -0.5704320432043205 -0.6217057977958793 -2.248742248742249 -2.349040966137817 -0.7974481658692183 -0.6118665018541408 -0.5294490183660544 -0.41301790615605805
-0.04984196450279601 -0.02781795927450762 -0.05844009889862891 -0.12602100350058346 -0.12697282544203156 -0.2023053399200188 -0.08390918065153011 -0.08615384615384616 -0.033639539397075945 -0.05726256983240223 -0.0747711744231017 -0.06709771867756498 -0.0347513481126423 -0.032082922013820334 -0.13487961679062146 -0.09871668311944719 -0.0479105669417088 -0.09431524547803619 -0.08629845990440785 0.01404297149276787 -0.08620689655172414 -0.06796116504854369 -0.13000702740688688 0.0035448422545196743 -0.2598532885739152 -0.13346764039284814 -0.19134336236474003 -0.05218940936863544 -0.12403307548679647 -0.023111367904087823 -0.06700167504187605 -0.0271610769957487 -0.04394299287410926 -0.13469239170003638 -0.22707953855494836 -0.20214943705220062 -0.11698265429608715 -0.07319304666056725 -0.023332418336535814 -0.020734597156398103 -0.036464227335596636 -0.15281865519583426 -0.011454753722794963 -0.28907280796449564 -0.1259995153864793 -0.32961646857002813 -0.0025425883549453354 -0.28366063406494674 0.03200853560949587 -0.21460506706408347 -0.15451713395638628 -0.10008146165483534 -0.12388782520554117 -0.08333333333333334 -0.250291036088475 -0.20469236293990903 -0.22260912821788334 -0.11667723525681672 -0.20655176950401266 -0.08591549295774649 -0.10400290240657876 -0.18423507462686564 -0.07475762177315734 -0.25936942296252236 -0.2942244823828551 -0.413725967388659 -0.22783251231527096 -0.28500925354719303 -0.09253309343272073 -0.27071823204419887 -0.10306654790685836 -0.22227476944904234 -0.11088828595021823 -0.3347942537131726 -0.3027367401307823 -0.4555863565144028 -0.2786069651741293 -0.27871096180166727 -0.2375668972718966 -0.11652101539741988 -0.55281950258557 -0.5588799819351924 -0.6075607560756076 -0.6396741734547198 -2.4417924417924417 -2.4911200568316367 -0.8514292724819039 -0.6365883807169345 -0.5788473717542748 -0.43523722389230163
-0.042548018477996594 -0.04005786135529098 -0.05731625084288605 -0.1505250875145858 -0.11866619200189865 -0.23288637967537054 -0.06910167818361303 -0.10338461538461538 -0.020701255013585204 -0.0740223463687151 -0.07606033260281035 -0.06953763572038552 -0.04433792690233672 -0.04195459032576505 -0.13487961679062144 -0.11229022704837117 -0.04924141602342293 -0.09689922480620156 -0.08364312267657992 0.005617188597107148 -0.07733265720081137 -0.0691747572815534 -0.13352073085031627 6.938893903907229e-19 -0.2635832400845456 -0.1397632838076051 -0.1953021905515967 -0.056008146639511217 -0.12936783142171243 -0.03322259136212625 -0.07215565004509727 -0.03542749173358527 -0.05463182897862233 -0.14439995146220116 -0.24165148755312688 -0.22517911975435007 -0.1263950517681861 -0.07580708404130179 -0.03842986549547077 -0.02665876777251185 -0.03394945303658997 -0.15961059542676023 -0.011454753722794957 -0.31066330814441645 -0.1332687181972377 -0.3516725891434873 -0.005085176709890666 -0.31061481196252083 0.029341157642037874 -0.22950819672131145 -0.14953271028037382 -0.10822762713836846 -0.12276157224912716 -0.107981220657277 -0.25145518044237486 -0.22384486473545606 -0.212660116900883 -0.1192136968928345 -0.20128930403894224 -0.09014084507042254 -0.09916555810859837 -0.1993936567164179 -0.07125335825254057 -0.26888756692444976 -0.29059208136578285 -0.43319542467753713 -0.22413793103448273 -0.3035163479333744 -0.0951034571391852 -0.27900552486187846 -0.10688382745896423 -0.23409789548356583 -0.11088828595021824 -0.3530557584611639 -0.30394768709130543 -0.47366518018560927 -0.2848258706467661 -0.28742067935796933 -0.23495627202715053 -0.12345679012345676 -0.555281950258557 -0.588235294117647 -0.6188118811881189 -0.6827982750359368 -2.552942552942553 -2.6320151551030078 -0.8587903324745427 -0.6625463535228678 -0.591513616212793 -0.4587635603189125
-0.03768538779479698 -0.051185045065094026 -0.06405933917734324 -0.1551925320886815 -0.11510620624184172 -0.24464831804281348 -0.06169792694965448 -0.12184615384615385 -0.005175313753396303 -0.09776536312849163 -0.07348201624339305 -0.0744174698060266 -0.051527860994607544 -0.0481243830207305 -0.14496407412076134 -0.12956564659427444 -0.05589566143199361 -0.11369509043927647 -0.08629845990440786 -0.008425782895660722 -0.06972616632860042 -0.07766990291262135 -0.13234949636917312 6.938893903907229e-19 -0.2598532885739152 -0.15109544195416771 -0.18078648719978885 -0.064918533604888 -0.12536676447052547 -0.04333381482016468 -0.07215565004509727 -0.050779404818138876 -0.05938242280285035 -0.16381507098653075 -0.24165148755312682 -0.2366939611054248 -0.1263950517681861 -0.08364919618350543 -0.03705737029920396 -0.034063981042654026 -0.03143467873758331 -0.15621462531129726 -0.01718213058419244 -0.3214585582343769 -0.13569178580082386 -0.3663766695257934 0.002542588354945334 -0.32345013477088946 0.028007468658308887 -0.23546944858420268 -0.15202492211838006 -0.11171884091702551 -0.12951908998761122 -0.1220657276995305 -0.2526193247962748 -0.2453914292554465 -0.19773659992538242 -0.1306277742549144 -0.19997368767267462 -0.10704225352112676 -0.10279356633208367 -0.20638992537313428 -0.07242144609274617 -0.26769779892920886 -0.29059208136578285 -0.43684594791920184 -0.22660098522167488 -0.3096853793954349 -0.0951034571391852 -0.2776243093922652 -0.09543198880264665 -0.24119177110427997 -0.11796626164916835 -0.36644752860969076 -0.29547105836764354 -0.4869229842111607 -0.26865671641791045 -0.3098170959313176 -0.223208458425793 -0.14981273408239698 -0.5626692932775178 -0.608558202551654 -0.6401890189018903 -0.7139434595112603 -2.643032643032643 -2.7397584655458203 -0.8710587657956079 -0.6946847960444993 -0.6041798606713108 -0.4875179715069925
-0.030391441769997567 -0.05563591854901524 -0.05956394695437177 -0.1563593932322054 -0.11391954432182272 -0.2517054810632792 -0.05676209279368212 -0.12184615384615387 -0.002587656876698158 -0.09497206703910616 -0.06445790898543251 -0.07563742832743688 -0.04673457159976034 -0.04565646594274432 -0.1449640741207614 -0.12339585389930899 -0.05190311418685121 -0.09560723514211888 -0.08098778544875199 0.011234377194214296 -0.05958417849898582 -0.07524271844660194 -0.11829468259545561 -0.0011816140848398891 -0.2436901653611836 -0.1485771845882649 -0.1557139086830298 -0.06873727087576376 -0.10669511869831956 -0.04333381482016468 -0.0605592062878495 -0.05550307038261691 -0.048693586698337295 -0.15896129110544838 -0.22950819672131142 -0.24309109518935518 -0.108914885034288 -0.08757025225460724 -0.02195992314026901 -0.039988151658767776 -0.03017729158807997 -0.1664025356576862 -0.016036655211912942 -0.327455919395466 -0.14053792100799614 -0.37127802965322876 -1.3877787807814458e-18 -0.3131818765241946 0.017337956788476928 -0.2205663189269747 -0.1395638629283489 -0.11870126847433962 -0.12163531929271314 -0.1244131455399061 -0.24447031431897556 -0.24658846061766818 -0.18778758860838204 -0.13189600507292326 -0.19339560584133667 -0.10985915492957746 -0.09070020558713265 -0.20405783582089548 -0.05957247985048475 -0.26531826293872696 -0.28211647899261416 -0.44901435872475054 -0.21182266009852216 -0.3146206045650833 -0.08482200231332734 -0.2845303867403315 -0.09288713576790943 -0.24000945850082758 -0.11678659903267666 -0.368882395909423 -0.3063695810123517 -0.4845124743883332 -0.27363184079601993 -0.3098170959313176 -0.2258190836705391 -0.15536135386322653 -0.557744397931544 -0.6051710511459862 -0.6379387938793879 -0.7127455678006708 -2.6687726687726685 -2.77172626095193 -0.8624708624708625 -0.699629171817058 -0.5940468651044964 -0.49536008364919615
-0.024313153415998056 -0.06565038388783799 -0.0584400988986289 -0.1726954492415403 -0.11154622048178472 -0.27993413314514226 -0.0579960513326752 -0.14030769230769233 -1.3877787807814458e-18 -0.12011173184357542 -0.06187959262601521 -0.08417713797730877 -0.03714799281006591 -0.049358341559723594 -0.13866128828942395 -0.13203356367226063 -0.054564812350279476 -0.10594315245478039 -0.09160913436006372 0.001404297149276787 -0.059584178498985806 -0.07402912621359223 -0.11243851018973998 -0.008271298593879237 -0.24742011687181398 -0.1485771845882649 -0.17154922143045656 -0.06619144602851325 -0.12403307548679647 -0.04333381482016467 -0.05282824378301765 -0.06495040151157298 -0.045130641330166275 -0.16745540589734256 -0.22343655130540374 -0.2507676560900717 -0.11160414145488773 -0.09541236439681086 -0.02744990392533626 -0.04443127962085308 -0.02514774299006664 -0.1697985057731492 -0.00572737686139748 -0.33105433609211954 -0.1369033196026169 -0.3786300698443818 -0.0012712941774726677 -0.3221666024900526 0.010669511869831954 -0.23695976154992554 -0.13333333333333333 -0.10939136506458744 -0.11037278972857303 -0.1244131455399061 -0.239813736903376 -0.2429973665310031 -0.19898022634000745 -0.12555485098287889 -0.21181423496908303 -0.11267605633802817 -0.08223485306566694 -0.2075559701492537 -0.0490596892886345 -0.2724568709101725 -0.27485167695846957 -0.45144804088586027 -0.2179802955665025 -0.31091918568784704 -0.08739236601979179 -0.2803867403314917 -0.08525257666369768 -0.24473870891463698 -0.10498997286775982 -0.3676649622595569 -0.29183821748607414 -0.4893334940339882 -0.26741293532338306 -0.32225954958317776 -0.223208458425793 -0.1831044527673741 -0.5503570549125831 -0.611945353957322 -0.6266876687668768 -0.7271202683277431 -2.6910026910026907 -2.806062041202936 -0.8649245491350754 -0.7132262051915944 -0.6067131095630146 -0.5123513266239708
-0.027960126428397757 -0.0678758206297986 -0.04832546639694312 -0.15752625437572926 -0.10798623472172778 -0.278757939308398 -0.06046396841066139 -0.1427692307692308 -0.011644455945141676 -0.12430167597765365 -0.0644579089854325 -0.0792973038916677 -0.046734571599760334 -0.02838104639684107 -0.1411824026219589 -0.11229022704837117 -0.051903114186851215 -0.08527131782945738 -0.09559214020180563 0.02387305153770538 -0.06465517241379311 -0.06067961165048543 -0.11360974467088311 0.0035448422545196743 -0.25115006838244436 -0.14228154117350794 -0.1702296120348377 -0.05855397148676171 -0.11869831955188051 -0.039000433338148205 -0.05669372503543357 -0.06613131790269249 -0.03562945368171021 -0.16260162601626016 -0.22100789313904068 -0.24820880245649954 -0.12101653892698669 -0.09018428963534178 -0.0425473510842712 -0.03110189573459716 -0.027662517289073308 -0.1697985057731492 -0.009163802978235967 -0.3226580304665947 -0.13569178580082383 -0.3688273495895111 0.002542588354945333 -0.30676421512001023 0.0066684449186449725 -0.2295081967213115 -0.1470404984423676 -0.0989177237286163 -0.11037278972857303 -0.11854460093896715 -0.2467986030267753 -0.23461814699545128 -0.2002238527546325 -0.1128725428027901 -0.21444546770161824 -0.1028169014084507 -0.08465352521465715 -0.20172574626865672 -0.042051162247401006 -0.2558001189767995 -0.267586874924325 -0.4477975176441956 -0.2229064039408867 -0.30228254164096235 -0.09124791157948849 -0.27209944751381215 -0.08525257666369768 -0.24592102151808937 -0.10381031025126815 -0.3627952276600926 -0.28093969484136594 -0.48330721947691935 -0.2537313432835821 -0.32474804031354976 -0.22059783318104684 -0.19836315716465527 -0.5565131740950504 -0.6063001016145423 -0.6368136813681369 -0.7139434595112601 -2.7366327366327363 -2.822637935117215 -0.8624708624708625 -0.7107540173053152 -0.6079797340088665 -0.5084302705528689
-0.023097495745198142 -0.06119951040391678 -0.03596313778377163 -0.14469078179696615 -0.10205292512163285 -0.2611150317572336 -0.05676209279368213 -0.12553846153846154 -0.009056799068443524 -0.10754189944134081 -0.06059043444630655 -0.0792973038916677 -0.05751947273816658 -0.03701875616979269 -0.15126685995209882 -0.109822309970385 -0.05988820867713601 -0.06976744186046513 -0.10223048327137547 0.01685156579132144 -0.06465517241379311 -0.057038834951456306 -0.121808386038885 0.0011816140848398896 -0.2523933855526545 -0.14228154117350794 -0.17022961203483772 -0.057281059063136464 -0.10936249666577753 -0.04622273580817565 -0.05282824378301765 -0.0684931506849315 -0.04513064133016627 -0.16381507098653075 -0.22829386763812995 -0.23541453428863873 -0.12236116713728654 -0.07188602797019997 -0.049409827065605275 -0.020734597156398103 -0.026405130139569973 -0.1720624858501245 -0.02290950744558992 -0.3226580304665947 -0.14417252241337533 -0.3651513294939346 -0.0025425883549453367 -0.290078295469131 0.0053347559349159815 -0.22354694485842028 -0.13707165109034267 -0.10124519958105434 -0.1171303074670571 -0.11384976525821597 -0.24097788125727587 -0.22384486473545606 -0.20519835841313266 -0.10019023462270134 -0.2065517695040126 -0.09436619718309859 -0.08344418914016205 -0.1993936567164179 -0.05490012848966243 -0.2427126710291493 -0.27727327763651777 -0.4404964711608663 -0.22536945812807882 -0.2924120913016656 -0.09381827528595296 -0.2638121546961326 -0.06616617890316834 -0.24828564672499404 -0.09555267193582635 -0.36279522766009265 -0.26761927827561155 -0.4688441605399542 -0.2437810945273632 -0.3098170959313176 -0.20754470695731628 -0.19004022749341098 -0.5626692932775178 -0.6142034548944337 -0.648064806480648 -0.7235265931959751 -2.7775827775827775 -2.8475017759886336 -0.8735124524598208 -0.7107540173053151 -0.6092463584547183 -0.5201934387661743
-0.02188183807439825 -0.06119951040391677 -0.03821083389525737 -0.13185530921820302 -0.0973062774415569 -0.25993883792048933 -0.05306021717670286 -0.11692307692307694 -0.010350627506792602 -0.09636871508379888 -0.06574706716514116 -0.08173722093448824 -0.06830437387657282 -0.05799605133267523 -0.16261187444850625 -0.12956564659427444 -0.0758583976577056 -0.06459948320413438 -0.11417950079660118 0.016851565791321445 -0.06845841784989859 -0.04975728155339805 -0.13352073085031627 0.009452912678719132 -0.25860997140370506 -0.13472676907579956 -0.17682765901293215 -0.04327902240325866 -0.11603094158442251 -0.03611151235013722 -0.04896276253060172 -0.07203589985829004 -0.0498812351543943 -0.1468268414027424 -0.23193685488767457 -0.2302968270214944 -0.13311819281968534 -0.050973728924323614 -0.07960472138347516 -0.008886255924170616 -0.027662517289073308 -0.17772243604256283 -0.036655211912943866 -0.33225380832433726 -0.15144172522413374 -0.37863006984438186 0.0038138825324180044 -0.28622769862662045 0.006668444918644968 -0.22354694485842028 -0.13582554517133955 -0.10124519958105434 -0.12614033111836917 -0.11971830985915492 -0.23981373690337598 -0.23701220971989465 -0.20892923765700783 -0.10526315789473684 -0.20392053677147742 -0.10422535211267606 -0.07376950054420124 -0.1958955223880597 -0.06424483121130709 -0.23557406305770376 -0.2881704806877346 -0.4453638354830859 -0.2241379310344828 -0.28747686613201723 -0.09381827528595296 -0.25828729281767954 -0.0750731645247487 -0.24473870891463703 -0.10145098501828478 -0.35792549306062826 -0.27125211915718095 -0.4676389056285405 -0.2537313432835821 -0.30359586910538755 -0.21668189531392765 -0.18865307254820363 -0.5552819502585569 -0.6198487072372135 -0.6514401440144014 -0.7402970771442261 -2.804492804492804 -2.8853895335069852 -0.8747392957919274 -0.7181705809641532 -0.6155794806839772 -0.5254215135276434
-0.020666180403598345 -0.05786135529097586 -0.02697235333782873 -0.1190198366394399 -0.09611961552153792 -0.2564102564102564 -0.06416584402764067 -0.11815384615384616 -0.024582740328632426 -0.09497206703910614 -0.06961454170426712 -0.08173722093448824 -0.08747753145596167 -0.06293188548864759 -0.17521744611118115 -0.13079960513326752 -0.07718924673941974 -0.05297157622739018 -0.120817843866171 0.021064457239151804 -0.07352941176470588 -0.04854368932038834 -0.1335207308503162 0.015360983102918585 -0.2499067512122343 -0.13472676907579956 -0.17682765901293215 -0.03818737270875765 -0.11469725260069352 -0.039000433338148205 -0.05411673753382297 -0.06495040151157298 -0.042755344418052246 -0.1322655017594952 -0.2246508803885853 -0.2290174002047083 -0.13580744924028504 -0.0470526728532218 -0.0960746637386769 -0.028139810426540283 -0.03646422733559663 -0.18225039619651348 -0.058419243986254296 -0.33345328055655515 -0.1599224618366852 -0.3823060899399583 -0.006356470887363337 -0.28494416634578357 -0.0013336889837289943 -0.22354694485842028 -0.1320872274143302 -0.09659024787617829 -0.12050906633629913 -0.11502347417840375 -0.22817229336437714 -0.23940627244433804 -0.20519835841313266 -0.10779961953075459 -0.1933956058413367 -0.11549295774647887 -0.07376950054420124 -0.1900652985074627 -0.070085270412335 -0.21653777513384892 -0.29785688339992733 -0.42832806035531756 -0.23275862068965517 -0.2628007402837754 -0.10281454825857858 -0.24861878453038674 -0.07761801755948594 -0.24119177110427997 -0.10498997286775982 -0.3420988556123692 -0.27246306611770404 -0.45317584669157523 -0.2574626865671642 -0.2948861515490855 -0.2284297089152852 -0.1886530725482036 -0.5503570549125831 -0.6322682623913289 -0.6548154815481547 -0.7510781025395304 -2.8395928395928394 -2.91380535164575 -0.8722856091277142 -0.7181705809641532 -0.6206459784673843 -0.5345706443602143
-0.002431315341599803 -0.05897407366195616 -0.013486176668914362 -0.11085180863477247 -0.09137296784146197 -0.25405786873676783 -0.05799605133267523 -0.11323076923076925 -0.0258765687669815 -0.09916201117318435 -0.05672295990718061 -0.08661705502012931 -0.08028759736369083 -0.0740375123395854 -0.1815202319425186 -0.14067127344521224 -0.08118179398456214 -0.04651162790697675 -0.13143919277748273 0.012638674343491082 -0.06465517241379312 -0.0424757281553398 -0.13937690325603186 0.02008743944227815 -0.25363670272286465 -0.13094938302694534 -0.1728688308260755 -0.029276985743380855 -0.11869831955188048 -0.0404448938321537 -0.045097281278185804 -0.064950401511573 -0.04038004750593824 -0.12619827690814223 -0.22100789313904068 -0.2366939611054248 -0.12370579534758641 -0.050973728924323614 -0.09881965413121054 -0.04887440758293839 -0.027662517289073308 -0.18564636631197645 -0.05956471935853379 -0.334652752788773 -0.1538647928277199 -0.39088347016297026 0.007627765064836004 -0.27981003722243614 0.009335822886102959 -0.2160953800298063 -0.11588785046728971 -0.09193529617130222 -0.12050906633629914 -0.1091549295774648 -0.23050058207217697 -0.2453914292554465 -0.1927620942668822 -0.10906785034876346 -0.1841862912774635 -0.11971830985915492 -0.0544201233522796 -0.1923973880597015 -0.04672351360822334 -0.23795359904818558 -0.2821164789926141 -0.4380627889997566 -0.2105911330049261 -0.2590993214065392 -0.08096645675363064 -0.2389502762430939 -0.07125588497264282 -0.23882714589737528 -0.0990916597853014 -0.34696859021183346 -0.2785178009203197 -0.454381101602989 -0.2611940298507463 -0.2911534154535274 -0.23104033416003128 -0.17894298793175198 -0.5442009357301157 -0.6322682623913287 -0.6694419441944194 -0.7426928605654048 -2.8840528840528834 -2.907885389533507 -0.8808735124524597 -0.7058096415327564 -0.6333122229259025 -0.5254215135276434
-0.003646973012399709 -0.06453766551685769 -0.016857720836142957 -0.12018669778296383 -0.09255962976148095 -0.2552340625735121 -0.05429417571569595 -0.10461538461538462 -0.01811359813688705 -0.08100558659217875 -0.05285548536805466 -0.09393680614859093 -0.07070101857399641 -0.07897334649555775 -0.1777385604437161 -0.13820335636722608 -0.09049773755656108 -0.04651162790697675 -0.14737121614445034 0.016851565791321445 -0.06211967545638945 -0.046116504854368925 -0.14171937221831812 0.016542597187758478 -0.25860997140370506 -0.13346764039284814 -0.17550804961731326 -0.0280040733197556 -0.12136569751933848 -0.0260002888920988 -0.03736631877335395 -0.06967406707605102 -0.04869358669833729 -0.1383327266108482 -0.22465088038858533 -0.24181166837256912 -0.12101653892698669 -0.060122859756894534 -0.10019214932747736 -0.04887440758293839 -0.025147742990066647 -0.1901743264659271 -0.032073310423825885 -0.34544800287873334 -0.14417252241337536 -0.3982355103541233 0.005085176709890669 -0.28622769862662045 0.0 -0.21013412816691504 -0.10841121495327102 -0.09309903409752124 -0.10586777790291699 -0.11267605633802817 -0.23050058207217697 -0.2453914292554465 -0.18903121502300707 -0.11667723525681672 -0.18023944217866067 -0.11267605633802817 -0.04474543475631878 -0.1947294776119403 -0.04905968928863451 -0.24509220701963116 -0.28090567865359006 -0.444146994402531 -0.2044334975369458 -0.25786551511412703 -0.0745405474874695 -0.22375690607734805 -0.0750731645247487 -0.23646252069047055 -0.10145098501828476 -0.35792549306062815 -0.2894163235650279 -0.46281788598288537 -0.26616915422885573 -0.29613039691427145 -0.246704085628508 -0.17894298793175198 -0.5331199212016744 -0.6401716156712205 -0.6570657065706571 -0.7510781025395304 -2.8805428805428805 -2.8995974425763675 -0.8735124524598209 -0.7033374536464772 -0.6269791006966434 -0.5175794013854398
-0.007293946024799417 -0.07455213085568044 -0.014610024724657231 -0.12835472578763127 -0.10679957280170879 -0.26464361326746644 -0.06293188548864757 -0.09476923076923079 -0.0258765687669815 -0.06843575418994415 -0.05285548536805466 -0.1036964743198731 -0.06470940683043738 -0.08761105626850937 -0.1789991176099836 -0.1431391905231984 -0.08517434122970455 -0.04909560723514213 -0.14073287307488053 0.02387305153770538 -0.06592292089249494 -0.050970873786407765 -0.13820566877488874 0.008271298593879237 -0.2511500683824444 -0.13220851170989675 -0.1636315650567432 -0.03182281059063136 -0.11336356361696451 -0.02311136790408782 -0.045097281278185804 -0.07321681624940954 -0.04631828978622328 -0.1407596165513894 -0.22950819672131145 -0.24053224155578304 -0.12236116713728655 -0.054894784995425425 -0.09607466373867692 -0.035545023696682464 -0.027662517289073308 -0.19017432646592713 -0.030927835051546382 -0.3250569749310303 -0.1417494548097892 -0.3835314299718172 0.015255530129672007 -0.2592735207290463 0.01867164577220592 -0.18926974664679583 -0.11588785046728971 -0.10357267543349238 -0.10248901903367495 -0.11619718309859155 -0.2409778812572759 -0.25975580560210676 -0.19027484143763213 -0.11667723525681672 -0.1841862912774635 -0.11408450704225351 -0.05079211512879428 -0.19706156716417908 -0.05840439201027917 -0.2415229030339084 -0.28332727933163826 -0.4344122657580919 -0.1970443349753695 -0.2529302899444787 -0.06554427451484386 -0.21823204419889503 -0.08016287059422318 -0.2400094585008276 -0.10498997286775982 -0.3627952276600925 -0.3027367401307823 -0.4724599252741955 -0.2587064676616916 -0.28742067935796933 -0.24800939825088109 -0.16645859342488553 -0.5245013543462201 -0.628881110985661 -0.6379387938793879 -0.7474844274077623 -2.730782730782731 -2.809614018470282 -0.8489755858176912 -0.681087762669963 -0.6054464851171628 -0.5018951771010325
-0.008509603695599317 -0.0678758206297986 -0.005619240278714316 -0.12252042007001167 -0.0961196155215379 -0.2564102564102564 -0.05923000987166831 -0.0836923076923077 -0.0207012550135852 -0.054469273743016765 -0.05156632718834601 -0.1000365987556423 -0.052726183343319355 -0.07897334649555773 -0.16261187444850625 -0.12586377097729515 -0.07852009582113388 -0.027131782945736427 -0.1301115241635688 0.0421289144783036 -0.07352941176470588 -0.04854368932038834 -0.13820566877488874 0.018905825357438257 -0.24742011687181398 -0.11835809619743139 -0.17682765901293215 -0.02545824847250509 -0.12269938650306747 -0.020222446916076844 -0.04767426877979642 -0.0543221539914974 -0.043942992874109264 -0.12377138696760104 -0.2161505768063145 -0.22006141248720573 -0.12505042355788626 -0.037903542020650896 -0.08097721657974197 -0.023696682464454978 -0.03269206588708663 -0.1879103463889518 -0.026345933562428408 -0.3106633081444164 -0.13448025199903077 -0.35779928930278154 0.00635647088736334 -0.22975227826979844 0.018671645772205918 -0.16542473919523099 -0.11588785046728971 -0.10939136506458746 -0.10474152494650298 -0.11971830985915492 -0.24330616996507565 -0.2525736174287766 -0.20768561124238277 -0.11160431198478123 -0.19734245494013944 -0.11408450704225352 -0.04595477083081388 -0.18773320895522388 -0.06074056769069034 -0.23200475907198093 -0.27606247729749367 -0.4173764906303236 -0.19458128078817735 -0.23812461443553362 -0.06554427451484386 -0.20718232044198892 -0.08270772362896042 -0.23646252069047055 -0.09319334670284299 -0.3652300949598247 -0.2894163235650279 -0.4579968663372303 -0.2587064676616916 -0.2687569988801791 -0.2519253361180003 -0.14703842419198224 -0.5035705491258311 -0.6017838997403184 -0.601935193519352 -0.719932918064207 -2.5131625131625137 -2.594127397584656 -0.8023555391976446 -0.6415327564894933 -0.5712476250791639 -0.4718337472225853
-0.00972526136639922 -0.06342494714587738 0.0 -0.11668611435239207 -0.08187967248131008 -0.2352387673488591 -0.05552813425468904 -0.07261538461538462 -0.024582740328632426 -0.03072625698324023 -0.05156632718834601 -0.10003659875564228 -0.04433792690233673 -0.07897334649555775 -0.15000630278583132 -0.12216189536031592 -0.07319669949427736 -0.03229974160206718 -0.12878385554965482 0.042128914478303615 -0.06719066937119675 -0.046116504854368925 -0.13820566877488877 0.02954035212099728 -0.2337436279995027 -0.09569377990430625 -0.17418844022169439 -0.00891038696537678 -0.1320352093891704 -0.005777841976021955 -0.05282824378301765 -0.04841757203589986 -0.040380047505938245 -0.11163693726489506 -0.201578627808136 -0.18935516888433981 -0.12370579534758638 -0.016991242974774542 -0.07823222618720835 0.010367298578199052 -0.027662517289073308 -0.17998641611953817 -0.019473081328751432 -0.3082643636799808 -0.11146110976496244 -0.3430952089204754 0.01906941266209001 -0.23103581055063532 0.025340090690850893 -0.16244411326378538 -0.10841121495327102 -0.09659024787617827 -0.09798400720801892 -0.11737089201877934 -0.22584400465657736 -0.23222408427100788 -0.1940057206815073 -0.09511731135066584 -0.20128930403894224 -0.10422535211267607 -0.04353609868182368 -0.17840485074626863 -0.05723630417007358 -0.2177275431290898 -0.25063567017798766 -0.3857386225358968 -0.18103448275862072 -0.21961752004935226 -0.061688728955147154 -0.1906077348066298 -0.07380073800738009 -0.22582170725939937 -0.07549840745546774 -0.3542731921110299 -0.2615645434729959 -0.4411232975774376 -0.23756218905472642 -0.257558790593505 -0.23495627202715053 -0.1290054099042863 -0.4678650578675204 -0.5611380828723044 -0.5591809180918093 -0.6708193579300432 -2.2639522639522642 -2.325361117688847 -0.728744939271255 -0.5834363411619284 -0.5269157694743509 -0.4260880930597308
-0.0012156576707999032 -0.045621453210192495 0.00899078444594291 -0.11435239206534423 -0.0700130532811202 -0.20583392143025167 -0.04935834155972359 -0.05907692307692308 -0.01164445594514168 -0.009776536312849162 -0.05285548536805466 -0.07319751128461631 -0.041941282204913125 -0.06539980256663376 -0.14622463128702887 -0.09254689042448173 -0.07053500133084908 -0.007751937984496124 -0.11019649495485931 0.06740626316528578 -0.054513184584178496 -0.02427184466019417 -0.13469196533145938 0.03899326479971642 -0.2200671391271914 -0.07051120624527826 -0.14911586170493535 0.0140020366598778 -0.10536142971459057 0.008666762964032933 -0.045097281278185804 -0.0271610769957487 -0.03325415676959619 -0.10921004732435384 -0.1894353369763206 -0.16760491299897645 -0.1102595132445879 -2.7755575615628915e-18 -0.06038978863573978 0.034063981042654026 -0.02389035584056331 -0.1584786053882726 -0.010309278350515464 -0.2926712246611491 -0.09086503513448026 -0.31613772821958086 0.03178235443681668 -0.2092157617764087 0.0480128034142438 -0.14307004470938894 -0.11339563862928348 -0.075642965204236 -0.0946052483387769 -0.107981220657277 -0.22118742724097787 -0.19152501795547044 -0.19400572068150726 -0.06467977171845277 -0.19339560584133667 -0.07887323943661971 -0.032652074011367764 -0.1632462686567164 -0.047891601448428925 -0.20939916716240328 -0.23247366509262624 -0.36626916524701875 -0.1576354679802956 -0.2146822948797039 -0.041125819303431434 -0.1878453038674033 -0.06616617890316835 -0.20808701820761408 -0.06724076914002595 -0.3530557584611639 -0.2494550738677646 -0.4073761600578522 -0.22761194029850743 -0.2388951101157148 -0.21798720793630072 -0.10542377583576086 -0.43462201428219654 -0.49904030710172737 -0.5220522052205221 -0.6121226641111643 -2.0205920205920203 -2.041202936301208 -0.6575880260090785 -0.5055624227441287 -0.4686510449651678 -0.3659652333028362
0.00486263068319961 -0.03894514298431066 0.01573387278040009 -0.12485414235705952 -0.05577311024089236 -0.19877675840978593 -0.03701875616979269 -0.057846153846153846 4.6837533851373795e-18 -0.0069832402234636885 -0.055433801727471956 -0.062217884591923865 -0.057519472738166565 -0.06910167818361303 -0.14370351695449385 -0.08637709772951627 -0.06787330316742082 -0.009043927648578807 -0.0955921402018056 0.06881056031456256 -0.0443711967545639 -0.01699029126213592 -0.13000702740688685 0.04608294930875576 -0.1927141613825687 -0.05288340468395869 -0.11480601741884404 0.020366598778004074 -0.07602027207255267 0.01733352592806587 -0.029635356268522095 -0.016532829475673118 -0.021377672209026127 -0.11042349229462442 -0.1663630843958713 -0.15225179119754348 -0.07933306440769126 0.0026140373807345416 -0.027449903925336267 0.0370260663507109 -0.01131648434552999 -0.14715870500339598 0.0011454753722794932 -0.2842749190356243 -0.05936515628786043 -0.3038843279009925 0.0546656496313247 -0.21049929405724552 0.07735396105628169 -0.14157973174366614 -0.10093457943925233 -0.06284184801582683 -0.08446897173105081 -0.09976525821596241 -0.19441210710128057 -0.1735695475221451 -0.1654023131451312 -0.06341154090044389 -0.16708327851598476 -0.08028169014084507 -0.015721368968436327 -0.16441231343283583 -0.03737881088657867 -0.21891731112433072 -0.20825765831214435 -0.35045023119980534 -0.12807881773399016 -0.21591610117211596 -0.023133273358180183 -0.180939226519337 -0.057259193281587996 -0.1950815795696382 -0.06488144390704259 -0.34331628926223523 -0.23129086945991767 -0.3796552970953357 -0.2101990049751244 -0.22396416573348263 -0.1971022059783318 -0.08322929671244277 -0.3976852991873922 -0.45274923789093363 -0.4905490549054905 -0.5678006708193579 -1.7620217620217615 -1.7712526639829502 -0.5790700527542632 -0.4474660074165637 -0.40785307156428124 -0.3189125604496144
0.012156576707999026 -0.03671970624235006 0.029220049449314455 -0.13885647607934654 -0.03915984336062656 -0.19642437073629732 -0.025913129318854883 -0.06153846153846154 6.938893903907229e-19 -0.013966480446927373 -0.056722959907180605 -0.045138465292180054 -0.057519472738166565 -0.06293188548864757 -0.12227404512794655 -0.05552813425468904 -0.04258717061485229 0.015503875968992248 -0.06505576208178439 0.10251369189720545 -0.035496957403651115 -0.01699029126213592 -0.12415085500117125 0.042538107054236086 -0.175307720999627 -0.03777386048854193 -0.09765109527579835 0.02673116089613035 -0.06801813817017872 0.03322259136212625 -0.019327406262079634 -0.007085498346717052 -0.010688836104513065 -0.10678315738381265 -0.14207650273224043 -0.14841351074718526 -0.06857603872529246 0.0013070186903672732 -0.017842437551468575 0.041469194312796206 -0.00754432289701999 -0.1313108444645687 0.012600229095074453 -0.2602854743912678 -0.029076811243033684 -0.27447616713638034 0.0813628273582507 -0.1938133744063663 0.10136036276340357 -0.12667660208643813 -0.09221183800623053 -0.05236820667985568 -0.07208018921049668 -0.09507042253521124 -0.17112922002328287 -0.15681110845104143 -0.14052978485263026 -0.058338617628408376 -0.15524273121957638 -0.07746478873239437 -0.013302696819446121 -0.150419776119403 -0.019857493283494922 -0.2093991671624033 -0.17677684949751787 -0.323679727427598 -0.10837438423645321 -0.20234423195558296 -0.015422182238786789 -0.17403314917127072 -0.06743860542053698 -0.17734689051785293 -0.06606110652353428 -0.3165327489651814 -0.21191571809154758 -0.33385561046161266 -0.18781094527363182 -0.1941022769690183 -0.1879650176217204 -0.062421972534332085 -0.35582368874661413 -0.40307101727447225 -0.44216921692169214 -0.5126976521322473 -1.495261495261495 -1.4953824295524512 -0.4944178628389153 -0.377008652657602 -0.34832172260924643 -0.25486864462161807
0.01337223437879893 -0.023367085790586408 0.017981568891885815 -0.12135355892648773 -0.030853209920493653 -0.16584333098094567 -0.01974333662388944 -0.04307692307692308 0.003881485315047225 0.004189944134078208 -0.0464096944695114 -0.03415883859948761 -0.043139604553624936 -0.03825271470878578 -0.09706290180259675 -0.02961500493583415 -0.022624434389140267 0.027131782945736434 -0.051779075942644706 0.1193652576885269 -0.04056795131845842 -0.01820388349514563 -0.10892480674631062 0.043719721139075976 -0.16660450080815617 -0.026441702341979345 -0.09237265769332277 0.025458248472505097 -0.06535076020272072 0.037555972844142714 -0.010307950006442468 0.009447331128956066 -0.011876484560570073 -0.09222181774056545 -0.12629022465088038 -0.12922210849539403 -0.053785128411994065 0.006535093451836356 0.009607466373867692 0.05924170616113744 0.0 -0.11885895404120443 0.014891179839633442 -0.23029866858582224 -0.00484613520717228 -0.2438426663399093 0.08899059242308671 -0.18354511615967142 0.10536142971459055 -0.11624441132637856 -0.08722741433021806 -0.043058303270103564 -0.05518639486428652 -0.08685446009389669 -0.1548311990686845 -0.13406751256882932 -0.12684989429175472 -0.05072923272035511 -0.14998026575450601 -0.06901408450704224 -0.015721368968436327 -0.13526119402985073 -0.021025581123700503 -0.18084473527662107 -0.15982564475118052 -0.28109028960817717 -0.09482758620689655 -0.17520049352251693 -0.010281454825857858 -0.143646408839779 -0.05725919328158798 -0.16670607708678173 -0.06488144390704259 -0.2970538105673241 -0.18406393799951565 -0.29649270820778595 -0.1616915422885572 -0.170461615030484 -0.16969064090849756 -0.041614648356221376 -0.31273085446934257 -0.34887659478378685 -0.3814131413141314 -0.44801149976042165 -1.2226512226512225 -1.2100402557423633 -0.4073119862593548 -0.3189122373300371 -0.2811906269791007 -0.206508953078029
