0.04019488428745433 0.01667778519012675 -0.008975653539773365 0.012835472578763127 0.01778937381404174 0.09063088512241056 0.049401012720760785 0.11215183633226525 0.09968928016571724 0.057238587184140724 0.029646816189739626 -0.024378352023403223 0.003591094086665069 -0.06532725255762356 0.021405187610173758 -0.052988293284041886 -0.011949017525225702 0.020682523267838676 0.06376195536663125 0.022443540468508903 0.025329280648429587 0.00484554815263477 0.08077733551861391 -0.10004708097928436 0.07037037037037037 -0.042388729584839795 0.061261730969760154 -0.04701995170923878 0.0026656004264960674 -0.017298544039210037 0.04247650920324367 0.0035381530840901095 0.02135738016136688 -0.012113870381586917 -0.03865668035757429 0.03057714358517009 -0.050653159157557984 0.05354577510774455 0.032908268202385856 0.017751479289940832 -0.025109855618330196 -0.11648948201764306 -0.00228597554006172 -0.10787486515641856 0.010881392818280742 -0.14210461840009797 0.036853475663997964 -0.14377406931964057 0.053219797764768505 -0.09989563142984942 0.07102803738317756 -0.07094673179809258 0.03040540540540541 -0.03876879699248121 0.08247183180392612 -0.007161613750298399 -0.03227808814400994 -0.034233548877900345 -0.08539148712559116 -0.0450007031359865 -0.004832668841367646 -0.061807580174927115 -0.06301050175029171 -0.08694616484040019 -0.0832629419572825 -0.046262478694911124 -0.04676923076923077 0.019777503090234856 -0.0038575286100038576 0.03596624706045095 -0.04195804195804197 -0.055568692362260586 -0.14479105356091818 -0.198248601313549 -0.13135695348276694 -0.21830394626364402 -0.1277598610766559 -0.18919591735125715 -0.05883891213389121 -0.19398642095053348 -0.1602761681666872 -0.3555304740406321 -0.1971830985915493 -0.9478729778310365 -1.3620911968116283 -1.0446702907114158 -1.04158998895841 -0.35992578849721707 -0.15478304998731285 -0.23890339425587465
0.03166869671132766 0.012230375806092954 -0.029170874004263436 0.01633605600933489 -0.010673624288425046 0.08003766478342751 0.03458070890453254 0.09859502095144196 0.08674262040393578 0.040485829959514164 0.028357824181490077 -0.03900536323744515 -0.0035910940866650705 -0.05916430420313078 0.01385041551246537 -0.06407886629698088 -0.01725969198088157 -0.0025853154084798323 0.049149840595111585 0.0014027212792818045 0.01013171225937183 -0.010902483343428224 0.059704987122453756 -0.10710922787193973 0.041975308641975316 -0.04986909362922328 0.04040667361835244 -0.0609988562714449 -0.010662401705984275 -0.021623180049012546 0.03732784142103231 -0.009435074890906945 0.009492168960607499 -0.018170805572380377 -0.051944914230490455 0.02165881003949548 -0.06264996001066382 0.05354577510774455 0.03290826820238585 0.019230769230769225 -0.03515379786566227 -0.11988237955213754 -0.011429877700308606 -0.11147069399496586 6.938893903907229e-19 -0.16048021560700723 0.035582666158342866 -0.1566110397946085 0.0532197977647685 -0.11927836588638736 0.05981308411214953 -0.07676203768318213 0.009009009009009018 -0.03641917293233082 0.06272505517481705 -0.0131296252088804 -0.03972687771570453 -0.04184100418410042 -0.08670520231213873 -0.0576571508929827 -0.014498006524102935 -0.07113702623906706 -0.08401400233372228 -0.08813720819437827 -0.11101725594304332 -0.0547845142439737 -0.07138461538461538 0.012360939431396791 -0.016715957310016717 0.03181629547655277 -0.04831532104259377 -0.06739181839678411 -0.16127133608004707 -0.20797859401605448 -0.16268980477223427 -0.2470912798368718 -0.15256760109154058 -0.20786656708986806 -0.07322175732217572 -0.2023001247055563 -0.20466033781284673 -0.42325056433408575 -0.2535211267605634 -1.1995206710605153 -1.918884069862853 -1.3424722287875208 -1.455036191878297 -0.4514533085961657 -0.20806901801573202 -0.30809399477806787
0.0341047503045067 0.007782966422059151 -0.023561090541905083 0.01750291715285881 -0.015417457305502846 0.06473634651600754 0.02840558231443744 0.0764111412373675 0.09321595028482652 0.011168504816417702 0.032224800206238725 -0.05363237445148707 0.007182188173330143 -0.07765314926660916 0.006295643414756985 -0.09242144177449169 -0.018587360594795536 -0.03619441571871769 0.05180658873538788 -0.02384626174779072 0.0075987841945288695 -0.03270745003028468 0.07141184734254273 -0.11770244821092277 0.025925925925925925 -0.06482982171799027 0.023461939520333673 -0.08514423687889183 -0.014660802345728377 -0.04757099610782759 0.04762517698545502 -0.009435074890906945 0.01542477456098719 -0.020593579648697756 -0.05194491423049045 0.014014524143202955 -0.07597973873633698 0.05223978059292152 0.03427944604415192 0.0029585798816568034 -0.038920276208411805 -0.12440624293146349 -0.01257286547033947 -0.12105957089775861 -0.013299480111232016 -0.17273061374494672 0.027957809124412248 -0.17201540436456994 0.05854177754124534 -0.13567914119576563 0.05607476635514018 -0.0942079553384508 0.015765765765765778 -0.049342105263157895 0.04762457892902776 -0.010742420625447599 -0.04965859714463067 -0.04818055027260048 -0.08276405675249607 -0.06328223878498102 -0.019330675365470583 -0.08746355685131195 -0.08401400233372228 -0.10362077179609337 -0.13032460480270303 -0.08522035549062576 -0.10461538461538462 -0.017305315203955497 -0.03086022888003086 -0.008299903167796382 -0.04577240940877304 -0.08867344525892647 -0.15891701000588582 -0.24081731938701045 -0.19040732706676308 -0.29746911359002043 -0.17241379310344826 -0.2638785163057008 -0.07452928870292887 -0.2521823472356935 -0.23178399704105535 -0.5045146726862303 -0.2850704225352113 -1.476333133612942 -2.487398898136209 -1.685180808319546 -1.889338731443995 -0.5788497217068646 -0.252473991372748 -0.3942558746736292
0.03532277710109623 -0.0022237046920168964 -0.005609783462358353 0.009334889148191366 -0.026091081593927895 0.03531073446327684 0.01111522786217117 0.0406704461424698 0.08026929052304506 -0.036297640653357534 0.02577984016499098 -0.06704046806435886 0.0035910940866650753 -0.09367681498829039 -0.015109544195416772 -0.10351201478743069 -0.03983005841741901 -0.04653567735263703 0.03852284803400637 -0.030859868144199748 0.008865248226950352 -0.0448213204118716 0.05853430110044487 -0.1318267419962335 0.008641975308641974 -0.08976436853260192 0.003910323253388947 -0.11183123649764899 -0.03598560575769692 -0.0677526308202393 0.0437636761487965 -0.017690765420450526 0.01779781680113906 -0.02665051483949122 -0.06040106305870983 0.0012740476493820873 -0.08397760597174087 0.036567846415045055 0.016454134101192928 -0.010355029585798817 -0.03766478342749528 -0.12779914046595792 -0.008000914390216026 -0.12465539973630588 -0.024180872929512754 -0.17395565355874065 0.012708095056551022 -0.1694480102695764 0.04523682810005321 -0.13567914119576563 0.06853582554517133 -0.10467550593161201 0.012387387387387387 -0.07283834586466165 0.03484725287489836 -0.04177608021007401 -0.05710738671632527 -0.06973500697350069 -0.08933263268523384 -0.08156377443397553 -0.022955176996496317 -0.09329446064139942 -0.08984830805134189 -0.11195807527393997 -0.1472185350549053 -0.09739469198928657 -0.11569230769230769 -0.02719406674907293 -0.038575286100038575 -0.019366440724858214 -0.040686586141131596 -0.09931425868999763 -0.1424367274867569 -0.26392605205546094 -0.2205350686912509 -0.31666066930550557 -0.2158273381294964 -0.2875280059746079 -0.09937238493723848 -0.26465290286822774 -0.25890765626926393 -0.5688487584650113 -0.3312676056338028 -1.7387657279808266 -3.0699800726761226 -2.0018908059560387 -2.3395902343270767 -0.6765615337043908 -0.30575995940116724 -0.45430809399477806
0.02557856272838003 -0.008894818768067598 -0.024683047234376754 2.7755575615628915e-18 -0.04506641366223909 0.014124293785310743 -0.0024700506360380405 0.02464875523786049 0.07638529259451061 -0.05584252408208851 0.014178912090745035 -0.07557289127254999 -0.01915250179554704 -0.09983976334278319 -0.033996474439687736 -0.10104744300677757 -0.04779607010090281 -0.0374870734229576 0.03985122210414453 -0.022443540468508907 -0.00253292806484296 -0.06056935190793459 0.024584406462186837 -0.14124293785310735 -0.018518518518518517 -0.1059718239620995 -0.010427528675703856 -0.1207269030372347 -0.04131680661068906 -0.06631108548363847 0.03346634058437379 -0.023587687227267368 -2.7755575615628915e-18 -0.03876438522107813 -0.07852138197632279 -0.025480952987641737 -0.10930418555051986 0.007835967088938234 0.004113533525298233 -0.04142011834319527 -0.04519774011299434 -0.13006107215562088 -0.016001828780432048 -0.12944983818770225 -0.04110748398017168 -0.17885581281391646 0.012708095056551022 -0.16302952503209242 0.055880787653006914 -0.12971522290144627 0.054828660436137065 -0.1139799953477553 -0.012387387387387386 -0.08576127819548873 0.009292600766639552 -0.052518500835521606 -0.074487895716946 -0.06339546088500063 -0.10115606936416185 -0.0717198706229785 -0.038661350730941166 -0.09446064139941693 -0.11085180863477247 -0.12148642210576466 -0.16893930252202244 -0.11322132943754563 -0.13538461538461538 -0.03831891223733004 -0.050147871930050145 -0.042882833033614606 -0.05975842339478703 -0.10640813431071172 -0.16127133608004707 -0.28338603746047186 -0.2506628103157387 -0.33345328055655515 -0.23443314314065988 -0.2962409758526263 -0.09544979079497906 -0.2646529028682278 -0.30575761311798794 -0.6207674943566591 -0.40450704225352113 -1.9868184541641702 -3.6666275934825925 -2.2926022216969986 -2.8008833271991165 -0.7421150278293135 -0.3590459274295864 -0.49869451697127937
0.025578562728380022 -0.002223704692016895 -0.01795130707954673 -0.008168028004667437 -0.05336812144212524 0.017655367231638422 0.0037050759540570564 0.036973132856790734 0.08933195235629207 -0.054446460980036304 0.012889920082495487 -0.06460263286201853 -0.025137658606655493 -0.10353753235547884 -0.04784688995215311 -0.09611829944547136 -0.05841741901221455 -0.019389865563598757 0.04250797024442083 -0.005610885117127225 0.007598784194528874 -0.05814657783161721 0.029267150550222432 -0.15065913370998119 -0.020987654320987655 -0.11095873332502182 -0.01824817518248175 -0.1207269030372347 -0.03332000533120085 -0.05766181346403344 0.0270305058566096 -0.018870149781813898 -0.0035595633602278146 -0.03997577225923682 -0.09905774341628412 -0.025480952987641737 -0.1279658757664623 0.009141961603761267 -0.0027423556835321538 -0.04142011834319527 -0.05398618957940991 -0.11875141370730602 -0.022859755400617215 -0.13544288625194773 -0.06287026961673317 -0.18130589244150436 -0.003812428516965308 -0.15532734274711169 0.054550292708887706 -0.12673326375428656 0.062305295950155756 -0.11514305652477322 -0.01126126126126126 -0.09163533834586467 0.004646300383319771 -0.052518500835521606 -0.08193668528864059 -0.059591733231900604 -0.09721492380451918 -0.06046969483898186 -0.038661350730941166 -0.09212827988338193 -0.10618436406067677 -0.12982372558361124 -0.1894533606854109 -0.11443876308741172 -0.14523076923076922 -0.037082818294190356 -0.06043461489006043 -0.05256605339604372 -0.061029879211697405 -0.09931425868999762 -0.15773984696880516 -0.31500851374361466 -0.2699445649554109 -0.3430490584142977 -0.24311585214586953 -0.2937515558874782 -0.0889121338912134 -0.2618816682832202 -0.3291825915423499 -0.672686230248307 -0.443943661971831 -2.2252846015578194 -4.236314617278162 -2.592767667218152 -3.2511348300821985 -0.8101422387136672 -0.39964476021314393 -0.54177545691906
0.019488428745432395 -0.024460751612185905 -0.01682935038707506 -0.029171528588098017 -0.06878557874762808 -0.007062146892655369 -0.0024700506360380405 0.02341631747596746 0.08415328845157949 -0.06282283959234958 0.00902294405774684 -0.09263773768893224 -0.026334689968877185 -0.13311968445704422 -0.057919919415764284 -0.1367837338262477 -0.06107275624004248 -0.06980351602895554 0.05180658873538788 -0.0420816383784542 -0.011398176291793313 -0.07631738340399759 0.017560290330133455 -0.1718455743879473 -0.037037037037037035 -0.1396334621618252 -0.04040667361835245 -0.14868471216164697 -0.045315207250433163 -0.07784344817644515 0.018020337237739735 -0.051892911899988216 -0.023730422401518746 -0.07389460932768019 -0.12925827494563907 -0.05988023952095808 -0.16795521194348176 -0.02481389578163772 -0.024681201151789383 -0.05029585798816568 -0.05524168236032643 -0.13910879891427277 -0.024002743170648076 -0.16301090734747692 -0.06528835690968444 -0.20825676834497125 -0.010166476045240822 -0.18356867779204106 0.055880787653006914 -0.15058893693156405 0.03862928348909657 -0.11979530123284485 -0.030405405405405407 -0.10573308270676693 -0.015100476245789297 -0.07280973979470041 -0.09931719428926133 -0.07861037149740077 -0.10772464529689965 -0.07875123048797637 -0.04711852120333454 -0.10495626822157436 -0.12018669778296383 -0.1417341591233921 -0.2123808374562568 -0.13513513513513514 -0.17107692307692307 -0.055624227441285534 -0.07586472933007586 -0.06501590814773829 -0.07628734901462174 -0.12177819815559232 -0.16715715126545028 -0.3478472391145706 -0.29645697758496026 -0.37903322538083245 -0.2679235921607542 -0.3286034353995519 -0.10198744769874477 -0.2909796314258002 -0.3686351867833806 -0.7358916478555304 -0.49352112676056337 -2.473337327741162 -4.80951822764037 -2.9106594185771693 -3.6977058029689607 -0.9103277674706245 -0.437706165947729 -0.6174934725848564
0.014616321559074297 -0.03446742272626195 -0.03141478738920678 -0.050175029171528586 -0.08538899430740038 -0.0211864406779661 -0.01976040508830431 0.01478925314271629 0.06732263076126357 -0.06980315510261065 0.01288992008249549 -0.08898098488542175 -0.034713909504429014 -0.13681745346973992 -0.07554772097708387 -0.1478743068391867 -0.08231545406266597 -0.0827300930713547 0.03719447396386821 -0.04769252349558144 -0.022796352583586626 -0.07026044821320412 2.7755575615628915e-18 -0.16949152542372883 -0.04938271604938271 -0.13589328013963348 -0.05474452554744526 -0.1575803787012327 -0.05731040916966547 -0.08072653884964683 0.012871669455528385 -0.06604552423634864 -0.036782154722354056 -0.08600847970926712 -0.15100265764677462 -0.07262071601477896 -0.18794988003199148 -0.036567846415045055 -0.03290826820238585 -0.044378698224852076 -0.06403013182674198 -0.14363266229359872 -0.024002743170648072 -0.17259978425026967 -0.0773787933744408 -0.23030748499326226 -0.03431185665268777 -0.19255455712451858 0.03858435337945715 -0.16102579394662295 0.031152647975077875 -0.10583856710862993 -0.041666666666666664 -0.11160714285714286 -0.030200952491578587 -0.06445452375268561 -0.11173184357541899 -0.07861037149740077 -0.13399894902785076 -0.0773449585149768 -0.06040836051709557 -0.10379008746355686 -0.1248541423570595 -0.15721772272510717 -0.22806805840473027 -0.14730947163379596 -0.19076923076923075 -0.06551297898640299 -0.0912948437700913 -0.07608244570480012 -0.07628734901462172 -0.12414282336249705 -0.177751618599176 -0.36973972269520794 -0.3205591708845505 -0.39702530886409987 -0.29149094517489454 -0.34851879512073686 -0.12944560669456068 -0.3006789524733269 -0.40192331401800024 -0.7742663656884876 -0.5442253521126761 -2.698621929298981 -5.372172078302661 -3.1919168045379345 -4.14550361918783 -0.984539270253556 -0.48591727987820355 -0.6618798955613577
0.0073081607795371486 -0.03780297976428731 -0.03926848423650847 -0.07701283547257877 -0.10555028462998102 -0.03531073446327684 -0.025935531678399404 0.00862706433325117 0.05696530295183842 -0.07538740751081949 0.010311936065996388 -0.0938566552901024 -0.047881254488867604 -0.15284111919142118 -0.0994711659531604 -0.1589648798521257 -0.09824747742963355 -0.08790072388831437 0.02258235919234856 -0.04488708093701782 -0.026595744680851064 -0.08116293155663235 -0.007024116132053379 -0.19538606403013184 -0.06790123456790123 -0.1496072808876699 -0.06908237747653806 -0.1626636167238531 -0.06930561108889777 -0.08360962952284849 0.0025743338911056787 -0.06722490859771199 -0.04271476032273373 -0.1029678982434888 -0.17878714665378112 -0.08026500191107147 -0.2092775259930685 -0.044403813503983286 -0.035650623885918 -0.04142011834319526 -0.06779661016949151 -0.1447636281384302 -0.032003657560864096 -0.18698309960445883 -0.09551444807157539 -0.2437829229449957 -0.045749142203583684 -0.19768934531450577 0.029270888770622665 -0.169971671388102 0.021183800623052956 -0.11281693417073738 -0.05518018018018017 -0.1292293233082707 -0.05575560459983738 -0.07758414896156601 -0.12166356300434514 -0.09382528210980093 -0.14450867052023122 -0.08578259035297427 -0.0736981998308566 -0.10495626822157436 -0.12952158693115517 -0.17865650309671272 -0.24858211656811874 -0.15217920623326026 -0.21292307692307694 -0.06798516687268233 -0.10543911534010544 -0.07746576289943284 -0.08518753973299427 -0.12768976117285408 -0.18952324896998232 -0.40257844806616394 -0.35068691250903833 -0.41861580904402074 -0.31257752418754653 -0.35972118496390343 -0.14644351464435146 -0.30483580435083824 -0.43151276044877324 -0.8205417607223475 -0.5881690140845071 -2.9394847213900537 -5.900832258820772 -3.4767194516662734 -4.567537725432462 -1.048855905998763 -0.5392032479066227 -0.7062663185378592
-0.0012180267965895269 -0.04558594618634645 -0.047122181083810166 -0.08984830805134189 -0.13282732447817835 -0.04590395480225988 -0.04075583549462764 -0.003697313285679074 0.062143966856551006 -0.07817953371492392 0.0038669760247486444 -0.09751340809361285 -0.043093129039980846 -0.16270183655860965 -0.1070259380508688 -0.16019716574245227 -0.10355815188528943 -0.09824198552223372 0.013283740701381505 -0.04769252349558143 -0.036727456940222905 -0.09448818897637794 -0.017560290330133455 -0.1989171374764595 -0.08518518518518517 -0.16332128163570628 -0.08733055265901982 -0.18807980683695513 -0.08663201386112221 -0.10523280957186103 -0.0167331702921869 -0.0707630616818021 -0.047460844803037486 -0.11265899454875834 -0.20294757187726503 -0.09173143075551024 -0.22927219408157823 -0.05615776413739063 -0.05210475798711093 -0.07248520710059173 -0.07909604519774012 -0.1538113548970821 -0.04457652303120356 -0.20376363418434615 -0.12453149558699068 -0.25358324145534733 -0.0686237133053755 -0.21309370988446724 0.017296434273549755 -0.1848814671239004 0.006230529595015573 -0.1256106071179344 -0.06306306306306306 -0.14215225563909778 -0.08944128237890579 -0.09668178562902842 -0.1527001862197393 -0.11791555724610117 -0.151077246452969 -0.09703276613697089 -0.08336353751359188 -0.1131195335276968 -0.13418903150525086 -0.1881848499285374 -0.25944250030167737 -0.15826637448259068 -0.21784615384615386 -0.069221260815822 -0.10543911534010544 -0.07193249412090193 -0.0940877304513668 -0.13360132419011586 -0.20364920541495 -0.41717343711992216 -0.3844299831284647 -0.42101475350845635 -0.3324237161994542 -0.37092357480707 -0.1451359832635983 -0.3089926562283497 -0.45123905806928855 -0.8431151241534989 -0.6061971830985915 -3.0772917914919113 -6.175126011018638 -3.642164972819664 -4.857072751809595 -1.0797773654916514 -0.5595026642984015 -0.720626631853786
-0.013398294762484778 -0.05336891260840561 -0.05497587793111186 -0.09918319719953325 -0.1435009487666034 -0.06120527306967984 -0.05928121526491294 -0.017254128666502343 0.05049197307094768 -0.08934803853134161 -0.010311936065996393 -0.0962944904924427 -0.05985156811108451 -0.17132996425489955 -0.11961722488038276 -0.16635859519408505 -0.11949017525225702 -0.09953464322647362 -0.006641870350690755 -0.04909524477486323 -0.03926038500506586 -0.11023622047244094 -0.01873097635214235 -0.20833333333333334 -0.08641975308641975 -0.1832689190873956 -0.0886339937434828 -0.21476680645571228 -0.08263361322137812 -0.14127144298688193 -0.03475350752992663 -0.07783936784998233 -0.07237778832463218 -0.11508176862507571 -0.22227591205605218 -0.0968276213530386 -0.2332711276992802 -0.06268773671150582 -0.0658165364047717 -0.08579881656804733 -0.09541745134965472 -0.16285908165573398 -0.06400731512172819 -0.22413999760278075 -0.14629428122355215 -0.27195883866225656 -0.09658152242978776 -0.24261874197689343 -0.002660989888238424 -0.21470105859549724 -0.008722741433021809 -0.13491509653407768 -0.06306306306306306 -0.1585996240601504 -0.11267278429550472 -0.12055383146335641 -0.17256362507759154 -0.14200583238240144 -0.151077246452969 -0.11812684573196455 -0.09665337682735291 -0.1306122448979592 -0.14002333722287047 -0.19414006669842782 -0.26909617473150715 -0.16070124178232284 -0.22153846153846155 -0.0630407911001236 -0.1092966439501093 -0.060865956563840085 -0.10680228862047043 -0.13833057460392525 -0.20364920541494996 -0.4317684261736804 -0.39768618944323936 -0.4378073647595058 -0.34854874720912926 -0.3895942245456808 -0.15690376569037656 -0.32423444644589167 -0.4623351004808284 -0.8611738148984198 -0.6140845070422535 -3.162372678250449 -6.253663111006917 -3.749704561569369 -4.963808121702859 -1.0995670995670994 -0.5658462319208323 -0.7323759791122717
-0.028014616321559077 -0.07338225483655772 -0.05385392123864019 -0.1236872812135356 -0.1636622390891841 -0.08592278719397364 -0.07533654439916018 -0.03574069509489771 0.03754531330916623 -0.10191260644981152 -0.02577984016499098 -0.10604583130180398 -0.0598515681110845 -0.18365586096388514 -0.14102241249055653 -0.18237831176833025 -0.13011152416356878 -0.10987590486039296 -0.019925611052072262 -0.05751157245055407 -0.04685916919959473 -0.11992731677771047 -0.012877546242097868 -0.2189265536723164 -0.08765432098765431 -0.20321655653908494 -0.0951511991657977 -0.2211208539839878 -0.08130081300813008 -0.1556868963528903 -0.04891234393100785 -0.09788890199315958 -0.0854295206454675 -0.13446396123561477 -0.23677216719014255 -0.12358262199006242 -0.24393495067981869 -0.10186757215619695 -0.08089949266419855 -0.128698224852071 -0.10546139359698681 -0.18095453517303778 -0.07772316836209851 -0.227735826441328 -0.17289324144601617 -0.28175915717260813 -0.11564366501461429 -0.2554557124518614 -0.014635444385311332 -0.22662889518413598 -0.014953271028037386 -0.15352407536636425 -0.055180180180180186 -0.17387218045112784 -0.1173190846788245 -0.1420386727142516 -0.18373680943513346 -0.15975656143020162 -0.14844981607987387 -0.12656447756996203 -0.12081672103419112 -0.14810495626822157 -0.15752625437572926 -0.21676989042401146 -0.29202365150235304 -0.1838324811297784 -0.23507692307692304 -0.08776266996291718 -0.11701170117011701 -0.08714898326186193 -0.12333121424030516 -0.15724757625916289 -0.20247204237786934 -0.456093407929944 -0.4169679440829116 -0.464195753868298 -0.35475068221285044 -0.4207119741100323 -0.15428870292887029 -0.36303173063599836 -0.4660337812846751 -0.8769751693002256 -0.6129577464788732 -3.207908927501497 -6.32633923338413 -3.8359725833136373 -5.06808980493191 -1.1168831168831166 -0.5645775183963461 -0.7336814621409922
-0.0341047503045067 -0.088948187680676 -0.06282957477841355 -0.1411901983663944 -0.17670777988614803 -0.10240112994350281 -0.08027664567123625 -0.05422726152329307 0.03495598135680995 -0.13262599469496023 -0.050270688321732405 -0.11579717211116528 -0.08259516399329661 -0.1873536299765808 -0.16494585746663307 -0.19100431300061613 -0.14338821030270843 -0.12150982419855223 -0.03852284803400637 -0.07855239163978119 -0.06838905775075987 -0.1332525741974561 -0.052680870990400384 -0.2201035781544256 -0.11728395061728394 -0.21817728462785188 -0.12252346193952032 -0.2389121870631592 -0.10662401705984273 -0.17298544039210034 -0.07594284978761745 -0.11911782049770021 -0.1115329852871381 -0.15263476680799515 -0.2645566561971491 -0.1541597655752325 -0.24793388429752064 -0.14627138566018022 -0.09186891539832716 -0.1923076923076923 -0.11424984306340238 -0.1956570911558471 -0.09372499714253056 -0.23852331295696988 -0.19102889614315074 -0.29890971456572335 -0.12453933155420002 -0.27214377406931967 -0.027940393826503457 -0.24601162964067394 -0.02990654205607477 -0.15236101418934636 -0.07995495495495494 -0.16447368421052636 -0.13125798582878384 -0.15755550250656483 -0.19118559900682805 -0.18638265500190188 -0.14976353126642145 -0.143439741245957 -0.1280657242962426 -0.15626822157434403 -0.1645274212368728 -0.22272510719390187 -0.3004706166284542 -0.18139761383004627 -0.2252307692307692 -0.08899876390605685 -0.11058248682011058 -0.09268225204039285 -0.14748887476160205 -0.16670607708678173 -0.2248381400824014 -0.4573096570177572 -0.4290190407327067 -0.4689936427971692 -0.3559910692135947 -0.4281802340054767 -0.16736401673640167 -0.37550228626853266 -0.49562322771544814 -0.8814898419864559 -0.6490140845070422 -3.2402636309167163 -6.402531942327981 -3.882060978492082 -5.168690958164642 -1.1181199752628321 -0.5874143618370973 -0.7402088772845954
-0.03532277710109623 -0.0933955970647098 -0.07965892516548861 -0.14119019836639438 -0.18975332068311196 -0.1094632768361582 -0.08768679757935038 -0.06408676361843726 0.029777317452097364 -0.13960631020522127 -0.0554266563547306 -0.12798634812286688 -0.08139813263107493 -0.19105139898927645 -0.16872324351548726 -0.19716574245224888 -0.14073287307488053 -0.12021716649431229 -0.03188097768331562 -0.0841632767569084 -0.0797872340425532 -0.13930950938824954 -0.059704987122453756 -0.21068738229755177 -0.12962962962962962 -0.211943647924199 -0.13034410844629823 -0.23128733002922858 -0.1012928162068506 -0.16145307769929365 -0.08624018535204017 -0.12265597358179033 -0.12933080208827716 -0.15263476680799515 -0.282676975114762 -0.15798190852337876 -0.26392961876832843 -0.15280135823429541 -0.09735362676539147 -0.21005917159763313 -0.130571249215317 -0.2035738520696675 -0.11201280146302432 -0.23013304566702625 -0.2091645508402853 -0.3001347543795173 -0.13216418858813062 -0.26572528883183566 -0.02660989888238425 -0.23855673177277473 -0.049844236760124616 -0.15468713654338218 -0.08333333333333333 -0.14920112781954886 -0.13706586130793358 -0.14681308188111722 -0.2011173184357542 -0.18131101813110181 -0.14844981607987387 -0.14343974124595696 -0.1292738915065845 -0.16793002915451896 -0.16802800466744455 -0.23106241067174843 -0.3077108724508266 -0.19478938397857318 -0.2301538461538461 -0.10259579728059334 -0.10286742960010287 -0.11066537557061835 -0.15130324221233313 -0.1678883896902341 -0.2401412595644497 -0.44757966431525187 -0.43022415039768613 -0.45819839270720875 -0.3411064252046639 -0.4107542942494399 -0.1582112970711297 -0.3685741998060136 -0.5202810997410923 -0.8950338600451466 -0.6704225352112676 -3.2738166566806464 -6.462313913960848 -3.941148664618294 -5.258250521408415 -1.1218305504019788 -0.5937579294595281 -0.7480417754569191
-0.0243605359317905 -0.08672448298865912 -0.07068327162571525 -0.14352392065344224 -0.19449715370018975 -0.09769303201506592 -0.09015684821538841 -0.05176238599950702 0.029777317452097368 -0.13122993159290802 -0.0554266563547306 -0.11579717211116528 -0.07182188173330141 -0.18242327129298658 -0.17501888693024423 -0.19839802834257547 -0.14737121614445034 -0.1279731127197518 -0.038522848034006366 -0.10239865338757188 -0.07725430597771024 -0.1162931556632344 -0.04799812690236478 -0.2071563088512241 -0.1308641975308642 -0.19573619249470145 -0.13034410844629823 -0.21730842546702248 -0.09596161535385847 -0.15856998702609199 -0.08752735229759301 -0.11675905177497348 -0.1269577598481253 -0.14900060569351908 -0.28992510268180716 -0.14269333673079374 -0.2692615302585977 -0.1319054459971268 -0.10283833813245577 -0.19526627218934908 -0.130571249215317 -0.1866093643971952 -0.11658475254314779 -0.21095529186144066 -0.21641881271913918 -0.2817591571726081 -0.14614309315033674 -0.25673940949935814 -0.041245343267695585 -0.23706575219919487 -0.05607476635514018 -0.1337520353570598 -0.08896396396396396 -0.13040413533834586 -0.14055058659542338 -0.12413463833850565 -0.19863438857852267 -0.16863192595410167 -0.1418812401471361 -0.13640838138095907 -0.1316902259272683 -0.1702623906705539 -0.17152858809801635 -0.23463554073368273 -0.3101242910582841 -0.1874847820793767 -0.2276923076923077 -0.09023485784919653 -0.10286742960010287 -0.0940655692350256 -0.1589319771137953 -0.1631591392764247 -0.24602707474985283 -0.45974215519338363 -0.4422752470474813 -0.4534005037783375 -0.34978913420987345 -0.40453074433656966 -0.17259414225941422 -0.3685741998060136 -0.5227468869436567 -0.8939051918735892 -0.6715492957746478 -3.3097663271420013 -6.503340757238308 -3.9955093358544076 -5.315912158017421 -1.126777983920841 -0.5899517888860696 -0.7584856396866841
-0.037758830694275276 -0.09784300644874361 -0.08863457870526198 -0.1633605600933489 -0.21228652751423147 -0.11181732580037665 -0.11238730393973076 -0.06038945033275821 0.019419989642672185 -0.13402205779701243 -0.059293632379479246 -0.12554851292052654 -0.08379219535551831 -0.17379514359669665 -0.18635104507680683 -0.20209488601355513 -0.15002655337227827 -0.13055842812823165 -0.05313496280552603 -0.10800953850469912 -0.08865248226950355 -0.11871592973955178 -0.05736361507843597 -0.2036252354048964 -0.13580246913580246 -0.1919960104725097 -0.12643378519290926 -0.20714194942178166 -0.10395841663334668 -0.15712844168949114 -0.09653752091646287 -0.12619412666588042 -0.1400094921689606 -0.15869170199878863 -0.3020053152935491 -0.15288571792585043 -0.27592641962143427 -0.13974141308606505 -0.11106540518305223 -0.21005917159763313 -0.11676082862523543 -0.19904998869034157 -0.12001371585324035 -0.22054416876423347 -0.21279168177971225 -0.2891093960553718 -0.14614309315033674 -0.25673940949935814 -0.04523682810005322 -0.24004771134635455 -0.06853582554517133 -0.14189346359618518 -0.09684684684684683 -0.13862781954887218 -0.14868161226623303 -0.13010264979708763 -0.19987585350713843 -0.16863192595410167 -0.14319495533368365 -0.14062719729995782 -0.14498006524102935 -0.17376093294460643 -0.19603267211201866 -0.2370176274416389 -0.3209846747918427 -0.1862673484295106 -0.23630769230769227 -0.0815822002472188 -0.10672495821010672 -0.08438234887259649 -0.17164653528289894 -0.1726176401040435 -0.2613301942319011 -0.46095840428119683 -0.4591467823571945 -0.4569989204749911 -0.36591416521954856 -0.40826487428429176 -0.18697698744769875 -0.36441734792850217 -0.5412402909628898 -0.9029345372460498 -0.696338028169014 -3.349310964649491 -6.559606142304537 -4.052233514535571 -5.374800637958533 -1.1168831168831168 -0.5937579294595281 -0.7532637075718016
-0.047503045066991476 -0.088948187680676 -0.10995175586222372 -0.17969661610268378 -0.22651802656546485 -0.11417137476459512 -0.12597258243794 -0.060389450332758186 0.011651993785603313 -0.13960631020522127 -0.06187161639597834 -0.10970258410531446 -0.09815657170217859 -0.17379514359669662 -0.2014605892722236 -0.19100431300061613 -0.15135422198619225 -0.10211995863495346 -0.06110520722635493 -0.09819048954972646 -0.07852077001013172 -0.11387038158691702 -0.05268087099040038 -0.20833333333333334 -0.13950617283950617 -0.18576237376885674 -0.11600625651720542 -0.1906214258482653 -0.10395841663334668 -0.14703762433328527 -0.10168618869867423 -0.11322089869088336 -0.1423825344091125 -0.176862507571169 -0.29958927277120073 -0.16307809912090715 -0.2559317515329246 -0.138435418571242 -0.10558069381598792 -0.23076923076923075 -0.1192718141870684 -0.1933951594661841 -0.13144359355354898 -0.227735826441328 -0.23213638012332244 -0.2891093960553718 -0.15376795018426734 -0.25673940949935814 -0.05188930282064928 -0.2415386909199344 -0.0735202492211838 -0.14305652477320308 -0.10247747747747746 -0.1550751879699248 -0.1591357881287025 -0.13607066125566963 -0.1973929236499069 -0.16482819830100165 -0.13794009458749346 -0.13640838138095907 -0.14498006524102935 -0.1784256559766764 -0.1983663943990665 -0.2751310147689376 -0.3233980933993002 -0.2081811541271001 -0.2264615384615385 -0.09394313967861559 -0.09643821525009644 -0.10928205837598562 -0.17418944691671964 -0.16907070229368643 -0.27427898763978814 -0.47798589151058135 -0.4724029886719692 -0.456998920474991 -0.3621930042173158 -0.39830719442369933 -0.18043933054393307 -0.35194679229596787 -0.5486376525705831 -0.8984198645598195 -0.7019718309859154 -3.3948472139005395 -6.598288594537569 -4.095958402268967 -5.425101214574899 -1.098330241187384 -0.5975640700329866 -0.7454308093994778
-0.048721071863581 -0.10562597287080275 -0.10658588578480872 -0.18553092182030342 -0.2194022770398482 -0.13300376647834275 -0.1148573545757688 -0.07517870347547448 0.02200932159502848 -0.15217087812369118 -0.07605052848672338 -0.12920526572403704 -0.10533875987550874 -0.19228398866017501 -0.20649710400402918 -0.21072088724584104 -0.1486988847583643 -0.1189245087900724 -0.06376195536663123 -0.11502314490110814 -0.08232016210739615 -0.1308298001211387 -0.05619292905642707 -0.22363465160075324 -0.1481481481481481 -0.1982296471761626 -0.11991657977059436 -0.1893506163426102 -0.11595361855257899 -0.14559607899668442 -0.10683485648088557 -0.11440028305224674 -0.1364499288087328 -0.1792852816474864 -0.29717323024885234 -0.17836667091349218 -0.24393495067981874 -0.1514953637194724 -0.106951871657754 -0.2544378698224852 -0.12806026365348397 -0.2013119203800045 -0.14173048348382675 -0.227735826441328 -0.2418087292951276 -0.2866593164277839 -0.1601219977125429 -0.2605905006418485 -0.05721128259712612 -0.24601162964067394 -0.07850467289719626 -0.16631774831356133 -0.10022522522522521 -0.17269736842105263 -0.1614589383203624 -0.1682979231320124 -0.20360024829298573 -0.1813110181311018 -0.13399894902785076 -0.153283645056954 -0.13773106197897783 -0.19941690962099123 -0.19603267211201864 -0.281086231538828 -0.3197779654881139 -0.22157292427562697 -0.21292307692307694 -0.10754017305315204 -0.08357978655008358 -0.11896527873841474 -0.19071837253655438 -0.18917001655237642 -0.27781047675103 -0.5035271223546582 -0.47842853699686677 -0.47379153172604055 -0.36343339121806006 -0.41199900423201397 -0.1752092050209205 -0.36441734792850217 -0.5523363333744298 -0.9164785553047402 -0.7053521126760562 -3.4427801078490115 -6.627593482592897 -4.158591349562751 -5.472948104527052 -1.106988249845393 -0.6013702106064451 -0.7584856396866841
-0.05481120584652862 -0.1156326439848788 -0.10209805901492204 -0.19253208868144692 -0.2217741935483871 -0.1400659133709981 -0.11609237989378782 -0.0813408922849396 0.015535991714137753 -0.15915119363395225 -0.07991750451147203 -0.13529985372988784 -0.09217141489107014 -0.19105139898927648 -0.20397884663812643 -0.21072088724584104 -0.14471587891662244 -0.11633919338159256 -0.07040382571732198 -0.11923130873895357 -0.07598784194528876 -0.13567534827377348 -0.03394989463825802 -0.2201035781544256 -0.13456790123456785 -0.20321655653908494 -0.11600625651720539 -0.19570466387088575 -0.11728641876582702 -0.15424535101628944 -0.11327069120864977 -0.12501474230451706 -0.14950166112956811 -0.18897637795275593 -0.300797294032375 -0.19365524270607717 -0.24793388429752064 -0.172391275956641 -0.12203482791718083 -0.2825443786982248 -0.13182674199623348 -0.22393123727663428 -0.14401645902388846 -0.24331775140836628 -0.2466449038810301 -0.30258483400710523 -0.16139280721819796 -0.28112965340179724 -0.06785524215007983 -0.25644848665573283 -0.07601246105919003 -0.1756222377297046 -0.09009009009009009 -0.1762218045112782 -0.15332791264955276 -0.1814275483408928 -0.20732464307883305 -0.1927222010904019 -0.1418812401471361 -0.16312754886795106 -0.1389392291893198 -0.21341107871720114 -0.20420070011668612 -0.2834683182467842 -0.3270182213104863 -0.23009495982468953 -0.21661538461538465 -0.11990111248454882 -0.09000900090009001 -0.1258818647115784 -0.19071837253655438 -0.20808701820761408 -0.27192466156562684 -0.5108246168815372 -0.4784285369968667 -0.4833873095837832 -0.35723145621433894 -0.4269355240229027 -0.1817468619246862 -0.3838159900235555 -0.5523363333744299 -0.9209932279909706 -0.6929577464788732 -3.476333133612942 -6.65924276169265 -4.202316237296148 -5.526929211139738 -1.1119356833642549 -0.6064450647043899 -0.7637075718015667
-0.04019488428745433 -0.11785634867689572 -0.07517109839560193 -0.20070011668611434 -0.20872865275142316 -0.14006591337099814 -0.12473755711992096 -0.07271382795168843 0.00906266183324702 -0.15635906742984784 -0.08120649651972159 -0.1389566065333983 -0.08977735216662676 -0.19105139898927645 -0.2039788466381264 -0.20702402957486138 -0.1460435475305364 -0.1047052740434333 -0.0730605738575983 -0.12063403001823539 -0.06965552178318137 -0.1344639612356148 -0.026925778506204638 -0.22245762711864409 -0.11604938271604937 -0.19822964717616257 -0.1042752867570386 -0.17664252128605917 -0.10395841663334666 -0.13694680697707942 -0.09653752091646288 -0.11675905177497348 -0.1423825344091125 -0.1938219261053907 -0.3020053152935491 -0.19492929035545928 -0.25726472940549183 -0.16847329241217188 -0.12614836144247907 -0.2810650887573964 -0.12931575643440046 -0.2295860665007917 -0.14173048348382672 -0.24931079947261175 -0.2393906420021763 -0.3025848340071053 -0.1626636167238531 -0.27599486521181005 -0.06386375731772219 -0.24601162964067397 -0.062305295950155756 -0.17911142126075835 -0.07432432432432431 -0.18209586466165414 -0.13590428621210365 -0.1873955597994748 -0.19490999379267537 -0.18384683656650183 -0.12086179716237519 -0.15468991702995363 -0.1292738915065845 -0.2075801749271137 -0.17619603267211198 -0.30133396855645544 -0.30771087245082657 -0.23374726077428779 -0.20061538461538464 -0.12360939431396786 -0.07457888646007457 -0.13418176787937477 -0.18054672600127147 -0.21872783163868523 -0.2577987051206592 -0.5266358550231087 -0.46758255001205107 -0.49058414297709013 -0.3559910692135946 -0.4232013940751805 -0.18436192468619245 -0.37273105168352505 -0.5498705461718654 -0.9311512415349888 -0.6940845070422534 -3.508687837028161 -6.670964716914781 -4.2354053415268265 -5.545331861121335 -1.1193568336425481 -0.6013702106064451 -0.7715404699738903
-0.03775883069427528 -0.12341561040693796 -0.07404914170313026 -0.2018669778296383 -0.20398481973434537 -0.14124293785310735 -0.12967765839199705 -0.06655163914222331 0.0025893319523562913 -0.15356694122574338 -0.0734725444702243 -0.14748902974158945 -0.08738328944218338 -0.19474916800197212 -0.209015361369932 -0.2082563154651879 -0.15135422198619225 -0.0982419855222337 -0.070403825717322 -0.11502314490110814 -0.06585612968591693 -0.12356147789218655 -0.032779208616249125 -0.21421845574387946 -0.11975308641975309 -0.1882558284503179 -0.1120959332638165 -0.15376795018426734 -0.11728641876582702 -0.11099899091826437 -0.08109151756982881 -0.10850336124542988 -0.12339819648789749 -0.192610539067232 -0.2875090601594588 -0.19492929035545925 -0.2612636630231938 -0.1619433198380567 -0.12889071712601124 -0.26923076923076916 -0.12178279974890142 -0.2295860665007917 -0.13487255686364155 -0.2373247033441208 -0.2357635110627494 -0.284209236800196 -0.15122633117295717 -0.251604621309371 -0.055880787653006914 -0.21768301774265697 -0.05607476635514018 -0.17794836008374043 -0.06869369369369369 -0.17387218045112782 -0.12661168544546408 -0.1754595368823108 -0.19615145872129114 -0.16356028908330164 -0.12348922753547029 -0.1364083813809591 -0.12081672103419114 -0.1959183673469388 -0.17269544924154026 -0.29656979514054316 -0.3028840352359117 -0.2288775261748235 -0.2043076923076923 -0.1161928306551298 -0.07457888646007457 -0.1355650850740075 -0.18690400508582325 -0.2270040198628517 -0.2636845203060624 -0.5266358550231087 -0.4711978790069897 -0.4833873095837832 -0.34606797320764077 -0.4107542942494399 -0.17128661087866104 -0.3561036441734793 -0.5461718653680188 -0.9311512415349886 -0.6997183098591548 -3.5194727381665665 -6.703786191536748 -4.25313164736469 -5.589498221077168 -1.1106988249845393 -0.6140573458513068 -0.7728459530026109
-0.029232643118148605 -0.11896820102290415 -0.07180522831818692 -0.1878646441073512 -0.18738140417457308 -0.12947269303201506 -0.12967765839199705 -0.06655163914222331 0.003883997928534437 -0.14937875191958674 -0.06058262438772881 -0.14748902974158945 -0.08379219535551831 -0.19967952668556638 -0.19516494585746663 -0.2008626001232286 -0.13807753584705257 -0.08402275077559462 -0.05977683315621679 -0.09538504699116288 -0.05825734549138804 -0.12113870381586918 -0.033949894638258024 -0.2059792843691149 -0.11851851851851851 -0.1832689190873956 -0.10818561001042755 -0.15885118820688776 -0.12661602025856325 -0.10667435490846186 -0.0669326811687476 -0.10260643943861306 -0.11271950640721407 -0.18291944276196248 -0.27905291133123944 -0.1821888138616384 -0.2612636630231938 -0.15280135823429541 -0.12066365007541476 -0.2559171597633136 -0.1129943502824859 -0.2261931689662972 -0.13144359355354898 -0.23852331295696988 -0.22246403095151734 -0.2719588386622565 -0.14741390265599186 -0.23876765083440307 -0.05987227248536455 -0.198300283286119 -0.05607476635514018 -0.1756222377297046 -0.07094594594594594 -0.18092105263157893 -0.12312696015797422 -0.1766531391740272 -0.1936685288640596 -0.16482819830100165 -0.12217551234892274 -0.1420334692729574 -0.09906971124803673 -0.19591836734693877 -0.1540256709451575 -0.28227727489280613 -0.27512972125015084 -0.2191380569758948 -0.1809230769230769 -0.11372064276885044 -0.05529124341005529 -0.1258818647115784 -0.18181818181818182 -0.2317332702766611 -0.2660388463802236 -0.5315008513743614 -0.4579416726922151 -0.47139258726160493 -0.3386256512031754 -0.40079661438884734 -0.1791317991631799 -0.3367050020784259 -0.5486376525705832 -0.9243792325056435 -0.7087323943661972 -3.530257639304973 -6.73074668854765 -4.264949184589931 -5.621396147711937 -1.110698824984539 -0.6229383405227099 -0.7741514360313315
-0.036540803897685756 -0.10673782521681122 -0.07517109839560193 -0.17036172695449242 -0.18856736242884253 -0.11770244821092275 -0.1346177596640731 -0.05422726152329307 -0.0012946659761781474 -0.1200614267764903 -0.04382572828048466 -0.14383227693807896 -0.07541297581996648 -0.19351657833107358 -0.17879627297909845 -0.18237831176833025 -0.12612851832182687 -0.06204756980351602 -0.05446333687566418 -0.07013606396409035 -0.0493920972644377 -0.11023622047244094 -0.022243034418169043 -0.22128060263653487 -0.10123456790123457 -0.1882558284503179 -0.08733055265901982 -0.14614309315033677 -0.11861921897907501 -0.09946662822545768 -0.05534817865877204 -0.10732397688406652 -0.10678690080683437 -0.1756511205330103 -0.27059676250302006 -0.1719964326665817 -0.26659557451346305 -0.1319054459971268 -0.11792129439188259 -0.22337278106508873 -0.11173885750156938 -0.22280027143180275 -0.1337295690936107 -0.2229413879899317 -0.21520976907266354 -0.25113316182775935 -0.14741390265599183 -0.2169448010269576 -0.06785524215007983 -0.17444461010884155 -0.054828660436137065 -0.16748080949057922 -0.0686936936936937 -0.1832706766917293 -0.11499593448716458 -0.17187873000716158 -0.19242706393544384 -0.14327374160010145 -0.12217551234892274 -0.12234566165096328 -0.09786154403769483 -0.18192419825072886 -0.16569428238039674 -0.26560266793711296 -0.27030288403523595 -0.20939858777696618 -0.17846153846153842 -0.10135970333745366 -0.050147871930050145 -0.10513210679208747 -0.17037507946598854 -0.22109245684558995 -0.25662154208357857 -0.529068353198735 -0.45553145336225587 -0.45459997601055546 -0.3448275862068966 -0.36967886482449586 -0.18436192468619245 -0.3048358043508383 -0.5461718653680186 -0.9164785553047403 -0.7076056338028168 -3.5506291192330734 -6.744813034814207 -4.286220751595367 -5.6410256410256405 -1.0946196660482375 -0.6178634864247653 -0.7610966057441254
-0.03288672350791717 -0.10229041583277738 -0.07068327162571525 -0.17386231038506417 -0.18500948766603417 -0.11534839924670433 -0.1395578609361492 -0.05792457480897215 -0.009062661833247023 -0.12424961608264695 -0.05155968032998195 -0.1340809361287177 -0.08139813263107493 -0.18612104030568224 -0.1674641148325359 -0.17128773875539122 -0.12480084970791287 -0.05558428128231645 -0.05047821466524973 -0.07153878524337214 -0.04559270516717325 -0.1005451241671714 -0.019901662374151256 -0.22128060263653482 -0.09506172839506172 -0.18326891908739557 -0.09124087591240876 -0.13978904562206124 -0.12261761961881915 -0.10523280957186103 -0.060496846440983396 -0.10614459252270314 -0.1174655908875178 -0.18655360387643855 -0.2742208262865427 -0.175818575614728 -0.27592641962143427 -0.12929345696748074 -0.12614836144247907 -0.22337278106508873 -0.10295040803515379 -0.22166930558697126 -0.1337295690936107 -0.23013304566702622 -0.20311933260790713 -0.24868308220017146 -0.14360147413902652 -0.21694480102695762 -0.0651942522618414 -0.18339048755032059 -0.05109034267912772 -0.16050244242847173 -0.06981981981981981 -0.18209586466165412 -0.11267278429550469 -0.1647171162568632 -0.1899441340782123 -0.13820210472930136 -0.12348922753547031 -0.11812684573196455 -0.09906971124803673 -0.17376093294460643 -0.16686114352392067 -0.2548832777513102 -0.2690961747315072 -0.19113708302897495 -0.176 -0.08405438813349816 -0.04886202906004886 -0.08438234887259648 -0.16783216783216778 -0.23173327027666116 -0.2530900529723367 -0.541230844076867 -0.45191612436731743 -0.4689936427971693 -0.3460679732076408 -0.392083644510829 -0.19351464435146443 -0.32284882915338786 -0.5449389717667364 -0.9051918735891646 -0.7030985915492958 -3.567405632115039 -6.7577071855585515 -4.301583549988182 -5.654520917678812 -1.095856524427953 -0.6140573458513068 -0.7676240208877284
-0.02557856272838003 -0.10784967756281964 -0.06282957477841355 -0.16686114352392065 -0.1731499051233397 -0.11534839924670433 -0.12720760775595902 -0.06778407690411634 0.0 -0.13122993159290802 -0.048981696313482856 -0.14261335933690883 -0.08618625807996169 -0.19105139898927648 -0.16368672878368168 -0.166358595194085 -0.11417950079660115 -0.05041365046535677 -0.04649309245483528 -0.05610885117127227 -0.031661600810536976 -0.1175045427013931 -0.00819480215406228 -0.2189265536723164 -0.08271604938271604 -0.1957361924947014 -0.08602711157455684 -0.1588511882068878 -0.11861921897907506 -0.11388208159146604 -0.05148667782211354 -0.12029720485906356 -0.11627906976744189 -0.1938219261053907 -0.26334863493597493 -0.19110714740731302 -0.2639296187683284 -0.14104740760088808 -0.11929247223364867 -0.22041420118343194 -0.11424984306340238 -0.2375028274146121 -0.13487255686364158 -0.2505094090854608 -0.1994922016684802 -0.2646085997794928 -0.13343499809378573 -0.23491655969191266 -0.0651942522618414 -0.18935440584463997 -0.044859813084112146 -0.17794836008374043 -0.06418918918918919 -0.2032424812030075 -0.1103496341038448 -0.18142754834089278 -0.18870266914959655 -0.1521491061240015 -0.12480294272201786 -0.13078329348896076 -0.0845717047239338 -0.16909620991253646 -0.15635939323220538 -0.24654597427346356 -0.25582237239049116 -0.1850499147796445 -0.1686153846153846 -0.08034610630407912 -0.041146971840041145 -0.07054917692626919 -0.1487603305785124 -0.23409789548356588 -0.2377869334902884 -0.5290683531987351 -0.4314292600626657 -0.4701931150293871 -0.3287025551972215 -0.40453074433656966 -0.18305439330543935 -0.3256200637383954 -0.536308716557761 -0.9074492099322798 -0.699718309859155 -3.5817855002995804 -6.769429140780682 -4.313401087213425 -5.67292356766041 -1.0995670995670996 -0.6127886323268206 -0.7676240208877285
-0.029232643118148605 -0.11785634867689569 -0.07180522831818692 -0.16219369894982494 -0.17433586337760915 -0.12829566854990584 -0.12844263307397802 -0.08996795661819078 -0.00647332988089073 -0.15077481502163897 -0.04898169631348286 -0.14383227693807898 -0.08498922671774 -0.20091211635646494 -0.1599093427348275 -0.1737523105360444 -0.11816250663834307 -0.06334022750775595 -0.04383634431455898 -0.07434422780193575 -0.035460992907801414 -0.12598425196850394 -0.00936548817607118 -0.22716572504708102 -0.09259259259259259 -0.20321655653908488 -0.0964546402502607 -0.17283009276909392 -0.12128481940557112 -0.1239728989476719 -0.045050843094349334 -0.12855289538860715 -0.11034646416706217 -0.1962447001817081 -0.25489248610775556 -0.20129952860236972 -0.2652625966408958 -0.1593313308084106 -0.10558069381598793 -0.22485207100591714 -0.1192718141870684 -0.23524089572494908 -0.13601554463367244 -0.24331775140836628 -0.1958650707290533 -0.2670586794070807 -0.12708095056551022 -0.25673940949935814 -0.06120276742948376 -0.20277322200685854 -0.05109034267912772 -0.18260060479181203 -0.07207207207207207 -0.20676691729323307 -0.12196538506214427 -0.1873955597994748 -0.19863438857852267 -0.17116774438950172 -0.13925380977404098 -0.1420334692729574 -0.08215537030324997 -0.1795918367346939 -0.14935822637106186 -0.24773701762744166 -0.25340895378303363 -0.19113708302897495 -0.17353846153846153 -0.09765142150803463 -0.04886202906004886 -0.08714898326186193 -0.1513032422123331 -0.23882714589737528 -0.2460270747498529 -0.5242033568474823 -0.43263436972764524 -0.47379153172604055 -0.3299429421979658 -0.4182225541448843 -0.18959205020920505 -0.3394762366634335 -0.5387745037603254 -0.9209932279909706 -0.7076056338028168 -3.6105452366686643 -6.7917008557027305 -4.339399669108957 -5.704821494295179 -1.1304885590599878 -0.6267444810961684 -0.7898172323759792
-0.04263093788063337 -0.13008672448298866 -0.0762930550880736 -0.1540256709451575 -0.17789373814041748 -0.1306497175141243 -0.13708781030011116 -0.10105989647522799 -0.010357327809425169 -0.15496300432779564 -0.05155968032998196 -0.14505119453924914 -0.07780703854440986 -0.1873536299765808 -0.1536136993200705 -0.17128773875539127 -0.12347318109399896 -0.07497414684591522 -0.04250797024442083 -0.07995511291906299 -0.05572441742654508 -0.12477286493034526 -0.016389604308124563 -0.2189265536723164 -0.10864197530864197 -0.19947637451689312 -0.12904066736183525 -0.17918414029736943 -0.14260962281753967 -0.12541444428427273 -0.06307118033208907 -0.13091166411133387 -0.12577123872804935 -0.1792852816474864 -0.2645566561971491 -0.19110714740731305 -0.28659024260197274 -0.16324931435287973 -0.10969422734128617 -0.20266272189349116 -0.12554927809165095 -0.24089572494910655 -0.13030060578351813 -0.24331775140836628 -0.19102889614315074 -0.2633835599656989 -0.13216418858813067 -0.2580231065468549 -0.06918573709419903 -0.20575518115401822 -0.05607476635514018 -0.1895789718539195 -0.07094594594594594 -0.19854323308270677 -0.11731908467882449 -0.185008355216042 -0.1973929236499069 -0.17497147204260172 -0.1326852338413032 -0.1462522851919561 -0.08940437356530144 -0.1807580174927114 -0.15635939323220535 -0.2203430204859457 -0.25461566308676237 -0.16800584368151936 -0.17723076923076922 -0.08899876390605688 -0.054005400540054004 -0.06778254253700373 -0.15766052129688496 -0.24592102151808942 -0.2401412595644497 -0.5169058623206032 -0.4217883827428296 -0.4689936427971692 -0.32994294219796577 -0.4194672641274583 -0.19351464435146445 -0.33809061937092977 -0.536308716557761 -0.9221218961625282 -0.7076056338028168 -3.6189334931096466 -6.803422810924862 -4.364216497281966 -5.729358360937309 -1.1564625850340136 -0.630550621669627 -0.810704960835509
-0.04384896467722289 -0.1289748721369802 -0.08639066532031864 -0.15519253208868145 -0.176707779886148 -0.12123352165725047 -0.13708781030011116 -0.09859502095144194 -0.022009321595028487 -0.14519056261343014 -0.04382572828048466 -0.1377376889322282 -0.08858032080440507 -0.18119068162208798 -0.1561319566859733 -0.16019716574245227 -0.12480084970791291 -0.07368148914167529 -0.05180658873538789 -0.0841632767569084 -0.04559270516717326 -0.12113870381586918 -0.026925778506204635 -0.22245762711864403 -0.1074074074074074 -0.1957361924947014 -0.1264337851929093 -0.1868089973313 -0.14527522324403574 -0.12973908029407524 -0.06564551422319474 -0.13327043283406065 -0.14950166112956811 -0.1889763779527559 -0.2633486349359749 -0.1860109568097847 -0.2852572647294055 -0.16324931435287973 -0.0959824489236254 -0.1849112426035503 -0.11676082862523537 -0.24202669079393804 -0.1337295690936107 -0.25530384753685725 -0.18981985249667513 -0.259708440524317 -0.1283517600711653 -0.2605905006418485 -0.0745077168706759 -0.2042642015804384 -0.05482866043613708 -0.18143754361479414 -0.09009009009009009 -0.193843984962406 -0.12196538506214427 -0.173072332298878 -0.1961514587212911 -0.16609610751870166 -0.14056752496058852 -0.13640838138095907 -0.10027787845837863 -0.17142857142857143 -0.17852975495915985 -0.2191519771319676 -0.25582237239049116 -0.14852690528366203 -0.18584615384615383 -0.07416563658838071 -0.06686382924006687 -0.049799419006778256 -0.14876033057851243 -0.2435563963111847 -0.26368452030606243 -0.5096083677937242 -0.42058327307785015 -0.4677941705649514 -0.3262217811957331 -0.4095095842668658 -0.2026673640167364 -0.32977691561590683 -0.5387745037603254 -0.917607223476298 -0.7222535211267604 -3.616536848412223 -6.816316961669206 -4.352398960056724 -5.735492577597841 -1.1440940012368583 -0.6330880487185995 -0.7937336814621411
-0.04019488428745432 -0.12786301979097175 -0.08639066532031864 -0.1516919486581097 -0.16840607210626185 -0.1177024482109228 -0.13091268371001608 -0.09366526990386985 -0.011651993785603314 -0.12843780538880362 -0.03480278422273782 -0.13651877133105805 -0.10773282259995212 -0.18365586096388514 -0.1523545706371191 -0.16266173752310537 -0.12612851832182687 -0.07626680455015511 -0.05446333687566418 -0.06873334268480853 -0.046859169199594736 -0.12235009085402784 -0.039803324748302504 -0.21421845574387946 -0.11234567901234567 -0.18700910110958735 -0.13295099061522422 -0.17918414029736943 -0.1479408236705318 -0.1124405362548652 -0.06435834727764192 -0.13327043283406065 -0.13170384432842902 -0.17807389460932768 -0.2500604010630587 -0.175818575614728 -0.27859237536656895 -0.14888337468982632 -0.06718771424653777 -0.15976331360946747 -0.1142498430634024 -0.2431576566387695 -0.1360155446336724 -0.24691358024691357 -0.18377463426429694 -0.25725836089672915 -0.12962256957682042 -0.25417201540436457 -0.0651942522618414 -0.19680930371253919 -0.05981308411214953 -0.1791114212607583 -0.11036036036036037 -0.1856203007518797 -0.1335811360204437 -0.1647171162568632 -0.19863438857852264 -0.16229237986560163 -0.12874408828166056 -0.12515820559696242 -0.0942370424066691 -0.16443148688046647 -0.16569428238039674 -0.21676989042401146 -0.23772173283456013 -0.14000486973459944 -0.16615384615384615 -0.06551297898640296 -0.047576186190047574 -0.041499515838981885 -0.14748887476160205 -0.24592102151808937 -0.26486168334314303 -0.508392118705911 -0.41214750542299355 -0.4677941705649514 -0.32622178119573303 -0.39581777445855115 -0.1922071129707113 -0.3117638908133573 -0.5375416101590433 -0.917607223476298 -0.740281690140845 -3.604553624925105 -6.826866721369124 -4.34294493027653 -5.745307324254694 -1.1354359925788498 -0.6343567622430856 -0.7741514360313316
-0.047503045066991476 -0.12897487213698017 -0.1110737125546954 -0.147024504084014 -0.17789373814041748 -0.1177024482109228 -0.13585278498209213 -0.09859502095144194 -0.020714655618850338 -0.12564567918469915 -0.036091776230987374 -0.14261335933690883 -0.12568829303327747 -0.18858621964747935 -0.1624276001007303 -0.17005545286506468 -0.1327668613913967 -0.08014477766287487 -0.05977683315621678 -0.0645251788469631 -0.056990881458966566 -0.12235009085402786 -0.05033949894638258 -0.2201035781544256 -0.12962962962962962 -0.1982296471761626 -0.13686131386861317 -0.1944338543652306 -0.15327202452352395 -0.12253135361107106 -0.06821984811430043 -0.1415261233636042 -0.1388229710488847 -0.1756511205330103 -0.25368446484658136 -0.17454452796534592 -0.274593441748867 -0.14365939663053415 -0.060331825037707384 -0.14644970414201183 -0.12554927809165098 -0.23976475910427503 -0.14973139787404274 -0.2409205321826681 -0.1982831580220046 -0.2560333210829352 -0.1308933790824755 -0.24903722721437743 -0.05987227248536455 -0.18786342627106012 -0.06355140186915888 -0.1791114212607583 -0.12274774774774774 -0.1832706766917293 -0.14287373678708332 -0.16232991167343042 -0.20484171322160147 -0.17116774438950172 -0.14056752496058855 -0.12515820559696247 -0.095445209617011 -0.17259475218658893 -0.19369894982497082 -0.20843258694616487 -0.25582237239049116 -0.14000486973459944 -0.18338461538461537 -0.06304079110012362 -0.06557798637006558 -0.03734956425508369 -0.16401780038143676 -0.24000945850082758 -0.2872277810476751 -0.49622962782777913 -0.4217883827428296 -0.4629962816360801 -0.3287025551972215 -0.39457306447597706 -0.19351464435146443 -0.3131495081058611 -0.5264455677475034 -0.9130925507900678 -0.7425352112676056 -3.5865787896944274 -6.82921111241355 -4.335854407941385 -5.7489878542510136 -1.1366728509585653 -0.6470438974879473 -0.7741514360313317
-0.0389768574908648 -0.11452079163887034 -0.1110737125546954 -0.13885647607934656 -0.17789373814041745 -0.10475517890772128 -0.13708781030011113 -0.09243283214197683 -0.02589331952356292 -0.11587323747033366 -0.041247744263985565 -0.13286201852754756 -0.12927938711994252 -0.18735362997658078 -0.1624276001007303 -0.16882316697473812 -0.12612851832182687 -0.07109617373319545 -0.055791710945802334 -0.05891429372983588 -0.05572441742654508 -0.12598425196850394 -0.04799812690236479 -0.2189265536723164 -0.12469135802469136 -0.19324273781324025 -0.1251303441084463 -0.19189223535392042 -0.14660802345728374 -0.12253135361107106 -0.06821984811430043 -0.14506427644769432 -0.1400094921689606 -0.18291944276196245 -0.25972457115245234 -0.17072238501719966 -0.27192748600373234 -0.13321144051194983 -0.054847113670643086 -0.13609467455621302 -0.1318267419962335 -0.23410992988011764 -0.1577323122642588 -0.25170801869830994 -0.20070124531495587 -0.2646085997794928 -0.1308933790824755 -0.2490372272143774 -0.04789781798829164 -0.18339048755032059 -0.05607476635514018 -0.17329611537566875 -0.12162162162162163 -0.1726973684210526 -0.14752003717040307 -0.155168297923132 -0.20360024829298573 -0.16989983517180168 -0.14713610089332635 -0.12375193362396289 -0.08698803914461763 -0.16209912536443147 -0.19136522753792298 -0.20128632682229633 -0.25340895378303363 -0.13270026783540298 -0.17723076923076922 -0.055624227441285555 -0.06557798637006558 -0.03181629547655278 -0.16274634456452639 -0.22345708205249465 -0.290759270158917 -0.4889321333009001 -0.41937816341287054 -0.45939786493942664 -0.32622178119573303 -0.3883495145631068 -0.1922071129707113 -0.3089926562283497 -0.53014424855135 -0.9108352144469526 -0.748169014084507 -3.579388855602157 -6.812800375102567 -4.338217915386434 -5.730585204269415 -1.145330859616574 -0.6407003298655163 -0.7780678851174935
-0.049939098660170524 -0.1089615299088281 -0.12341523617188377 -0.1528588098016336 -0.1933111954459203 -0.09769303201506589 -0.14326293689020625 -0.06901651466600936 -0.042723977213878814 -0.10191260644981152 -0.061871616395978345 -0.11701608971233543 -0.14364376346660282 -0.17502773326759521 -0.17879627297909845 -0.16266173752310537 -0.13940520446096655 -0.06592554291623579 -0.05977683315621678 -0.07153878524337214 -0.05825734549138804 -0.12598425196850396 -0.05619292905642707 -0.2318738229755179 -0.137037037037037 -0.20571001122054605 -0.13686131386861317 -0.19443385436523064 -0.15593762495002 -0.1326221709672769 -0.0772300167331703 -0.14860242953178443 -0.14356905552918844 -0.19624470018170806 -0.26576467745832333 -0.18091476621225633 -0.2719274860037323 -0.12276348439336553 -0.06718771424653777 -0.13313609467455617 -0.13559322033898305 -0.21940737389730827 -0.14973139787404274 -0.25170801869830994 -0.20191028896143148 -0.26460859977949286 -0.1258101410598551 -0.23876765083440307 -0.03326237360298031 -0.18786342627106012 -0.058566978193146414 -0.169806931844615 -0.12612612612612611 -0.17034774436090225 -0.1510047624578929 -0.155168297923132 -0.20484171322160147 -0.17116774438950172 -0.15633210719915921 -0.11953311770496414 -0.09061254077564336 -0.15160349854227406 -0.19136522753792298 -0.21796093377798953 -0.26185591890913473 -0.14122230338446554 -0.19076923076923075 -0.048207663782447466 -0.08229394368008229 -0.034582929865818235 -0.17291799109980927 -0.19626389217309054 -0.2931135962330783 -0.47676964242276815 -0.4241986020727886 -0.4354084202950701 -0.32250062019350034 -0.3534976350510331 -0.18305439330543932 -0.2854371622557849 -0.5350758229564788 -0.9097065462753952 -0.7594366197183098 -3.5698022768124624 -6.812800375102567 -4.3334909004963365 -5.7354925775978405 -1.147804576376005 -0.6609997462572952 -0.7872062663185379
-0.04506699147381242 -0.1089615299088281 -0.12678110624929878 -0.162193698949825 -0.18856736242884248 -0.10475517890772126 -0.14079288625416822 -0.06531920138033029 -0.042723977213878814 -0.10191260644981152 -0.0605826243877288 -0.1194539249146758 -0.14124970074215942 -0.18735362997658078 -0.17375975824729287 -0.1725200246457178 -0.14737121614445034 -0.06980351602895554 -0.07438894792773644 -0.07714967036049937 -0.06585612968591692 -0.12961841308298 -0.06438773121048935 -0.21186440677966104 -0.1419753086419753 -0.2044632838798155 -0.13816475495307615 -0.19951709238785104 -0.15593762495002 -0.11820671760126855 -0.0772300167331703 -0.14034673900224087 -0.14356905552918844 -0.2071471835251363 -0.2609325924136265 -0.1872850044591668 -0.27059450813116503 -0.12276348439336555 -0.0781571369806664 -0.1375739644970414 -0.13559322033898308 -0.2126215788283194 -0.1451594467939193 -0.24691358024691362 -0.20311933260790713 -0.2658336395932867 -0.12453933155420001 -0.2374839537869063 -0.031931878658861094 -0.19233636499179965 -0.06479750778816198 -0.18143754361479414 -0.13400900900900897 -0.17034774436090225 -0.16262051341619238 -0.1647171162568632 -0.21353196772191185 -0.18384683656650186 -0.16684182869153968 -0.12375193362396289 -0.08940437356530144 -0.160932944606414 -0.19253208868144692 -0.2286803239637923 -0.25702908169421984 -0.1570489408327246 -0.18707692307692309 -0.05686032138442522 -0.09515237238009515 -0.04841610181214552 -0.17927527018436107 -0.19862851737999526 -0.29899941141848146 -0.47190464607151544 -0.42178838274282954 -0.4414057814561593 -0.3200198461920119 -0.36221060492905155 -0.18436192468619245 -0.3020645697658306 -0.5276784613487856 -0.919864559819413 -0.7571830985915492 -3.544637507489515 -6.783495487047238 -4.32049160954857 -5.712182554287819 -1.1527520098948671 -0.6673433138797259 -0.7885117493472585
-0.06090133982947624 -0.10784967756281967 -0.13463480309660047 -0.162193698949825 -0.18263757115749527 -0.10357815442561202 -0.12103248116586392 -0.04806507271382795 -0.020714655618850338 -0.08934803853134163 -0.058004640371229696 -0.11457825450999512 -0.14124970074215942 -0.19105139898927645 -0.17501888693024426 -0.17128773875539122 -0.1540095592140202 -0.06592554291623579 -0.07970244420828904 -0.06733062140552673 -0.07852077001013172 -0.13567534827377348 -0.07141184734254273 -0.21304143126177025 -0.14074074074074078 -0.20072310185762374 -0.12382690302398333 -0.19062142584826533 -0.1439424230307877 -0.09802508288885685 -0.0707941820054061 -0.14388489208633096 -0.1340768865685809 -0.2035130224106602 -0.2476443585407103 -0.18473690916040258 -0.2505998400426553 -0.12537547342301164 -0.0658165364047717 -0.136094674556213 -0.14438166980539863 -0.21601447636281385 -0.1565893244942279 -0.25290662831115907 -0.2140007254261879 -0.2793090775450202 -0.12453933155420001 -0.2528883183568678 -0.03592336349121873 -0.198300283286119 -0.06978193146417445 -0.18143754361479414 -0.14076576576576574 -0.17739661654135339 -0.16494366360785226 -0.16710432084029597 -0.21849782743637497 -0.16736401673640167 -0.174724119810825 -0.10828294192096752 -0.09544520961701099 -0.16676384839650144 -0.18903150525087514 -0.24059075750357314 -0.2558223723904911 -0.16922327733138542 -0.1833846153846154 -0.05809641532756489 -0.10029574386010029 -0.053949370590676435 -0.189446916719644 -0.18917001655237645 -0.3107710417892878 -0.47068839698370224 -0.42660882140274764 -0.43540842029507026 -0.32498139419498884 -0.3460293751555887 -0.17782426778242674 -0.2854371622557849 -0.53014424855135 -0.9119638826185101 -0.7526760563380281 -3.476333133612942 -6.741296448247567 -4.262585677144882 -5.671696724328304 -1.1230674087816945 -0.6736868815021568 -0.7584856396866841
-0.08160779537149818 -0.11118523460084502 -0.14024458655895883 -0.16919486581096851 -0.18500948766603414 -0.11417137476459509 -0.1333827343460541 -0.04806507271382795 -0.04142931123770067 -0.09353622783749826 -0.061871616395978345 -0.12067284251584591 -0.13765860665549437 -0.2046098853691606 -0.16998237219843865 -0.18237831176833028 -0.1659585767392459 -0.07109617373319546 -0.09697130712008499 -0.07714967036049937 -0.1038500506585613 -0.14052089642640825 -0.09599625380472956 -0.21539548022598867 -0.1506172839506173 -0.19822964717616257 -0.1251303441084463 -0.1804549498030245 -0.1599360255897641 -0.087934265532651 -0.09010168618869867 -0.14034673900224084 -0.15662078785002373 -0.19987886129618412 -0.26093259241362643 -0.17836667091349215 -0.27326046387629965 -0.1279874624526577 -0.0959824489236254 -0.14792899408284022 -0.14061519146264906 -0.21375254467315088 -0.15773231226425874 -0.25650245714970626 -0.21279168177971225 -0.2793090775450202 -0.1283517600711653 -0.24133504492939664 -0.04656732304417243 -0.19680930371253919 -0.07850467289719626 -0.17794836008374043 -0.14864864864864863 -0.18327067669172933 -0.1661052387036822 -0.17784674146574359 -0.207324643078833 -0.16609610751870169 -0.1812926957435628 -0.11109548586696667 -0.10390238008940436 -0.1795918367346939 -0.1820303383897316 -0.26083849452120056 -0.2509955351755762 -0.18991964937910882 -0.18338461538461542 -0.07169344870210134 -0.1092966439501093 -0.0760824457048001 -0.20089001907183723 -0.1974462047765429 -0.3107710417892878 -0.4889321333009001 -0.4314292600626657 -0.4462036703850306 -0.3398660382039196 -0.3410505352252925 -0.19482217573221758 -0.2840515449632811 -0.5387745037603254 -0.9063205417607223 -0.7447887323943662 -3.386458957459557 -6.665103739303715 -4.198770976128574 -5.605447184394553 -1.1069882498453927 -0.6838365896980462 -0.7506527415143602
-0.06699147381242386 -0.10784967756281967 -0.11892740940199709 -0.17152858809801635 -0.18263757115749527 -0.11534839924670433 -0.11856243052982587 -0.035740695094897704 -0.015535991714137748 -0.08376378612313276 -0.054137664346481054 -0.12067284251584594 -0.12688532439549915 -0.20584247504005915 -0.17124150088139006 -0.18237831176833028 -0.16861391396707384 -0.06334022750775595 -0.0916578108395324 -0.06592790012624491 -0.10005065856129687 -0.12719563900666264 -0.09131350971669398 -0.21186440677966104 -0.13827160493827162 -0.19324273781324022 -0.1186131386861314 -0.16774685474647347 -0.1439424230307877 -0.08072653884964683 -0.08624018535204016 -0.1379879702795141 -0.1495016611295681 -0.2023016353725015 -0.27422082628654265 -0.18601095680978466 -0.27592641962143427 -0.11623351181925037 -0.10283833813245577 -0.1405325443786982 -0.1293157564344005 -0.21375254467315088 -0.1485884101040119 -0.25770106676255544 -0.22004594365856608 -0.26950875903466864 -0.1347058075994408 -0.21822849807445444 -0.0425758382118148 -0.1804085284031609 -0.07227414330218068 -0.1663177483135613 -0.143018018018018 -0.18679511278195488 -0.17539783947032178 -0.18142754834089284 -0.2085661080074488 -0.14454165081780146 -0.16815554387808723 -0.10547039797496835 -0.08819620635495953 -0.17959183673469387 -0.16686114352392065 -0.2739399714149594 -0.23410160492337395 -0.20696372047723396 -0.16492307692307695 -0.07292954264524103 -0.09000900090009001 -0.07469912851016738 -0.1780038143674507 -0.19626389217309054 -0.2801648028251913 -0.48893213330089996 -0.42299349240780915 -0.45939786493942664 -0.3299429421979657 -0.3373164052775703 -0.1712866108786611 -0.2785090757932659 -0.523979780544939 -0.8735891647855532 -0.7087323943661972 -3.2139005392450573 -6.45528074082757 -4.021507917749941 -5.470494417862839 -1.0636982065553495 -0.6571936056838366 -0.7193211488250653
-0.05481120584652862 -0.09895485879475208 -0.11331762593963872 -0.16452742123687283 -0.17314990512333966 -0.11299435028248588 -0.1136223292577498 -0.018486566428395364 -0.00258933195235629 -0.06980315510261063 -0.03480278422273781 -0.12067284251584594 -0.11371797941106057 -0.2157031924072476 -0.15487282800302188 -0.19223659889094272 -0.1579925650557621 -0.06463288521199587 -0.0730605738575983 -0.05470612989199045 -0.07978723404255318 -0.11992731677771047 -0.07492390540856941 -0.20009416195856872 -0.10864197530864197 -0.18700910110958735 -0.09124087591240874 -0.15630956919557754 -0.12261761961881915 -0.07928499351304599 -0.06178401338653624 -0.13444981719542398 -0.1340768865685809 -0.19987886129618418 -0.26334863493597493 -0.1949292903554593 -0.26659557451346305 -0.10709155021548908 -0.08912655971479501 -0.15236686390532544 -0.10922787193973635 -0.2035738520696675 -0.14173048348382672 -0.2445163610212154 -0.20553741990085844 -0.2793090775450202 -0.12326852204854491 -0.21694480102695762 -0.023948908994145823 -0.17444461010884155 -0.047352024922118374 -0.16282856478250757 -0.1126126126126126 -0.1844454887218045 -0.1614589383203624 -0.1921699689663404 -0.21353196772191185 -0.13566628629390137 -0.1642143983184446 -0.0956264941639713 -0.07128186541017277 -0.1725947521865889 -0.15169194865810967 -0.2679847546450691 -0.21841438397490043 -0.21426832237643048 -0.1513846153846154 -0.07292954264524104 -0.06943551498006943 -0.07193249412090193 -0.15766052129688493 -0.18917001655237642 -0.2789876397881107 -0.482850887861834 -0.4097372860930345 -0.4737915317260405 -0.32001984619201196 -0.3410505352252925 -0.15298117154811713 -0.2785090757932659 -0.49932190851929487 -0.8555304740406319 -0.6692957746478874 -3.0461354104254044 -6.009846442386589 -3.8406995982037335 -5.099987731566679 -1.0204081632653064 -0.6292819081451408 -0.6788511749347259
-0.048721071863581 -0.08561263064265066 -0.09312240547514866 -0.16102683780630106 -0.15417457305502846 -0.11181732580037665 -0.10003705075954057 -0.012324377618930243 0.015535991714137757 -0.0642189026944018 -0.027068832173240527 -0.12432959531935642 -0.09815657170217859 -0.21077283372365335 -0.14228154117350794 -0.19346888478126925 -0.1540095592140202 -0.05558428128231644 -0.06641870350690754 -0.042081638378454196 -0.0721884498480243 -0.1162931556632344 -0.04331538281432919 -0.1953860640301318 -0.08148148148148149 -0.19199601047250964 -0.0664754953076121 -0.16139280721819796 -0.09462881514061042 -0.087934265532651 -0.060496846440983396 -0.13327043283406062 -0.11390602752729 -0.1950333131435494 -0.2621406136748007 -0.1923811950566951 -0.27725939749400164 -0.09664359409690479 -0.106951871657754 -0.14792899408284024 -0.10295040803515379 -0.20470481791449896 -0.13030060578351813 -0.23372887450557353 -0.1922379397896264 -0.284209236800196 -0.11945609353157963 -0.21566110397946084 -0.015965939329430547 -0.17444461010884155 -0.04610591900311527 -0.1651546871365434 -0.09459459459459459 -0.1844454887218045 -0.14868161226623303 -0.20171878730007164 -0.19490999379267535 -0.1382021047293014 -0.14319495533368365 -0.0970327661369709 -0.06524102935846321 -0.16909620991253643 -0.12835472578763127 -0.2620295378751787 -0.2051405816338844 -0.22279035792549307 -0.14892307692307694 -0.07045735475896168 -0.06686382924006687 -0.07193249412090193 -0.1449459631277813 -0.17971151572475763 -0.24602707474985283 -0.47312089515932865 -0.38442998312846466 -0.4629962816360802 -0.30141404118084847 -0.3323375653472741 -0.1385983263598326 -0.2715809893307468 -0.4832942917026261 -0.8239277652370202 -0.6264788732394366 -2.8388256440982618 -5.484702848435118 -3.5854407941385014 -4.659550975340449 -0.9931972789115646 -0.6001014970819589 -0.6710182767624021
-0.04628501827040195 -0.08005336891260842 -0.09648827555256367 -0.15519253208868145 -0.15180265654648956 -0.1177024482109228 -0.09880202544152154 -0.027113630761646534 0.011651993785603314 -0.08655591232723718 -0.03609177623098736 -0.12311067771818626 -0.09217141489107014 -0.212005423394552 -0.13220851170989675 -0.199630314232902 -0.14737121614445034 -0.060754912099276116 -0.05180658873538788 -0.05190068733342684 -0.07345491388044578 -0.12235009085402786 -0.05033949894638259 -0.2036252354048964 -0.07530864197530865 -0.1982296471761626 -0.06647549530761208 -0.1791841402973694 -0.10395841663334666 -0.10523280957186103 -0.056635345604324885 -0.13091166411133387 -0.12814428096820124 -0.18897637795275596 -0.25851654989127815 -0.191107147407313 -0.27326046387629965 -0.10186757215619695 -0.12203482791718086 -0.15828402366863906 -0.1067168863779033 -0.19000226193168965 -0.12458566693336381 -0.22533860721562987 -0.18861080885019949 -0.27685899791743235 -0.1194560935315796 -0.2028241335044929 -0.01729643427354976 -0.16698971224094233 -0.04361370716510903 -0.1639916259595255 -0.0822072072072072 -0.18092105263157893 -0.13358113602044372 -0.20410599188350442 -0.18994413407821228 -0.13820210472930136 -0.1537046768260641 -0.09984531008297005 -0.06644919656880512 -0.15393586005830903 -0.1341890315052509 -0.24654597427346356 -0.197900325811512 -0.21670318967616264 -0.14892307692307696 -0.06674907292954266 -0.0732930435900733 -0.07746576289943284 -0.14748887476160202 -0.16907070229368645 -0.251912889935256 -0.456093407929944 -0.37719932513858756 -0.45220103154611985 -0.29893326717936 -0.32611401543440377 -0.14121338912133888 -0.270195372038243 -0.4623351004808285 -0.7900677200902934 -0.5904225352112678 -2.613541042540443 -4.912671433595123 -3.292365870952493 -4.174947859158385 -0.9622758194186766 -0.5721897995432631 -0.6579634464751959
-0.05115712545676006 -0.06782299310651545 -0.09087849209020532 -0.14352392065344224 -0.13994307400379508 -0.10004708097928436 -0.08645177226133136 -0.011091939857037218 0.015535991714137758 -0.07399134440876727 -0.03351379221448826 -0.10117016089712334 -0.08738328944218338 -0.19105139898927645 -0.12213548224628556 -0.17868145409735056 -0.1420605416887945 -0.05299896587383661 -0.05579171094580234 -0.053303408612708644 -0.06838905775075987 -0.1029678982434888 -0.040974010770311396 -0.185969868173258 -0.05432098765432099 -0.17080164568008976 -0.0521376433785193 -0.16012199771254287 -0.09329601492736238 -0.08649272019605017 -0.05406101171321921 -0.10968274560679325 -0.12339819648789749 -0.16838279830405817 -0.24522831601836187 -0.16562619441967125 -0.2652625966408958 -0.08880762700796656 -0.124777183600713 -0.14497041420118345 -0.09039548022598871 -0.17077584256955441 -0.10858383815293175 -0.20496224379719524 -0.16442993592068672 -0.2486830822001715 -0.10674799847502858 -0.17073170731707313 -0.021287919105907396 -0.14313403906366484 -0.04735202492211838 -0.15468713654338218 -0.07995495495495493 -0.16799812030075184 -0.11615750958299456 -0.18978276438290764 -0.17628801986343884 -0.12171928489920121 -0.14582238570677877 -0.09281395021797217 -0.0749063670411985 -0.13644314868804663 -0.12602100350058346 -0.2191519771319676 -0.17979968625558104 -0.18991964937910885 -0.1353846153846154 -0.04573547589616811 -0.063006300630063 -0.05533268778530918 -0.12968849332485696 -0.15251832584535352 -0.23190111830488522 -0.4281196789102408 -0.3470715835140997 -0.4126184478829315 -0.27660630116596385 -0.29250684590490417 -0.13859832635983263 -0.24941111265068588 -0.43151276044877324 -0.7268623024830699 -0.5453521126760563 -2.3259436788496104 -4.287891220255537 -2.9142046797447403 -3.6670347196662982 -0.8756957328385899 -0.5315909667597056 -0.6005221932114883
-0.05115712545676006 -0.06115187903046475 -0.08751262201279031 -0.15519253208868147 -0.12452561669829221 -0.0976930320150659 -0.06545634185500804 0.001232437761893025 0.03625064733298809 -0.07399134440876728 -0.02320185614849188 -0.09629449049244272 -0.07421594445774479 -0.17749291260939232 -0.09947116595316041 -0.16759088108441159 -0.12745618693574085 -0.05170630816959668 -0.04649309245483528 -0.058914293729835886 -0.056990881458966566 -0.09933373712901274 -0.032779208616249125 -0.18714689265536724 -0.030864197530864196 -0.16581473631716742 -0.03388946819603753 -0.14995552166730206 -0.07996801279488204 -0.08072653884964683 -0.047625176985455014 -0.09553013327043283 -0.11865211200759374 -0.15263476680799518 -0.22952403962309736 -0.14651547967893996 -0.2572647294054919 -0.07705367637455922 -0.11655011655011656 -0.13017751479289943 -0.07281858129315757 -0.16285908165573404 -0.08572408275231454 -0.189380318830157 -0.13783097569822267 -0.2352076442484381 -0.08514423687889186 -0.16559691912708596 -0.018626929217668974 -0.1520799165051439 -0.04735202492211838 -0.15352407536636425 -0.07207207207207207 -0.17269736842105263 -0.09524915785805553 -0.1885891620911912 -0.1601489757914339 -0.10650437428680104 -0.13005780346820808 -0.09281395021797217 -0.07128186541017276 -0.1282798833819242 -0.10968494749124857 -0.2167698904240114 -0.15204537226982023 -0.17044071098125158 -0.11692307692307694 -0.030902348578491973 -0.047576186190047574 -0.041499515838981885 -0.12078830260648446 -0.13833057460392528 -0.21542083578575633 -0.4086596935052299 -0.3121234032296939 -0.38623005877413935 -0.24683701314810227 -0.270102066218571 -0.12290794979079497 -0.24802549535818205 -0.38589569720133154 -0.6704288939051918 -0.47661971830985916 -2.0395446375074893 -3.646700269604969 -2.538406995982037 -3.132131026867868 -0.7915893630179345 -0.4719614311088556 -0.5496083550913838
-0.03897685749086481 -0.043362241494329545 -0.07180522831818692 -0.1446907817969662 -0.09606261859582543 -0.092984934086629 -0.03952081017660861 0.007394626571358148 0.06343863283272916 -0.07817953371492392 -0.0038669760247486465 -0.09263773768893224 -0.05745750538664113 -0.16516701590040672 -0.07177033492822965 -0.1503388786198398 -0.10754115772703135 -0.04524301964839711 -0.031880977683315624 -0.05330340861270866 -0.046859169199594736 -0.0884312537855845 -0.016389604308124556 -0.16831450094161957 0.0049382716049382715 -0.14836055354693928 -0.007820646506777894 -0.1347058075994408 -0.05464480874316939 -0.06631108548363845 -0.029604839747715272 -0.07665998348861894 -0.10322733744660655 -0.14173228346456693 -0.20536361439961343 -0.1363230984838833 -0.2399360170621168 -0.07444168734491316 -0.10420951597422183 -0.12426035502958581 -0.061519146264908973 -0.14702555982809323 -0.08572408275231455 -0.16780534579887327 -0.12090436464756375 -0.2180570868553228 -0.08006099885627142 -0.15789473684210523 -0.026609898882384252 -0.14611599821082452 -0.03987538940809969 -0.14421958595022094 -0.05855855855855856 -0.15977443609022554 -0.0743408061331165 -0.1718787300071616 -0.14028553693358162 -0.09382528210980093 -0.11035207566999472 -0.08859513429897344 -0.05799202609641174 -0.1084548104956268 -0.0945157526254376 -0.19414006669842782 -0.12308434898033067 -0.15583150718285854 -0.096 -0.0234857849196539 -0.03086022888003086 -0.03458292986581823 -0.1080737444373808 -0.1276897611728541 -0.20482636845203062 -0.37217222087083435 -0.28079055194022656 -0.36703850305865415 -0.22575043413545032 -0.2588996763754045 -0.10852510460251044 -0.24525426077317447 -0.34027863395388974 -0.6038374717832957 -0.40788732394366195 -1.742360695026962 -3.0008205368655494 -2.150791774994091 -2.588639430744693 -0.7012987012987013 -0.39710733316417157 -0.48825065274151447
-0.036540803897685756 -0.03446742272626195 -0.061707618085941884 -0.14352392065344227 -0.08064516129032259 -0.08592278719397364 -0.019760405088304307 0.011091939857037224 0.0841532884515795 -0.07538740751081949 -1.3877787807814458e-18 -0.07801072647489031 -0.049078285851089296 -0.13805004314063846 -0.06421556283052128 -0.1281577325939618 -0.09426447158789167 -0.025853154084798345 -0.006641870350690755 -0.030859868144199755 -0.034194528875379944 -0.07874015748031496 0.0011706860220088988 -0.16831450094161957 0.029629629629629627 -0.1396334621618252 0.009124087591240879 -0.12326852204854491 -0.03998400639744103 -0.06775263082023929 -0.03604067447547947 -0.05778983370680506 -0.10560037968675844 -0.1320411871592974 -0.20294757187726503 -0.12358262199006242 -0.2306051719541456 -0.06791171477079797 -0.09186891539832716 -0.10946745562130175 -0.0514752040175769 -0.1379778330694413 -0.07886615613212938 -0.16420951696032599 -0.10518679724338047 -0.20703172853117727 -0.06481128478841022 -0.14634146341463414 -0.014635444385311336 -0.13717012076934548 -0.016199376947040496 -0.12212142358688068 -0.03265765765765766 -0.1339285714285714 -0.036008827970728303 -0.14800668417283364 -0.11049037864680322 -0.07100291619120071 -0.09196006305832896 -0.08156377443397553 -0.056783858886069835 -0.08513119533527698 -0.09451575262543757 -0.16079085278704144 -0.11825751176541574 -0.11809106403701 -0.08738461538461538 5.551115123125783e-18 -0.023145171660023146 -0.011066537557061834 -0.08773045136681498 -0.10167888389690234 -0.18128310771041792 -0.3332522500608125 -0.24222704266088213 -0.3286553916276838 -0.18605805011163484 -0.22404779686333082 -0.0719142259414226 -0.2230843840931135 -0.3032918259154235 -0.5270880361173814 -0.34816901408450696 -1.4307968843618935 -2.373695932481538 -1.7596312928385724 -2.0598699546067962 -0.6060606060606061 -0.3349403704643492 -0.4321148825065274
-0.0243605359317905 -0.013342228152101399 -0.05161000785369685 -0.11201866977829637 -0.06759962049335863 -0.055320150659133725 -0.01976040508830431 0.03327581957111166 0.07509062661833246 -0.05584252408208852 0.018045888115493687 -0.06582155046318869 -0.037107972228872396 -0.11586342906446441 -0.04281037522034752 -0.11337030191004313 -0.06903876792352628 -0.005170630816959667 0.007970244420828906 -0.01683265535138168 -0.011398176291793311 -0.06420351302241065 0.01756029033013346 -0.14712806026365347 0.059259259259259255 -0.12217927939159705 0.03258602711157456 -0.11818528402592451 -0.023990403838464614 -0.0720772668300418 -0.03604067447547947 -0.03656091520226442 -0.10322733744660655 -0.1017565112053301 -0.19328340178787146 -0.09810166900242069 -0.22260730471874166 -0.04440381350398327 -0.08501302618949677 -0.08431952662721892 -0.04017576898932832 -0.11648948201764306 -0.06057835181163561 -0.13903871509049504 -0.0797968806673921 -0.17885581281391646 -0.041936713686618374 -0.11681643132220798 -0.001330494944119212 -0.11182346801848816 -0.0037383177570093455 -0.10700162828564783 -0.021396396396396396 -0.11043233082706765 -0.016262051341619243 -0.13368345667223683 -0.08566108007448789 -0.06846709775580068 -0.06699947451392538 -0.08015750246097594 -0.03382868188957352 -0.05597667638483965 -0.07934655775962661 -0.11791329204383041 -0.09050319777965488 -0.0766983199415632 -0.064 0.023485784919653897 -0.0025716857400025716 0.016599806335592753 -0.06611570247933886 -0.07448569401749824 -0.1542083578575633 -0.28703478472391153 -0.1940226560617016 -0.28667386350005997 -0.14140411808484246 -0.18546178740353497 -0.04837866108786611 -0.20368574199806014 -0.2342497842436198 -0.4616252821670429 -0.28394366197183096 -1.1599760335530258 -1.7407103504864605 -1.4062869298038292 -1.5237394184762607 -0.5256648113790972 -0.25628013194620664 -0.3864229765013054
-0.0012180267965895262 -0.008894818768067605 -0.030292830696735107 -0.09684947491248543 -0.042694497153700196 -0.030602636534839932 0.001235025318019021 0.04929751047572098 0.09451061626100465 -0.037693703755409744 0.028357824181490077 -0.04509995124329595 -0.02154656451999043 -0.08997904597559472 -0.02518257365902795 -0.08995686999383858 -0.04779607010090281 0.014219234746639092 0.02922422954303932 0.005610885117127229 0.01393110435663627 -0.05208964264082374 0.06555841723249825 -0.1318267419962335 0.10246913580246915 -0.10721855130283006 0.05474452554744526 -0.11818528402592451 0.006664001066240174 -0.07063572149344097 -0.012871669455528386 -0.03184337775681095 -0.06407214048410062 -0.0872198667474258 -0.16429089151969076 -0.07516881131354312 -0.18794988003199148 -0.022201906751991646 -0.05347593582887701 -0.059171597633136085 -0.03389830508474576 -0.1051798235693282 -0.04800548634129615 -0.125854009349155 -0.0640793132632088 -0.16783045448977094 -0.022874571101791842 -0.11810012836970477 0.022618414050026608 -0.11033248844490832 0.016199376947040496 -0.10234938357757617 0.01238738738738739 -0.07753759398496242 0.012777326054129396 -0.10384339937932681 -0.08069522036002483 -0.05325218714340052 -0.047293746715712036 -0.06046969483898186 -0.021747009786154403 -0.043148688046647246 -0.06534422403733955 -0.0857551214864221 -0.07360926752745263 -0.04382761139517895 -0.04799999999999999 0.049443757725587144 0.01543011444001543 0.038732881449716414 -0.04704386522568341 -0.04374556632773706 -0.1318422601530312 -0.2335198248601313 -0.14943359845745965 -0.23749550197912916 -0.09799057305879433 -0.1530993278566094 -0.016997907949790798 -0.182901482610503 -0.1726051041795093 -0.39729119638826194 -0.20732394366197188 -0.9143199520671061 -1.1382018520689252 -1.0553060742141338 -1.0219604956447061 -0.432900432900433 -0.1776198934280639 -0.31592689295039156
