-0.08742107819329771 -0.11441901799600089 -0.06847008642945336 -0.00116699731590617 -0.12565196775723092 -0.03530242409978818 -0.009866798223976316 0.02832163526659278 0.019399896533885155 0.02793686269031987 -0.15190525231719873 -0.06584562858188026 -0.04311893639956881 -0.09489770766576287 -0.08445733013992185 -0.04932790726353435 -0.019952114924181964 -0.09682416731216112 -0.07697412076974122 -0.11634426689094479 -0.13167890605216512 0.04371053909664886 -0.03163444639718806 0.023623907394283016 -0.11449906658369632 0.09959657085224406 -0.11477572559366753 0.15165031222123104 -0.07202881152460985 0.07657852911428985 -0.14537501608130712 -0.06488909863142991 -0.15413801280531184 -0.09336728507336 -0.1966019417475728 -0.10613810741687982 -0.1437013161428955 -0.07313569283009011 -0.15352981494174095 -0.17292344073307714 -0.19816881976671266 -0.04756511891279728 -0.13037511436413546 -0.04912532949916127 -0.16209023829684288 0.06754267468991773 -0.07356671740233385 0.09134182426347615 -0.09049773755656108 0.06865671641791046 -0.0871839581517001 0.09900990099009901 0.019159247154288284 0.0328522820603074 -0.04197271773347323 0.07551240560949299 0.03237858032378581 0.12576219512195122 0.0461193833179602 0.07051191651389085 -0.11959410485624547 -0.011665888940737288 -0.12373059414030582 -0.04642857142857142 -0.27720614937658883 -0.06093102607847917 -0.144 -0.045690293899728326 -0.05522733110711534 -0.06770761365206578 -0.1524390243902439 -0.11351543100390211 -0.09548508782270422 -0.0560770449835426 -0.21186440677966104 -0.10245901639344264 -0.1330514797314101 -0.021178522486607704 -0.11488250652741513 -0.0540765391014975 -0.2033271719038817 -0.2171454422076453 -0.22207191973847365 -0.43311337732453514 -1.2325554122200069 -0.5509478672985783 -0.33276031434184683 -0.2278355621594849 -0.33316442868001017 -0.221001700013077
-0.0934919864011656 -0.1277493890246612 -0.08193961162869008 -0.024506943634029645 -0.1683262209577999 -0.06707460578959755 -0.03823384311790824 0.013545129910109593 -1.3877787807814458e-18 0.004190529403547981 -0.17250257466529348 0.23167906352883794 -0.06108515989938914 -0.10475720976090708 -0.12479515946048154 -0.05796029103465287 -0.03458366586858207 -0.11231603408210691 -0.0875912408759124 -0.12335295766750771 -0.12661433274246645 0.027926177756192327 -0.04569420035149385 0.02598629813371131 -0.1393901680149347 0.0869894099848714 -0.1108179419525066 0.13763221613355422 -0.07202881152460985 0.05779511631267158 -0.15180753891676319 -0.08966493629070316 -0.15058098174057383 -0.12004365223717714 -0.2233009708737864 -0.14578005115089515 -0.15041633091592801 -0.10447956118584303 -0.15215901302261822 -0.20987289388117056 -0.20694845102219994 -0.06342015855039637 -0.13266239707227814 -0.07428708363287802 -0.204427240837063 0.031929264398870214 -0.09259259259259259 0.06432522835456067 -0.1157838701091296 0.03283582089552238 -0.09092041350105869 0.0768782760629004 0.006762087230925277 0.01290625366654934 -0.07228634720764837 0.0491429941268129 0.031133250311332506 0.11178861788617886 0.04216629331927792 0.05640953321111268 -0.12201014737859386 -0.03616425571628558 -0.11906151511614335 -0.06071428571428571 -0.3050478150344994 -0.09748964172556666 -0.14646153846153848 -0.06791800444554211 -0.04623683534549191 -0.08705264612408456 -0.1753048780487805 -0.1359820267234244 -0.1167039962277496 -0.09630622942825795 -0.2832929782082324 -0.15790742526518806 -0.17035563292713257 -0.05481499937710228 -0.14490861618798953 -0.08735440931780367 -0.25138632162661734 -0.28161049536304006 -0.29196257468154657 -0.5338932213557289 -1.5339509792424064 -0.707345971563981 -0.38801571709233795 -0.28479445269935616 -0.37623511527742587 -0.2746174970576697
-0.09227780475959203 -0.14885580982004 -0.09540913682792682 -0.0396779087408099 -0.19559032716927455 -0.09178630265944929 -0.04193389245189936 0.0024627508927472 -0.006466632177961717 0.0027936862690319903 -0.18666323377960867 0.21704670162175344 -0.07426039046592406 -0.11461671185605127 -0.16513298878104124 -0.08139104698483168 -0.06251662676243681 -0.12264394526207076 -0.106171201061712 -0.14297729184188396 -0.13041276272474045 0.010927634774162216 -0.051552431165787935 0.017717930545712256 -0.16552582451773493 0.06681795259707514 -0.11741424802110818 0.12106537530266345 -0.07603041216486595 0.046236093050137275 -0.15180753891676313 -0.11208117036337895 -0.16480910599952572 -0.13338183581908572 -0.25364077669902907 -0.17263427109974425 -0.158474348643567 -0.11492751730442732 -0.16038382453735436 -0.20987289388117056 -0.20318575191270538 -0.08493771234428087 -0.14524245196706312 -0.0874670500838725 -0.2407161001572517 0.0012280486307257865 -0.10781329274479959 0.03473562331146276 -0.12909236092627097 0.0014925373134328402 -0.09714783908332297 0.043098427489807814 0.018032232615800736 -0.008213070515076849 -0.08860907077066574 0.02876663070837828 0.03486924034869241 0.10543699186991869 0.04875477665041508 0.043717388238612334 -0.12563421116211643 -0.06299580027998133 -0.14474144974903702 -0.08333333333333333 -0.34620505992010653 -0.13282963685108456 -0.1513846153846154 -0.09014571499135589 -0.048805548420241464 -0.09534337432637834 -0.17657520325203252 -0.1761854085373064 -0.11198868324885065 -0.14384981104473973 -0.3196125907990314 -0.2181774349083896 -0.18403382243223082 -0.08595988538681948 -0.1618798955613577 -0.11092623405435387 -0.3056069008009858 -0.35738520696674964 -0.3505805433434787 -0.6370725854829035 -1.8505922364254719 -0.8649289099526067 -0.4592337917485265 -0.3553739474987618 -0.43324043577400567 -0.34000261540473387
-0.0947061680427392 -0.1677405021106421 -0.10214389942754518 -0.0665188470066519 -0.22403982930298721 -0.10943751470934338 -0.04686729156388751 -0.009851003570988795 -0.0206932229694775 -0.009777901941611955 -0.1853759011328527 0.20363370320692598 -0.07665588693256678 -0.13433571604633965 -0.192865246438926 -0.09495622148230362 -0.07182761372705507 -0.12780790085205268 -0.11015262110152621 -0.14578076815250912 -0.1430741959989871 -0.0012141816415735841 -0.0562390158172232 -0.0047247814788566045 -0.1991288114499067 0.061775088250126065 -0.1266490765171504 0.11214476870141454 -0.08003201280512204 0.023118046525068638 -0.16467258458767528 -0.12387918829636621 -0.18022290728005694 -0.15157026797623377 -0.2961165048543689 -0.18925831202046034 -0.171904378189632 -0.12145748987854252 -0.16586703221384508 -0.21430682825894176 -0.20820268405869813 -0.10192525481313704 -0.1578225068618481 -0.11502516175413371 -0.2782145881214467 -0.017192680830160866 -0.11922881785895485 0.018011063939276976 -0.13973915357998404 -0.017910447761194027 -0.10711172001494582 0.02795573675014561 -0.002254029076975092 -0.021119324181626188 -0.12941587967820917 0.02037636341843462 0.0211706102117061 0.10289634146341464 0.027671629990776124 0.01974333662388944 -0.1365064025126842 -0.07699486700886608 -0.15291233804132137 -0.10714285714285714 -0.38494129040067787 -0.15842066780404584 -0.17107692307692307 -0.10619906149666584 -0.06678653994348831 -0.11607019483211274 -0.18673780487804875 -0.19628709944424738 -0.13674407638807023 -0.19139339266122152 -0.36924939467312345 -0.26639344262295084 -0.197712011937329 -0.11212158963498194 -0.18276762402088773 -0.14559068219633944 -0.3487369069624152 -0.42298122596697585 -0.38890767669935744 -0.7342531493701261 -2.1590242758297173 -1.005924170616114 -0.5267681728880157 -0.41728578504210007 -0.4864454015708133 -0.39492611481626777
-0.10077707625060708 -0.17884914463452567 -0.11112358289370299 -0.08752479869296301 -0.25248933143669994 -0.11885149446928689 -0.0555007400098668 -0.01970200714197759 -0.028453181583031555 -0.03073054895935186 -0.19567456230690009 0.19022070479209852 -0.0838423763324949 -0.14912496918905596 -0.21807638976427582 -0.10975459366136393 -0.09177972865123704 -0.1471727343144849 -0.12076974120769741 -0.15839641155032239 -0.1582679159280831 -0.018212724623603693 -0.06795547744581137 -0.024805102763997167 -0.24144368388301185 0.03656076651538074 -0.1503957783641161 0.07518796992481203 -0.09203681472589034 -0.018783412801618264 -0.17110510742313134 -0.1427560169891458 -0.18259426132321557 -0.1624833272705226 -0.32402912621359226 -0.210997442455243 -0.185334407735697 -0.13712942405641898 -0.1768334475668266 -0.2290866095181791 -0.2257619465696726 -0.11098527746319367 -0.16811527904849038 -0.12700694943685595 -0.32176121930567314 -0.04298170207540218 -0.14713343480466765 0.003859513701273637 -0.1583710407239819 -0.03880597014925373 -0.12205754141238012 0.009318578916715206 -0.0146511890003381 -0.03519887363604364 -0.16672496210796314 -0.0011986096128490942 0.007471980074719801 0.0813008130081301 0.010541573329819476 -0.005640953321111264 -0.15583474269147135 -0.09916005599626693 -0.1669195751138088 -0.11666666666666667 -0.42973005689383853 -0.18523031927857667 -0.19199999999999998 -0.1259570264262781 -0.08605188800410994 -0.13265165123670028 -0.2007113821138211 -0.20219936147570064 -0.15914181303784042 -0.20602218700475436 -0.4249394673123487 -0.29050144648023146 -0.23252922158666997 -0.1283169303600349 -0.20887728459530028 -0.17054908485856907 -0.40049291435613055 -0.488577244967202 -0.4452711081050615 -0.8218356328734252 -2.4768382784097573 -1.1540284360189574 -0.5857072691552062 -0.49034175334323926 -0.5257157334684571 -0.4590035307963907
-0.1007770762506071 -0.1988447011775161 -0.11224604332697274 -0.10502975843155563 -0.2773826458036985 -0.12944222169922334 -0.05920078934385792 -0.02955301071296638 -0.03621314019658562 -0.03771476463193184 -0.2175592173017508 0.16583343494695768 -0.1006108515989939 -0.1774710377125955 -0.2659775620824404 -0.12455296584042423 -0.11173184357541902 -0.1549186676994578 -0.13802256138022562 -0.17241379310344826 -0.16966320587490508 -0.03763963088878096 -0.07498535442296426 -0.04606661941885188 -0.2563783447417548 0.020171457387796268 -0.15039577836411608 0.06754173569517014 -0.09070294784580499 -0.02889755815633579 -0.18268364852695224 -0.16281264747522414 -0.19089400047427083 -0.18067175942767064 -0.3592233009708738 -0.23529411764705882 -0.1974214343271555 -0.15410735274911846 -0.18094585332419463 -0.24534436890334024 -0.24833814122663989 -0.11778029445073612 -0.19098810612991765 -0.1461778097292116 -0.37861376557396875 -0.06754267468991773 -0.16869609335362756 -0.012865045670912132 -0.18365717327655043 -0.07164179104477611 -0.1295304521110973 -0.015142690739662202 -0.0315564070776513 -0.05983808518127419 -0.18887722980062957 -0.029965240321227375 0.002490660024906599 0.055894308943089444 0.005270786664909736 -0.040896911578056694 -0.1787871466537811 -0.1271581894540364 -0.17509046340609316 -0.13571428571428573 -0.484202881007142 -0.2205703144040946 -0.21046153846153842 -0.15559397382069648 -0.0937580272283586 -0.15476025977615032 -0.20579268292682928 -0.23057821922667615 -0.18153954968761052 -0.24747043764476412 -0.46973365617433416 -0.3302796528447445 -0.24993782641134046 -0.1582160209293634 -0.22062663185378587 -0.2107598447032723 -0.45471349353049906 -0.5406016738294503 -0.4971254649983091 -0.8950209958008397 -2.7887885540049253 -1.2902843601895735 -0.6458742632612966 -0.5547300643883111 -0.5738535596655688 -0.515234732574866
-0.09470616804273921 -0.22994890024439013 -0.10887866202716354 -0.13537168864511612 -0.30583214793741115 -0.1612144033890327 -0.06906758756783424 -0.05910602142593276 -0.05561303673047078 -0.05587372538063975 -0.22142121524201858 0.1426655285940739 -0.10420409629895795 -0.20458466847424206 -0.2974914912391277 -0.1553829078801332 -0.11705240755520088 -0.17815646785437647 -0.14731254147312542 -0.20044855620969998 -0.18612306913142568 -0.0704225352112676 -0.09138840070298772 -0.0673281360737066 -0.2675793403858121 -0.022692889561270805 -0.15699208443271767 0.031859309290174595 -0.09603841536614645 -0.06212975003612194 -0.18654316222822592 -0.18994808872109484 -0.18259426132321557 -0.20734812659148777 -0.3907766990291262 -0.2672634271099744 -0.20682245500940102 -0.18153323756040227 -0.1864290610006854 -0.26455808454034885 -0.263388937664618 -0.15062287655719137 -0.20814272644098808 -0.17733045770428948 -0.4209507681141889 -0.11789266854967455 -0.17757483510908167 -0.05274668725073974 -0.1903114186851211 -0.11940298507462685 -0.14945821397434303 -0.034944670937682006 -0.05296968330891468 -0.07274433884782353 -0.22968403870817306 -0.06232769986815293 -0.012453300124532999 0.03302845528455285 -0.00922387666359204 -0.07192215484416867 -0.18845131674317467 -0.1481567895473635 -0.1774250029181744 -0.15833333333333335 -0.5084130250574991 -0.248598586400195 -0.22276923076923075 -0.1765868115584095 -0.10531723606473158 -0.16995992814702227 -0.2184959349593496 -0.26132198179023297 -0.1968643168690322 -0.28038522491771306 -0.5205811138014528 -0.3833172613307618 -0.2648594876896294 -0.2018188613429675 -0.2415143603133159 -0.24958402662229617 -0.4966112138016019 -0.6005428636055192 -0.53883440423853 -0.9754049190161966 -3.0397560689574297 -1.4312796208530807 -0.6900785854616895 -0.6228330856859832 -0.6093235368634407 -0.5753890414541651
-0.09713453132588634 -0.2299489002443901 -0.12010326635986082 -0.13887268059283464 -0.30109056424845904 -0.1670981407389974 -0.07276763690182535 -0.06772564955054797 -0.062079668908432487 -0.06006425478418774 -0.22399588053553038 0.15242043653213022 -0.10779734099892202 -0.19349272861720485 -0.2962309340728602 -0.14181773338266124 -0.11705240755520085 -0.17299251226439455 -0.14333112143331123 -0.19904681805438745 -0.19878450240567233 -0.06677999028654688 -0.10310486233157587 -0.07441530829199149 -0.2787803360298693 -0.02521432173474534 -0.17810026385224273 0.019115585574104747 -0.11337868480725621 -0.06790926166738911 -0.18782966679531712 -0.1816894761680038 -0.1837799383447949 -0.20613556444767794 -0.38956310679611644 -0.2647058823529412 -0.20682245500940097 -0.19198119367898653 -0.17957505140507196 -0.26603606266627255 -0.25711777248212714 -0.14269535673839184 -0.18755718206770358 -0.16534867002156722 -0.4112737389621386 -0.10806827950386837 -0.17123287671232876 -0.042454650714010035 -0.1849880223582646 -0.10895522388059702 -0.1482127288578902 -0.019801980198019806 -0.06423982869379015 -0.062184676757010435 -0.22851812988224324 -0.061129090255303845 -0.0174346201743462 0.038109756097560975 -0.013176966662274348 -0.05923000987166831 -0.18724329548200047 -0.15165655622958468 -0.17509046340609316 -0.17142857142857143 -0.5047815034499455 -0.2522544479649037 -0.22030769230769226 -0.17411706594220794 -0.11173901875160545 -0.16581456404587538 -0.2223069105691057 -0.24831500532103581 -0.18861251915595897 -0.27794709252712424 -0.5072639225181599 -0.37487945998071365 -0.2748072618751554 -0.19434408870063535 -0.24673629242819844 -0.23987798114254022 -0.5003080714725816 -0.6050667269848452 -0.552361627775899 -0.9850029994001199 -3.103084320394042 -1.4680094786729858 -0.7048133595284872 -0.6414066369489847 -0.6245249556625285 -0.5897737674905191
-0.0947061680427392 -0.23328149300155515 -0.12571556852620946 -0.14704166180417785 -0.30464675201517305 -0.175335373028948 -0.07400098667982238 -0.07141977588966877 -0.06983962752198655 -0.05587372538063976 -0.22270854788877442 0.1487623460553591 -0.11498383039885016 -0.1959576041409909 -0.30127316273793014 -0.14181773338266127 -0.11705240755520085 -0.17944745675187193 -0.14067684140676845 -0.19904681805438745 -0.20258293238794628 -0.0704225352112676 -0.1124780316344464 -0.0791400897708481 -0.28873677660236463 -0.021432173474533536 -0.18073878627968337 0.0305849369185676 -0.1227157529678538 -0.05923999422048838 -0.18782966679531712 -0.18050967437470505 -0.19207967749585014 -0.2024978780162483 -0.39441747572815533 -0.26086956521739124 -0.20950846091861403 -0.17892124853075617 -0.18368745716244 -0.2512562814070352 -0.25711777248212714 -0.14835787089467722 -0.19441903019213175 -0.1689432063263839 -0.4209507681141889 -0.10438413361169101 -0.17123287671232879 -0.039881641579827605 -0.17833377694969393 -0.1 -0.1469672437414373 -0.029120559114735 -0.06649385777076525 -0.07274433884782353 -0.23084994753410282 -0.0695193575452475 -0.0236612702366127 0.04065040650406504 -0.027671629990776124 -0.04794810322944578 -0.19086735926552306 -0.15048996733551095 -0.17625773316213378 -0.1738095238095238 -0.5084130250574991 -0.25834755057275166 -0.23138461538461538 -0.16423808347740182 -0.11944515797585412 -0.1492331076412878 -0.22484756097560976 -0.2613219817902329 -0.19214900389013317 -0.2889186882847739 -0.5000000000000001 -0.38452266152362585 -0.26361601591643874 -0.2030646567833562 -0.23107049608355087 -0.2412645590682196 -0.5064695009242144 -0.611852522053834 -0.5602525081726976 -0.997000599880024 -3.1582033540518353 -1.4952606635071093 -0.7158644400785854 -0.6537890044576523 -0.6371928046617684 -0.5897737674905192
-0.08620689655172414 -0.2299489002443901 -0.1324503311258278 -0.1458746644882717 -0.3046467520151731 -0.17651212049894088 -0.06783423778983719 -0.07141977588966876 -0.05819968960165546 -0.06146109791870373 -0.22399588053553038 0.13656871113278868 -0.12097257156545696 -0.200887355188563 -0.30505483423673263 -0.15414971019854481 -0.11705240755520085 -0.19106635682933126 -0.139349701393497 -0.2200728903840763 -0.1987845024056723 -0.08984944147644489 -0.11364967779730521 -0.08977084809827546 -0.27878033602986935 -0.03403933434190621 -0.16754617414248021 0.025487447432139675 -0.09870614912631719 -0.06501950585175553 -0.18654316222822592 -0.18286927796130253 -0.19207967749585014 -0.22068631017339638 -0.39563106796116504 -0.27621483375959077 -0.2054794520547945 -0.17892124853075617 -0.17135023989033582 -0.24534436890334024 -0.2671516367741126 -0.15288788221970556 -0.2058554437328454 -0.17613227893601724 -0.4282085399782266 -0.11912071718040033 -0.18518518518518517 -0.06046571465328702 -0.18898056960340698 -0.13283582089552237 -0.140739818159173 -0.045428072218986607 -0.05747774146286487 -0.0715710430599554 -0.22851812988224318 -0.08749850173798393 -0.026151930261519303 0.04065040650406505 -0.028989326657003562 -0.05499929488083486 -0.1775791253926069 -0.16215585627624823 -0.17742500291817442 -0.19404761904761902 -0.5047815034499454 -0.2802827199610042 -0.2326153846153846 -0.17905655717461105 -0.12201387105060366 -0.18515959651789415 -0.23119918699186992 -0.26723424382168615 -0.20511611458210535 -0.29745215165183464 -0.50363196125908 -0.39657666345226616 -0.2735637901019647 -0.21552261118724308 -0.24281984334203655 -0.24681087077093727 -0.505237215033888 -0.6254241121918118 -0.5703979258257242 -1.0137972405518896 -3.20276767913686 -1.522511848341232 -0.7048133595284872 -0.6612184249628529 -0.6283253103623005 -0.5976199816921669
-0.08742107819329772 -0.23772495001110863 -0.1515321584914132 -0.15637764033142726 -0.3153153153153153 -0.18474935278889149 -0.0801677355698076 -0.08496490579977836 -0.08147956544231763 -0.07123899986031569 -0.2188465499485067 0.13656871113278868 -0.13175230566534915 -0.21321173280749323 -0.31135762006807005 -0.1689480823776051 -0.11838254855014632 -0.19493932352181773 -0.145985401459854 -0.22287636669470148 -0.17979235249430237 -0.09349198640116561 -0.09841827768014061 -0.0956768249468462 -0.2588674548848786 -0.04160363086232981 -0.14511873350923482 0.02548744743213967 -0.0826997465652928 -0.06501950585175553 -0.18654316222822592 -0.18994808872109487 -0.19326535451742946 -0.22796168303625558 -0.3932038834951456 -0.2928388746803069 -0.2054794520547945 -0.19198119367898653 -0.17409184372858122 -0.2616021282885014 -0.2721685689201053 -0.16308040770101923 -0.23787740164684354 -0.20608674814282293 -0.44756259828232736 -0.14368168979491588 -0.20040588533739218 -0.08104978772674644 -0.20894330582911896 -0.1626865671641791 -0.12703948187819158 -0.05591147350029121 -0.05747774146286486 -0.07743752199929602 -0.22385449457852397 -0.10308042670502215 -0.0186799501867995 0.030487804878048787 -0.030307023323230996 -0.05923000987166831 -0.1751630828702585 -0.17265515632291178 -0.1762577331621338 -0.20595238095238094 -0.5084130250574991 -0.3046551303923958 -0.24615384615384617 -0.19634477648802173 -0.14770100179809917 -0.20726820505734422 -0.23246951219512196 -0.28378857750975517 -0.23222916421077447 -0.31573814458125077 -0.5193704600484261 -0.41706846673095466 -0.2922158666998259 -0.22673477015074125 -0.2676240208877284 -0.24958402662229612 -0.4929143561306223 -0.6423885998642841 -0.564761582685154 -1.0269946010797841 -3.2402955318400375 -1.5485781990521328 -0.6949901768172888 -0.6835066864784547 -0.6257917405624525 -0.6093893029946384
-0.08013598834385624 -0.254387913796934 -0.13357279155909757 -0.17154860543820752 -0.2951635846372689 -0.20475405977877145 -0.05920078934385792 -0.10836103928087674 -0.06595964821520953 -0.0921916468780556 -0.19309989701338828 -0.19509815876112668 -0.11019283746556474 -0.24402267685481882 -0.2836253624101853 -0.19731162905413738 -0.09310986964618251 -0.20784921249677252 -0.1313868613138686 -0.23549201009251478 -0.1823246391491517 -0.10320543953375425 -0.09724663151728177 -0.10512638790455942 -0.25762289981331676 -0.05421079172970248 -0.14907651715039577 0.012743723716069837 -0.08403361344537816 -0.07513365120647306 -0.16853209828894894 -0.19348749410099106 -0.18140858430163623 -0.24129986661816413 -0.3774271844660194 -0.30306905370843995 -0.19339242546333602 -0.20895912237168607 -0.1782042494859493 -0.28081584392550996 -0.25586353944562895 -0.17553793884484709 -0.22987191216834404 -0.21687035705727292 -0.41974113947018266 -0.1522780302099963 -0.16615930999492648 -0.08748231056220249 -0.1743412297045515 -0.16119402985074624 -0.12454851164528584 -0.06057076295864881 -0.05409669784740223 -0.08330400093863663 -0.21219540631922582 -0.11147069399496583 -0.0112079701120797 0.02413617886178862 -0.015812359994729214 -0.05923000987166831 -0.17033099782556171 -0.1819878674755016 -0.1750904634060932 -0.22380952380952376 -0.49993947463987415 -0.3204971971728004 -0.24123076923076922 -0.21733761422573475 -0.1515540714102235 -0.22108608539450048 -0.2223069105691057 -0.3003429111978243 -0.2192620535188023 -0.32914787272948925 -0.4939467312348668 -0.42671166827386686 -0.26734643123601093 -0.2342095427930734 -0.24804177545691902 -0.25235718247365496 -0.49168207024029564 -0.6514363266229359 -0.5489798218915568 -1.0425914817036595 -3.267268675970447 -1.5687203791469195 -0.6986738703339882 -0.7082714214957899 -0.6308588801621484 -0.6237740290309925
-0.08984944147644489 -0.254387913796934 -0.12459310809293973 -0.17738359201773837 -0.30109056424845904 -0.21063779712873615 -0.060434139121854955 -0.11328654106637115 -0.0711329539575789 -0.09917586255063557 -0.2046858908341916 -0.2011949762224119 -0.11977482333213559 -0.2477199901404979 -0.28866759107525525 -0.20101122209890243 -0.09044958765629156 -0.21559514588174541 -0.1340411413404114 -0.23268853378188953 -0.181058495821727 -0.10441962117532784 -0.09256004686584653 -0.11339475549255847 -0.2563783447417548 -0.06933938477054968 -0.1503957783641161 -0.002548744743213964 -0.08536748032546353 -0.09969657563935849 -0.174964621124405 -0.19112789051439358 -0.1636234289779464 -0.24978780162483324 -0.3725728155339806 -0.30690537084398983 -0.19204942250872953 -0.2154890949458012 -0.18368745716244 -0.29263966893289983 -0.2746770349931017 -0.18120045300113247 -0.22758462946020136 -0.22405942966690628 -0.4282085399782267 -0.15350607884072207 -0.16615930999492642 -0.09005531969638493 -0.1676869842959808 -0.1582089552238806 -0.12828496699464442 -0.05591147350029121 -0.05860475600135241 -0.08330400093863663 -0.21685904162294506 -0.11986096128490949 -0.016189290161892904 0.013973577235772361 -0.02108314665963896 -0.06346072486250176 -0.18965933800434884 -0.1854876341577228 -0.15407960779736196 -0.22857142857142856 -0.5072025178549813 -0.3253716792590787 -0.2510769230769231 -0.22845146949864162 -0.16311328024659646 -0.23766754179908797 -0.2362804878048781 -0.2956131015726617 -0.23458682070022396 -0.3218334755577228 -0.5108958837772397 -0.42550626808100295 -0.27356379010196463 -0.24043851999501684 -0.24804177545691902 -0.2592900721020521 -0.5003080714725816 -0.6412576340194527 -0.5546161650321272 -1.0341931613677264 -3.2977600562917795 -1.580568720379147 -0.706041257367387 -0.7157008420009905 -0.6371928046617684 -0.6342356479665228
-0.0947061680427392 -0.2466118640302155 -0.10887866202716354 -0.1540436456996149 -0.29160739687055476 -0.20004706989879972 -0.05796743956586087 -0.11698066740549193 -0.059493016037247805 -0.10336639195418354 -0.2175592173017508 -0.1987562492378978 -0.12097257156545693 -0.24032536356913975 -0.28866759107525525 -0.20471081514366754 -0.09843043362596435 -0.23366899044668216 -0.13138686131386862 -0.24950939164564062 -0.17979235249430234 -0.10441962117532784 -0.08318687756297598 -0.10630758327427356 -0.2489110143123833 -0.07690368129097327 -0.13720316622691292 -0.021664330317318722 -0.06002400960384154 -0.0982516977315417 -0.18782966679531715 -0.19348749410099103 -0.15888072089162913 -0.2352370558991148 -0.3762135922330097 -0.3017902813299233 -0.1893634165995165 -0.2259370510643855 -0.18231665524331736 -0.29855158143659477 -0.27969396713909445 -0.18573046432616083 -0.21957913998170175 -0.22286125089863407 -0.43304705455425185 -0.15719022473289943 -0.16996448503297817 -0.10549337450147948 -0.16236358796912428 -0.1626865671641791 -0.14447627350853154 -0.048922539312754795 -0.05860475600135241 -0.08330400093863662 -0.22035676810073448 -0.12225818051060766 -0.0186799501867995 -0.0038109756097560988 -0.014494663328501783 -0.06064024820194612 -0.19086735926552306 -0.1936537564162389 -0.14707598926111826 -0.2261904761904762 -0.509623532260017 -0.3278089203022179 -0.24984615384615383 -0.24203507038775007 -0.15283842794759828 -0.24319469393395052 -0.24136178861788618 -0.2837885775097552 -0.22279853825297655 -0.29623308545654026 -0.5121065375302664 -0.40742526518804245 -0.2772942054215369 -0.23794692911423945 -0.2428198433420365 -0.2509706045479756 -0.5200246457178065 -0.6389957023297896 -0.5591252395445834 -1.0329934013197362 -3.3294241820100856 -1.588862559241706 -0.7072691552062869 -0.729321446260525 -0.6257917405624525 -0.6368510527004055
-0.10684798445847499 -0.24327927127305043 -0.10551128072735436 -0.13887268059283464 -0.29871977240398295 -0.1929865850788421 -0.06783423778983719 -0.11944341829823912 -0.06337299534402485 -0.10336639195418354 -0.21627188465499486 -0.18168516034629922 -0.12217031979877828 -0.2464875523786049 -0.28110424807765033 -0.19854482673572574 -0.08911944666134611 -0.21430415698424993 -0.12076974120769743 -0.2396972245584525 -0.17852620916687767 -0.09592034968431279 -0.07967193907439954 -0.09922041105598865 -0.24393279402613563 -0.06429652042360061 -0.12269129287598945 -0.0012743723716069813 -0.038682139522475664 -0.07657852911428985 -0.19168918049659078 -0.1887682869277961 -0.15413801280531184 -0.22796168303625564 -0.3786407766990291 -0.29411764705882354 -0.182648401826484 -0.2311610291236777 -0.17272104180945852 -0.3044634939402896 -0.2759312680295999 -0.1812004530011325 -0.21957913998170175 -0.2288521447399952 -0.4354663118422645 -0.15596217610217367 -0.167427701674277 -0.10163386080020584 -0.16768698429598083 -0.16417910447761191 -0.14821272885789014 -0.0430984274898078 -0.059731770539839954 -0.0715710430599554 -0.2203567681007345 -0.11147069399496583 -0.0224159402241594 0.011432926829268294 -0.015812359994729214 -0.047948103229445774 -0.18965933800434887 -0.1901539897340177 -0.1517450682852807 -0.21666666666666665 -0.5193075898801597 -0.31562271508652207 -0.2584615384615384 -0.24203507038775007 -0.165681993321346 -0.24181290590023488 -0.2515243902439025 -0.2802412202908832 -0.22161971000825176 -0.29989028404242346 -0.5157384987893462 -0.40863066538090653 -0.2772942054215369 -0.2329637473526847 -0.24151436031331586 -0.24819744869661675 -0.5212569316081331 -0.6242931463469803 -0.5557434336602413 -1.035392921415717 -3.345842617567726 -1.5876777251184833 -0.718320235756385 -0.7119861317483902 -0.6308588801621485 -0.6237740290309925
-0.12141816415735796 -0.2321706287491668 -0.11449096419351217 -0.12836970474967907 -0.31057373162636315 -0.1929865850788421 -0.07030093734583127 -0.11574929195911832 -0.059493016037247805 -0.10057270568515156 -0.23171987641606595 -0.15973661748567247 -0.12696131273206374 -0.21814148385506532 -0.28740703390898775 -0.18004686151190036 -0.0997605746209098 -0.2013942680092951 -0.12740544127405443 -0.22427810485001404 -0.188655355786275 -0.08377853326857698 -0.08787346221441125 -0.0838648712497047 -0.26882389545737395 -0.056732223903177004 -0.14116094986807387 0.01019497897285587 -0.060024009603841556 -0.06068487212830516 -0.20584073073459414 -0.18168947616800377 -0.16006639791320842 -0.2231114344610161 -0.3919902912621359 -0.2877237851662404 -0.19607843137254902 -0.22332506203473942 -0.17957505140507196 -0.28968371268105236 -0.2759312680295999 -0.17553793884484709 -0.21271729185727356 -0.21327582075245627 -0.43546631184226436 -0.1498219329485448 -0.16869609335362762 -0.09005531969638492 -0.16768698429598083 -0.14776119402985075 -0.16938597583758871 -0.018637157833430402 -0.06423982869379015 -0.03519887363604364 -0.24250903579340094 -0.08270406328658755 -0.04109589041095891 0.04065040650406505 -0.034260113321913296 -0.002820476660555632 -0.19449142304904568 -0.18432104526364906 -0.154079607797362 -0.2107142857142857 -0.5205180970826776 -0.3046551303923958 -0.2670769230769231 -0.22227710545813784 -0.177241202157719 -0.22108608539450048 -0.26930894308943093 -0.2613219817902329 -0.22161971000825176 -0.2694136291600634 -0.5278450363196125 -0.389344262295082 -0.2822680925142999 -0.21303102030646567 -0.2428198433420365 -0.21907931225734883 -0.5224892174984597 -0.6107215562090026 -0.5534888964040131 -1.01499700059988 -3.3587428169344435 -1.575829383886256 -0.7220039292730844 -0.6958890539871223 -0.6422599442614645 -0.6106970053615797
-0.13477416221466731 -0.22883803599200178 -0.1245931080929397 -0.1260357101178667 -0.32124229492650547 -0.1929865850788421 -0.07646768623581648 -0.11328654106637112 -0.06466632177961718 -0.09219164687805557 -0.22785787847579816 -0.15607852700890135 -0.1221703197987783 -0.20951441952181415 -0.2836253624101853 -0.16524848933284006 -0.10641127959563715 -0.18977536793183578 -0.13271400132714 -0.21306419960751333 -0.18359078247657637 -0.061923263720252544 -0.08318687756297598 -0.06142215922513583 -0.283758556316117 -0.037821482602118005 -0.15699208443271767 0.019115585574104754 -0.0693610777644391 -0.04479121514232048 -0.20326772160041168 -0.1781500707881076 -0.1624377519563671 -0.22917424518006543 -0.38956310679611655 -0.28388746803069054 -0.1893634165995165 -0.22201906751991643 -0.18779986291980807 -0.29559562518474725 -0.2771855010660981 -0.15855039637599094 -0.21386093321134494 -0.1953031392283729 -0.44151445506229586 -0.1277170575954808 -0.1750380517503805 -0.06689823748874309 -0.17167953154112323 -0.12089552238805971 -0.16814049072113588 -0.015142690739662198 -0.06536684323227769 -0.02815909890883491 -0.24833857992304997 -0.07790962483519118 -0.038605230386052306 0.041920731707317076 -0.03294241665568586 0.008461429981666903 -0.1872432954820005 -0.18315445636957534 -0.1494105287731995 -0.21547619047619046 -0.5168865754751241 -0.31074823300024373 -0.25846153846153846 -0.23462583353914543 -0.17595684562034425 -0.22523144949564738 -0.27184959349593496 -0.2554097197587797 -0.22044088176352705 -0.262099231988297 -0.5326876513317191 -0.37246865959498554 -0.2909723949266352 -0.19932727046219012 -0.24543080939947778 -0.20105379922351635 -0.5138632162661738 -0.5960190002261933 -0.5478525532634426 -0.9922015596880625 -3.364606543919315 -1.569905213270142 -0.7170923379174854 -0.6884596334819217 -0.6409931593615404 -0.6002353864260495
-0.13720252549781448 -0.22883803599200178 -0.11673588506005164 -0.12136772085424205 -0.31650071123755336 -0.1871028477288774 -0.07523433645781943 -0.10466691294175594 -0.06337299534402482 -0.08381058807095963 -0.22142121524201858 -0.1572978905011584 -0.1137860821655288 -0.22060635937885137 -0.27480146224631286 -0.17511407078554694 -0.10774142059058259 -0.2026852569067906 -0.139349701393497 -0.21586767591813846 -0.181058495821727 -0.05099562894609033 -0.08553016988869362 -0.05551618237656508 -0.283758556316117 -0.03151790216843168 -0.15171503957783639 0.01911558557410475 -0.06269174336401227 -0.03901170351105331 -0.20712723530168536 -0.17461066540821144 -0.16243775195636706 -0.21947374802958647 -0.39077669902912626 -0.2774936061381074 -0.1866774106903035 -0.2154890949458012 -0.1973954763536669 -0.3000295595625185 -0.27969396713909445 -0.15515288788221973 -0.22301006404391582 -0.20369039060627844 -0.44877222692633356 -0.13631339801056125 -0.18391679350583462 -0.07719027402547278 -0.17966462603140804 -0.13134328358208955 -0.1681404907211359 -0.016307513104251607 -0.0631128141553026 -0.03519887363604364 -0.2506703975749096 -0.0791082344480403 -0.034869240348692404 0.03556910569105692 -0.023718539992093828 0.008461429981666902 -0.1824112104373037 -0.16565562295846942 -0.1435741799929964 -0.19761904761904764 -0.5108340394625348 -0.29978064830611745 -0.24861538461538468 -0.23215608792294393 -0.1669663498587208 -0.21832250932706923 -0.2705792682926829 -0.25777462457136097 -0.22869267947660027 -0.26088016579300255 -0.5447941888619855 -0.37246865959498554 -0.2959462820193982 -0.1993272704621901 -0.2558746736292428 -0.20521353300055462 -0.5138632162661738 -0.5994118977606877 -0.5467252846353285 -1.0041991601679665 -3.3739885070951097 -1.5770142180094786 -0.7146365422396858 -0.7020802377414561 -0.6321256650620726 -0.602850791159932
-0.13355998057309373 -0.2366140857587203 -0.11224604332697272 -0.12370171548605438 -0.31650071123755336 -0.18592610025888442 -0.07646768623581648 -0.10343553749538234 -0.06337299534402482 -0.08241374493644364 -0.22013388259526262 -0.16461407145470064 -0.11258833393220746 -0.21814148385506532 -0.27858313374511534 -0.17264767542237022 -0.11173184357541899 -0.1962303124193132 -0.14200398142003978 -0.20885898514157555 -0.18105849582172703 -0.048567265662943185 -0.0902167545401289 -0.047247814788566024 -0.28002489110143125 -0.03908219868885528 -0.14907651715039577 0.0012743723716069828 -0.05468854208350007 -0.05201560468140441 -0.21355975813714143 -0.18640868334119867 -0.15888072089162913 -0.23159936946768522 -0.3932038834951457 -0.2813299232736573 -0.185334407735697 -0.22071307300509338 -0.20562028786840303 -0.30446349394028965 -0.27969396713909445 -0.1506228765571914 -0.21614821591948763 -0.2108794632159118 -0.4390951977742833 -0.1436816897949159 -0.18011161846778284 -0.08490930142802007 -0.1783337769496939 -0.13880597014925372 -0.17561340141985304 -0.0069889341875364 -0.06649385777076525 -0.024639211545230546 -0.25300221522676924 -0.0743137959966439 -0.0323785803237858 0.038109756097560975 -0.01185926999604691 0.015512621633055987 -0.17999516791495532 -0.17265515632291178 -0.144741449749037 -0.1928571428571429 -0.5156760682726063 -0.2997806483061175 -0.24369230769230774 -0.24573968881205235 -0.16953506293347037 -0.24043111786651933 -0.26803861788617883 -0.25895707697765163 -0.2275138512318755 -0.2633182981835914 -0.549636803874092 -0.3712632594021215 -0.30092016911216113 -0.19434408870063535 -0.25718015665796345 -0.20521353300055462 -0.5237215033887861 -0.5948880343813616 -0.5523616277758989 -0.9922015596880623 -3.388061451858801 -1.5675355450236967 -0.7121807465618861 -0.692174343734522 -0.6257917405624525 -0.6002353864260493
-0.13355998057309373 -0.24105754276827374 -0.10102143899427544 -0.12020072353833584 -0.3070175438596491 -0.18239585784890563 -0.061667488899852 -0.10466691294175594 -0.047853078116916706 -0.08939796060902361 -0.22399588053553038 -0.16461407145470064 -0.11139058569888612 -0.21074685728370718 -0.29118870540779024 -0.15784930324330992 -0.11971268954509177 -0.17815646785437644 -0.14863968148639678 -0.19764507989907484 -0.18359078247657634 -0.04371053909664886 -0.0984182776801406 -0.04016064257028113 -0.29122588674548855 -0.03277861825516894 -0.13984168865435356 -0.0050974894864279354 -0.06002400960384154 -0.05346048258922122 -0.20841373986877657 -0.1875884851344974 -0.15413801280531184 -0.22311143446101617 -0.38956310679611655 -0.28005115089514065 -0.17727639000805803 -0.2337730181533238 -0.20973269362577107 -0.3177652970736033 -0.2746770349931017 -0.14835787089467725 -0.2115736505032022 -0.20369039060627844 -0.44151445506229586 -0.1252609603340292 -0.17757483510908167 -0.05660620095201337 -0.17567207878626565 -0.11791044776119401 -0.17810437165275878 0.0 -0.07889101769412825 -0.018772732605889943 -0.2564999417045587 -0.06472491909385114 -0.0186799501867995 0.036839430894308946 -0.0026353933324548677 0.022563813284445074 -0.18241121043730368 -0.18082127858142788 -0.14007237072487452 -0.1880952380952381 -0.5096235322600169 -0.2936875456982696 -0.22769230769230772 -0.24573968881205238 -0.1566914975597226 -0.2321403896642255 -0.2553353658536585 -0.2625044341965236 -0.22633502298715075 -0.2657564305741802 -0.5460048426150121 -0.3628254580520733 -0.28351156428749064 -0.1868693160583032 -0.2336814621409921 -0.20660011092623404 -0.5311152187307455 -0.5960190002261931 -0.5444707473791005 -0.9814037192561488 -3.4126891051952617 -1.5592417061611372 -0.7232318271119842 -0.6909361069836553 -0.6384595895616924 -0.5989276840591081
-0.129917435648373 -0.23994667851588533 -0.08306207206195981 -0.11669973159061733 -0.29990516832622094 -0.17886561543892682 -0.04440059200789343 -0.09358453392439355 -0.027159855147439217 -0.07542952926386366 -0.23043254376931 -0.17314961590049993 -0.11139058569888609 -0.21444417056938625 -0.2962309340728602 -0.161548896288075 -0.11971268954509177 -0.17815646785437644 -0.14996682149966822 -0.20325203252032523 -0.20005064573309697 -0.04856726566294318 -0.1124780316344464 -0.04724781478856603 -0.30491599253266954 -0.035300050428643474 -0.14907651715039577 -0.002548744743213967 -0.056022408963585436 -0.049125848865770844 -0.20198121703332048 -0.18758848513449738 -0.1470239506758359 -0.21341093731053715 -0.3919902912621359 -0.27621483375959077 -0.171904378189632 -0.22071307300509338 -0.19876627827278961 -0.2985515814365947 -0.2721685689201053 -0.15175537938844846 -0.179551692589204 -0.20249221183800623 -0.42578928269021404 -0.12034876581112612 -0.1686960933536276 -0.04374115528110124 -0.15704019164226776 -0.09701492537313433 -0.18059534188566445 0.0023296447291788007 -0.07100191592471543 -0.015252845242285585 -0.25300221522676924 -0.05513604219105837 -0.0186799501867995 0.03810975609756098 0.014494663328501778 0.019743336623889437 -0.18361923169847788 -0.1854876341577228 -0.13657056145675267 -0.18690476190476193 -0.5023604890449098 -0.29003168413356084 -0.2116923076923077 -0.23956532477154852 -0.1284356537374775 -0.21141356915849113 -0.2502540650406504 -0.26132198179023297 -0.2086525993162796 -0.27063269535535783 -0.5351089588377724 -0.3664416586306654 -0.2661029594628202 -0.18437772517752585 -0.21279373368146218 -0.20798668885191346 -0.5483672211953173 -0.5813164442433838 -0.5489798218915568 -0.973005398920216 -3.4349712677377737 -1.5545023696682463 -0.7269155206286836 -0.6797919762258543 -0.6283253103623003 -0.593696874591343
-0.13720252549781445 -0.2455009997778271 -0.09989897856100571 -0.12953670206558526 -0.31887150308202933 -0.18357260531889857 -0.05426739023186976 -0.10097278660263513 -0.036213140196585614 -0.07822321553289566 -0.24073120494335734 -0.1780270698695281 -0.1221703197987783 -0.22060635937885137 -0.32270263456447756 -0.1701812800591935 -0.1330140994945464 -0.18848437903434032 -0.16323822163238225 -0.21026072329688814 -0.19751835907824764 -0.03278290432248665 -0.11130638547158758 -0.03897944720056697 -0.3148724331051649 -0.02521432173474534 -0.15435356200527703 0.015292468459283804 -0.05468854208350007 -0.037566825603236535 -0.21227325357005017 -0.1875884851344974 -0.16955181408584302 -0.21947374802958652 -0.41383495145631066 -0.2736572890025576 -0.18667741069030352 -0.20765312785686302 -0.20150788211103493 -0.2896837126810523 -0.28721936535808357 -0.14496036240090598 -0.19098810612991762 -0.1965013179966451 -0.45119148421434624 -0.11298047402677144 -0.1991374936580416 -0.042454650714010035 -0.17567207878626562 -0.09253731343283582 -0.18059534188566445 0.011648223645894 -0.07550997407866562 -0.003519887363604364 -0.27282266526757604 -0.04794438451396381 -0.0361145703611457 0.04319105691056911 -0.00527078666490974 0.019743336623889437 -0.18965933800434887 -0.18432104526364906 -0.13773783121279326 -0.1904761904761905 -0.5108340394625348 -0.27906409943943455 -0.22892307692307695 -0.22845146949864162 -0.1348574364243514 -0.20312284095619731 -0.2578760162601626 -0.26959914863426754 -0.2216197100082518 -0.28891868828477385 -0.559322033898305 -0.3845226615236258 -0.2909723949266352 -0.20306465678335614 -0.22584856396866843 -0.22739877981142542 -0.5520640788662969 -0.5790545125537208 -0.5625070454289257 -0.9694061187762447 -3.46898088425003 -1.552132701421801 -0.7330550098231826 -0.6674096087171867 -0.6333924499619965 -0.5871583627566366
-0.13477416221466731 -0.25216618529215734 -0.10214389942754518 -0.12136772085424204 -0.3165007112375533 -0.18945634266886327 -0.05673408978786384 -0.11328654106637112 -0.03362648732540093 -0.09638217628160357 -0.22785787847579816 -0.18534325082307035 -0.11139058569888609 -0.2316982992358886 -0.3252237488970125 -0.1726476754223702 -0.12503325352487363 -0.1949393235218177 -0.1579296615792966 -0.21726941407345107 -0.20131678906052164 -0.04006799417192812 -0.11482132396016405 -0.05669737774627923 -0.32358431860609826 -0.02521432173474534 -0.15699208443271767 0.02548744743213967 -0.056022408963585436 -0.024562924432885425 -0.21098674900295897 -0.18758848513449738 -0.17666587621531893 -0.21219837516672727 -0.4247572815533981 -0.26470588235294124 -0.19607843137254902 -0.20112315528274785 -0.2069910897875257 -0.28377180017735737 -0.28847359839458175 -0.14269535673839182 -0.19213174748398903 -0.18571770908219506 -0.45482037014636506 -0.10315608498096525 -0.20294266869609334 -0.029589605043097898 -0.1783337769496939 -0.08358208955223881 -0.18433179723502305 0.0023296447291788007 -0.0800180322326158 -0.01759943681802182 -0.285647662352804 -0.05753326141675656 -0.0485678704856787 0.03683943089430894 -0.021083146659638955 0.019743336623889447 -0.1787871466537811 -0.18898740083994398 -0.14824325901715887 -0.1845238095238095 -0.5108340394625348 -0.277845478917865 -0.22030769230769232 -0.22474685107433934 -0.1297200102748523 -0.19345032472018792 -0.25152439024390244 -0.27787631547830205 -0.21454674053990336 -0.2913568206753626 -0.5532687651331718 -0.389344262295082 -0.2835115642874907 -0.2105394294256883 -0.22845953002610964 -0.2329450915141431 -0.5508317929759704 -0.5982809319158562 -0.5625070454289258 -0.9958008398320336 -3.4783628474258244 -1.5675355450236965 -0.7220039292730844 -0.6797919762258544 -0.6321256650620725 -0.593696874591343
-0.1250607090820787 -0.25216618529215734 -0.10663374116062407 -0.14120667522464697 -0.3082029397818872 -0.19651682748882088 -0.05673408978786384 -0.11082379017362394 -0.0387997930677703 -0.09498533314708758 -0.2188465499485067 -0.18046579685404218 -0.10779734099892205 -0.23293073699778163 -0.33404764906088497 -0.16771488469601675 -0.12503325352487366 -0.18719339013684486 -0.16323822163238222 -0.20605550883095036 -0.196252215750823 -0.0412821758135017 -0.11482132396016405 -0.06496574533427829 -0.32358431860609826 -0.03530005042864347 -0.16490765171503957 0.024213075060532684 -0.08003201280512207 -0.03467706978760295 -0.19940820789913802 -0.17815007078810757 -0.18140858430163626 -0.224323996604826 -0.4223300970873787 -0.2634271099744246 -0.20010744023636856 -0.19198119367898656 -0.2083618917066484 -0.2793378657995862 -0.2822024332120908 -0.13023782559456398 -0.1864135407136322 -0.17253774263120059 -0.4524011128583525 -0.09333169593515904 -0.19660071029934045 -0.023157082207641837 -0.17966462603140804 -0.07761194029850746 -0.1731224311869473 0.008153756552125802 -0.07438295954017808 -0.007039774727208728 -0.2763203917453655 -0.05393743257820928 -0.0448318804483188 0.04573170731707318 -0.034260113321913296 0.02961500493583416 -0.1739550616090843 -0.18082127858142788 -0.15291233804132137 -0.18928571428571428 -0.5120445466650526 -0.2693151352668779 -0.22276923076923077 -0.2111632501852309 -0.13871050603647575 -0.18515959651789413 -0.24771341463414628 -0.2755114106657207 -0.21690439702935285 -0.30232841643301234 -0.5556900726392252 -0.40139826422372227 -0.28475503606068137 -0.21925999750840913 -0.23107049608355087 -0.23710482529118132 -0.5434380776340111 -0.5869712734675413 -0.5625070454289258 -0.9886022795440914 -3.4795355928227982 -1.5675355450236967 -0.7195481335952849 -0.6723625557206538 -0.6435267291613883 -0.5884660651235778
-0.12141816415735793 -0.2510553210397689 -0.11673588506005164 -0.16104562959505192 -0.32242769084874345 -0.2035773123087785 -0.07030093734583127 -0.10466691294175594 -0.059493016037247805 -0.08939796060902361 -0.22013388259526265 -0.20363370320692598 -0.10659959276560067 -0.23416317475967463 -0.34539266355729237 -0.18004686151190033 -0.13434424048949187 -0.20914020139426803 -0.17518248175182483 -0.22427810485001398 -0.1987845024056723 -0.047353084021369604 -0.11599297012302286 -0.0696905268131349 -0.34100808960796514 -0.03656076651538074 -0.18865435356200527 0.02548744743213967 -0.1147125516873416 -0.036121947695419744 -0.19683519876495562 -0.18522888154789993 -0.18615129238795353 -0.2364496180429247 -0.42718446601941745 -0.2698209718670077 -0.2135374697824335 -0.19589917722345568 -0.22206991089787526 -0.2763819095477387 -0.27843973410259626 -0.1370328425821065 -0.1806953339432754 -0.1629523124850228 -0.446352969638321 -0.09824389045806217 -0.19533231861998984 -0.03216261417728033 -0.17301038062283738 -0.07910447761194028 -0.1706314609540416 0.0023296447291788007 -0.07438295954017808 -0.030505690484571156 -0.27981811822315494 -0.0731151863837948 -0.0485678704856787 0.04065040650406504 -0.04348398998550534 0.02397405161472289 -0.17274704034791014 -0.19482034531031261 -0.14357417999299638 -0.2130952380952381 -0.5120445466650525 -0.2900316841335608 -0.22030769230769232 -0.21610274141763397 -0.13357307988697664 -0.1865413845516098 -0.2426321138211382 -0.28851838713491784 -0.2121890840504539 -0.2986712178471291 -0.5508474576271186 -0.40863066538090653 -0.2797811489679184 -0.22175158838918646 -0.22976501305483027 -0.2357182473655019 -0.5459026494146642 -0.6107215562090025 -0.5591252395445834 -1.0077984403119378 -3.5018177553653103 -1.5924170616113744 -0.7256876227897839 -0.6896978702327885 -0.6549277932607043 -0.6054661958938146
-0.11170471102476931 -0.26105309931126414 -0.09653159726119655 -0.17154860543820746 -0.30464675201517305 -0.21063779712873615 -0.05673408978786385 -0.10836103928087673 -0.041386445938955 -0.10616007822321552 -0.20339855818743563 -0.2158273381294964 -0.10180859983231523 -0.2551146167118561 -0.33152653472835 -0.19854482673572574 -0.1263633945198191 -0.2220500903692228 -0.17385534173855344 -0.23829548640313986 -0.18738921245885035 -0.05220981058766392 -0.10779144698301113 -0.07441530829199149 -0.32980709396390795 -0.04286434694906707 -0.17414248021108178 0.016566840830890786 -0.09737228224623183 -0.054905360497038 -0.18911617136240835 -0.19466729589428974 -0.17666587621531896 -0.2473626773372135 -0.4247572815533981 -0.2774936061381074 -0.20413644910018802 -0.20634713334203997 -0.21384509938313917 -0.28968371268105236 -0.2709143358836072 -0.1517553793884485 -0.17383348581884722 -0.17852863647256173 -0.43546631184226436 -0.10929632813459415 -0.19279553526128868 -0.04760066898237488 -0.1703486824594091 -0.09701492537313432 -0.16564952048823017 -0.008153756552125802 -0.07212893046320297 -0.056318197817669835 -0.27515448291943573 -0.09469015941507851 -0.038605230386052306 0.02667682926829268 -0.03294241665568586 -0.011281906642222535 -0.16187484899734234 -0.20065328978068125 -0.12606513365238708 -0.2166666666666667 -0.5011499818423919 -0.2997806483061175 -0.2043076923076923 -0.2358607063472462 -0.11045466221423068 -0.21417714522592232 -0.22865853658536586 -0.29561310157266163 -0.19804314511375692 -0.3181762769718396 -0.536319612590799 -0.4206846673095468 -0.26734643123601093 -0.22798056559112992 -0.21932114882506532 -0.2551303383250138 -0.5397412199630314 -0.6310789414159693 -0.5546161650321271 -1.0401919616076785 -3.5147179547320277 -1.6172985781990523 -0.7269155206286838 -0.7057949479940565 -0.6511274385609325 -0.6237740290309925
-0.11049052938319573 -0.26882914907798267 -0.0909192950948479 -0.1785505893336445 -0.29990516832622094 -0.2118145445987291 -0.05920078934385792 -0.10343553749538233 -0.04267977237454733 -0.11733482329934346 -0.22142121524201858 -0.2219241555907816 -0.12696131273206374 -0.2600443677594282 -0.3416109920584899 -0.19854482673572577 -0.1343442404894919 -0.22463206816421377 -0.18049104180491043 -0.23829548640313986 -0.19245378576854902 -0.07527926177756192 -0.11716461628588166 -0.09803921568627451 -0.33727442439327937 -0.06177508825012608 -0.17941952506596306 0.01019497897285587 -0.10270774976657329 -0.06212975003612196 -0.20326772160041168 -0.1958470976875885 -0.18496561536637424 -0.2473626773372135 -0.43203883495145634 -0.28260869565217395 -0.21353746978243354 -0.20504113882721695 -0.20973269362577107 -0.2882057345551286 -0.27843973410259626 -0.16874292185730463 -0.1829826166514181 -0.19410496046010067 -0.43183742591024554 -0.12034876581112615 -0.18772196854388634 -0.06432522835456066 -0.16369443705083842 -0.11194029850746268 -0.1619130651388716 -0.024461269656377405 -0.06762087230925277 -0.08330400093863663 -0.27049084761571646 -0.10787486515641856 -0.0448318804483188 0.025406504065040646 -0.039530899986823034 -0.019743336623889433 -0.16187484899734234 -0.20415305646290244 -0.12839967316446832 -0.21666666666666665 -0.5035709962474276 -0.30709237143553497 -0.21415384615384614 -0.2383304519634478 -0.11687644490110456 -0.22384966146193172 -0.2261178861788618 -0.30862007804185876 -0.20393728633738065 -0.33768133609655004 -0.5375302663438257 -0.4363548698167792 -0.26610295946282025 -0.23919272455462814 -0.2245430809399478 -0.27176927343316704 -0.5508317929759704 -0.6469124632436101 -0.5692706571976102 -1.0641871625674866 -3.544036589656386 -1.6338862559241707 -0.744106090373281 -0.7095096582466568 -0.6650620724600962 -0.6381587550673468
-0.10320543953375425 -0.2832703843590313 -0.08193961162869008 -0.19372155444042477 -0.29990516832622094 -0.21652153447870087 -0.05056734089787864 -0.10589828838812954 -0.033626487325400925 -0.1271127252409554 -0.21884654994850675 -0.23533715400560906 -0.13295005389867048 -0.26743899433078633 -0.35799823521996726 -0.19977802441731413 -0.13966480446927373 -0.21301316808675447 -0.17518248175182485 -0.22848331931595176 -0.19751835907824764 -0.09470616804273921 -0.10896309314586997 -0.10158280179541694 -0.3397635345364033 -0.07564296520423601 -0.18337730870712401 0.006371861858034915 -0.10804321728691477 -0.0693541395752059 -0.19426218963077319 -0.21354412458706937 -0.17666587621531898 -0.2704013580696011 -0.42718446601941745 -0.2966751918158568 -0.21085146387322048 -0.20895912237168607 -0.20424948594928033 -0.2882057345551286 -0.2759312680295999 -0.18799546998867495 -0.17497712717291858 -0.20608674814282288 -0.43183742591024554 -0.1277170575954808 -0.19660071029934043 -0.06947124662292552 -0.15570934256055363 -0.11492537313432835 -0.16315855025532447 -0.03610949330227141 -0.07325594500169051 -0.09973014196879033 -0.2833158447009444 -0.12225818051060769 -0.05728518057285181 0.025406504065040657 -0.05402556331532482 -0.023974051614722887 -0.15462672143029715 -0.22865142323845072 -0.12022878487218398 -0.24047619047619045 -0.5072025178549813 -0.32293443821593953 -0.21907692307692309 -0.24820943442825388 -0.11559208836372978 -0.23766754179908803 -0.2324695121951219 -0.3204446021047652 -0.20157962984793115 -0.3535291966353773 -0.5411622276029056 -0.4459980713596914 -0.2710768465555832 -0.24542170175657158 -0.2206266318537859 -0.271769273433167 -0.5569932224276032 -0.6627459850712509 -0.5737797317100666 -1.0701859628074388 -3.5721824791837697 -1.6433649289099523 -0.7527013752455797 -0.7008420009905894 -0.6713959969597163 -0.6368510527004054
-0.10927634774162213 -0.28438124861141967 -0.08979683466157817 -0.19372155444042477 -0.302275960170697 -0.21887502941868675 -0.05426739023186977 -0.11328654106637112 -0.0387997930677703 -0.13270009777901942 -0.22270854788877442 -0.23167906352883794 -0.1389387950652773 -0.27483362090214447 -0.3605193495525022 -0.20471081514366754 -0.13833466347432827 -0.21946811257423185 -0.17120106171201063 -0.23409027193720214 -0.19625221575082297 -0.09592034968431278 -0.10427650849443468 -0.11339475549255847 -0.3372744243932794 -0.06555723651033787 -0.18469656992084432 0.012743723716069837 -0.1147125516873416 -0.060684872128305166 -0.18911617136240833 -0.21354412458706942 -0.1778515532368983 -0.2704013580696011 -0.4211165048543689 -0.30179028132992325 -0.20413644910018808 -0.22201906751991643 -0.17957505140507196 -0.2955956251847473 -0.2746770349931017 -0.19932049830124574 -0.17383348581884722 -0.21087946321591183 -0.4403048264182895 -0.13508534937983546 -0.20040588533739218 -0.07590376945838159 -0.16502528613255257 -0.12089552238805971 -0.15194918420724873 -0.0477577169481654 -0.06649385777076525 -0.10911650827173532 -0.27398857409350585 -0.1270526189620041 -0.049813200498131996 0.022865853658536578 -0.05929634998023455 -0.03525595825694542 -0.15100265764677456 -0.2356509566028931 -0.11205789657989962 -0.2523809523809524 -0.5035709962474277 -0.33633926395320496 -0.2166153846153846 -0.25438379846875775 -0.11173901875160545 -0.23352217769794112 -0.23755081300813008 -0.3239919593236372 -0.20275845809265589 -0.3596245276118493 -0.5399515738498788 -0.4592574734811957 -0.2748072618751555 -0.2603712470412359 -0.22976501305483027 -0.2828618968386024 -0.5520640788662969 -0.6717937118299027 -0.5726524630819524 -1.0893821235752852 -3.582737187756538 -1.6623222748815167 -0.7465618860510805 -0.7181773155027241 -0.6663288573600203 -0.6512357787367595
-0.11898980087421078 -0.28549211286380805 -0.10438882029408462 -0.18088458396545687 -0.3224276908487435 -0.21652153447870087 -0.07646768623581648 -0.11451791651274472 -0.06725297465080186 -0.13549378404805137 -0.2175592173017508 -0.22314351908303864 -0.13414780213199184 -0.2723687453783584 -0.34665322072355986 -0.21334319891478604 -0.13966480446927376 -0.22850503485670023 -0.16456536164565358 -0.22708158116063917 -0.19118764244112432 -0.10320543953375425 -0.10076157000585824 -0.11457595086227261 -0.34847542003733667 -0.06933938477054968 -0.21240105540897097 0.016566840830890783 -0.13872215552887823 -0.060684872128305166 -0.19168918049659076 -0.21118452100047197 -0.18615129238795353 -0.25948829877531226 -0.42354368932038833 -0.2915601023017903 -0.217566478646253 -0.2141831004309782 -0.17546264564770392 -0.2822938220514336 -0.2734228019566035 -0.2015855039637599 -0.17383348581884722 -0.2144739995207285 -0.44756259828232736 -0.14368168979491588 -0.2067478437341451 -0.08104978772674644 -0.17966462603140804 -0.12238805970149255 -0.14696724374143727 -0.0629004076878276 -0.05973177053983998 -0.12319605772615275 -0.2786522093972251 -0.13184705741340047 -0.06849315068493149 0.02667682926829268 -0.08037949663987351 -0.04653786489916796 -0.15583474269147132 -0.2356509566028931 -0.110890626823859 -0.25357142857142856 -0.5193075898801598 -0.33877650499634415 -0.24 -0.26055816250926156 -0.1310043668122271 -0.22937681359679424 -0.24771341463414634 -0.3251744117299279 -0.20511611458210535 -0.3596245276118494 -0.5472154963680387 -0.4616682738669239 -0.2947028102462074 -0.2603712470412359 -0.2558746736292428 -0.28008874098724346 -0.5471349353049908 -0.6751866093643972 -0.5737797317100666 -1.0929814037192562 -3.5944646417262818 -1.6789099526066351 -0.7527013752455796 -0.7330361565131254 -0.6701292120597924 -0.6630051000392311
-0.12263234579893152 -0.2954898911353033 -0.11336850376024243 -0.19138755980861244 -0.32835467045993366 -0.22828900917863026 -0.08386778490379873 -0.12436892008373353 -0.0775995861355406 -0.14527168598966334 -0.21627188465499483 -0.23167906352883794 -0.12336806803209963 -0.2834606852353957 -0.3378293205596874 -0.2207423850043162 -0.14764565043894654 -0.22721404595920475 -0.1552753815527538 -0.21586767591813846 -0.18738921245885035 -0.10563380281690142 -0.10779144698301113 -0.11693834160170091 -0.3671437461107655 -0.06303580433686334 -0.23087071240105544 0.021664330317318715 -0.1640656262505002 -0.054905360497038 -0.19426218963077319 -0.219443133553563 -0.19563670856058812 -0.2691887959257912 -0.42354368932038833 -0.30051150895140666 -0.22428149341928552 -0.22593705106438552 -0.17135023989033585 -0.28377180017735737 -0.2746770349931017 -0.20498301245753114 -0.1806953339432754 -0.2192667145938174 -0.46086851336639645 -0.14490973842564167 -0.21816336884830032 -0.0771902740254728 -0.20095821133883418 -0.12686567164179105 -0.1731224311869473 -0.07105416423995341 -0.06423982869379016 -0.1325824240290977 -0.2926431153083829 -0.1438331535418914 -0.08343711083437111 0.022865853658536585 -0.10936882329687707 -0.052178818220279234 -0.16066682773616814 -0.23915072328511428 -0.12022878487218396 -0.26309523809523805 -0.5229391114877133 -0.34365098708262243 -0.24123076923076922 -0.2617930353173623 -0.13228872334960187 -0.23490396573165678 -0.2578760162601626 -0.3239919593236372 -0.20629494282683014 -0.3523101304400829 -0.549636803874092 -0.4532304725168757 -0.30465058443173343 -0.2528964743989037 -0.25979112271540467 -0.27315585135884635 -0.5619223659889094 -0.693282062881701 -0.6008341787848044 -1.1073785242951408 -3.628474258238536 -1.6966824644549763 -0.7858546168958742 -0.7355126300148589 -0.7081327590575122 -0.6643128024061724
-0.12748907236522583 -0.2899355698733615 -0.12683802895947918 -0.17621659470183218 -0.32835467045993366 -0.2212285243586726 -0.08510113468179577 -0.11451791651274475 -0.07501293326435592 -0.14108115658611536 -0.2317198764160659 -0.22558224606755273 -0.13893879506527726 -0.28346068523539564 -0.34665322072355986 -0.2207423850043162 -0.1675977653631285 -0.22463206816421383 -0.1579296615792966 -0.2144659377628259 -0.200050645733097 -0.11898980087421078 -0.11364967779730524 -0.13229388140798487 -0.36838830118232735 -0.07816439737771055 -0.23614775725593667 -1.3877787807814458e-18 -0.16940109377084173 -0.06646438375957232 -0.2135597581371414 -0.2147239263803681 -0.20393644771164338 -0.26070086091912215 -0.4308252427184466 -0.29923273657289 -0.23233951114692455 -0.22985503460885467 -0.17135023989033585 -0.27785988767366243 -0.27342280195660357 -0.21291053227633067 -0.17612076852698993 -0.23484303858135633 -0.4511914842143462 -0.159646321994351 -0.2118214104515474 -0.08104978772674643 -0.20228906042054834 -0.13432835820895522 -0.19305019305019305 -0.0850320326150262 -0.08227206130959089 -0.15956822715006452 -0.30080447708989155 -0.16061368812177873 -0.09090909090909091 0.008892276422764227 -0.11991039662669653 -0.06910167818361304 -0.16912297656438752 -0.24265048996733546 -0.1295669429205089 -0.255952380952381 -0.5289916475003027 -0.3485254691689008 -0.23384615384615387 -0.26426278093356387 -0.12715129720010276 -0.23904932983280364 -0.2629573170731707 -0.3109849828544401 -0.20511611458210535 -0.3389004022918445 -0.5435835351089587 -0.4399710703953713 -0.3021636408853519 -0.2391927245546281 -0.25848563968668403 -0.2565169162506932 -0.5828712261244609 -0.7000678579506899 -0.6222522827189718 -1.1241751649670066 -3.658965638559869 -1.7203791469194314 -0.8177799607072693 -0.7540861812778603 -0.7372688117557639 -0.681312933176409
-0.12748907236522586 -0.2843812486114197 -0.12683802895947918 -0.18321857859726923 -0.3224276908487435 -0.21652153447870087 -0.07770103601381352 -0.10959241472725034 -0.07242628039317124 -0.13968431345159937 -0.22785787847579814 -0.22558224606755273 -0.14133429153191995 -0.27483362090214447 -0.3327870918946174 -0.2195091873227278 -0.15695663740356477 -0.22850503485670023 -0.14333112143331123 -0.21306419960751333 -0.20511521904279567 -0.11413307430791646 -0.12302284710017575 -0.10394519253484527 -0.3721219663970131 -0.0718608169440242 -0.24010554089709762 -0.014018096087676818 -0.17073496065092705 -0.082358040745557 -0.20712723530168536 -0.21236432279377065 -0.20630780175480198 -0.2558506123438826 -0.42233009708737856 -0.30051150895140666 -0.22428149341928552 -0.2337730181533238 -0.1631254283755997 -0.27933786579958614 -0.26840586981061076 -0.21291053227633067 -0.17840805123513265 -0.2336448598130841 -0.4451433409943147 -0.1743829055630603 -0.20801623541349565 -0.1080663836356619 -0.20761245674740486 -0.15522388059701492 -0.19180470793374021 -0.07454863133372161 -0.08565310492505353 -0.14431538190777896 -0.2938090241343127 -0.15342203044468417 -0.08094645080946451 -0.0012703252032520318 -0.10805112663064964 -0.08461429981666903 -0.1727470403479101 -0.23798413439104055 -0.12606513365238708 -0.2571428571428572 -0.5229391114877135 -0.3497440896904704 -0.23384615384615387 -0.2692022721659669 -0.1297200102748523 -0.2556307862373912 -0.2629573170731707 -0.3027078160104056 -0.20629494282683009 -0.32427160794831167 -0.5399515738498789 -0.429122468659595 -0.3058940562049241 -0.23545533823346204 -0.2545691906005222 -0.24958402662229617 -0.5890326555760936 -0.6853653019678805 -0.6312704317438845 -1.0965806838632273 -3.6847660372933033 -1.7037914691943126 -0.825147347740668 -0.7441802872709263 -0.7360020268558399 -0.6734667189747613
-0.13598834385624092 -0.2932681626305266 -0.14704231675833426 -0.18438557591317542 -0.3413940256045519 -0.2294657566486232 -0.07770103601381351 -0.11821204285186553 -0.06725297465080185 -0.15225590166224334 -0.2381565396498455 -0.2365565174978661 -0.14133429153192 -0.2859255607591817 -0.32648430606327994 -0.23060796645702303 -0.15429635541367387 -0.2375419571391686 -0.13138686131386862 -0.22708158116063917 -0.21651050898961763 -0.11777561923263721 -0.12302284710017578 -0.09922041105598864 -0.3808338518979465 -0.06303580433686333 -0.24538258575197885 -0.011469351344462853 -0.16940109377084167 -0.08091316283774022 -0.21227325357005017 -0.22770174610665403 -0.20393644771164335 -0.2607008609191221 -0.424757281553398 -0.32225063938618925 -0.22293849046467903 -0.25858691393496147 -0.1644962302947224 -0.3074194501921371 -0.2771855010660981 -0.22423556058890148 -0.1852698993595608 -0.2504193625688953 -0.4427240837063021 -0.19403168365467274 -0.21308980213089795 -0.11707191560530039 -0.20894330582911896 -0.17164179104477612 -0.20176858886536309 -0.0850320326150262 -0.09016116307900371 -0.16308811451366886 -0.3054681123936108 -0.1714011746374206 -0.07970112079701121 -0.008892276422764227 -0.09355646330214785 -0.10435763644055847 -0.1763711041314327 -0.24148390107326173 -0.1330687521886308 -0.255952380952381 -0.5277811402977849 -0.3582744333414575 -0.22892307692307695 -0.2753766362064708 -0.12458258412535321 -0.2680668785408319 -0.27184959349593496 -0.3168972448858933 -0.2169043970293528 -0.33402413751066684 -0.543583535108959 -0.43273866923818716 -0.30465058443173343 -0.2404385199950168 -0.24934725848563968 -0.26344980587909045 -0.5914972273567468 -0.7011988237955213 -0.6369067748844549 -1.1121775644871028 -3.711739181423713 -1.7203791469194312 -0.8288310412573674 -0.7516097077761268 -0.7258677476564479 -0.6917745521119393
-0.13477416221466734 -0.3065985336591869 -0.1447973958917948 -0.18321857859726925 -0.3319108582266477 -0.2471169686985173 -0.06906758756783424 -0.1342199236547223 -0.050439730988101394 -0.16482748987288726 -0.23558187435633368 -0.23411779051335202 -0.14253203976524137 -0.2883904362829678 -0.32396319173074495 -0.23307436182019975 -0.15030593242883747 -0.2401239349341595 -0.1274054412740544 -0.2284833193159518 -0.21271207900734362 -0.12020398251578439 -0.12419449326303456 -0.1004016064257028 -0.3634100808960797 -0.06303580433686333 -0.22691292875989447 -0.022938702688925706 -0.156062424969988 -0.08958243028464095 -0.20970024443586777 -0.22652194431335532 -0.21105050984111928 -0.2546380502000728 -0.4199029126213592 -0.3209718670076726 -0.2189094816008595 -0.2481389578163772 -0.16038382453735436 -0.30446349394028965 -0.2771855010660981 -0.21291053227633067 -0.18412625800548946 -0.2504193625688952 -0.4366759404862707 -0.18911948913176962 -0.1991374936580416 -0.1080663836356619 -0.1982965131754059 -0.1791044776119403 -0.20176858886536303 -0.0850320326150262 -0.08114504677110333 -0.1513551566349877 -0.29614084178617234 -0.16301090734747692 -0.06973848069738482 -0.008892276422764226 -0.07247331664250889 -0.10012692144972501 -0.1751630828702585 -0.23798413439104055 -0.13190148243259017 -0.2511904761904762 -0.5241496186902312 -0.35949305386302705 -0.2276923076923077 -0.2753766362064708 -0.12201387105060366 -0.27221224264197874 -0.2654979674796748 -0.31453234007331204 -0.2145467405399033 -0.34377666707302207 -0.543583535108959 -0.4411764705882352 -0.3108679432976872 -0.25040488351812634 -0.2545691906005222 -0.27731558513588467 -0.5853357979051139 -0.695543994571364 -0.6369067748844549 -1.1013797240551892 -3.712911926820687 -1.710900473933649 -0.819007858546169 -0.7429420505200593 -0.7170002533569801 -0.685236040277233
-0.13720252549781448 -0.3010442123972451 -0.17510382759007742 -0.1773835920177384 -0.34613560929350407 -0.2471169686985173 -0.07523433645781943 -0.13914542544021674 -0.060786342472840135 -0.16203380360385528 -0.24845520082389289 -0.23411779051335202 -0.16409150796502575 -0.2871579985210747 -0.3390898777259549 -0.2404735479097299 -0.1636073423782921 -0.24657887942163695 -0.139349701393497 -0.24390243902439024 -0.2228412256267409 -0.11898980087421081 -0.13825424721734036 -0.10512638790455939 -0.3721219663970131 -0.0680786686838124 -0.2308707124010554 -0.03440805403338855 -0.15873015873015875 -0.09825169773154169 -0.2084137398687765 -0.22416234072675795 -0.22527863410007115 -0.24008730447435428 -0.41626213592233013 -0.3145780051150895 -0.21488047273704 -0.23769100169779295 -0.15901302261823164 -0.29855158143659477 -0.2859651323215853 -0.19705549263873162 -0.20928636779505946 -0.23963575365444525 -0.45361074150235875 -0.1842072946088665 -0.2054794520547945 -0.09777434709893218 -0.20628160766569073 -0.17611940298507464 -0.20675052933117452 -0.093185789167152 -0.10030429392539161 -0.15135515663498772 -0.30779993004547046 -0.16301090734747695 -0.0759651307596513 -0.01016260162601626 -0.07510870997496376 -0.08884501480750247 -0.1751630828702585 -0.23915072328511428 -0.1505777985292401 -0.25357142857142856 -0.5289916475003027 -0.3619302949061662 -0.23384615384615381 -0.2704371449740677 -0.13614179296172618 -0.2639215144396849 -0.2705792682926829 -0.31098498285444015 -0.2463751031474714 -0.33768133609655004 -0.5569007263922519 -0.4496142719382835 -0.31211141507087786 -0.2578796561604585 -0.25326370757180156 -0.28147531891292293 -0.607516943930992 -0.6853653019678806 -0.6707248337278773 -1.0941811637672465 -3.750439779523865 -1.710900473933649 -0.8337426326129667 -0.7429420505200595 -0.72966810235622 -0.685236040277233
-0.13234579893152018 -0.2899355698733615 -0.17959366932315635 -0.17154860543820752 -0.34850640113798004 -0.24123323134855262 -0.07030093734583129 -0.1329885482083487 -0.05173305742369374 -0.14247799972063135 -0.23300720906282182 -0.21948542860626752 -0.15091627739849084 -0.27483362090214447 -0.3327870918946174 -0.24170674559131827 -0.1636073423782921 -0.24786986831913244 -0.13138686131386862 -0.2509111298009532 -0.22410736895416558 -0.09349198640116563 -0.12888107791446982 -0.0956768249468462 -0.3671437461107654 -0.050428643469490664 -0.22823218997361483 -0.019115585574104758 -0.1600640256102441 -0.08958243028464095 -0.20069471246622922 -0.2147239263803681 -0.22883566516480908 -0.22553655874863585 -0.4186893203883496 -0.3069053708439898 -0.22428149341928552 -0.23246702363850075 -0.16860863605209048 -0.28968371268105236 -0.27091433588360714 -0.18006795016987542 -0.20356816102470265 -0.22645578720345072 -0.4560299987903713 -0.17561095419378608 -0.20547945205479454 -0.07976328315965522 -0.20361990950226247 -0.1582089552238806 -0.21048698468053306 -0.06755969714618522 -0.09579623577144145 -0.1302358324533615 -0.3159612918269791 -0.1450317631547405 -0.08094645080946453 0.011432926829268298 -0.08301488997232837 -0.06769143985333521 -0.1787871466537811 -0.22865142323845072 -0.154079607797362 -0.24523809523809526 -0.5302021547028205 -0.3473068486473312 -0.23630769230769233 -0.25191405285255614 -0.13357307988697664 -0.24457648196766613 -0.26803861788617883 -0.2932481967600804 -0.24401744665802197 -0.3181762769718396 -0.5484261501210654 -0.43876567020250723 -0.3058940562049241 -0.25289647439890367 -0.23759791122715407 -0.27315585135884635 -0.6013555144793592 -0.6729246776747343 -0.6605794160748506 -1.0905818836232755 -3.757476251905712 -1.7085308056872037 -0.8411100196463656 -0.7330361565131253 -0.7385355966556879 -0.6747744213417026
-0.1359883438562409 -0.2888247056209731 -0.19194073408912335 -0.17855058933364457 -0.35443338074917025 -0.2447634737585314 -0.08386778490379872 -0.13421992365472232 -0.06337299534402482 -0.13968431345159937 -0.23300720906282182 -0.21460797463723935 -0.14852078093184812 -0.2674389943307863 -0.32648430606327994 -0.24293994327290663 -0.1636073423782921 -0.2581977794990963 -0.14200398142003978 -0.2677319876647043 -0.2203089389718916 -0.08742107819329772 -0.12185120093731694 -0.1004016064257028 -0.3621655258245177 -0.05042864346949068 -0.22427440633245382 -0.01784121320249777 -0.16539949313058558 -0.08669267446900737 -0.21098674900295897 -0.21236432279377065 -0.23832108133744373 -0.22553655874863585 -0.41990291262135926 -0.3043478260869565 -0.22831050228310504 -0.2324670236385007 -0.16860863605209048 -0.2867277564292049 -0.2734228019566035 -0.16874292185730466 -0.20356816102470265 -0.22166307213036185 -0.46086851336639645 -0.1743829055630603 -0.20040588533739218 -0.078476778592564 -0.22092094756454617 -0.15223880597014927 -0.21048698468053312 -0.054746651135701804 -0.08790713400202863 -0.1196761703625484 -0.31246356534918973 -0.139038715090495 -0.08343711083437111 0.008892276422764227 -0.08960337330346554 -0.06205048653222395 -0.18965933800434887 -0.22281847876808208 -0.1727559238940119 -0.24404761904761907 -0.5398862123229633 -0.3521813307336096 -0.2523076923076923 -0.25561867127685844 -0.16054456717184692 -0.24595827000138176 -0.26041666666666663 -0.2861534823223365 -0.24401744665802197 -0.30964281360477874 -0.5387409200968524 -0.4375602700096432 -0.29345933847301664 -0.25414226983929245 -0.23890339425587465 -0.28008874098724346 -0.5988909426987062 -0.6672698484505769 -0.6481794611655958 -1.0965806838632273 -3.7586489973026858 -1.7156398104265402 -0.8374263261296659 -0.7404655770183259 -0.7461363060552318 -0.681312933176409
-0.13355998057309376 -0.2799377916018662 -0.18969581322258391 -0.17504959738592601 -0.3532479848269322 -0.24123323134855262 -0.0801677355698076 -0.1231375446373599 -0.06078634247284015 -0.1313032546445034 -0.23043254376931 -0.21094988416046823 -0.14013654329859865 -0.2649741188070002 -0.32144207739821 -0.23677395486496483 -0.16094706038840118 -0.25561580170410536 -0.145985401459854 -0.2593215587328287 -0.21904279564446694 -0.08984944147644489 -0.11833626244874047 -0.08977084809827544 -0.3646546359676416 -0.05295007564296521 -0.22427440633245382 -0.010194978972855867 -0.16139789249032946 -0.082358040745557 -0.20841373986877657 -0.20764511562057572 -0.23950675835902305 -0.21341093731053715 -0.43689320388349523 -0.2966751918158568 -0.24576954069298954 -0.22071307300509338 -0.18779986291980807 -0.2822938220514336 -0.2771855010660981 -0.16194790486976215 -0.2058554437328454 -0.22046489336208963 -0.4681262852304343 -0.16701461377870563 -0.2080162354134957 -0.06432522835456066 -0.22358264572797446 -0.13731343283582093 -0.2142234400298917 -0.05241700640652301 -0.09354220669446636 -0.1185028745746803 -0.32878628891220696 -0.14143593431619322 -0.0884184308841843 0.0050813008130081334 -0.09619185663460271 -0.060640248201946134 -0.19690746557139405 -0.21231917872141853 -0.18092681218629625 -0.23809523809523814 -0.5483597627405883 -0.33877650499634415 -0.25969230769230767 -0.2408001975796493 -0.17467248908296945 -0.23490396573165678 -0.25660569105691056 -0.2766938630720113 -0.2404809619238477 -0.29989028404242346 -0.5447941888619855 -0.4303278688524591 -0.2922158666998259 -0.2429301108757942 -0.23759791122715407 -0.27038269550748756 -0.5951940850277265 -0.6650079167609139 -0.6425431180250254 -1.0869826034793042 -3.718775653805559 -1.7085308056872037 -0.8337426326129667 -0.7330361565131253 -0.7562705852546238 -0.6708513142408787
-0.1359883438562409 -0.2677182848255943 -0.18857335278931417 -0.17855058933364454 -0.36036036036036034 -0.2318192515886091 -0.08386778490379872 -0.11451791651274472 -0.05819968960165546 -0.12431903897192345 -0.22657054582904226 -0.2219241555907816 -0.13055455743202776 -0.28592556075918163 -0.32144207739821 -0.24910593168084844 -0.15429635541367387 -0.26336173508907823 -0.15129396151293958 -0.2733389402859546 -0.22157508229931627 -0.08742107819329772 -0.11130638547158758 -0.0885896527285613 -0.35096453018046053 -0.05042864346949068 -0.21240105540897097 -0.015292468459283804 -0.15739629185007337 -0.08669267446900737 -0.20712723530168536 -0.20764511562057572 -0.23594972729428507 -0.20856068873529768 -0.45145631067961167 -0.28772378516624036 -0.255170561375235 -0.2154890949458012 -0.1973954763536669 -0.28524977830328113 -0.2822024332120908 -0.16421291053227632 -0.20928636779505946 -0.22166307213036185 -0.4681262852304343 -0.1670146137787056 -0.2080162354134957 -0.06947124662292552 -0.21559755123768962 -0.13582089552238807 -0.21546892514634455 -0.045428072218986607 -0.09466922123295392 -0.11146309984747153 -0.32995219773813683 -0.1402373247033441 -0.07721046077210461 -0.0012703252032520297 -0.0882856766372381 -0.057819771541390494 -0.19932350809374244 -0.20531964535697617 -0.1867631609664994 -0.23452380952380958 -0.5483597627405883 -0.32902754082378743 -0.25476923076923075 -0.2247468510743394 -0.1823786283072181 -0.22937681359679424 -0.2527947154471545 -0.27432895825943004 -0.2334079924554992 -0.3023284164330123 -0.5472154963680389 -0.4339440694310512 -0.2884854513802536 -0.24168431543540553 -0.23368146214099217 -0.2731558513588463 -0.5927295132470733 -0.6638769509160823 -0.6391613121406833 -1.0833833233353327 -3.669520347132638 -1.6860189573459716 -0.8202357563850688 -0.7256067360079247 -0.7537370154547758 -0.6590819929384071
-0.1250607090820787 -0.24772272828260392 -0.17398136715680773 -0.1622126269109581 -0.3508771929824562 -0.20593080724876445 -0.06906758756783424 -0.10466691294175597 -0.04655975168132437 -0.12292219583740746 -0.2291452111225541 -0.2133886111449823 -0.13295005389867048 -0.2846931229972886 -0.3227026345644775 -0.2380071525465532 -0.14764565043894654 -0.26077975729408726 -0.1433311214333112 -0.2845528455284553 -0.2203089389718916 -0.07649344341913548 -0.10310486233157587 -0.08032128514056222 -0.328562538892346 -0.04664649520927888 -0.19129287598944592 -0.012743723716069836 -0.13605442176870747 -0.08813755237682415 -0.20712723530168536 -0.19348749410099103 -0.22883566516480913 -0.21219837516672727 -0.4550970873786408 -0.2672634271099744 -0.255170561375235 -0.20634713334203997 -0.19328307059629884 -0.28524977830328113 -0.2822024332120908 -0.14722536806342013 -0.21386093321134494 -0.20608674814282288 -0.454820370146365 -0.14368168979491586 -0.1991374936580416 -0.05660620095201337 -0.19164226776683524 -0.12238805970149254 -0.1942956781666459 -0.03377984857309261 -0.09128817761749128 -0.10559662090813093 -0.322956744782558 -0.1270526189620041 -0.05977584059775842 0.006351626016260162 -0.06456713664514428 -0.047948103229445774 -0.18724329548200047 -0.19482034531031261 -0.17509046340609313 -0.22976190476190475 -0.5398862123229633 -0.3131854740433829 -0.24984615384615388 -0.22227710545813784 -0.18109427176984333 -0.23214038966422548 -0.2464430894308943 -0.2625044341965236 -0.2322291642107745 -0.29379495306595144 -0.5472154963680388 -0.41706846673095477 -0.27729420542153693 -0.24293011087579425 -0.2258485639686684 -0.2814753189129228 -0.5680837954405422 -0.6265550780366433 -0.6064705219253749 -1.0557888422315536 -3.54520933505336 -1.6172985781990523 -0.7821709233791749 -0.6859831599801882 -0.7144666835571319 -0.6303125408656989
-0.11413307430791646 -0.2277271717396135 -0.15826692109103152 -0.1505426537518964 -0.3330962541488857 -0.17886561543892682 -0.05796743956586089 -0.08619628124615195 -0.03879979306777031 -0.10755692135773151 -0.22399588053553038 -0.19144006828435556 -0.124565816265421 -0.25264974118807 -0.2987520484053952 -0.21580959427796276 -0.13700452247938283 -0.2401239349341595 -0.1486396814863968 -0.2747406784412672 -0.21271207900734365 -0.05463817387081107 -0.09373169302870535 -0.057878573115993384 -0.30616054760423156 -0.013867876954109935 -0.17678100263852242 0.012743723716069836 -0.13205282112845135 -0.06501950585175552 -0.1813971439598611 -0.1828692779613025 -0.21105050984111928 -0.20128531587243845 -0.42354368932038844 -0.25703324808184147 -0.22562449637389198 -0.20112315528274785 -0.17272104180945852 -0.2763819095477387 -0.27969396713909445 -0.12570781426953567 -0.2207227813357731 -0.1797268152408339 -0.4524011128583524 -0.11298047402677147 -0.19786910197869098 -0.03344911874437154 -0.19563481501197763 -0.1044776119402985 -0.16315855025532447 -0.009318578916715201 -0.06762087230925282 -0.07861081778716414 -0.29963856826396174 -0.10308042670502218 -0.033623910336239106 0.022865853658536585 -0.039530899986823034 -0.029615004935834154 -0.17274704034791008 -0.16682221185254315 -0.1657523053577682 -0.22023809523809526 -0.5084130250574991 -0.2961247867414087 -0.23630769230769233 -0.21116325018523097 -0.17852555869509376 -0.22246787342821608 -0.24136178861788618 -0.2424027432895826 -0.2216197100082518 -0.27185176155065216 -0.5242130750605327 -0.3797010607521698 -0.2611290723700572 -0.21303102030646567 -0.21540469973890336 -0.2606766500277315 -0.5298829328404191 -0.5722687174847321 -0.5591252395445835 -0.9874025194961007 -3.3106602556584965 -1.4893364928909953 -0.7293713163064833 -0.6253095591877168 -0.6701292120597923 -0.5780044461880476
-0.09713453132588637 -0.21439680071095313 -0.14255247502525534 -0.14003967790874083 -0.29990516832622094 -0.16356789832901858 -0.039467192895905286 -0.07388252678241596 -0.018106570098292814 -0.08381058807095962 -0.21240988671472705 -0.17436897939275697 -0.10420409629895797 -0.2415578013310328 -0.26723811924870794 -0.20224441978049082 -0.12769353551476456 -0.21301316808675447 -0.14731254147312542 -0.25231286795626573 -0.21144593567991898 -0.03642544924720738 -0.0761570005858231 -0.05433498700685093 -0.26882389545737395 0.010085728693898136 -0.16226912928759896 0.04077991589142348 -0.1187141523275977 -0.024562924432885415 -0.17882413482567866 -0.17579046720151018 -0.20393644771164335 -0.20492300230386803 -0.3919902912621359 -0.25703324808184147 -0.2162234756916465 -0.19981716076792475 -0.1590130226182317 -0.26455808454034885 -0.27091433588360714 -0.11438278595696487 -0.20013723696248858 -0.17852863647256167 -0.4161122535381637 -0.09210364730443324 -0.1750380517503805 -0.0025730091341824276 -0.17301038062283738 -0.0791044776119403 -0.15444015444015444 0.006988934187536403 -0.05184266877042715 -0.07274433884782353 -0.27282266526757604 -0.08629989212513484 -0.0298879202988792 0.041920731707317076 -0.03557780998814073 -0.004230714990833449 -0.1630828702585165 -0.15048996733551095 -0.1552468775534026 -0.20238095238095238 -0.4769398377920349 -0.28271996100414326 -0.22400000000000003 -0.19757964929612248 -0.165681993321346 -0.20035926488876607 -0.21722560975609753 -0.21520633794489777 -0.19568548862430743 -0.2608801657930025 -0.4782082324455206 -0.34836065573770497 -0.23252922158666997 -0.18313192973713716 -0.1971279373368146 -0.23849140321686074 -0.49537892791127547 -0.5179823569328207 -0.5174163003043624 -0.9274145170965806 -3.0010554708572768 -1.3613744075829386 -0.6827111984282908 -0.5733036156513126 -0.6295920952622245 -0.5283117562442788
-0.08377853326857698 -0.1944012441679627 -0.12234818722640026 -0.12603571011786677 -0.259601706970128 -0.14120969639915276 -0.028367044893931926 -0.05787464597955917 -0.01034661148473875 -0.06844531359128371 -0.1956745623069001 -0.14998170954761614 -0.09342436219906576 -0.22553611042642346 -0.23698474725828816 -0.18374645455666544 -0.11971268954509177 -0.20010327911179968 -0.14863968148639684 -0.24109896271376505 -0.188655355786275 -0.01457017969888295 -0.07147041593438783 -0.04724781478856603 -0.22650902302426879 0.017650025214321737 -0.14511873350923482 0.05224926723588632 -0.10670935040682938 -0.013003901170351106 -0.16338608002058408 -0.1545540349221331 -0.19445103153900875 -0.18430944585910028 -0.3519417475728155 -0.22890025575447576 -0.1974214343271555 -0.17761525401593314 -0.14256339958875947 -0.2409104345255691 -0.2596262385551235 -0.09626274065685166 -0.1887008234217749 -0.16295231248502273 -0.3846619087940002 -0.06631462605919194 -0.167427701674277 0.015438054805094558 -0.1623635879691243 -0.0626865671641791 -0.13700336280981446 0.026790914385556197 -0.039445508847064124 -0.057491493605537944 -0.23434767401189222 -0.06352630948100205 -0.0224159402241594 0.052083333333333336 -0.02635393332454869 0.0070511916513890825 -0.15825078521381972 -0.13415772281847876 -0.15291233804132134 -0.18333333333333332 -0.43820360731146357 -0.27175237631001703 -0.21784615384615386 -0.1901704124475179 -0.15283842794759825 -0.19206853668647228 -0.195630081300813 -0.18328012297505025 -0.18153954968761052 -0.23527977569182004 -0.4309927360774819 -0.31219864995178404 -0.2200945038547625 -0.15198704372741995 -0.18407310704960833 -0.21214642262895173 -0.4460874922982131 -0.45577923546708893 -0.45879833164243033 -0.850629874025195 -2.648059106368007 -1.2191943127962084 -0.6274557956777996 -0.5175829618623081 -0.5941221180643527 -0.47208055446580366
-0.07285089849441477 -0.17329482337258387 -0.11449096419351217 -0.10853075037927414 -0.2252252252252252 -0.10826076723935044 -0.00986679822397632 -0.027090259820219183 0.0038799793067770274 -0.03911160776644783 -0.17121524201853755 -0.1255944397024753 -0.08504012456581625 -0.20211979295045604 -0.19538636077146104 -0.15661610556172154 -0.09577015163607341 -0.17041053446940357 -0.12475116124751162 -0.2144659377628259 -0.17599392251202833 0.009713453132588642 -0.0562390158172232 -0.029529884242853778 -0.19663970130678282 0.0340393343419062 -0.13720316622691292 0.07518796992481203 -0.10004001600640255 0.018783412801618264 -0.14923452978258073 -0.14275601698914586 -0.18733696940953284 -0.1746089487086213 -0.3191747572815534 -0.2173913043478261 -0.19339242546333604 -0.1763092595011101 -0.13982179575051407 -0.23204256577002663 -0.24833814122663994 -0.08154020385050964 -0.18412625800548948 -0.1557632398753894 -0.3544211926938429 -0.04666584796757951 -0.1661593099949264 0.033449118744371543 -0.15837104072398192 -0.035820895522388055 -0.1170756009465687 0.060570762958648806 -0.039445508847064124 -0.03402557784817552 -0.2063658621895767 -0.03835550761117105 -0.007471980074719807 0.07240853658536586 -0.02108314665963895 0.02397405161472289 -0.13650640251268417 -0.10965935604293046 -0.15291233804132134 -0.16071428571428573 -0.39220433361578505 -0.24006824274920788 -0.19815384615384615 -0.17411706594220794 -0.13871050603647572 -0.17410529224816912 -0.1753048780487805 -0.16081352725552794 -0.16385712601673935 -0.21821284895769838 -0.37651331719128334 -0.273625843780135 -0.1890077095249938 -0.11959636227731404 -0.15013054830287204 -0.180255130338325 -0.3869377695625385 -0.3901832164668627 -0.4125803178897531 -0.7618476304739052 -2.289199014893866 -1.0687203791469195 -0.5537819253438114 -0.4556711243189698 -0.533316442868001 -0.40538773375179804
-0.0655658086449733 -0.15441013108198182 -0.09540913682792682 -0.09335978527249386 -0.20033191085822666 -0.09060955518945636 -0.01726689689195856 -0.014776505356483194 -0.011639937920331094 -0.026540019555803884 -0.15705458290422247 -0.11827825874893305 -0.053898670499461024 -0.20335223071234904 -0.15378797428463378 -0.14551732642742632 -0.07581803671189145 -0.15750064549444875 -0.10749834107498342 -0.19343986543313707 -0.1633324892377817 0.021855269548324435 -0.03514938488576451 -0.02008032128514057 -0.1617921593030492 0.05295007564296521 -0.13060686015831136 0.09302918312730979 -0.09337068160597571 0.040456581418870104 -0.14151550238003344 -0.11915998112317132 -0.17310884515058098 -0.1624833272705226 -0.28762135922330095 -0.19693094629156013 -0.19473542841794253 -0.172391275956641 -0.14119259766963674 -0.22465267514040793 -0.23579581086165802 -0.07361268403171009 -0.1555352241537054 -0.1461778097292116 -0.30724567557759763 -0.03070121576814442 -0.15093860984271945 0.04245465071401004 -0.13707745541655578 -0.016417910447761197 -0.10586623489849296 0.08619685497961561 -0.016905218077313194 -0.016426141030153697 -0.16439314445610353 -0.014383315354189134 0.004981320049813201 0.09019308943089431 -0.003953089998682305 0.04512762656889015 -0.13046629620681321 -0.08282781147923471 -0.14240691023695576 -0.13452380952380952 -0.3583101319452851 -0.2096027297099683 -0.19446153846153846 -0.16423808347740182 -0.13999486257385052 -0.16443277601215972 -0.1638719512195122 -0.1395293839422963 -0.13320759165389603 -0.2072412532000488 -0.3232445520581114 -0.23746383799421408 -0.1790599353394678 -0.09343465802915162 -0.14360313315926893 -0.1511369938990571 -0.3290203327171904 -0.3370278217597828 -0.33479878254988166 -0.6694661067786444 -1.9174387240530077 -0.9087677725118481 -0.48624754420432226 -0.39375928677563155 -0.4801114770711933 -0.35046423434026414
-0.0582807187955318 -0.14996667407242836 -0.086429453361769 -0.08168981211343214 -0.1754385964912281 -0.07884208048952697 -0.016033547113961523 -0.014776505356483194 -0.018106570098292807 -0.02933370582483587 -0.15576725025746652 -0.10608462382636263 -0.03713019523296203 -0.19965491742666996 -0.11975293079541156 -0.13565174497471943 -0.05719606278265495 -0.14588174541698942 -0.10351692103516921 -0.18502943650126155 -0.15446948594580906 0.020641087906750854 -0.019917984768599885 -0.012993149066855664 -0.12818917237087743 0.060514372163388806 -0.10949868073878628 0.09430355549891678 -0.07469654528478056 0.03901170351105331 -0.12607744757493888 -0.11090136857008022 -0.13990988854635997 -0.14065720868194492 -0.24271844660194172 -0.16751918158567775 -0.16518936341659954 -0.1554133472639415 -0.12474297464016453 -0.2069169376293231 -0.2332873447886617 -0.058890147225368075 -0.14066788655077772 -0.12940330697340044 -0.26974718761340266 -0.017192680830160872 -0.14713343480466767 0.03988164157982761 -0.13175405908969923 -0.028358208955223885 -0.09341138373396438 0.0850320326150262 -0.005635072692437733 -0.009386366302944966 -0.12358633554856013 0.002397219225698191 0.029887920298879204 0.08765243902439025 0.021083146659638945 0.03666619658722324 -0.12201014737859386 -0.07116192253849743 -0.12489786389634645 -0.11785714285714284 -0.31836339426219584 -0.18157445771386788 -0.17723076923076925 -0.1432452457396888 -0.13357307988697661 -0.14094237943899404 -0.14227642276422764 -0.12533995506680856 -0.10963102675940115 -0.18651712788004388 -0.2627118644067797 -0.2025072324011572 -0.14921661278288983 -0.07225613554254391 -0.12140992167101827 -0.13865779256794228 -0.2772643253234751 -0.2759556661388826 -0.27279900800360724 -0.5806838632273545 -1.546851178609124 -0.7476303317535546 -0.4002946954813359 -0.328132738979693 -0.4079047377755257 -0.29946384202955406
-0.0412821758135017 -0.11775161075316595 -0.06510270512964418 -0.050180884583965454 -0.13394973921289713 -0.04000941397975995 -0.0012333497779970406 0.007388252678241597 -0.009053285049146402 -0.005587372538063977 -0.14418125643666324 -0.08657480795024997 -0.016768475266498984 -0.1762385999507025 -0.07563342997604941 -0.1159205820693057 -0.029263101888800224 -0.12780790085205268 -0.0769741207697412 -0.15419119708438464 -0.14813876930868577 0.05949490043710539 -0.012888107791446984 0.027167493503425465 -0.09334163036714374 0.11094301563287949 -0.09102902374670184 0.1261628647890914 -0.05468854208350007 0.07802340702210663 -0.10935288820275313 -0.07314771118452099 -0.1197533791795115 -0.10064265793621922 -0.20752427184466016 -0.11508951406649617 -0.1490733279613215 -0.11623351181925035 -0.11788896504455107 -0.16553355010345847 -0.2219992474601781 -0.041902604756511884 -0.12923147301006407 -0.11622334052240593 -0.2249909277851699 0.015964632199435103 -0.13191273465246067 0.061752219220378234 -0.10380622837370243 -0.002985074626865672 -0.07846556233653007 0.1118229470005824 0.009016116307900373 0.023465915757362437 -0.08044770898915705 0.05154021335251109 0.0572851805728518 0.12195121951219512 0.04480168665173277 0.07333239317444648 -0.10992993476685191 -0.03383107792813812 -0.10388700828761525 -0.07619047619047618 -0.2711536133639995 -0.1291737752863758 -0.1526153846153846 -0.11113855272906889 -0.11302337528898024 -0.10639767859610336 -0.12195121951219509 -0.10287335934728625 -0.08605446186490627 -0.15847860538827258 -0.21428571428571425 -0.15188042430086787 -0.12932106441183785 -0.04734022673477015 -0.10313315926892948 -0.10399334442595673 -0.2230437461491066 -0.1945261253110156 -0.21869011385413145 -0.45470905818836227 -1.1833001055470858 -0.5533175355450236 -0.3327603143418467 -0.23278850916295196 -0.3445654927793261 -0.2053092716097816
