-0.02806589383770592 0.016685205784204675 -0.04282655246252677 0.08742277654738315 0.006002400960384151 0.01649193073389091 -0.060553633217993084 0.019658434697137243 -0.014293139293139296 -0.015354550530429925 -0.13433221389821753 0.02192982456140351 -0.11019617340760475 0.017367572261506016 -0.1623867069486405 -0.009886307464162133 -0.19558275678552423 0.0296086508753862 -0.16935591412188292 0.0027948574622694263 0.010204081632653062 -0.036576444769568395 0.03127255232138561 -0.0036001440057602313 -0.015337423312883436 0.051111679018655765 0.0333022512321833 0.035860655737704916 0.01211631663974152 -0.027504342790966994 -0.06712275719633407 0.01895510010662244 0.01563627616069281 0.045667736361392236 -0.12333374859848015 0.05362280931205858 -0.23150684931506849 0.017266569265506702 -0.18574993069032436 -0.049809551714034575 -0.07561436672967864 0.026071185672183174 -0.05425372272884682 -0.035024154589371984 -0.17593158216249236 -0.28843773211190893 -0.22564102564102564 -0.005161290322580647 -0.15390792291220556 -0.0373245744998507 0.00753012048192771 -0.01629422718808194 0.0034036759700476526 -0.12924450710844787 -0.5817795610101487 -1.1378687537627936 -0.29891986937955284 -0.027781285515847957 -0.12947549213898796 0.0338123415046492 -0.07051671732522796 -0.010526315789473684 -0.05068961452316397 0.0382546323968918 -0.23005384238864415 -0.2209402233951147 -0.28326500186358555 -0.03968253968253968 -0.20911320511165613 -0.0013865779256794254 -0.04614792975259582 -0.007108162539983412 0.0035786711201240633 0.04591710101762224 -0.0186219739292365 -0.2017608217168012 -0.09514144361283776 -0.04794952681388013 0.006673785371062467 -0.05597269624573379 -0.08689175769612713 0.037304996608636676 -0.06690100918471482 -0.009639715628388962 -0.13212221304706856 0.034718065365736864 -0.07455268389662029 -0.06121939030484759 -0.06402868485081317 -0.03026714041321226
-0.025625381330079317 0.012235817575083425 -0.029302378000676216 0.0897540505886467 0.008403361344537813 0.017669925786311696 -0.061789421651013345 0.01351517385428185 -0.020790020790020795 -0.027917364600781685 -0.13045724618961513 0.01949317738791423 -0.10777427948655849 0.03597568539883389 -0.1586102719033233 -0.0111220958971824 -0.19026077700904737 0.012873326467559214 -0.16535538071742897 -0.008384572386808275 0.016581632653061226 -0.04023408924652524 0.03367813326918451 0.007200288011520462 -0.01278118609406953 0.06772297469971889 0.03996270147861996 0.04866803278688524 0.016155088852988688 -0.01447596988998263 -0.06454111268878274 0.02487856888994195 0.00962232379119557 0.06171315724512465 -0.12333374859848015 0.056238556107768775 -0.2328767123287671 0.009297383450657457 -0.19545328527862488 -0.049809551714034575 -0.07057340894770006 0.013602357742008613 -0.06233406441186655 -0.021739130434782605 -0.20158827122785583 -0.3466204506065858 -0.2551282051282051 -0.025806451612903226 -0.16862955032119914 -0.05225440429979098 -2.7755575615628915e-18 -0.037243947858473 -0.010211027910142955 -0.13276935730231465 -0.7033278262921878 -1.7037928958458761 -0.35920622959055515 -0.04419749968430357 -0.13476020610384462 0.03381234150464919 -0.06565349544072949 -0.010526315789473684 -0.05068961452316397 0.04781829049611476 -0.24718551150269213 -0.2639008223886093 -0.300658466890297 -0.042162698412698416 -0.2104040273654318 -0.005546311702717694 -0.042302268939879505 -0.004738775026655609 0.003578671120124062 0.04839910647803425 -0.02731222842954687 -0.2090975788701394 -0.10528986426487379 -0.055520504731861195 -0.001334757074212492 -0.06279863481228667 -0.08316782522343595 0.035044087723264755 -0.058963601315341875 -0.003614893360645857 -0.1285832251975935 0.045492637375793135 -0.0720675944333996 -0.047476261869065464 -0.04994237418363427 -0.02500328990656665
-0.024405125076266014 -0.0022246941045606225 -0.03042939253916376 0.06527567315537942 0.015606242496998799 -0.0011779950524207815 -0.044488383588729606 0.013515173854281854 -0.005197505197505198 -0.029313232830820768 -0.12658227848101267 0.021929824561403504 -0.1041414386049891 0.03969730802629946 -0.1573514602215509 -0.013593672763222934 -0.1929217668972858 0.009011328527291453 -0.15468729163888517 -0.004192286193404138 0.021683673469387755 -0.0487685930260912 0.030069761847486172 -0.01080043201728069 -0.016615541922290387 0.04600051111679019 0.03863061142933263 0.040983606557377046 0.014808831448572968 -0.023161551823972205 -0.0658319349425584 -0.0011846937566639016 -0.00360837142169834 0.0530733152308072 -0.13330011212158965 0.03792832853779755 -0.24109589041095889 -0.0039845929074246245 -0.20654283337953977 -0.05859947260474655 -0.06553245116572148 0.014735887553842664 -0.06348839893801224 -0.03864734299516907 -0.21869273060476485 -0.4072790294627383 -0.267948717948718 -0.03870967741935484 -0.16193790149892934 -0.059719319199761124 -0.011295180722891568 -0.05470204841713222 -0.028363966417063756 -0.15039360827164847 -0.8354968137833373 -2.3395544852498498 -0.4232604873147451 -0.07955549943174643 -0.14136609855991544 0.007044237813468584 -0.07051671732522796 -0.011695906432748537 -0.06483555345986089 0.05379557680812911 -0.27043563387175723 -0.3019516386399902 -0.3155671511989067 -0.0322420634920635 -0.20524073835032913 2.7755575615628915e-18 -0.04614792975259582 -0.004738775026655611 0.0178933556006203 0.02978406552494415 -0.02731222842954687 -0.22743947175348497 -0.10655841684637828 -0.06561514195583595 0.006673785371062469 -0.0750853242320819 -0.08813306852035752 0.018087271082975358 -0.06349926295498357 -0.020484395710326543 -0.13212221304706856 0.00838022267448821 -0.07828031809145129 -0.07621189405297352 -0.051222947880650536 -0.04737465455981049
-0.036607687614399025 0.0011123470522803117 -0.031556407077651304 0.06527567315537941 0.0012004801920768304 -1.734723475976807e-18 -0.05684626791893227 0.024573043371421553 -0.02208939708939709 -0.02372975991066443 -0.13304055799535003 0.024366471734892786 -0.09808670380237347 0.04838109415705247 -0.1623867069486405 -0.0074147305981216 -0.20755721128259713 0.006436663233779609 -0.16935591412188292 -0.013974287311347127 0.012755102040816327 -0.03779565959522068 0.024055809477988938 -0.0024000960038401526 -0.03067484662576687 0.05494505494505495 0.021313440788597315 0.051229508196721306 -0.0053850296176628995 -0.008685581933989578 -0.07099522395766103 0.0011846937566639033 -0.0012027904738994468 0.05554184152061219 -0.1470038619658652 0.024849594559246672 -0.24246575342465754 -0.002656395271616415 -0.22040476850568336 -0.06299443305010255 -0.07435412728418399 0.01020176830650646 -0.04963638462426411 -0.049516908212560384 -0.2443494196701283 -0.4691755384996286 -0.2923076923076923 -0.06064516129032258 -0.1699678800856531 -0.06718423409973126 -0.02635542168674699 -0.052374301675977654 -0.03970955298388927 -0.15391845846551525 -0.9759263629926833 -2.975316074653823 -0.5036423009294146 -0.09344614218967043 -0.17043202536662702 0.009861932938856014 -0.0729483282674772 -0.011695906432748537 -0.0565837557467877 0.058577405857740586 -0.2900146842878121 -0.3584141401742973 -0.34414212945707534 -0.043402777777777776 -0.21685813863431003 -0.0069328896283971184 -0.052557364440456354 -0.0023693875133278045 0.022664917094119053 0.02730206006453214 -0.033519553072625705 -0.24944974321349966 -0.12051249524292784 -0.07066246056782335 -0.009343299519487452 -0.07098976109215016 -0.08813306852035749 0.0226090888537192 -0.06123143213516271 -0.025304253524521026 -0.13920018874601864 0.009577397342272236 -0.09319085487077536 -0.0762118940529735 -0.06146753745678063 -0.047374654559810506
-0.026845637583892617 -1.3877787807814458e-18 -0.027048348923701115 0.06527567315537941 0.00120048019207683 0.0023559901048415583 -0.06178942165101333 0.022115739034279398 -0.012993762993762991 -0.01814628699050809 -0.13433221389821753 0.023148148148148147 -0.09203196899975782 0.0446594715295869 -0.1598690835850957 -0.003707365299060802 -0.20090473656200108 0.009011328527291453 -0.14135218029070545 0.0027948574622694215 0.002551020408163264 -0.024384296513045592 0.027664180899687273 1.0408340855860842e-18 -0.029396728016359917 0.05238947099412215 0.006660450246436665 0.052510245901639344 0.0026925148088314437 -0.02026635784597568 -0.07099522395766104 0.0023693875133278058 0.0036083714216983407 0.05554184152061219 -0.15074124828703125 0.027465341354956846 -0.2534246575342466 -2.0816681711721684e-18 -0.2231771555309121 -0.060064459419865227 -0.06805293005671077 0.022670596236681023 -0.04848205009811844 -0.04468599033816425 -0.2651191203420892 -0.498885862837336 -0.308974358974359 -0.05161290322580645 -0.15926124197002142 -0.04031054045983876 -0.0426706827309237 -0.04771880819366852 -0.058997050147492625 -0.15979320878862652 -1.118716072692943 -3.618302227573751 -0.5903039437327304 -0.12375299911605002 -0.20081913066455276 -0.014088475626937172 -0.07659574468085106 -0.010526315789473684 -0.05894141223623719 0.060968320382546314 -0.2961331375428292 -0.39891984779673495 -0.3515964716113803 -0.03968253968253969 -0.20265909384277783 -0.0027731558513588482 -0.0423022689398795 -0.0035540812699917054 0.027436478587617795 0.032266070985356166 -0.029795158286778402 -0.2494497432134996 -0.11543828491690981 -0.05804416403785488 0.014682327816337428 -0.05597269624573379 -0.09682224428997022 0.02373954329640516 -0.06123143213516271 -0.02530425352452103 -0.14037985136251033 0.0011971746677840289 -0.10313121272365806 -0.07871064467766117 -0.0525035215776668 -0.053954467693117514
-0.017083587553386213 -0.0022246941045606233 -0.034937450693113936 0.06411003613474762 0.0036014405762304913 0.00824596536694546 -0.06426099851705387 0.027030347708563707 -0.01819126819126819 -0.006979341150195417 -0.13304055799535003 0.02680311890838206 -0.10898522644708161 0.04714055328123062 -0.17875125881168177 -0.012357884330202667 -0.22884513038850454 0.0 -0.17869049206560877 -0.0013974287311347144 0.0012755102040816313 -0.0182882223847842 0.03728650469088285 0.004800192007680308 -0.03067484662576687 0.046000511116790176 1.3877787807814458e-18 0.044825819672131145 -0.009423801830910072 -0.020266357845975684 -0.06970440170388538 0.007108162539983413 0.002405580947798895 0.06047889410022217 -0.14451227108508785 0.019618100967826315 -0.2534246575342466 -0.009297383450657457 -0.23010812309398393 -0.06445941986522122 -0.06301197227473218 0.026071185672183174 -0.06810573704259495 -0.04106280193236715 -0.29321930360415394 -0.5558306511512752 -0.34487179487179487 -0.06580645161290323 -0.1873661670235546 -0.04478948939982084 -0.053965863453815266 -0.05237430167597764 -0.07828454731109598 -0.15744330865938197 -1.260325702147746 -4.295003010234798 -0.6681738256719416 -0.14522035610556888 -0.23781212841854935 -0.03663003663003663 -0.060790273556231 -0.003508771929824561 -0.04008016032064128 0.06335923490735204 -0.28511992168379835 -0.4455627838468147 -0.3553236426885327 -0.04960317460317461 -0.1974958048276752 -0.00970604547975596 -0.042302268939879505 -0.0011846937566639016 0.008350232613622808 0.04095309009679821 -0.03972687771570453 -0.251895328931279 -0.12812381073195483 -0.051735015772870666 0.0 -0.05460750853242321 -0.09061569016881828 0.026000452181777073 -0.0600975167252523 -0.02168936016387516 -0.1486374896779521 -0.01316892134562433 -0.11679920477137178 -0.08245877061469267 -0.07427327442694327 -0.05921831819976313
-0.01464307504575961 0.01557285873192436 -0.031556407077651304 0.07343513229980185 0.0012004801920768315 0.02002591589115326 -0.07291151754819573 0.03071630421427694 -0.033783783783783786 0.004187604690117255 -0.13691552570395246 0.03898635477582846 -0.11382901428917414 0.04714055328123062 -0.1837865055387714 -0.009886307464162136 -0.24747205960617352 -0.0038619979402677654 -0.20136018135751438 0.0013974287311347088 0.0012755102040816328 -0.006096074128261399 0.033678133269184514 0.008400336013440538 -0.028118609406952967 0.051111679018655765 2.7755575615628915e-18 0.046106557377049176 -0.017501346257404415 -0.008685581933989578 -0.060668645927455786 0.01421632507996683 0.010825114265095023 0.06911873611453961 -0.1470038619658652 0.014386607376405966 -0.2602739726027397 -0.019922964537123125 -0.23981147768228445 -0.07617931438617051 -0.09073724007561436 0.029471775107685328 -0.0900380930393628 -0.04106280193236715 -0.33475870494807575 -0.6041099282000495 -0.38589743589743586 -0.07225806451612904 -0.2221627408993576 -0.05225440429979098 -0.07404618473895581 -0.06517690875232773 -0.07828454731109598 -0.17506755962871576 -1.4031154118480056 -5.00421432871764 -0.7510675709620698 -0.16416214168455615 -0.2853745541022592 -0.04367427444350521 -0.060790273556231 0.004678362573099415 -0.03654367558646705 0.07172743574417213 -0.2887909936368086 -0.4627470234442126 -0.3739594980742949 -0.045882936507936505 -0.2129856718729831 -0.005546311702717695 -0.0397384950647353 -0.002369387513327804 0.003578671120124062 0.038471084636386196 -0.04345127250155183 -0.2531181217901687 -0.1344665736394774 -0.04668769716088327 -0.009343299519487454 -0.058703071672354945 -0.08813306852035752 0.028261361067148993 -0.04649053180632725 -0.01927943125677792 -0.14155951397900202 -0.016760445348976416 -0.12549701789264414 -0.08745627186406799 -0.08451786400307337 -0.06448216870640873
-0.02074435631482611 0.015572858731924358 -0.0338104361546264 0.06993822123790652 0.003601440576230492 0.0058899752621039015 -0.0667325753830944 0.019658434697137246 -0.028586278586278584 -2.0816681711721684e-18 -0.1407904934125549 0.03898635477582846 -0.11746185517074352 0.04962163503287433 -0.1837865055387714 -0.008650519031141867 -0.2368281000532198 -0.010298661174047374 -0.1933591145486065 -0.004192286193404139 0.0025510204081632655 -0.008534503779565958 0.024055809477988938 0.001200048001920077 -0.03706543967280164 0.03322259136212624 -0.0013320900492873298 0.034579918032786885 -0.025578890683898757 -0.011580775911986104 -0.06454111268878275 0.004738775026655611 0.010825114265095017 0.06665020982473464 -0.14077488476392175 0.0104629871828407 -0.25616438356164384 -0.031876743259397 -0.23010812309398393 -0.08496923527688251 -0.09955891619407686 0.01813647698934482 -0.09580976567009118 -0.04830917874396136 -0.3433109346365303 -0.6499133448873484 -0.3794871794871794 -0.08129032258064517 -0.21279443254817987 -0.05673335323977306 -0.08659638554216867 -0.07099627560521414 -0.10324483775811208 -0.17741745975796028 -1.543544961057352 -5.721854304635761 -0.8075860336598846 -0.17931557014774593 -0.3184040163826133 -0.04930966469428008 -0.06930091185410334 -0.005847953216374269 -0.042437816810090775 0.059772863120143446 -0.28511992168379835 -0.508162513808764 -0.38389862094670146 -0.05952380952380952 -0.21298567187298306 -0.01663893510815308 -0.042302268939879505 -0.00947755005331122 -0.004771561493498748 0.04095309009679821 -0.05710738671632526 -0.2531181217901688 -0.12812381073195483 -0.050473186119873815 -0.005339028296849973 -0.061433447098976114 -0.09682224428997022 0.02147863441103324 -0.05556185508561061 -0.015664537896132064 -0.15335614014391885 -0.019154794684544476 -0.1242544731610338 -0.09245377311344329 -0.08067614291202459 -0.06448216870640874
-0.024405125076266014 0.04115684093437152 -0.04057252338555168 0.08159459144422428 -0.009603841536614647 0.04947579220167275 -0.06796836381611467 0.06511856493426711 -0.03768191268191268 0.047459519821328865 -0.14208214931542237 0.047514619883040926 -0.11382901428917414 0.06450812554273663 -0.19511581067472306 0.008650519031141867 -0.238158594997339 -0.001287332646755923 -0.20002667022269635 0.0055897149245388465 -0.003826530612244898 -0.0012192148256522782 0.018041857108491703 -0.004800192007680307 -0.05495910020449898 0.04727830309225658 -0.01598508059144798 0.04226434426229508 -0.039041464728056 -0.00868558193398958 -0.0632502904350071 0.004738775026655609 0.008419533317296128 0.0728215255492471 -0.1470038619658652 0.03923620193565262 -0.25479452054794527 -0.013281976358082087 -0.219018574993069 -0.060064459419865227 -0.10081915563957153 0.022670596236681023 -0.0900380930393628 -0.04830917874396135 -0.3653023824068418 -0.6598167863332508 -0.382051282051282 -0.06580645161290323 -0.21011777301927195 -0.050761421319796954 -0.11295180722891567 -0.07216014897579143 -0.11118674835488995 -0.1821172600164493 -1.6745338683030446 -6.402167369054785 -0.852800803818136 -0.1919434272004041 -0.3342581582771832 -0.06903353057199212 -0.07537993920972644 -0.011695906432748537 -0.03890133207591654 0.05618649133293484 -0.30714635340186003 -0.5179820792929913 -0.3876257920238539 -0.053323412698412696 -0.21169484961920743 -0.005546311702717693 -0.03845660812716319 -0.004738775026655611 0.002385780746749375 0.038471084636386196 -0.0633147113594041 -0.23477622890682323 -0.13066091589496384 -0.03154574132492114 -0.006673785371062467 -0.05460750853242322 -0.09061569016881828 0.029391815509834957 -0.051026193445968926 -0.0012049644535486192 -0.15453580276041054 -0.014366096013408358 -0.11679920477137178 -0.08370814592703649 -0.072992700729927 -0.06185024345308594
-0.03416717510677242 0.052280311457174634 -0.04169953792403923 0.07926331740296073 -0.019207683073229294 0.069501708092826 -0.06796836381611467 0.09092026047425975 -0.033783783783783786 0.07956448911222781 -0.15241539653836217 0.051169590643274844 -0.11503996124969726 0.06326758466691476 -0.2177744209466264 -0.017301038062283735 -0.2488025545502927 -0.016735324407826983 -0.20136018135751432 -0.0111794298490777 -0.0025510204081632655 0.003657644476956841 0.013230695212893917 -0.002400096003840153 -0.06646216768916155 0.026833631484794278 -0.02131344078859731 0.02689549180327868 -0.043080236941303175 -0.026056745801968734 -0.06970440170388538 0.01658571259329463 0.010825114265095017 0.08763268328807702 -0.15198704372741995 0.06931729008631964 -0.25616438356164384 0.0159383716296985 -0.21208760742999724 -0.021974802226779954 -0.10459987397605544 0.03173883473135344 -0.09350109661779983 -0.05434782608695653 -0.3848503359804521 -0.6920029710324338 -0.3833333333333333 -0.07741935483870968 -0.20208779443254818 -0.06569125111973724 -0.12550200803212852 -0.08496275605214151 -0.13160880417517587 -0.1973916108565386 -1.7819211706396036 -7.024683925346177 -0.8917357447877418 -0.21593635560045463 -0.35671819262782406 -0.08734854888701042 -0.07173252279635259 -0.01637426900584795 -0.02947070611811859 0.041841004184100423 -0.29368575624082227 -0.5363937645759176 -0.38017144986954904 -0.04960317460317461 -0.19620498257389957 -0.0069328896283971184 -0.03589283425201898 0.0023693875133278045 -0.005964451866873434 0.03350707371556218 -0.074487895716946 -0.23355343604793352 -0.13827223138399086 -0.027760252365930604 -0.009343299519487454 -0.0627986348122867 -0.09185700099304865 0.022609088853719195 -0.05782968590543145 -0.013254608989034822 -0.1568951279933939 -0.03830958936908896 -0.1205268389662028 -0.09120439780109944 -0.07811499551799206 -0.07369390709303855
-0.025625381330079317 0.046718576195773076 -0.021413276231263385 0.08509150250611959 -0.010804321728691477 0.06007774767345977 -0.058082056351952537 0.09092026047425975 -0.03378378378378378 0.08235622557230597 -0.14854042882975976 0.03898635477582846 -0.11019617340760475 0.06698920729438035 -0.216515609264854 -0.03830944142362827 -0.25412453432676957 -0.0296086508753862 -0.2133617815708761 -0.03633314700950251 0.0 -0.020726652036088762 0.01082511426509502 -0.012000480019200769 -0.057515337423312884 0.023000255558395095 -0.011988810443585986 0.016649590163934424 -0.044426494345718895 -0.03184713375796179 -0.06841357945010973 0.007108162539983415 0.020447438056290592 0.08269563070846705 -0.14326647564469916 0.06931729008631964 -0.25068493150684934 0.021251162172931333 -0.20792902689215417 -0.02929973630237328 -0.10081915563957153 0.019270006801178866 -0.0900380930393628 -0.06642512077294686 -0.39218081857055587 -0.7167615746471899 -0.3987179487179487 -0.0967741935483871 -0.21011777301927195 -0.08659301283965364 -0.1367971887550201 -0.11638733705772811 -0.15997277059223963 -0.21854071201973918 -1.8857682322397924 -7.431667670078265 -0.9269027882441598 -0.25634549816896074 -0.38842647641696393 -0.1211608903916596 -0.07051671732522796 -0.019883040935672513 -0.021218908405045384 0.04781829049611476 -0.2875673029858052 -0.5535780041733154 -0.37395949807429496 -0.059523809523809534 -0.18716922679747 -0.015252357182473655 -0.03461094731444687 -0.002369387513327808 -0.015507574853870928 0.038471084636386196 -0.08193668528864059 -0.23233064318904378 -0.14461499429151342 -0.03659305993690852 -0.017351841964762416 -0.07372013651877134 -0.09185700099304865 -0.001130454442685959 -0.056695770495521026 -0.016869502349680682 -0.1498171522944438 -0.06105590805698552 -0.11182902584493042 -0.09745127436281859 -0.08067614291202457 -0.08027372022634556
-0.04881025015253203 0.03559510567296996 -0.03719147977008905 0.08159459144422428 -0.025210084033613446 0.04594180704441042 -0.0667325753830944 0.08354834746283327 -0.03898128898128898 0.07956448911222781 -0.15758202014983208 0.03533138401559454 -0.11503996124969726 0.054583798536161764 -0.22532729103726085 -0.04572417202174987 -0.2647684938797233 -0.027033985581874358 -0.21869582611014798 -0.044717719396310786 -0.01913265306122449 -0.02316508168739332 0.00721674284339668 -0.021600864034561386 -0.07157464212678936 0.015333503705596729 -0.03063807113360863 0.008965163934426226 -0.06596661281637048 -0.04198031268094963 -0.09681166903317415 0.0011846937566639027 0.014433485686793363 0.08269563070846705 -0.1694281798928616 0.06408579649489929 -0.28493150684931506 0.017266569265506706 -0.23288051011921268 -0.046879578083797245 -0.12224322621298045 0.022670596236681023 -0.09927276924852821 -0.0676328502415459 -0.41172877214416614 -0.7254270859123545 -0.41025641025641024 -0.08903225806451612 -0.21547109207708778 -0.08062108091967753 -0.14809236947791166 -0.11871508379888267 -0.16791468118901748 -0.22441546234285042 -1.9695539296672173 -7.723058398555087 -0.9520221049987441 -0.2765500694532138 -0.41352886775003306 -0.1380670611439842 -0.08024316109422493 -0.026900584795321637 -0.03182836260756807 0.03945008965929468 -0.29735682819383263 -0.5756720265128268 -0.3801714498695491 -0.06448412698412698 -0.18716922679747 -0.011092623405435386 -0.04999359056531214 -0.007108162539983416 -0.03459382082786592 0.03474807644576818 -0.08690254500310365 -0.2408901932012717 -0.15856907268806295 -0.04037854889589906 -0.02269087026161239 -0.0832764505119454 -0.10054617676266138 -3.4694469519536144e-19 -0.06690100918471482 -0.024099289070972408 -0.1568951279933939 -0.0885909254160182 -0.12176938369781314 -0.1124437781109445 -0.0934818798821872 -0.08816949598631399
-0.05857230018303844 0.031145717463848716 -0.05860475600135242 0.09325096165054202 -0.033613445378151266 0.047119802096831205 -0.08897676717745921 0.08600565179997542 -0.061070686070686074 0.08793969849246233 -0.15499870834409718 0.02923976608187135 -0.1162509082102204 0.0446594715295869 -0.2240684793554884 -0.059317844784972804 -0.26343799893560405 -0.03604531410916581 -0.21869582611014798 -0.0461151481274455 -0.024234693877551023 -0.025603511338697878 0.0048111618955977865 -0.01440057602304092 -0.07285276073619631 0.017889087656529516 -0.03063807113360863 0.005122950819672131 -0.0605815831987076 -0.04198031268094963 -0.112301536078482 0.0035540812699917075 -0.006013952369497233 0.08269563070846705 -0.1818861342967485 0.06800941668846455 -0.3013698630136986 0.02523575508035596 -0.23981147768228447 -0.04834456489891591 -0.12854442344045366 0.02040353661301292 -0.10850744545769364 -0.06521739130434782 -0.4288332315210751 -0.7415201782619458 -0.42948717948717946 -0.08774193548387095 -0.2315310492505353 -0.07763511495968947 -0.1518574297188755 -0.12453445065176907 -0.17018379850238258 -0.2255904124074727 -2.0356384234127924 -7.953040337146298 -0.9683496608892239 -0.28665235509534037 -0.4188135817148897 -0.13524936601859677 -0.0790273556231003 -0.03859649122807017 -0.03654367558646705 0.029886431560071723 -0.29735682819383263 -0.5989934945378667 -0.38141384022859975 -0.07440476190476189 -0.19233251581257255 -0.01386577925679423 -0.049993590565312135 -0.009477550053311221 -0.05725873792198498 0.04343509555721023 -0.09559279950341402 -0.24333577891905112 -0.17632880882912597 -0.039116719242902206 -0.04538174052322478 -0.08464163822525597 -0.09558093346573983 0.011304544426859596 -0.062365347545073134 -0.019279431256777925 -0.15571546537690223 -0.0957739734227224 -0.11555666003976144 -0.12368815592203897 -0.09476245357920346 -0.1000131596262666
-0.05735204392922514 0.03225806451612904 -0.05635072692437733 0.09791350973306914 -0.030012004801920768 0.03533985157262341 -0.09144834404349975 0.0761764344514068 -0.053274428274428284 0.08375209380234508 -0.1498320847326272 0.028021442495126708 -0.11019617340760475 0.045900012405408766 -0.22658610271903323 -0.07167572911517547 -0.26343799893560405 -0.03733264675592174 -0.21469529270569407 -0.04471771939631079 -0.005102040816326529 -0.025603511338697878 0.027664180899687273 -0.01800072002880115 -0.056237218813905934 0.003833375926399182 -0.014652990542160649 -0.0038422131147540983 -0.048465266558966075 -0.05211349160393747 -0.11359235833225767 0.005923468783319513 -0.0072167428433966814 0.08763268328807702 -0.17690295253519375 0.0627779230970442 -0.30273972602739724 0.01992296453712313 -0.22179096201829776 -0.04248461763844126 -0.12980466288594833 0.022670596236681023 -0.12466812882373313 -0.061594202898550734 -0.4324984728161271 -0.7501856895271106 -0.42435897435897446 -0.08387096774193548 -0.22617773019271947 -0.08062108091967753 -0.13930722891566266 -0.12337057728119179 -0.17018379850238258 -0.22324051227822822 -2.0769412320037763 -8.133654425045155 -0.9583019341873902 -0.2917034979164036 -0.41352886775003306 -0.1380670611439842 -0.07173252279635259 -0.03742690058479532 -0.028291877873393843 0.031081888822474597 -0.2900146842878121 -0.6051307229655088 -0.3727171077152441 -0.07192460317460317 -0.18329676003614298 -0.01663893510815308 -0.05768491219074477 -0.013031631323302924 -0.060837409042109034 0.04591710101762223 -0.1005586592178771 -0.23844460748349233 -0.17886591399213497 -0.03785488958990536 -0.04137746930058729 -0.08737201365187713 -0.09433962264150944 0.013565453312231518 -0.05782968590543145 -0.014459573442583442 -0.15335614014391885 -0.09936549742607448 -0.10934393638170974 -0.12493753123438278 -0.09220130618517094 -0.10132912225292803
-0.05613178767541184 0.026696329254727473 -0.05635072692437733 0.0944165986711738 -0.02641056422569028 0.03062787136294029 -0.09515570934256054 0.07003317360855142 -0.06237006237006239 0.08096035734226689 -0.1498320847326272 0.025584795321637425 -0.11746185517074352 0.04590001240540875 -0.23162134944612287 -0.07538309441423627 -0.27142096860031933 -0.0411946446961895 -0.22269635951460195 -0.044717719396310786 0.002551020408163267 -0.021945866861741038 0.019244647582391146 -0.009600384015360616 -0.058793456032719835 0.008944543828264758 -0.01598508059144798 -0.002561475409836066 -0.056542810985460414 -0.0506658946149392 -0.11101071382470636 0.007108162539983415 -0.018041857108491703 0.0913354727227845 -0.17814874797558242 0.07193303688202982 -0.31780821917808216 0.01992296453712313 -0.23288051011921262 -0.02783474948725461 -0.1436672967863894 0.01813647698934482 -0.13274847050675284 -0.061594202898550734 -0.44715943799633473 -0.7563753404307996 -0.43717948717948724 -0.08387096774193549 -0.2449143468950749 -0.08659301283965364 -0.14181726907630524 -0.13151769087523274 -0.17472203312911277 -0.2279403125367172 -2.124144441822044 -8.297411198073451 -0.9758854559155992 -0.28917792650587193 -0.4412736160655305 -0.13524936601859677 -0.07051671732522796 -0.03625730994152047 -0.04008016032064128 0.032277346084877465 -0.29858051884483605 -0.6026758315944519 -0.3876257920238539 -0.06820436507936509 -0.1974958048276752 -0.006932889628397115 -0.06024868606588898 0.0011846937566639 -0.06560897053560778 0.03971208736659221 -0.1042830540037244 -0.2421129860601614 -0.18267157173664847 -0.051735015772870666 -0.04271222637479979 -0.09556313993174063 -0.10054617676266138 0.0113045444268596 -0.0657670937748044 -0.015664537896132064 -0.16043411584286896 -0.09457679875493837 -0.1143141153081511 -0.12493753123438281 -0.09988474836726853 -0.0960652717462824
-0.06345332519829164 0.02447163515016685 -0.04733461061647696 0.09791350973306913 -0.026410564225690276 0.01649193073389092 -0.09021255561047949 0.05037473891141418 -0.05587318087318087 0.07118927973199332 -0.15241539653836217 0.01949317738791423 -0.1041414386049891 0.04093784890212132 -0.2202920443101712 -0.06920415224913494 -0.2527940393826503 -0.04376930998970134 -0.2026936924923323 -0.04471771939631079 0.002551020408163267 -0.026822726164350153 0.008419533317296127 -0.001200048001920076 -0.07029652351738241 0.02811142346026067 -0.025309710936459305 0.003842213114754098 -0.07404415724286484 -0.0390851187029531 -0.12133729185491157 0.008292856296647319 -0.022853019004089488 0.08886694643297952 -0.19558988414102402 0.0627779230970442 -0.3410958904109589 0.010625581086465663 -0.2453562517327419 -0.02636976267213595 -0.14870825456836798 0.02040353661301292 -0.12120512524529607 -0.07608695652173914 -0.4386072083078803 -0.7464718989848972 -0.4256410256410256 -0.07741935483870968 -0.2301927194860814 -0.0746491489997014 -0.15060240963855423 -0.1291899441340782 -0.18266394372589062 -0.2255904124074727 -2.165447250413028 -8.387718242022878 -0.9846772167797037 -0.2866523550953403 -0.44655833003038714 -0.11975204282896593 -0.08267477203647416 -0.03859649122807017 -0.05776258399151244 0.04064554692169755 -0.315712187958884 -0.5977660488523383 -0.40004969561436193 -0.07068452380952381 -0.19749580482767526 -0.006932889628397117 -0.06922189462889372 0.0023693875133278045 -0.059644518668734346 0.02482005460412013 -0.1042830540037244 -0.25067253607238926 -0.17886591399213497 -0.06309148264984228 -0.03603844100373732 -0.09692832764505119 -0.10551142005958292 -0.0022609088853719193 -0.061231432135162724 -0.00361489336064586 -0.15925445322637727 -0.07661917873817792 -0.11058648111332008 -0.12368815592203897 -0.08964015879113843 -0.08290564547966837
-0.07199511897498476 -0.0033370411568409363 -0.052969683308914696 0.08975405058864669 -0.02881152460984394 -0.011779950524207803 -0.08897676717745921 0.022115739034279387 -0.05457380457380458 0.04187604690117254 -0.15629036424696457 0.01340155945419103 -0.10656333252603536 0.04217838977794318 -0.22658610271903323 -0.07414730598121601 -0.2581160191591272 -0.04505664263645726 -0.21069475930124018 -0.04332029066517608 -0.0025510204081632625 -0.030480370641306986 0.009622323791195573 0.0072002880115204625 -0.08052147239263804 0.015333503705596729 -0.034634341281470624 -0.010245901639344263 -0.09154550350026924 -0.06369426751592357 -0.12262811410868724 -0.01066224380997512 -0.03728650469088284 0.07899284127375956 -0.20555624766413355 0.04577556892492807 -0.35753424657534244 -0.003984592907424628 -0.25783199334627116 -0.03369469674772927 -0.13988657844990546 0.01473588755384267 -0.11427911808842203 -0.0821256038647343 -0.436163714111179 -0.7526615498885862 -0.42948717948717946 -0.07870967741935483 -0.2315310492505353 -0.08211406389967155 -0.15060240963855423 -0.1233705772811918 -0.1928749716360336 -0.21266596169662785 -2.187868775076705 -8.450331125827816 -0.9708615925646823 -0.28917792650587193 -0.4386312590831021 -0.1380670611439842 -0.08145896656534954 -0.05029239766081871 -0.05540492750206295 0.04064554692169755 -0.3120411160058737 -0.6039032772799804 -0.3938377438191079 -0.06572420634920637 -0.19104169355879697 -0.006932889628397117 -0.07563132931675426 -0.007108162539983416 -0.051294286055111535 0.02482005460412013 -0.10304158907510863 -0.2592320860846173 -0.18013446657363946 -0.07949526813880127 -0.034703683929524824 -0.11467576791808873 -0.11295928500496524 -0.005652272213429801 -0.06916884000453567 0.0012049644535486227 -0.16397310369234402 -0.0838022267448821 -0.10685884691848906 -0.12618690654672665 -0.08835958509412216 -0.08816949598631399
-0.08175716900549115 -0.00667408231368187 -0.05522371238588978 0.08742277654738315 -0.04561824729891957 -0.011779950524207793 -0.10009886307464162 0.034402260719990176 -0.05587318087318088 0.043271915131211626 -0.15887367605269956 0.012183235867446391 -0.10777427948655849 0.048381094157052475 -0.2353977844914401 -0.07909045971329706 -0.2754124534326769 -0.04891864057672503 -0.21602880384051204 -0.05310229178311906 -0.010204081632653062 -0.043891733723482075 0.0060139523694972335 0.0012000480019200774 -0.08307770961145194 0.014055711730130335 -0.047955241774343946 -0.008965163934426229 -0.09289176090468497 -0.05500868558193399 -0.1355363366464438 -0.01421632507996683 -0.042097666586480634 0.0728215255492471 -0.21676840662763172 0.04054407533350772 -0.37808219178082186 0.00929738345065746 -0.2647629609093429 -0.02197480222677996 -0.13358538122243227 0.01813647698934482 -0.10504444187925663 -0.07971014492753623 -0.436163714111179 -0.7514236197078484 -0.44230769230769235 -0.08645161290322581 -0.24089935760171305 -0.09256494475962974 -0.14683734939759036 -0.13733705772811916 -0.18947129566598594 -0.22089061214898367 -2.1713476516403114 -8.391330523780855 -0.952022104998744 -0.29044071221113776 -0.42674065266217465 -0.13384051845590308 -0.08024316109422493 -0.04678362573099415 -0.050689614523163985 0.04423191870890616 -0.31326480665687717 -0.5793543635694121 -0.40004969561436193 -0.042162698412698416 -0.19491416032012393 0.00970604547975596 -0.07947699012947058 -0.009477550053311218 -0.05129428605511155 0.02109704641350211 -0.0993171942892613 -0.26045487894350694 -0.1877457820626665 -0.08454258675078864 -0.03603844100373732 -0.11877133105802047 -0.10923535253227408 -0.01017408998417364 -0.07370450164417736 -0.002409928907097238 -0.16751209154181904 -0.0969711480905064 -0.10561630218687872 -0.13368315842078962 -0.09220130618517094 -0.10001315962626663
-0.08297742525930446 -0.020022246941045603 -0.06085878507832752 0.08975405058864669 -0.04801920768307323 -0.04122982683472729 -0.10874938210578347 -0.001228652168571081 -0.054573804573804584 0.016750418760469014 -0.15499870834409712 0.01340155945419103 -0.11140712036812787 0.04217838977794318 -0.23413897280966767 -0.08156203657933761 -0.28073443320915376 -0.04376930998970134 -0.20402720362715027 -0.03773057574063722 -0.0012755102040816313 -0.04389173372348207 0.013230695212893915 0.021600864034561382 -0.07413087934560328 0.006388959877331971 -0.04395897162648195 -0.01280737704918033 -0.09693053311793214 -0.05790387955993052 -0.13166386988511683 -0.005923468783319512 -0.03608371421698339 0.08269563070846705 -0.21925999750840916 0.01700235417211613 -0.4 -0.013281976358082082 -0.27030773495980037 -0.030764723117491944 -0.12098298676748583 0.015869417365676715 -0.0946554311439455 -0.08333333333333333 -0.41417226634086746 -0.7538994800693241 -0.4397435897435897 -0.09290322580645159 -0.24491434689507496 -0.09256494475962974 -0.14056224899598393 -0.1361731843575419 -0.18493306103925575 -0.22206556221360593 -2.140665565258437 -8.258880192655027 -0.9344385832705351 -0.2651849981058214 -0.4254194741709605 -0.1112989574528036 -0.07173252279635259 -0.029239766081871343 -0.06129906872568667 0.06335923490735205 -0.3095937347038669 -0.5744445808272985 -0.41495837992297185 -0.037202380952380945 -0.20394991609655352 0.004159733777038268 -0.084604537879759 -0.013031631323302924 -0.05606584754861029 0.024820054604120127 -0.09062693978895095 -0.27512839325018346 -0.18267157173664847 -0.09842271293375394 -0.03203416978109984 -0.11877133105802047 -0.10799404170804369 -0.014695907754917479 -0.0816419095135503 -0.0048198578141944795 -0.16987141677480241 -0.09816832275829043 -0.1018886679920477 -0.13618190904547728 -0.08195671660904084 -0.10527701013291221
-0.06833435021354485 -0.027808676307007785 -0.04733461061647696 0.08742277654738315 -0.03601440576230493 -0.062433737778301336 -0.11122095897182402 -0.02580169553999263 -0.05717255717255719 -0.005583472920156338 -0.14854042882975976 0.01705653021442495 -0.11503996124969726 0.054583798536161764 -0.2215508559919436 -0.05931784478497282 -0.29004789781798823 -0.028321318228630276 -0.21069475930124013 -0.015371716042481831 0.0012755102040816354 -0.03901487442087296 0.022853019004089488 0.032401296051842075 -0.07413087934560328 0.025555839509327882 -0.046623151725056614 0.0012807377049180336 -0.10231556273559506 -0.0506658946149392 -0.12133729185491157 -0.013031631323302923 -0.032475342795285064 0.0740557886941496 -0.2105394294256883 -0.01569448077426105 -0.4054794520547945 -0.04648691725328728 -0.2703077349598004 -0.05713448578962789 -0.11090107120352868 0.012468827930174566 -0.09580976567009118 -0.08333333333333333 -0.40195479535736106 -0.7328546669967814 -0.44102564102564107 -0.08645161290322581 -0.2542826552462527 -0.08957897879964169 -0.13428714859437751 -0.1361731843575419 -0.17585659178579535 -0.23029021266596167 -2.0958225159310833 -7.842263696568334 -0.921878924893243 -0.25381992675842907 -0.42938300964460296 -0.11411665257819104 -0.0729483282674772 -0.026900584795321637 -0.062477896970411416 0.07172743574417215 -0.31081742535487034 -0.5597152326009575 -0.4186855510001243 -0.04464285714285714 -0.21169484961920743 -0.005546311702717694 -0.08588642481733112 -0.018955100106622436 -0.048908505308362174 0.02606105733432614 -0.074487895716946 -0.25311812179016874 -0.18267157173664847 -0.11104100946372239 -0.02269087026161238 -0.12423208191126278 -0.11295928500496524 -0.01017408998417364 -0.08731148656310239 0.007229786721291721 -0.1793087177067359 -0.11612594277505087 -0.11679920477137176 -0.13243378310844578 -0.09220130618517094 -0.10396104750625083
-0.06589383770591825 -0.01557285873192436 -0.06536684323227772 0.08975405058864669 -0.04441776710684274 -0.08834962893155848 -0.12110726643598616 -0.034402260719990176 -0.05587318087318088 -0.011166945840312673 -0.1407904934125549 0.01949317738791423 -0.1247275369338823 0.0508621759086962 -0.22280966767371604 -0.08897676717745923 -0.2953698775944651 -0.0296086508753862 -0.20402720362715027 -0.016769144773616546 -0.007653061224489796 -0.023165081687393323 0.02405580947798893 0.04080163206528261 -0.08946830265848671 0.011500127779197547 -0.05994405221792992 0.001280737704918033 -0.10231556273559503 -0.04777070063694268 -0.10455660255582806 -0.007108162539983415 -0.030069761847486165 0.0740557886941496 -0.20804783854491093 -0.06539366989275439 -0.4095890410958904 -0.06640988179041041 -0.26892154144718605 -0.06592440668033987 -0.09199747952110901 0.013602357742008613 -0.09003809303936279 -0.08091787439613526 -0.38240684178375084 -0.690765040851696 -0.42051282051282046 -0.0903225806451613 -0.2368843683083512 -0.09107196177963572 -0.1167168674698795 -0.12569832402234637 -0.15089630133877924 -0.21971566208436139 -1.996695775312721 -7.4208308248043355 -0.870384325546345 -0.23361535547417606 -0.3923900118906064 -0.10707241476472244 -0.06322188449848024 -0.02222222222222222 -0.0565837557467877 0.08009563658099222 -0.31326480665687717 -0.5425309930035597 -0.43235184494968315 -0.043402777777777776 -0.22331224990318832 -0.011092623405435386 -0.07819510319189847 -0.022509181376614142 -0.04413694381486342 0.02109704641350211 -0.0633147113594041 -0.22866226461237468 -0.17886591399213497 -0.11482649842271293 -0.005339028296849973 -0.12559726962457338 -0.10178748758689178 0.002260908885371921 -0.08844540197301283 0.01927943125677793 -0.17459006724076914 -0.13288638812402728 -0.11555666003976142 -0.1286856571714143 -0.07811499551799206 -0.10396104750625082
-0.04881025015253203 -0.007786429365962179 -0.0484616251549645 0.08276022846485603 -0.03481392557022809 -0.10130757450818706 -0.11863568956994561 -0.03808821722570341 -0.04677754677754678 -0.008375209380234505 -0.12658227848101267 0.024366471734892786 -0.11503996124969726 0.04590001240540876 -0.20770392749244712 -0.08774097874443895 -0.2900478978179883 -0.027033985581874354 -0.20136018135751432 -0.012576858580212413 0.008928571428571428 -0.021945866861741038 0.02886697137358672 0.04440177607104284 -0.0843558282208589 -0.0012777919754663942 -0.05727987211935527 -0.006403688524590165 -0.10231556273559503 -0.055008685581934 -0.07744933522653931 -0.007108162539983415 -0.014433485686793358 0.06911873611453964 -0.18313192973713716 -0.0941668846455663 -0.39178082191780816 -0.08500464869172533 -0.2509010257831994 -0.0732493407559332 -0.06553245116572148 0.009068238494672412 -0.07272307514717763 -0.08937198067632851 -0.3481979230299328 -0.6511512750680862 -0.3923076923076923 -0.09161290322580647 -0.21145610278372598 -0.09107196177963572 -0.10416666666666667 -0.10940409683426441 -0.13387792148854097 -0.21031606156738342 -1.8727873495397684 -6.7453341360626125 -0.8201456920371765 -0.21719914130572043 -0.35539701413660985 -0.10284587207664131 -0.05835866261398176 -0.019883040935672513 -0.033007190852292825 0.07890017931858936 -0.29735682819383263 -0.5155271879219344 -0.42613989315442913 -0.04712301587301587 -0.21427649412675875 -0.026344980587909038 -0.052557364440456354 -0.03317142518658926 -0.011928903733746873 -0.002482005460412012 -0.04717566728739913 -0.22866226461237468 -0.16491183559558545 -0.12365930599369084 0.006673785371062465 -0.12423208191126282 -0.09558093346573981 0.006782726656115757 -0.08050799410363987 0.014459573442583449 -0.17459006724076914 -0.14006943613073147 -0.11679920477137178 -0.1374312843578211 -0.07427327442694327 -0.12106856165284904
-0.051250762660158634 -0.0022246941045606225 -0.031556407077651304 0.06411003613474762 -0.03601440576230493 -0.1060195547178702 -0.11369253583786454 -0.036859565057132324 -0.036382536382536385 -0.0013958682300390824 -0.13820718160681994 0.01949317738791423 -0.11988374909178978 0.0446594715295869 -0.216515609264854 -0.0852694018783984 -0.2980308674827036 -0.02059732234809475 -0.21602880384051204 -0.009782001117942989 0.010204081632653064 -0.01706900755913191 0.03488092374308395 0.04560182407296291 -0.081799591002045 0.008944543828264758 -0.05594778207006794 -0.0012807377049180336 -0.09962304792676359 -0.050665894614939214 -0.06841357945010972 -0.0011846937566639029 0.006013952369497234 0.06171315724512465 -0.1706739753332503 -0.10332199843055193 -0.38082191780821917 -0.09164563687076635 -0.2467424452453563 -0.07471432757105187 -0.0630119722747322 -0.0011335298118340512 -0.07041440609488629 -0.10024154589371981 -0.3298717165546732 -0.6102995791037386 -0.358974358974359 -0.09161290322580644 -0.1980728051391863 -0.08510002985965961 -0.09036144578313253 -0.11289571694599627 -0.12480145223508052 -0.21854071201973918 -1.7264573991031387 -6.001204093919326 -0.7510675709620698 -0.21088521277939137 -0.3170828378913991 -0.094392786700479 -0.06322188449848024 -0.02456140350877193 -0.028291877873393857 0.06335923490735205 -0.2912383749388155 -0.48115870872713884 -0.4162007702820226 -0.04092261904761905 -0.20136827158900222 -0.02079866888519135 -0.06537623381617741 -0.04383366899656439 -0.0035786711201240594 -0.01365103003226607 -0.048417132216014895 -0.22866226461237468 -0.15983762526956743 -0.1312302839116719 0.017351841964762412 -0.12013651877133107 -0.10178748758689175 -0.0056522722134298 -0.08731148656310239 -0.0024099289070972363 -0.18166804293971925 -0.14366096013408355 -0.11928429423459246 -0.12493753123438281 -0.06658983224484569 -0.101329122252928
-0.05857230018303844 -0.010011123470522798 -0.03042939253916376 0.06527567315537941 -0.03841536614645859 -0.08834962893155848 -0.10504201680672269 -0.02703034770856371 -0.028586278586278595 0.012562814070351758 -0.13820718160681994 0.008528265107212473 -0.13441511261806732 0.03597568539883389 -0.216515609264854 -0.08279782501235787 -0.2900478978179883 -0.028321318228630283 -0.21202827043605815 -0.018166573504751253 0.0 -0.0036576444769568367 0.019244647582391146 0.06120244809792391 -0.08691206543967281 0.03322259136212624 -0.059944052217929936 0.017930327868852458 -0.10770059235325793 -0.02895193977996525 -0.06970440170388537 -0.011846937566639024 -0.0012027904738994475 0.04813626265119723 -0.17316556621402765 -0.09678263144127648 -0.38493150684931504 -0.08500464869172533 -0.2564457998336568 -0.07617931438617051 -0.06553245116572148 -0.00906823849467241 -0.08080341683019739 -0.1135265700483092 -0.3152107513744654 -0.5558306511512752 -0.34487179487179487 -0.08258064516129031 -0.19271948608137043 -0.07912809793968349 -0.09412650602409638 -0.11289571694599625 -0.12253233492171542 -0.21149101163200562 -1.573046967193769 -5.204093919325707 -0.6970610399397137 -0.17678999873721432 -0.29726516052318674 -0.07466892082276697 -0.0668693009118541 -0.0327485380116959 -0.041258988565366035 0.05260011954572624 -0.2973568281938326 -0.4308334356204739 -0.4112312088458194 -0.03348214285714285 -0.2065315606041048 -0.011092623405435383 -0.0640943468786053 -0.054495912806539516 -1.3877787807814458e-18 -0.01489203276247208 -0.04469273743016759 -0.22254830031792613 -0.1496892046175314 -0.138801261829653 0.02402562733582488 -0.12559726962457335 -0.10427010923535251 -0.01017408998417364 -0.09071323279283364 -0.006024822267743098 -0.1769493924737525 -0.12809768945289118 -0.11555666003976144 -0.10869565217391301 -0.06658983224484569 -0.08553757073299116
-0.06345332519829164 -0.00889877641824249 -0.03268342161613885 0.06760694719664295 -0.04441776710684274 -0.08481564377429614 -0.0976272862086011 -0.022115739034279398 -0.018191268191268192 0.01535455053042993 -0.1446654611211573 0.01340155945419103 -0.13562605957859047 0.03473514452301203 -0.2215508559919436 -0.06796836381611468 -0.29004789781798823 -0.016735324407826983 -0.22269635951460193 -0.015371716042481836 0.0 -0.015849792733479636 0.02044743805629059 0.05040201608064322 -0.08307770961145194 0.025555839509327882 -0.046623151725056614 0.012807377049180326 -0.10096930533117932 -0.02605674580196874 -0.06841357945010973 -0.01658571259329463 0.003608371421698344 0.0370278943470748 -0.17191977077363896 -0.11509285901124773 -0.37534246575342467 -0.10094302032142384 -0.2439700582201275 -0.10401406387342513 -0.06427221172022683 0.0 -0.08195775135634306 -0.11835748792270533 -0.2919975565058032 -0.4976479326565982 -0.3166666666666667 -0.07483870967741936 -0.17264453961456097 -0.07614213197969545 -0.08032128514056225 -0.10824022346368714 -0.11232130701157247 -0.20561626130889438 -1.4007552513570922 -4.414208308248044 -0.6003516704345642 -0.15658542745296122 -0.24309684238340604 -0.0591715976331361 -0.07051671732522796 -0.021052631578947368 -0.03300719085229282 0.05379557680812911 -0.29490944689182574 -0.3829630538848656 -0.3925953534600572 -0.03100198412698412 -0.18846004905124564 -0.01941209095951192 -0.06024868606588899 -0.05923468783319512 0.0011928903733746845 -0.012410027302060065 -0.0484171322160149 -0.20420640743458063 -0.1522263097805404 -0.12239747634069402 0.018686599038974905 -0.11194539249146755 -0.09433962264150943 -0.006782726656115759 -0.09524889443247533 -0.002409928907097237 -0.17459006724076914 -0.1280976894528912 -0.09691848906560638 -0.11369315342328837 -0.04738122678960174 -0.08685353335965258
-0.062233068944478345 0.0011123470522803134 -0.032683421616138846 0.07226949527917007 -0.06002400960384154 -0.07656967840735068 -0.10751359367276322 -0.0110578695171397 -0.011694386694386699 0.019542155220547183 -0.1394988375096874 0.02680311890838206 -0.13441511261806732 0.04093784890212132 -0.2177744209466264 -0.07414730598121602 -0.2833954230973922 -0.010298661174047374 -0.2120282704360581 -0.008384572386808273 -0.0025510204081632655 -0.0121921482565228 0.02044743805629059 0.04560182407296291 -0.081799591002045 0.007666751852798364 -0.03996270147861995 0.00896516393442623 -0.08077544426494344 -0.028951939779965262 -0.06195946818123145 -0.017770406349958533 0.006013952369497238 0.0382621574919773 -0.17316556621402768 -0.09809050483913158 -0.36575342465753424 -0.09031743923495816 -0.2273357360687552 -0.10840902431878112 -0.05293005671077505 -0.0011335298118340512 -0.07156874062103198 -0.1135265700483092 -0.2736713500305436 -0.45060658578856144 -0.29743589743589743 -0.07096774193548387 -0.1579229122055674 -0.0686772170797253 -0.06400602409638555 -0.10358472998137802 -0.09416836850465168 -0.20091646105040534 -1.2225631342931318 -3.6375677302829623 -0.5174579251444362 -0.14016921328450563 -0.20214030915576692 -0.053536207382361235 -0.06930091185410334 -0.01286549707602339 -0.030649534362843334 0.05738194859533772 -0.2912383749388155 -0.3240456609795017 -0.37892905951049827 -0.017361111111111112 -0.17942429327481607 -0.0041597337770382685 -0.04614792975259583 -0.04975713777988391 0.008350232613622804 0.001241002730206007 -0.044692737430167606 -0.18097334311567623 -0.1522263097805404 -0.11482649842271293 0.021356113187399894 -0.10648464163822524 -0.08937437934458789 0.009043635541487677 -0.09978455607211703 -0.009639715628388964 -0.17459006724076914 -0.14485813480186763 -0.088220675944334 -0.11369315342328837 -0.03457548981943911 -0.08816949598631399
-0.05491153142159853 0.006674082313681868 -0.025921334385213567 0.06411003613474764 -0.060024009603841535 -0.07185769819766756 -0.11245674740484428 -0.008600565179997546 -0.007796257796257799 0.029313232830820768 -0.13949883750968742 0.02680311890838206 -0.1332041656575442 0.032254062771368316 -0.21651560926485397 -0.08526940187839842 -0.2847259180415114 -0.02188465499485067 -0.20936124816642215 -0.011179429849077698 -0.0025510204081632655 -0.024384296513045595 0.02044743805629059 0.016800672026881076 -0.07157464212678936 -0.006388959877331971 -0.037298521380045295 -0.005122950819672128 -0.06192784060312332 -0.034742327735958305 -0.06195946818123145 -0.021324487619950244 0.015636276160692807 0.029622315477659845 -0.15946181636975212 -0.08370389746272561 -0.34657534246575344 -0.08898924159914996 -0.20515663986692542 -0.09668912979783181 -0.05293005671077504 -0.007934708682838357 -0.06464273346415791 -0.1292270531400966 -0.24679291386682958 -0.4072790294627383 -0.2794871794871795 -0.08258064516129034 -0.1458779443254818 -0.07763511495968947 -0.051455823293172685 -0.10707635009310985 -0.07941910596777854 -0.20561626130889438 -1.0337502950200612 -2.845273931366646 -0.4446119065561417 -0.1338552847581765 -0.17175320385784118 -0.04367427444350521 -0.07173252279635259 -0.019883040935672513 -0.03418601909701756 0.0310818888224746 -0.2875673029858052 -0.28108506198600713 -0.36774754627904094 -0.021081349206349208 -0.1665160707370595 -0.004159733777038266 -0.05127547750288425 -0.05686530031986732 0.0035786711201240586 -0.019856043683296104 -0.044692737430167606 -0.18341892883345562 -0.1598376252695674 -0.12113564668769716 0.013347570742124934 -0.110580204778157 -0.08440913604766634 0.004521817770743838 -0.09978455607211703 -0.013254608989034824 -0.17223074200778576 -0.15204118280857176 -0.09319085487077536 -0.12243878060969515 -0.032014342425406586 -0.08553757073299119
-0.04881025015253203 0.0055617352614015575 -0.032683421616138846 0.0664413101760112 -0.05762304921968788 -0.06478972788314288 -0.1013346515076619 -0.022115739034279394 -0.005197505197505198 0.019542155220547176 -0.14208214931542235 0.024366471734892786 -0.13078227173649795 0.032254062771368316 -0.2077039274924471 -0.07538309441423627 -0.2621075039914848 -0.016735324407826983 -0.19602613681824244 0.00698714365567356 -0.003826530612244898 -0.013411363082175078 0.025258599951888377 0.030001200048001924 -0.06646216768916155 0.007666751852798364 -0.027973891035033966 -0.0012807377049180336 -0.06462035541195477 -0.04777070063694268 -0.055505356912353164 -0.02013979386328634 0.012027904738994472 0.0382621574919773 -0.16195340725052948 -0.07062516348417473 -0.32739726027397265 -0.09031743923495818 -0.21070141391738284 -0.09961910342806915 -0.0516698172652804 -0.0022670596236681025 -0.07041440609488628 -0.11956521739130435 -0.22602321319486868 -0.32928942807625655 -0.2551282051282051 -0.058064516129032254 -0.13784796573875804 -0.059719319199761124 -0.04141566265060241 -0.09310986964618248 -0.06240072611754029 -0.19504171072729407 -0.8402171347651641 -2.0758579169175198 -0.3793016829942226 -0.11365071347392348 -0.1466508125247721 -0.03522118906734291 -0.0729483282674772 -0.017543859649122806 -0.038901332075916534 0.032277346084877465 -0.2741067058247675 -0.2356695716214558 -0.3317182258665673 -0.024801587301587304 -0.14973538143797602 -0.002773155851358847 -0.05127547750288425 -0.0497571377798839 0.005964451866873433 -0.012410027302060065 -0.03227808814400993 -0.1724137931034483 -0.13446657363947737 -0.12239747634069402 0.03203416978109984 -0.10648464163822527 -0.08689175769612713 0.006782726656115757 -0.09865064066220659 -0.013254608989034824 -0.16515276630883569 -0.1412666107985155 -0.08946322067594435 -0.12243878060969515 -0.023050326546292743 -0.08158968285300697
-0.037827943868212324 0.0055617352614015575 -0.011270145384875467 0.07576640634106538 -0.03961584633853542 -0.049475792201672746 -0.08279782501235787 -0.012286521685710778 0.010395010395010396 0.02372975991066443 -0.15370705244122965 0.01583820662768031 -0.12836037781545168 0.02605135839225902 -0.2001510574018127 -0.0889767671774592 -0.24747205960617347 -0.037332646755921725 -0.20136018135751432 -0.015371716042481835 -0.0025510204081632655 -0.0243842965130456 0.025258599951888377 0.020400816032641305 -0.05240286298568507 0.008944543828264758 -0.006660450246436659 -0.008965163934426227 -0.047119009154550355 -0.05790387955993052 -0.050342067897250556 -0.02606326264660585 0.025258599951888384 0.04937052579609973 -0.14575806652547654 -0.03923620193565262 -0.30547945205479454 -0.07039447469783505 -0.2093152204047685 -0.08643422209200116 -0.06175173282923756 0.0 -0.08195775135634306 -0.11473429951690824 -0.2089187538179597 -0.27605843030453087 -0.23205128205128203 -0.05806451612903226 -0.139186295503212 -0.06569125111973724 -0.011295180722891563 -0.0989292364990689 -0.038574994327206714 -0.18681706027493827 -0.6337030918102432 -1.3642384105960266 -0.2888721426777192 -0.10986235635812602 -0.10173074382349057 -0.03803888419273035 -0.06443768996960486 -0.023391812865497075 -0.009430625957797947 0.03705917513448894 -0.23861967694566816 -0.17184239597397816 -0.28574978258168715 -0.014880952380952384 -0.12520975861623856 0.011092623405435386 -0.051275477502884234 -0.047387750266556096 0.022664917094119046 -0.012410027302060067 -0.029795158286778402 -0.16507703595011008 -0.12431815298744134 -0.1274447949526814 0.030699412706887353 -0.11604095563139931 -0.08565044687189674 -0.0011304544426859603 -0.08617757115319197 -0.018074466803229307 -0.14627816444496872 -0.14485813480186757 -0.0745526838966203 -0.13618190904547728 -0.019208605455243954 -0.0986971969996052
