-0.06218753810510913 0.01668149466192171 -0.09118541033434649 -0.09073987901349466 0.05521546032889209 -0.15518457559369855 0.040811278753400945 -0.044193469187331205 0.010396361273554255 -0.082252892792416 -0.028449502133712657 0.002435460301997076 -0.11018283085119263 -0.03964812290918101 0.02394756743130829 -0.04199604743083003 0.03600480064008534 -0.0488871735494661 0.017363429945238415 -0.061426776490297375 0.008927432725417676 0.03536585365853658 0.037286504690882856 0.03479721622270219 0.025559105431309903 0.10095846645367412 -0.021296419539464928 0.08326928004099413 0.10505050505050503 -1.3877787807814458e-18 0.032291397571686906 -0.04025574236324888 0.01563251563251563 -0.0641025641025641 0.11849819134339527 -0.09270139704922314 0.19114411441144114 -0.02124551852343646 0.06948304613674264 -0.16386247256766642 -0.07936507936507936 -0.026047565118912798 0.001154467790348649 -0.010866940352571837 -0.10383581724896165 -0.11507052709725316 -0.04106249197998203 -0.09410854711873146 0.07776883883078574 0.05528163753174958 0.015052684395383837 -0.044216895508494294 -0.08157715839564922 -0.19138194199835626 -1.045267489711934 -0.3020457280385078 -0.07033408691283596 -0.03659767794043412 0.12172532415983066 0.025359256128486895 -0.00364741641337386 -0.033890382143274514 -0.08951707891637221 -0.20512820512820512 -0.5745721271393643 -0.25728987993138935 0.023652433710942364 -0.07681823813653822 0.07114215496054846 -0.09138742730545554 -0.09861680327868853 -0.0307838029836609 -0.026231071896983427 -0.033490449020094265 -0.09058195805931257 -0.06119951040391677 -0.012691965985531161 -0.04795557799091368 0.03870278926998531 -0.005462988254575254 0.014904980747733202 -0.003390213583455758 -0.0861482656993879 -0.027697495183044325 -0.008263487191594854 -0.061019382627422826 0.03482153960950131 -0.08119925046845722 0.06793129966675213 -0.07627564439768543
-0.06584562858188026 0.017793594306049824 -0.08668242710795901 -0.09888320148906468 0.04321209938782859 -0.1763461086292029 0.02226069750185506 -0.06506260741468205 -0.00649772579597141 -0.09201171058134672 -0.03750161644898487 -0.01704822211397954 -0.12229083424143358 -0.04460413827282864 0.007562389715149989 -0.05311264822134386 0.018669155887451654 -0.06432522835456064 -0.004006945371978094 -0.07259528130671507 0.0025506950644050507 0.049999999999999996 0.036083714216983406 0.029997600191984643 0.016613418530351438 0.10479233226837062 -0.022627445760681486 0.0935178068152703 0.0983164983164983 0.00579038795599305 0.025833118057349523 -0.0331517878285579 0.021645021645021644 -0.0641025641025641 0.09978795060496445 -0.10053531792662226 0.17326732673267325 -0.027884743062010366 0.051417454141189554 -0.1711777615215801 -0.07810531620055429 -0.045300113250283124 0.001154467790348649 -0.05191982612895436 -0.14170535059858294 -0.1472407819846573 -0.056460926472475303 -0.0979760216578574 0.06301957629391257 0.059763932466756306 0.007526342197691926 -0.054689318128927154 -0.0906412871062769 -0.26652577198544086 -1.6813639035861256 -0.45006016847172087 -0.10173323285606632 -0.05805148914689551 0.1071712093146335 0.015497323189630883 -0.01458966565349544 -0.04908262241439757 -0.09069493521790341 -0.2444841979725701 -0.9437652811735943 -0.35653026219063955 -0.013693514253703474 -0.09540329575021682 0.04656577415599535 -0.09692605926336195 -0.08837090163934427 -0.04380771963059436 -0.01907714319780613 -0.049615480029769295 -0.1141580841295446 -0.10159118727050183 -0.03046071836527478 -0.0706713780918728 0.0186841051648205 -0.025949194209232453 0.009936653831822134 -0.0022601423889705053 -0.0929494445703922 -0.04335260115606936 -0.02479046157478456 -0.0765733429050012 0.019898022634000746 -0.08619612742036227 0.05255062804409126 -0.07890583903208838
-0.06828435556639434 0.020017793594306048 -0.09568839356073397 -0.10120986505351326 0.024006721882126995 -0.17399482718081352 0.013603759584466982 -0.06506260741468206 -0.010396361273554255 -0.09758817788930711 -0.04784688995215311 -0.013395031660983926 -0.12834483593655407 -0.038409119068269104 -0.012603982858583319 -0.05434782608695652 -0.005334044539271905 -0.07461726489129035 -0.03071991451849873 -0.08236772302108056 -0.005101390128810101 0.04390243902439024 0.02886697137358672 0.017998560115190784 0.007667731629392971 0.08434504792332267 -0.03327565553041395 0.07558288496028696 0.07676767676767675 -0.01302837290098437 0.021958150348747093 -0.029599810561212407 0.025252525252525256 -0.06780078895463512 0.08232505924909568 -0.10053531792662226 0.14713971397139713 -0.03319612269286948 0.02501389660922735 -0.17264081931236283 -0.07432602670697909 -0.054360135900339744 0.008081274532440544 -0.06761651774933591 -0.16980210114830196 -0.1769364018807226 -0.07185936096496856 -0.1211808688926131 0.05631536604987932 0.03287016285671597 -0.007526342197691919 -0.07796136839655574 -0.10537049626104691 -0.33345074556768817 -2.3398001175778953 -0.6004813477737666 -0.13941220798794274 -0.09843513377082282 0.08600158772161948 -0.012679628064243451 -0.02188449848024316 -0.07011803202056796 -0.10011778563015312 -0.2874180083482409 -1.3276283618581908 -0.44841950502327854 -0.041080542761110415 -0.11398835336389543 0.034924330616996506 -0.10108003323179174 -0.09093237704918035 -0.04499171205304286 -0.016692500298080365 -0.069461672041677 -0.1389750589403152 -0.1175030599755202 -0.05457545373778398 -0.07824331145885917 0.0013345789403443249 -0.025949194209232453 -6.938893903907229e-19 -0.005650355972426264 -0.11448651099523917 -0.04696531791907514 -0.04603942863888561 -0.09810959559703278 0.006218132073125226 -0.1061836352279825 0.04229684696231736 -0.08942661756970016
-0.058529447628338005 0.018905693950177934 -0.09343690194754023 -0.09888320148906468 0.031208738446765093 -0.17869739007759228 0.021023992085085336 -0.07365578197888534 0.005198180636777128 -0.10455876202425762 -0.05431268589163326 -0.015830491962981003 -0.12108003390240951 -0.037170115227357206 -0.012603982858583312 -0.05311264822134387 -0.006667555674089882 -0.078476778592564 -0.03606250834780286 -0.08376378612313277 -0.010202780257620203 0.028048780487804886 0.03367813326918451 0.011999040076793855 -5.551115123125783e-18 0.07412140575079873 -0.03993078663649674 0.06661542403279529 0.07003367003367003 -0.024609148812970473 0.033583053474554383 -0.035519772673454894 0.03006253006253006 -0.07766272189349113 0.08731445677934391 -0.09792401096748923 0.15676567656765675 -0.04381888195458771 0.026403557531962208 -0.1755669348939283 -0.09196271101033006 -0.052095130237825596 0.013853613484183791 -0.07486114465105047 -0.20034204739799658 -0.16951249690670628 -0.08084178108558962 -0.09926517983756607 0.05631536604987932 0.05528163753174958 -0.016307074761665832 -0.10937863625785431 -0.12576478585995923 -0.4015498414934836 -3.0064667842445623 -0.7424789410348979 -0.1733232856066315 -0.12619888944977284 0.06086266207991532 -0.021132713440405747 -0.02917933130699088 -0.09933387869580461 -0.12014134275618375 -0.34108527131782945 -1.7200488997555012 -0.5525606469002695 -0.07220216606498195 -0.14124643786395735 0.01681541844522054 -0.12600387704237054 -0.09733606557377047 -0.05683163627752782 -0.01907714319780613 -0.09178863805507319 -0.1575877900483931 -0.13953488372093023 -0.0723442061175276 -0.08581524482584553 -0.0026691578806886432 -0.027314941272876266 -0.008694572102844366 -0.011300711944852526 -0.12808886873724779 -0.04816955684007707 -0.0684688938732145 -0.09452022014836085 -0.008705384902375324 -0.11118051217988756 0.025634452704434752 -0.08942661756970015
-0.06218753810510913 0.011120996441281141 -0.09681413936733084 -0.10237319683573753 0.012003360941063499 -0.19515636021631788 0.01607717041800643 -0.0859317456420329 0.001299545159194282 -0.10316464519726753 -0.05301952670373723 -0.02679006332196785 -0.11744763288533719 -0.037170115227357206 -0.010083186286866653 -0.06175889328063241 0.0013335111348179718 -0.08104978772674643 -0.032055562975824764 -0.07119921820466286 -0.0051013901288101005 0.014634146341463417 0.042097666586480634 0.0023998080153587674 -0.012779552715654952 0.07028753993610223 -0.03993078663649674 0.06661542403279529 0.05656565656565656 -0.010133178922987839 0.03616636528028933 -0.04380771963059436 0.021645021645021644 -0.08012820512820512 0.0648621678932269 -0.13709361535448492 0.15401540154015397 -0.0690479352011685 0.03474152306837132 -0.1887344550109729 -0.08944318468127992 -0.06568516421291053 0.01500808127453244 -0.0808983337358126 -0.22355240654776448 -0.19302152932442468 -0.07057615809059412 -0.10313265437669199 0.058997050147492625 0.05528163753174958 -0.023833416959357753 -0.1407959041191529 -0.1404939950147292 -0.4696489374192791 -3.6825396825396823 -0.9025270758122744 -0.1934187390102989 -0.15648662291771834 0.04895474993384494 -0.03663003663003663 -0.020668693009118538 -0.10400841416384247 -0.1248527679623086 -0.3697078115682767 -2.1112469437652814 -0.6554765988728253 -0.09212000497945974 -0.16230950315945977 0.021989393351442243 -0.14123511492661314 -0.09989754098360656 -0.0639355908122188 -0.02026946464766901 -0.10047134706028282 -0.17620052115647103 -0.1603427172582619 -0.06980581292042137 -0.09843513377082282 -0.01067663152275457 -0.036875170718382956 -6.938893903907229e-19 -0.018081139111764045 -0.12242121967807755 -0.060211946050096346 -0.08145437374572069 -0.10050251256281409 -0.012436264146250467 -0.11492816989381635 0.02435273006921302 -0.09074171488690164
-0.0670649920741373 0.0 -0.1069458516267027 -0.10120986505351323 -0.0012003360941063496 -0.20103456383729132 0.012367054167697253 -0.08224895654308861 -0.00649772579597141 -0.10595287885124774 -0.06207164101900944 -0.02679006332196785 -0.11381523186826492 -0.040887126750092914 -0.01764557600201664 -0.06546442687747035 -0.005334044539271906 -0.08619580599511127 -0.04274075063443302 -0.07119921820466285 -0.008927432725417676 -0.006097560975609757 0.033678133269184514 -0.01079913606911447 -0.030670926517571882 0.04600638977635783 -0.06122720617596167 0.05380476556495004 0.0404040404040404 -0.024609148812970466 0.033583053474554383 -0.04499171205304286 0.008417508417508417 -0.08382642998027615 0.04365722838967196 -0.13448230839535186 0.1251375137513751 -0.049130261585446824 0.016675931072818232 -0.16971470373079736 -0.10707986898463089 -0.06681766704416761 0.0069268067420918955 -0.09055783627143203 -0.25653554849743465 -0.21281860925513482 -0.08340818683433851 -0.10184349619698338 0.048270313757039426 0.04332885103839833 -0.025087807325639738 -0.17337677449383293 -0.14729209154769998 -0.5447927674063637 -4.362139917695473 -1.0637785800240676 -0.23612157749309218 -0.19939424533064107 0.018523418893887266 -0.06480698788391095 -0.023100303951367782 -0.13205562697206968 -0.14487632508833923 -0.39236732259988066 -2.508557457212714 -0.7522666013232051 -0.13071081787626043 -0.16974352620493122 0.0025869874531108507 -0.14677374688451952 -0.10758196721311475 -0.06867156050201279 -0.02742339334684631 -0.10295212106177128 -0.20101749596724158 -0.1750305997552019 -0.08122858230739942 -0.0933871781928319 -0.02268784198585346 -0.036875170718382956 -0.0024841634579555343 -0.02938185105661657 -0.12015416005440945 -0.07225433526011563 -0.10034234446936607 -0.12682459918640823 -0.029847033951001117 -0.13616489693941286 0.0012817226352217354 -0.11309836927932668
-0.06828435556639434 -0.0022241992882562275 -0.10919734323989642 -0.10586319218241043 -0.015604369223382547 -0.20808840818245944 0.0012367054167697234 -0.08470414927571815 -0.029889538661468484 -0.10595287885124774 -0.060778481831113416 -0.03044325377496347 -0.11381523186826492 -0.05823318052285962 -0.027728762288883286 -0.07658102766798419 -0.012001600213361784 -0.08619580599511127 -0.048083344463737146 -0.06701102889850621 -0.015304170386430305 0.004878048780487805 0.02165022853019004 -0.0011999040076793865 -0.051118210862619806 0.061341853035143765 -0.08385465193664315 0.06661542403279529 0.022895622895622896 -0.020266357845975684 0.03745802118315681 -0.052095666587733847 0.0012025012025012021 -0.08505917159763314 0.02494698765124112 -0.14753884319101712 0.12238723872387239 -0.0637365555703094 -0.0027793218454697038 -0.17702999268471104 -0.11589821113630636 -0.07021517553793884 -0.004617871161394597 -0.09297271190533689 -0.29318348399706823 -0.23014105419450628 -0.09239060695495957 -0.10442181255640066 0.03486189326897292 0.04631704766173614 -0.04264927245358756 -0.18734000465441009 -0.17108542941309768 -0.5988023952095809 -5.046443268665491 -1.2057761732851986 -0.2750565184626978 -0.21958606764260477 -0.00396930404869013 -0.08312200619892927 -0.02917933130699088 -0.14841650111020216 -0.15429917550058894 -0.4281454979129397 -2.902200488997555 -0.8600833129135015 -0.14315946719780903 -0.19576260686408126 -0.0012934937265554254 -0.1592356687898089 -0.10630122950819673 -0.0615676059673218 -0.02980803624657208 -0.1079136690647482 -0.21590768085370393 -0.19583843329253364 -0.07995938570884631 -0.09591115598182735 -0.0253569998665421 -0.04370390603660202 -6.938893903907229e-19 -0.019211210306249293 -0.12695533892541375 -0.06864161849710984 -0.10742533349073309 -0.11964584828906437 -0.031090660365626167 -0.1286695815115553 0.001281722635221736 -0.11441346659652814
-0.0731618095354225 0.005560498220640568 -0.10356861420691207 -0.09422987436016751 -0.021606049693914296 -0.1928050787679285 0.007420232500618351 -0.06506260741468206 -0.01949317738791423 -0.0836470096194061 -0.055605845079529294 -0.009741841207988312 -0.11502603220728899 -0.037170115227357206 -0.046634736576758255 -0.05558300395256917 -0.021336178157087615 -0.059179210086195796 -0.06277547749432348 -0.05165433477593188 -0.015304170386430305 0.013414634146341461 0.01443348568679336 0.009599232061435085 -0.06773162939297125 0.07412140575079873 -0.08917875682150939 0.07430181911350245 0.013468013468013467 0.004342790966994787 0.04262464479462671 -0.050911674165285345 0.0048100048100048086 -0.08012820512820513 0.01621554197330673 -0.142316229272751 0.12513751375137513 -0.05576948612402072 -0.0013896609227348519 -0.16971470373079736 -0.10707986898463089 -0.056625141562853906 -0.0069268067420918955 -0.08210577155276504 -0.3176154409968239 -0.2412769116555308 -0.09495701270370846 -0.09024107257960552 0.021453472780906407 0.05229344090841177 -0.0489212242849975 -0.19432161973469866 -0.18468162247903921 -0.6375484325466714 -5.703703703703704 -1.3381468110709989 -0.30017583521728214 -0.2397778899545684 -0.01587721619476052 -0.09157509157509156 -0.03161094224924012 -0.15893420591328736 -0.15429917550058891 -0.44722719141323786 -3.275061124694377 -0.9556481254594462 -0.1531183866550479 -0.2193036798414075 0.0 -0.16892827471614508 -0.09989754098360656 -0.03670376509590338 -0.028615714796709192 -0.07070205904242124 -0.22087107581585802 -0.1762545899632803 -0.07615179591318696 -0.06562342251388188 -0.018684105164820497 -0.021851953018301014 0.009936653831822134 -0.004520284777941011 -0.1303559283609159 -0.05900770712909441 -0.13339629323574548 -0.11486001435750179 -0.0397960452680015 -0.11992504684572143 -0.011535503716995637 -0.10257759074171488
-0.07194244604316546 0.02335409252669039 -0.1035686142069121 -0.07445323406235457 -0.0336094106349778 -0.18927815659534447 0.006183527083848625 -0.0417382764547017 -0.01299545159194282 -0.0697058413495051 -0.055605845079529294 -0.012177301509985385 -0.11744763288533719 -0.054516169000123904 -0.06554071086463323 -0.0642292490118577 -0.02266968929190559 -0.052746687250739735 -0.06945371978095365 -0.04467401926567081 -0.017854865450835356 0.019512195121951216 0.0180418571084917 0.01079913606911447 -0.0817891373801917 0.07284345047923321 -0.08385465193664315 0.08455034588777863 0.010774410774410777 0.010133178922987842 0.04262464479462671 -0.04143973478569737 0.00962000962000962 -0.07149901380670612 -0.03866783085942373 -0.13839926883405146 0.1155115511551155 -0.04249103704687293 0.009727626459143967 -0.14923189465983905 -0.10204081632653061 -0.0566251415628539 -0.009235742322789193 -0.08572808500362232 -0.32738822379672616 -0.2697352140559267 -0.1000898242012062 -0.09153023075931419 0.009385894341646552 0.03735245779172269 -0.04641244355243352 -0.20712124738189436 -0.1880806707455246 -0.6657273687918283 -6.184597295708407 -1.4620938628158844 -0.30143180105501133 -0.25996971226653204 -0.013231013495633765 -0.10284587207664128 -0.02917933130699088 -0.16244010751431576 -0.14958775029446408 -0.4400715563506261 -3.5684596577017116 -1.0377358490566038 -0.16930163077306112 -0.2354107297732623 0.0025869874531108525 -0.18139019662143446 -0.10245901639344264 -0.02723182571631541 -0.03338500059616072 -0.048375093029025054 -0.21342598337262686 -0.18115055079559367 -0.06599822312476204 -0.05552751135790005 -0.006672894701721608 -0.017754711827369575 0.01242081728977767 0.003390213583455759 -0.1371571072319202 -0.06382466281310212 -0.1924212017471373 -0.11844938980617373 -0.038552418853376444 -0.10493441599000623 -0.003845167905665215 -0.08679642293529721
-0.06462626508962321 0.026690391459074737 -0.1069458516267027 -0.06165658445788739 -0.08882487096386989 -0.1763461086292029 0.012367054167697254 -0.03682789098944267 -0.00649772579597141 -0.06412937404154469 -0.055605845079529294 -0.010959571358986847 -0.11260443152924082 -0.058233180522859626 -0.14872699773128312 -0.0617588932806324 -0.02800373383117749 -0.055319696384922165 -0.06811807132362761 -0.04467401926567081 -0.02168090804744293 0.006097560975609755 0.014433485686793358 0.015598752099832015 -0.13290734824281147 0.05495207667731629 -0.07853054705177692 0.0576479631053036 0.03232323232323232 -0.004342790966994785 0.04133298889175923 -0.041439734785697374 0.016835016835016835 -0.06656804733727813 -0.08107770986653362 -0.13839926883405146 0.11551155115511551 -0.0318682777851547 0.019455252918287935 -0.1389904901243599 -0.10456034265558076 -0.06342015855039637 -0.01731701685522974 -0.0845206471866699 -0.3469337893965307 -0.2709725315515961 -0.10778904144745283 -0.10442181255640068 -0.0013408420488066515 0.031376064545047065 -0.050175614651279475 -0.2129392599488015 -0.18468162247903921 -0.6751203475402137 -6.6572604350382125 -1.4873646209386282 -0.2976639035418237 -0.2801615345784957 -0.001323101349563377 -0.1183431952662722 -0.0182370820668693 -0.17412644618441042 -0.14605418138987042 -0.43410852713178294 -3.8520782396088022 -1.0499877481009556 -0.17801568529814515 -0.25399578738694084 0.01034794981244341 -0.1869288285793409 -0.10502049180327869 -0.02841581813876391 -0.022654107547394775 -0.03597122302158273 -0.218389378334781 -0.16401468788249698 -0.0647290265262089 -0.049217566885411415 -0.004003736821032964 -0.0054629882545752535 0.012420817289777668 0.004520284777941011 -0.132622987984584 -0.05900770712909442 -0.18415771455554242 -0.11366355587461115 -0.02362890187787588 -0.10993129294191131 0.008972058446552165 -0.08679642293529721
-0.06462626508962321 0.02001779359430605 -0.11932905549926827 -0.058166589111214514 -0.08762453486976354 -0.1786973900775923 0.01607717041800643 -0.04173827645470169 -0.002599090318388564 -0.0710999581764952 -0.049140049140049144 -0.01948368241597662 -0.10897203051216856 -0.06814521125015488 -0.13108142172926646 -0.07411067193675888 -0.01866915588745166 -0.0668982374887431 -0.056097235207693344 -0.05584252408208852 -0.020405560515240402 0.002439024390243901 0.013230695212893911 0.011999040076793855 -0.12907348242811498 0.03578274760383386 -0.07187541594569413 0.04355623879067384 0.04579124579124579 -0.01737116386797915 0.046499612503229135 -0.042623727208145876 0.02164502164502164 -0.061637080867850094 -0.0810777098665336 -0.14884449667058364 0.10588558855885588 -0.03585181250829903 0.01528627015008338 -0.1433796634967081 -0.09952128999748049 -0.061155152887882216 -0.009235742322789193 -0.08572808500362232 -0.3493769850965062 -0.26849789656025735 -0.10522263569870398 -0.1173133943534872 -0.0026816840976133026 0.013446884805020171 -0.037631710988459605 -0.21992087502909005 -0.17561749376841151 -0.695080427380533 -6.727807172251618 -1.535499398315283 -0.30017583521728214 -0.30918727915194344 0.0026462026991267533 -0.14088475626937164 -0.01702127659574468 -0.17646371391842935 -0.14958775029446408 -0.43768634466308887 -3.9034229828850853 -1.0622396471453075 -0.17552595543383542 -0.2688638334778838 0.01422843099210969 -0.1966214345056771 -0.11014344262295081 -0.03315178782855789 -0.03219267914629784 -0.037211610022326966 -0.2320387144807048 -0.16768665850673198 -0.06726741972331514 -0.0618374558303887 0.0013345789403443214 -0.01638896476372576 0.019873307663644268 0.005650355972426264 -0.12128768986624346 -0.06984585741811175 -0.17471372919371975 -0.12443168222062695 -0.014923516975500557 -0.11492816989381635 0.016662394257882594 -0.09468700683850603
-0.05609072064382392 0.01779359430604982 -0.12045480130586514 -0.06281991624011167 -0.072020165646381 -0.18927815659534447 0.03833786791986149 -0.04542106555364596 0.02079272254710851 -0.08922347692736651 -0.0387947756368809 -0.014612761811982464 -0.10049642813899988 -0.08177425350018584 -0.11343584572724982 -0.0827569169960474 0.009334577943725829 -0.06175221922037825 -0.02537732068919461 -0.05444646098003629 -0.019130212983037877 0.0 0.009622323791195571 0.007199424046076312 -0.136741214057508 0.016613418530351438 -0.06788233728204446 0.035869843709966695 0.05117845117845118 -0.03184713375796179 0.05037458021183157 -0.04025574236324887 0.010822510822510824 -0.061637080867850115 -0.0785830111014095 -0.16190103146624885 0.11276127612761275 -0.03983534723144337 0.027793218454697056 -0.15215801024140455 -0.08818342151675487 -0.06342015855039637 -0.008081274532440544 -0.08693552282057473 -0.33960420229660393 -0.27715911902994306 -0.0962402155780829 -0.13536160886940832 0.016090104585679808 -0.008964589870013449 -0.041394882087305566 -0.2315569001629044 -0.1790165420348969 -0.6986027944111776 -6.790123456790124 -1.5499398315282793 -0.29012810851544846 -0.32054517920242304 0.014554114845197141 -0.15779092702169625 -0.0036474164133738587 -0.18113824938646722 -0.14840989399293286 -0.4519976147883125 -3.9388753056234727 -1.098995344278363 -0.1630773061122868 -0.2936439102961219 0.03233734316388566 -0.2229299363057325 -0.10886270491803278 -0.03670376509590338 -0.022654107547394775 -0.05209625403125775 -0.22211192455639658 -0.16768665850673195 -0.05203706054067775 -0.05552751135790005 0.021353263045509142 -0.008194482381862878 0.02359955285057757 1.3877787807814458e-18 -0.11788710043074131 -0.06382466281310213 -0.16526974383189705 -0.12084230677195504 -0.001243626414625046 -0.127420362273579 0.035888233786208666 -0.09994739610731193
-0.04877453969028167 0.011120996441281134 -0.10807159743329957 -0.07328990228013028 -0.06721882126995558 -0.19985892311309666 0.03710116250309177 -0.05033145101890498 0.02599090318388564 -0.09898229471629723 -0.01939738781844045 -0.023136872868972237 -0.08959922508778304 -0.0916862842274811 -0.10839425258381649 -0.08152173913043477 0.03333777837044939 -0.05531969638492216 -0.001335648457326033 -0.04048582995951418 -0.003826042596607574 0.006097560975609756 0.016839066634592254 0.013198944084473242 -0.13674121405750797 0.023003194888178913 -0.05856515373352855 0.034588777863182166 0.06868686868686869 -0.026056745801968734 0.05295789201756651 -0.042623727208145876 0.006012506012506013 -0.0653353057199211 -0.0785830111014095 -0.1762632197414806 0.12101210121012103 -0.050458106493161604 0.04030016675931073 -0.15362106803218728 -0.0781053162005543 -0.061155152887882216 -0.0069268067420918955 -0.0857280850036223 -0.3420473979965795 -0.2709725315515962 -0.08212498395996408 -0.12504834343173907 0.032180209171359615 0.0044822949350067235 -0.03261414952333166 -0.24086572026995584 -0.17448447767958306 -0.6986027944111776 -6.830099941211053 -1.5547533092659447 -0.28384827932680234 -0.3205451792024231 0.03043133103995766 -0.15779092702169625 -0.0024316109422492394 -0.1788009816524483 -0.15665488810365136 -0.4555754323196184 -3.9767726161369197 -1.1198235726537615 -0.16681190090875136 -0.30355594102341715 0.027163368257663956 -0.22985322625311544 -0.09349385245901638 -0.047359696897939854 -0.014307857398354589 -0.06574051103944431 -0.22211192455639658 -0.17135862913096694 -0.04442188094935906 -0.05552751135790005 0.03202989456826371 -0.008194482381862878 0.043472860514221834 -0.005650355972426262 -0.10315121287689866 -0.05780346820809249 -0.15464526029984654 -0.10050251256281406 0.013679890560875513 -0.1174266083697689 0.05255062804409126 -0.08416622830089425
-0.052432630167052796 0.01112099644128114 -0.11032308904649332 -0.07677989762680315 -0.08642419877565719 -0.21043968963084883 0.03339104625278259 -0.06260741468205254 0.011695906432748537 -0.11013522933221805 -0.00517263675158412 -0.018265952264978076 -0.09081002542680712 -0.0904472803865692 -0.11217544744139148 -0.08646245059288536 0.03867182290972129 -0.050173678116557305 -0.001335648457326032 -0.037693703755409744 0.0038260425966075763 0.006097560975609754 0.01443348568679336 0.020398368130549557 -0.13418530351437702 0.038338658146964855 -0.0412618128577133 0.05252369971816552 0.08619528619528619 0.0014475969889982607 0.04133298889175924 -0.047359696897939854 -0.007215007215007214 -0.07149901380670612 -0.0923038543095921 -0.19062540801671238 0.11963696369636964 -0.059753020847165036 0.04030016675931073 -0.15654718361375275 -0.07306626354245402 -0.061155152887882216 -0.021934888016624337 -0.08331320936971745 -0.3579281700464207 -0.28334570650829 -0.0859745925830874 -0.14051824158824286 0.02011263073209976 -0.0029881966233378165 -0.023833416959357753 -0.2443565278101001 -0.15635622025832768 -0.695080427380533 -6.857142857142857 -1.5643802647412755 -0.2675207234363225 -0.32306915699141847 0.04630854723471818 -0.16765285996055226 0.007294832826747722 -0.1717891784503915 -0.14723203769140164 -0.45080500894454384 -3.9914425427872855 -1.1296250918892428 -0.1531183866550479 -0.3097509602279767 0.03233734316388565 -0.22708391027416225 -0.08068647540983606 -0.0307838029836609 -0.023846428997257658 -0.05209625403125775 -0.23327956322124335 -0.17625458996328025 -0.032999111562381014 -0.06309944472488642 0.033364473508608036 -0.02731494127287626 0.06210408644888834 -0.011300711944852524 -0.07708002720471549 -0.05659922928709056 -0.1475622712784795 -0.11246709739172049 0.024872528292500935 -0.1211742660836977 0.06408613176108689 -0.08811152025249867
-0.05974881112059505 0.01668149466192171 -0.1069458516267027 -0.06979990693345742 -0.08282319049333814 -0.21043968963084883 0.027207519168933957 -0.0638350110483673 0.01299545159194282 -0.11989404712114875 -0.00646579593948015 -0.0036531904529956117 -0.08959922508778302 -0.0904472803865692 -0.11091504915553314 -0.07781620553359683 0.029337244965995463 -0.042454650714010035 0.006678242286630158 -0.036297640653357534 0.006376737661012627 0.01829268292682927 0.016839066634592254 0.029997600191984643 -0.13035143769968052 0.04600638977635783 -0.03327565553041395 0.04868050217781194 0.1037037037037037 -0.013028372900984367 0.042624644794626715 -0.046175704475491366 -0.006012506012506013 -0.07396449704142012 -0.08606710739678183 -0.18801410105757932 0.11826182618261827 -0.05842517593945027 0.04446914952751529 -0.15508412582297 -0.07306626354245402 -0.056625141562853906 -0.02655275917801893 -0.08814296063752716 -0.3603713657463963 -0.27715911902994306 -0.09495701270370846 -0.14438571612736883 0.017430946634486456 -0.008964589870013447 -0.026342197691921726 -0.23970211775657435 -0.15522320416949922 -0.6962545497240812 -6.883009994121105 -1.575210589651023 -0.27756845013815623 -0.33442705704189807 0.0449854458851548 -0.1873767258382643 6.938893903907229e-19 -0.17763234778543882 -0.15076560659599528 -0.4519976147883125 -4.008557457212714 -1.1357510414114187 -0.1531183866550479 -0.3147069755916243 0.04009830552321821 -0.23262254223206863 -0.08709016393442623 -0.022495856026521426 -0.02026946464766901 -0.04961548002976929 -0.23452041196178186 -0.17870257037943696 -0.046960274146465295 -0.05805148914689551 0.036033631389296675 -0.02731494127287626 0.054651596075021736 6.938893903907229e-19 -0.07367943776921333 -0.05539499036608864 -0.14992326761893518 -0.11366355587461115 0.022385275463250844 -0.1211742660836977 0.06024096385542169 -0.09337190952130456
-0.0670649920741373 0.01890569395017793 -0.11032308904649331 -0.07561656584457886 -0.07202016564638099 -0.2116153303550435 0.03833786791986149 -0.06874539651362632 0.016894087069525665 -0.11152934615920815 -0.011638432691064269 2.0816681711721684e-18 -0.09202082576583122 -0.10283731879568828 -0.10461305772624149 -0.08769762845849802 0.03600480064008534 -0.05146018268364853 0.01736342994523842 -0.05305039787798409 0.007652085193215151 0.028048780487804882 0.020447438056290596 0.029997600191984643 -0.11373801916932909 0.060063897763578275 -0.00665513110608279 0.05764796310530361 0.11851851851851851 0.011580775911986104 0.040041332988891766 -0.03670376509590338 -0.009620009620009619 -0.07149901380670612 -0.07484096295372333 -0.1867084475780128 0.13063806380638063 -0.06108086575487983 0.05141745414118955 -0.16386247256766645 -0.07936507936507937 -0.048697621744054356 -0.033479565920110824 -0.08693552282057473 -0.37258734424627415 -0.27220984904726553 -0.11163865007057616 -0.14309655794766019 0.00670421024403325 -0.002988196623337815 -0.022579026593075764 -0.2327205026762858 -0.15522320416949922 -0.6939063050369849 -6.890064667842445 -1.5667870036101081 -0.26626475759859336 -0.3192831903079253 0.04763164858428155 -0.16483516483516486 0.0012158054711246206 -0.16244010751431576 -0.14958775029446406 -0.45080500894454384 -4.015892420537897 -1.1320754716981132 -0.12946595294410554 -0.30851195638706475 0.050446255335661626 -0.2229299363057325 -0.0819672131147541 -0.024863840871418425 -0.011923214498628827 -0.05457702803274622 -0.22583447077801214 -0.18237454100367195 -0.038075897956593475 -0.06309944472488642 0.036033631389296675 -0.025949194209232446 0.048441187430132905 0.01017064075036727 -0.07367943776921335 -0.05900770712909441 -0.14402077676779604 -0.10648480497726728 0.029847033951001124 -0.10993129294191131 0.07818508074852602 -0.07890583903208838
-0.05609072064382392 0.01779359430604982 -0.1024428684003152 -0.07328990228013028 -0.05761613251710479 -0.20808840818245944 0.063071976255256 -0.07365578197888534 0.042884990253411304 -0.11431757981318835 -0.01034527350316824 -0.0024354603019970758 -0.08959922508778304 -0.10159831495477636 -0.10335265944038316 -0.09881422924901187 0.03733831177490332 -0.06689823748874309 0.025377320689194606 -0.0767834706128717 0.014028822854227777 0.00975609756097561 0.027664180899687273 0.016798656107511398 -0.09712460063897763 0.033226837060702875 0.009317183548515906 0.035869843709966695 0.13468013468013468 -0.011580775911986103 0.05295789201756653 -0.0331517878285579 0.0024050024050024056 -0.07766272189349113 -0.0648621678932269 -0.19193106149627887 0.13613861386138615 -0.06506440047802417 0.06114508060033351 -0.16532553035844916 -0.06802721088435375 -0.04869762174405435 -0.020780420226275683 -0.0941801497222893 -0.36525775714634745 -0.2759218015342737 -0.10907224432182727 -0.1534098233853294 0.017430946634486456 -0.01195278649335126 -0.012543903662819869 -0.2397021177565744 -0.14842510763652844 -0.6962545497240813 -6.894767783656673 -1.582430806257521 -0.2574729967344888 -0.33442705704189807 0.058216459380788566 -0.1859678782755706 0.0121580547112462 -0.17763234778543885 -0.13663133097762073 -0.46630888491353606 -4.02322738386308 -1.1480029404557706 -0.12324162828333127 -0.31966299095527195 0.055620230241883326 -0.23400720022154528 -0.07300204918032786 -0.031967795406109396 0.0 -0.06077896303646737 -0.21590768085370393 -0.18849449204406366 -0.03553750475948724 -0.07824331145885917 0.04537568397170692 -0.038240917782026776 0.043472860514221834 0.00452028477794101 -0.07367943776921333 -0.06382466281310212 -0.1475622712784795 -0.1280210576692989 0.03357791319487626 -0.12991880074953152 0.08587541655985645 -0.097317201472909
-0.045116449213510545 0.02557829181494662 -0.1069458516267027 -0.08026989297347605 -0.055215460328892095 -0.19515636021631788 0.06430868167202572 -0.07242818561257058 0.03378817413905133 -0.09758817788930714 -0.01034527350316824 -0.009741841207988305 -0.08717762440973484 -0.1127493495229835 -0.09705066801109151 -0.10004940711462448 0.04533937858381117 -0.07204425575710795 0.03071991451849873 -0.08376378612313276 0.01275347532202525 0.0036585365853658526 0.03367813326918451 0.0035997120230381583 -0.09456869009584665 0.028115015974440893 0.01331026221216558 0.03971304125032027 0.12390572390572392 -0.011580775911986106 0.054249547920433995 -0.026047833293866923 6.938893903907229e-19 -0.08382642998027615 -0.06735686665835101 -0.1827914871393132 0.12238723872387239 -0.0637365555703094 0.04168982768204557 -0.16093635698610093 -0.0655076845553036 -0.06342015855039637 -0.01616254906488109 -0.10383965225790873 -0.3738089420962619 -0.2647859440732493 -0.1231874759399461 -0.15212066520562073 0.008045052292839902 -0.007470491558344538 -0.008780732563973909 -0.24202932278333722 -0.1370949467482438 -0.6974286720676293 -6.905349794238683 -1.5836341756919372 -0.24616930419492591 -0.32559313478041396 0.058216459380788566 -0.17892364046210202 0.015805471124620062 -0.17412644618441042 -0.13074204946996465 -0.46869409660107336 -4.034229828850855 -1.1333006616025485 -0.13320054774057016 -0.3072729525461529 0.03751131807010736 -0.21877596233730273 -0.07556352459016394 -0.03907174994080038 -0.004769285799451533 -0.07566360704539818 -0.21838937833478106 -0.18482252141982863 -0.0406142911536997 -0.08202927814235236 0.04003736821032964 -0.02731494127287626 0.043472860514221834 0.0022601423889705057 -0.06687825889820902 -0.07225433526011561 -0.1345767914059733 -0.1280210576692989 0.0397960452680015 -0.1311680199875078 0.08074852601896951 -0.1012624934245134
-0.043897085721253504 0.030026690391459075 -0.10469436001350896 -0.08841321544904608 -0.05401512423478574 -0.18575123442276037 0.06430868167202572 -0.07611097471151486 0.015594541910331383 -0.08225289279241599 -0.00905211431527221 0.0024354603019970784 -0.09444242644387939 -0.09788130343204064 -0.09957146458280816 -0.09510869565217392 0.028003733831177484 -0.0694712466229255 0.01736342994523841 -0.09493229093955047 0.014028822854227777 0.007317073170731709 0.03728650469088284 -0.004799616030717542 -0.10095846645367412 0.023003194888178913 0.001331026221216558 0.042275172943889314 0.10505050505050506 -0.014475969889982626 0.04908292430896409 -0.028415818138763916 -0.007215007215007216 -0.09985207100591717 -0.06610951727578893 -0.17887452670061363 0.12238723872387236 -0.0637365555703094 0.02779321845469705 -0.16532553035844916 -0.07684555303602923 -0.0668176670441676 -0.023089355806972987 -0.12315865732914755 -0.37014414854629857 -0.267260579064588 -0.12190427306557165 -0.15727729792445536 0.018771788683293107 -0.011952786493351264 -0.012543903662819869 -0.24435652781010003 -0.1348289145705869 -0.7032992837853703 -6.913580246913581 -1.5788206979542718 -0.24240140668173824 -0.33190307925290263 0.05953956073035195 -0.188785573400958 0.013373860182370823 -0.17295781231740098 -0.12720848056537098 -0.4841979725700657 -4.04278728606357 -1.129625091889243 -0.134445412672725 -0.2998389295006814 0.024576380804553093 -0.21600664635834949 -0.0742827868852459 -0.04499171205304286 0.005961607249314415 -0.09302902505581742 -0.22087107581585808 -0.19216646266829865 -0.04569107754791217 -0.09843513377082283 0.02268784198585347 -0.03824091778202676 0.03602037014035523 -0.0011300711944852526 -0.06914531852187714 -0.06984585741811175 -0.12867430055483414 -0.1232352237377363 0.031090660365626167 -0.1411617738913179 0.06664957703153038 -0.1065228826933193
-0.04633581270576759 0.024466192170818506 -0.10469436001350896 -0.0953932061423918 -0.057616132517104776 -0.18222431225017632 0.061835270838486264 -0.07733857107782961 0.015594541910331383 -0.07388819183047539 0.0025863183757920613 -0.00730638090599123 -0.08475602373168663 -0.10407632263660016 -0.08570708343836653 -0.112401185770751 0.03200426723563142 -0.08233629229383764 0.01869907840256444 -0.10191260644981152 0.021680908047442927 0.010975609756097562 0.052922780851575646 -0.008399328053755699 -0.09201277955271564 0.025559105431309903 0.002662052442433116 0.04355623879067384 0.09427609427609426 -0.005790387955993052 0.05166623611469904 -0.04262372720814587 -0.0060125060125060135 -0.11094674556213018 -0.0698515654234751 -0.19584802193497847 0.10863586358635861 -0.08498207409374586 0.011117287381878827 -0.18288222384784197 -0.06676744771982868 -0.06228765571913928 -0.019625952435927036 -0.13281815986476697 -0.3530417786464696 -0.2709725315515961 -0.11035544719620172 -0.15727729792445536 0.02681684097613301 -0.008964589870013445 -0.0012543903662819856 -0.25482895043053294 -0.12689780194878766 -0.7079957731595632 -6.915931804820694 -1.576413959085439 -0.2298417483044461 -0.3382130237253912 0.06615506747816882 -0.19019442096365174 0.015805471124620062 -0.17062054458338202 -0.12131919905771497 -0.49254621347644595 -4.045232273838631 -1.130850281793678 -0.13320054774057016 -0.29488291413703377 0.01422843099210969 -0.21323733037939627 -0.0627561475409836 -0.04854368932038835 0.007153928699177298 -0.09923096005953856 -0.2171485295942425 -0.19951040391676864 -0.0406142911536997 -0.10474507824331145 0.02936073668757506 -0.03824091778202676 0.045957023972177366 -0.011300711944852526 -0.04987531172069825 -0.06623314065510598 -0.11804981702278361 -0.13519980856664277 0.03482153960950131 -0.1474078700811992 0.06664957703153038 -0.1117832719621252
-0.045116449213510545 0.027802491103202848 -0.09793988517392774 -0.10237319683573756 -0.05161445204657304 -0.17987303080178693 0.06307197625525598 -0.07856616744414438 0.02599090318388564 -0.0766764254844556 -0.00646579593948015 -0.014612761811982464 -0.07628042135851797 -0.10283731879568825 -0.0932694731535165 -0.10375494071146245 0.02133617815708761 -0.08748231056220249 0.016027781487912382 -0.10330866955186375 0.024231603111847976 0.001219512195121951 0.06013952369497233 -0.014398848092152628 -0.0779552715654952 0.030670926517571882 0.002662052442433116 0.03458877786318217 0.08080808080808081 -0.004342790966994789 0.04908292430896409 -0.05209566658773383 -0.00962000962000962 -0.10971400394477318 -0.06486216789322688 -0.17887452670061366 0.12376237623762376 -0.08099853937060153 0.029182879377431914 -0.17849305047549377 -0.06676744771982869 -0.06228765571913929 -0.012699145693835146 -0.1436851002173388 -0.339604202296604 -0.267260579064588 -0.10137302707558064 -0.15212066520562073 0.04424778761061947 -0.001494098311668908 0.0025087807325639756 -0.2618105655108215 -0.11896668932698844 -0.7103440178466597 -6.898295120517342 -1.570397111913357 -0.21477015825169551 -0.3382130237253912 0.07673987827467585 -0.18455903071287688 0.01580547112462006 -0.1682832768493631 -0.127208480565371 -0.48181276088252833 -4.041564792176039 -1.111247243322715 -0.12448649321548613 -0.2837318795688266 0.028456861984219373 -0.20769869842148986 -0.06147540983606557 -0.053279659010182334 0.02384642899725766 -0.11039444306623666 -0.19977664722670307 -0.19706242350061198 -0.032999111562381014 -0.10474507824331147 0.037368210329641 -0.03141218246380771 0.039746615327288536 -0.018081139111764045 -0.04534119247336205 -0.06623314065510598 -0.11450832251210011 -0.13519980856664277 0.04477055092650168 -0.15365396627108058 0.07433991284286082 -0.10915307732772225
-0.05974881112059505 0.03336298932384342 -0.11482607227288077 -0.09306654257794325 -0.06961949345816829 -0.17164354573242413 0.04575810042047985 -0.06751780014731157 0.0 -0.05994702356057437 -0.018104228630544415 -0.010959571358986848 -0.07991282237559025 -0.09664229959112873 -0.12225863372825814 -0.09881422924901186 -0.0066675556740898815 -0.09520133796474976 -0.00934953920128222 -0.11168504816417701 0.021680908047442927 -0.01097560975609756 0.052922780851575646 -0.0251979841612671 -0.08945686900958467 0.023003194888178913 -0.011979235990949022 0.020497053548552396 0.07003367003367003 -0.010133178922987842 0.034874709377421854 -0.05801562869997633 -0.01322751322751323 -0.10601577909270217 -0.08357240863165773 -0.169734952343648 0.10451045104510452 -0.0889656088168902 0.005558643690939416 -0.17702999268471104 -0.07936507936507939 -0.06908267270668177 -0.018471484645578386 -0.14972228930210094 -0.34815538724651846 -0.26849789656025735 -0.10650583857307842 -0.15340982338532938 0.037543577366586214 0.001494098311668908 0.006271951831409937 -0.25133814289038864 -0.1234987536823023 -0.7021251614418224 -6.870076425631981 -1.5583634175691936 -0.22230595327807082 -0.33442705704189807 0.06350886477904208 -0.1803324880247957 -0.0012158054711246217 -0.16945191071637256 -0.13898704358068315 -0.4770423375074538 -4.04278728606357 -1.1002205341827982 -0.1506286567907382 -0.28373187956882673 -0.0038804811796662756 -0.21185267238991967 -0.0742827868852459 -0.04380771963059436 0.008346250149040182 -0.09799057305879434 -0.21218513463208835 -0.19583843329253364 -0.05076786394212464 -0.10348308934881374 0.02268784198585346 -0.03004643540016389 0.033536206682399705 -0.013560854333823032 -0.053275901156200414 -0.06984585741811175 -0.12513280604415064 -0.1471643933955492 0.03979604526800149 -0.15865084322298564 0.06152268649064342 -0.11309836927932666
-0.07560053651993659 0.021129893238434172 -0.12383203872565576 -0.09306654257794322 -0.08042251830512544 -0.17869739007759228 0.03710116250309177 -0.07611097471151484 -0.01299545159194282 -0.06273525721455457 -0.03232897969740074 -0.01826595226497808 -0.0932316261048553 -0.09540329575021685 -0.1411646080161331 -0.11240118577075098 -0.03467128950526737 -0.1080663836356619 -0.03205556297582476 -0.12843780538880356 0.012753475322025249 -0.014634146341463417 0.054125571325475096 -0.031197504199664022 -0.09840255591054312 0.019169329073482427 -0.01331026221216558 0.019215987701767877 0.07272727272727272 -0.0072379849449913155 0.025833118057349523 -0.05801562869997632 -0.015632515632515633 -0.09492110453648915 -0.09604590245727829 -0.142316229272751 0.09350935093509352 -0.07303146992431285 -0.009727626459143967 -0.1697147037307974 -0.09952128999748049 -0.07021517553793885 -0.025398291387670285 -0.1581743540207679 -0.35059858294649404 -0.2684978965602573 -0.1231874759399461 -0.1521206652056207 0.020112630732099762 -0.00597639324667563 0.003763171098845963 -0.24202932278333722 -0.1268978019487877 -0.6915580603498884 -6.7936507936507935 -1.5318892900120336 -0.22481788495352925 -0.3205451792024231 0.05424715533209843 -0.16483516483516486 -0.019452887537993922 -0.17880098165244826 -0.13663133097762073 -0.4841979725700655 -3.9914425427872864 -1.0818426856162704 -0.16432217104444163 -0.27753686036426717 -0.012934937265554261 -0.20492938244253672 -0.09093237704918032 -0.04380771963059436 -0.00834625014904018 -0.08682709005209624 -0.21466683211316542 -0.18849449204406363 -0.05838304353344333 -0.10222110045431601 0.0186841051648205 -0.031412182463807704 0.01614706247671097 -0.015820996722793537 -0.05554296077986851 -0.08790944123314065 -0.14520127493802384 -0.1698971045704714 0.017410769804750655 -0.16864459712679575 0.04486029223276083 -0.11835875854813256
-0.08901353493476405 0.03225088967971531 -0.13283800517843075 -0.08026989297347603 -0.08882487096386989 -0.14577944980014107 0.018550581251545878 -0.05033145101890498 -0.023391812865497075 -0.03345880384776244 -0.04267425320056899 -0.023136872868972237 -0.10170722847802396 -0.10779333415933592 -0.1575497857322914 -0.11734189723320158 -0.05200693425790106 -0.11835842017239159 -0.03873380526245492 -0.14100237330727347 0.006376737661012624 -0.01951219512195122 0.05051719990377677 -0.04439644828413727 -0.11373801916932909 0.006389776357827476 -0.03194462930919739 -0.005124263387138095 0.06195286195286197 -0.03474232773595831 0.03099974166881943 -0.05564764385507933 -0.013227513227513227 -0.10355029585798818 -0.11350879381314707 -0.1410105757931845 0.07563256325632564 -0.0770150046474572 -0.022234574763757644 -0.17995610826627656 -0.08692365835222979 -0.07248018120045299 -0.020780420226275683 -0.16421154310553004 -0.3200586366967994 -0.2684978965602573 -0.11163865007057616 -0.15598813974474668 0.03218020917135962 -0.019423278051695803 0.0025087807325639725 -0.22922969513614153 -0.13142986630410153 -0.6798168369144065 -6.578483245149911 -1.4957882069795425 -0.22858578246671687 -0.32054517920242304 0.0502778512834083 -0.16201746970977743 -0.019452887537993922 -0.16945191071637253 -0.13545347467608954 -0.4758497316636851 -3.8679706601466997 -1.040186228865474 -0.1767708203659903 -0.2626688142733243 -0.01940240589833139 -0.1896981445582941 -0.09989754098360655 -0.047359696897939854 -0.008346250149040184 -0.08434631605060779 -0.20101749596724156 -0.16034271725826194 -0.06980581292042137 -0.08833922261484099 0.009342052582410248 -0.01365747063643813 6.938893903907229e-19 -0.011300711944852526 -0.07367943776921335 -0.098747591522158 -0.15582575847007438 -0.17587939698492464 0.017410769804750655 -0.17988757026858215 0.05126890540886951 -0.13019463440294582
-0.07925862699670772 0.024466192170818506 -0.1317122593718339 -0.08608655188459746 -0.09002520705797623 -0.16576534211145075 0.021023992085085333 -0.07120058924625583 -0.028589993502274202 -0.05297643942562387 -0.0387947756368809 -0.046273745737944474 -0.09928562779997578 -0.11398835336389546 -0.16259137887572472 -0.12722332015810275 -0.04000533404453927 -0.12865045670912129 -0.04407639909175905 -0.1549630043277956 0.006376737661012624 -0.028048780487804882 0.039692085638681734 -0.04679625629949604 -0.12268370607028753 -0.010223642172523962 -0.042592839078929856 -0.014091724314629767 0.05252525252525253 -0.0390851187029531 0.030999741668819424 -0.05683163627752782 -0.00962000962000962 -0.09492110453648916 -0.10851939628289883 -0.1488444966705836 0.09625962596259625 -0.0823263842783163 -0.02223457476375764 -0.19604974396488664 -0.07684555303602923 -0.08040770101925254 -0.005772338951743246 -0.16300410528857762 -0.29806987539701935 -0.2623113090819104 -0.10907224432182727 -0.1559881397447467 0.030839367122552967 -0.016435081428357985 0.006271951831409936 -0.22108447754247154 -0.1291638341264446 -0.6504637783257016 -5.981187536743093 -1.3850782190132371 -0.2160261240894248 -0.30918727915194355 0.05953956073035195 -0.14933784164553396 -0.020668693009118545 -0.1682832768493631 -0.13191990577149587 -0.4651162790697674 -3.52078239608802 -0.9703504043126685 -0.15809784638366736 -0.2589518027505885 -0.014228430992109683 -0.1869288285793409 -0.08196721311475409 -0.0627515983897703 -0.004769285799451533 -0.09426941205656164 -0.18364561359970222 -0.17013463892288863 -0.058383043533443334 -0.10600706713780919 0.009342052582410248 -0.03277792952745152 0.002484163457955533 -0.024861566278675556 -0.07594649739288142 -0.098747591522158 -0.1570062566403022 -0.1842546063651591 0.016167143390125604 -0.188632104934416 0.057677518584978216 -0.1367701209889532
-0.07803926350445067 0.026690391459074737 -0.12158054711246202 -0.0837598883201489 -0.09482655143440163 -0.18104867152598167 -6.245004513516506e-18 -0.08961453474097716 -0.04158544509421702 -0.08225289279241602 -0.040087934824776926 -0.06088650754992694 -0.10412882915607216 -0.10903233800024781 -0.1688933703050164 -0.12104743083003952 -0.0493399119882651 -0.12350443844075645 -0.06411112595164953 -0.14658662571548234 0.01275347532202525 -0.036585365853658534 0.04450324753427952 -0.04439644828413727 -0.11884984025559106 -0.024281150159744407 -0.06388925861839478 -0.030745580322828592 0.028282828282828288 -0.0665894614939201 0.027124773960217 -0.0603836135448733 -0.010822510822510822 -0.09245562130177516 -0.11226144443058501 -0.15276145710928318 0.08938393839383937 -0.09427698844774932 -0.03752084491384102 -0.19604974396488664 -0.07684555303602923 -0.07927519818799547 -0.011544677903486492 -0.1581743540207679 -0.27730271194722694 -0.25117545162088595 -0.09752341845245735 -0.16243393064328995 0.026816840976133016 -0.02539967129837143 -0.001254390366281986 -0.2013032348149872 -0.13142986630410153 -0.6034988845837737 -5.347442680776014 -1.2430806257521059 -0.21728208992715398 -0.2877334679454821 0.04895474993384494 -0.15356438433361513 -0.017021276595744678 -0.16945191071637256 -0.12014134275618375 -0.45796064400715564 -3.147921760391198 -0.901739769664298 -0.14813892692642847 -0.26390781811423614 -0.007760962359332556 -0.19523677651620047 -0.09733606557377047 -0.05209566658773383 -0.02026946464766901 -0.08558670305135202 -0.17744136989700957 -0.16279069767441862 -0.06853661632186826 -0.11736496718828875 0.004003736821032963 -0.05326413548210871 0.007452490373866602 -0.02712170866764606 -0.06801178871004308 -0.09272639691714837 -0.15228426395939085 -0.1722900215362527 0.0 -0.18613366645846346 0.03332478851576519 -0.14334560757496057
-0.09023289842702109 0.0233540925266904 -0.11932905549926827 -0.08375988832014888 -0.09602688752850798 -0.17517046790500823 -0.018550581251545885 -0.08347655290940338 -0.057179987004548405 -0.0836470096194061 -0.056899004267425314 -0.06332196785192401 -0.11381523186826492 -0.11027134184115969 -0.1739349634484497 -0.11734189723320158 -0.05200693425790105 -0.12093142930657405 -0.058768532122345396 -0.14379449951137793 0.011478127789822726 -0.03414634146341463 0.04570603800817897 -0.04439644828413727 -0.11629392971246008 -0.015335463258785941 -0.06788233728204446 -0.024340251088905966 0.026936026936026935 -0.06803705848291836 0.012916559028674762 -0.06630357565711578 -0.010822510822510826 -0.08629191321499015 -0.10727204690033679 -0.13970492231361797 0.08250825082508252 -0.0823263842783163 -0.03474152306837132 -0.19312362838332114 -0.10204081632653064 -0.07587768969422423 -0.021934888016624333 -0.15213716493600582 -0.26752992914732465 -0.23261568918584513 -0.10650583857307842 -0.15598813974474673 0.021453472780906417 -0.031376064545047065 0.007526342197691921 -0.1780311845473586 -0.11330160888284613 -0.5647528472466832 -4.673721340388007 -1.085439229843562 -0.19844260236121575 -0.2536597677940434 0.04763164858428155 -0.1253874330797408 -0.027963525835866265 -0.14491059950917376 -0.127208480565371 -0.4186046511627907 -2.7652811735941323 -0.7755452095074736 -0.14689406199427363 -0.21930367984140756 -0.015521924718665115 -0.1675436167266685 -0.117827868852459 -0.04025574236324887 -0.026231071896983427 -0.07194244604316548 -0.17744136989700957 -0.13219094247246022 -0.07615179591318696 -0.08833922261484099 -0.006672894701721608 -0.03687517071838295 0.013662899018755434 -0.02712170866764606 -0.058943550215370656 -0.10476878612716764 -0.14047928225711248 -0.15075376884422112 -0.0024872528292500954 -0.1711430356027483 0.030761343245321714 -0.12493424513413993
-0.08901353493476405 0.023354092526690396 -0.11932905549926827 -0.08026989297347605 -0.08402352658744448 -0.1704679050082295 -0.012367054167697256 -0.07242818561257057 -0.04808317089018843 -0.0878293601003764 -0.046553730764257076 -0.059668777398928396 -0.11502603220728902 -0.1077933341593359 -0.1688933703050164 -0.10746047430830041 -0.054673956527537 -0.11192589733693555 -0.06811807132362761 -0.1410023733072735 0.02295625557964545 -0.03048780487804878 0.04570603800817897 -0.046796256299496033 -0.10734824281150161 -0.012779552715654952 -0.06522028483961134 -0.028183448629259544 0.03367003367003367 -0.0781702374059062 0.016791526737277192 -0.07340753019180676 -0.0036075036075036053 -0.08752465483234714 -0.0823250592490957 -0.13709361535448492 0.10588558855885588 -0.07568715973974241 -0.008337965536409118 -0.18873445501097294 -0.09322247417485513 -0.06342015855039637 -0.02424382359732163 -0.1509297271190534 -0.22599560224774007 -0.22519178421182878 -0.08469138970871296 -0.1534098233853294 0.036202735317779566 -0.02988196623337816 0.015052684395383842 -0.15941354433325575 -0.11556764106050306 -0.5236585652224963 -3.991769547325103 -0.9362214199759326 -0.1833710123084652 -0.23851590106007065 0.05160095263297169 -0.1211608903916596 -0.02674772036474164 -0.13088699310506016 -0.13663133097762073 -0.39475253428741797 -2.3753056234718826 -0.6763048272482235 -0.1282210880119507 -0.18956758765952175 2.7755575615628915e-18 -0.15508169482137912 -0.10117827868852458 -0.0319677954061094 -0.019077143197806123 -0.06698089804018856 -0.1476610001240849 -0.11995104039167684 -0.06599822312476203 -0.0832912670368501 0.0013345789403443214 -0.04780114722753346 0.014904980747733202 -0.033902135834557576 -0.0532759011562004 -0.1119942196531792 -0.12631330421437845 -0.14237855946398664 0.0062181320731252345 -0.1711430356027483 0.03973340169187388 -0.1275644397685429
-0.09389098890379222 0.01668149466192171 -0.11595181807947763 -0.07445323406235459 -0.0648181490817429 -0.17987303080178701 -0.0012367054167697262 -0.07365578197888532 -0.024691358024691357 -0.10734699567823784 -0.043967412388465014 -0.06575742815392108 -0.0944424264438794 -0.11027134184115972 -0.1562893874464331 -0.12104743083003952 -0.04533937858381118 -0.11964492473948281 -0.061439829036997476 -0.14379449951137793 0.0102027802576202 -0.029268292682926828 0.0360837142169834 -0.04199664026877849 -0.0996805111821086 -0.019169329073482427 -0.06921336350326102 -0.034588777863182166 0.03367003367003367 -0.08540822235089751 0.012916559028674762 -0.06748756807956428 1.0408340855860842e-18 -0.07766272189349115 -0.06361481851066483 -0.15537276406841624 0.11826182618261827 -0.08763776390917541 0.00972762645914397 -0.2019019751280176 -0.09322247417485513 -0.06115515288788224 -0.019625952435927036 -0.132818159864767 -0.20400684094795998 -0.22024251422915117 -0.08469138970871297 -0.15340982338532944 0.028157683024939668 -0.031376064545047065 0.015052684395383842 -0.13497789155224574 -0.10763652843870383 -0.46495244804508634 -3.3121693121693125 -0.8050541516245489 -0.1670434564179854 -0.20822816759212515 0.05292405398253506 -0.09861932938856016 -0.029179331306990887 -0.11686338670094658 -0.13545347467608954 -0.36374478234943347 -1.9731051344743278 -0.5709384954667973 -0.10456865430100833 -0.16602651468219548 0.012934937265554263 -0.14123511492661311 -0.10758196721311475 -0.029599810561212407 -0.022654107547394775 -0.05581741503349047 -0.13277081523762252 -0.11627906976744184 -0.0634598299276558 -0.0795053003533569 0.008007473642065926 -0.051898388418464905 0.01614706247671097 -0.03616227822352808 -0.030605304919519384 -0.11319845857418113 -0.10624483532050522 -0.14716439339554918 0.012436264146250467 -0.16489693941286696 0.051268905408869525 -0.12098895318253552
-0.09876844287282038 0.006672597864768685 -0.11370032646628389 -0.09190321079571893 -0.06241747689353019 -0.19280507876792852 -0.0012367054167697262 -0.08470414927571814 -0.028589993502274202 -0.11431757981318835 -0.06336480020690546 -0.059668777398928396 -0.10776123017314443 -0.09912030727295254 -0.15628938744643311 -0.10746047430830039 -0.04800640085344712 -0.11321240190402677 -0.05476158675036731 -0.14937875191958677 -0.001275347532202526 -0.02926829268292682 0.018041857108491703 -0.029997600191984643 -0.10607028753993611 -0.007667731629392971 -0.07453746838812725 -0.026902382782475014 0.02558922558922559 -0.08540822235089751 0.009041591320072335 -0.05919962112242481 -0.012025012025012025 -0.07273175542406313 -0.058625420980416634 -0.14231622927275098 0.1388888888888889 -0.07967069446288674 0.03057254030016676 -0.19019751280175565 -0.10833963214915596 -0.052095130237825596 -0.03463403371045948 -0.1110842791596233 -0.17957488394820428 -0.1967334818114328 -0.07442576671371745 -0.14309655794766019 0.028157683024939668 -0.031376064545047065 0.0062719518314099335 -0.11170584128461718 -0.12803081803761615 -0.4121169425854174 -2.647854203409759 -0.6726835138387486 -0.16327555890479778 -0.18046441191317514 0.03440063508864779 -0.08171315863623554 -0.04133738601823708 -0.11102021736589926 -0.14252061248527678 -0.3494335122242099 -1.5819070904645476 -0.49620191129625085 -0.08589568031868541 -0.15983149547763598 0.025869874531108526 -0.13846579894765992 -0.12038934426229508 -0.027231825716315418 -0.035769643495886495 -0.050855867030513514 -0.12160317657277578 -0.09791921664626682 -0.05965224013199644 -0.0706713780918728 0.006672894701721606 -0.050532641354821085 -0.0024841634579555335 -0.035032207029042826 -0.05667649059170256 -0.12885356454720615 -0.11332782434187223 -0.15075376884422115 -0.003730879243875139 -0.169893816364772 0.02819789797487824 -0.1328248290373488
-0.0963297158883063 -0.0011120996441281131 -0.10582010582010581 -0.09422987436016753 -0.056415796422998446 -0.1939807194921232 -0.0037101162503091756 -0.08102136017677386 -0.037686809616634176 -0.10455876202425762 -0.06077848183111341 -0.05479785679493424 -0.11865843322436129 -0.08425226118200967 -0.14620620115956645 -0.11240118577075098 -0.04533937858381117 -0.11964492473948281 -0.05342593829304128 -0.15356694122574338 -0.003826042596607574 -0.03414634146341464 0.016839066634592254 -0.02039836813054955 -0.09712460063897763 -0.012779552715654952 -0.07853054705177692 -0.02818344862925954 0.022895622895622893 -0.08685581933989577 -0.003874967708602428 -0.0615676059673218 -0.014430014430014432 -0.06780078895463511 -0.04989397530248223 -0.15537276406841624 0.12788778877887788 -0.09294914354003452 0.02223457476375764 -0.19897585954645208 -0.11589821113630636 -0.05322763306908267 -0.03809743708150543 -0.09055783627143202 -0.15147813339848523 -0.19178421182875524 -0.07442576671371745 -0.14438571612736886 0.017430946634486456 -0.03436426116838488 -0.007526342197691921 -0.0965790086106586 -0.13142986630410153 -0.35458494775155575 -1.9729570840681951 -0.5379061371841156 -0.14192413966340114 -0.16027258960121152 0.030431331039957654 -0.06339814032121724 -0.04376899696048632 -0.10634568189786142 -0.1330977620730271 -0.3243887895050685 -1.1797066014669926 -0.42269051703013966 -0.0771816257936014 -0.1499194647503407 0.012934937265554263 -0.12877319302132373 -0.12167008196721311 -0.0319677954061094 -0.04173125074520091 -0.04465393202679236 -0.1091946891673905 -0.09914320685434516 -0.05330625713923087 -0.07193336698637051 0.004003736821032963 -0.05872712373668396 0.0012420817289777674 -0.036162278223528084 -0.06347766946270686 -0.12644508670520233 -0.10152284263959391 -0.1555396027757837 -0.007461758487750279 -0.16739537788881947 0.01794411689310433 -0.12756443976854287
-0.09876844287282038 0.004448398576512457 -0.09906563098052461 -0.10237319683573756 -0.03841075501140319 -0.18222431225017638 0.009893643334157803 -0.06997299287994105 -0.016894087069525665 -0.09201171058134669 -0.049140049140049144 -0.04870920603994155 -0.11865843322436129 -0.07681823813653824 -0.11973783715654149 -0.09387351778656126 -0.025336711561541547 -0.09906085166602341 -0.028048617603846672 -0.13262599469496023 0.0025506950644050503 -0.01585365853658537 0.027664180899687273 0.004799616030717546 -0.06645367412140576 0.006389776357827476 -0.06788233728204446 -0.012810658467845248 0.026936026936026935 -0.07237984944991313 0.001291655902867475 -0.054463651432630836 -0.010822510822510822 -0.07273175542406311 -0.024946987651241127 -0.14492753623188406 0.14851485148514848 -0.07701500464745718 0.04724847137298499 -0.1843452816386247 -0.11463844797178128 -0.036240090600226496 -0.02424382359732163 -0.07244626901714561 -0.11116540434888837 -0.14971541697599605 -0.06544334659309639 -0.11731339435348716 0.02011263073209976 -0.013446884805020168 -1.3877787807814458e-18 -0.06981615080288574 -0.11103557670518922 -0.2864858518257603 -1.309817754262199 -0.38628158844765337 -0.11680482290881689 -0.12115093387178191 0.035723736438211175 -0.03803888419273035 -0.03282674772036474 -0.08180437069066263 -0.12014134275618374 -0.29934406678592723 -0.7787286063569683 -0.3111982357265376 -0.03361135316818124 -0.09788130343204064 0.046565774155995346 -0.08861811132650235 -0.12295081967213115 -0.026047833293866916 -0.04888517944437821 -0.033490449020094265 -0.08934110931877404 -0.06854345165238679 -0.05203706054067775 -0.05552751135790005 0.0013345789403443199 -0.04780114722753346 0.009936653831822134 -0.013560854333823032 -0.052142371344366355 -0.1035645472061657 -0.0814543737457207 -0.13280689160086145 -0.0012436264146250431 -0.14615865084322296 0.03076134324532171 -0.12493424513413995
