0.12448132780082988 0.047682412951874024 0.1256591495568271 0.0736067297581493 0.16375806837198184 0.20306376914855714 0.11098779134295227 0.2930312730854469 0.12010848508330108 0.23291492329149235 0.19326763087162424 0.15299877600979192 0.13040328423086212 0.10206591244466304 0.08282093110804366 0.19974874371859302 0.029356818788364027 0.28380634390651077 0.0953137410643368 0.20217729393468117 0.02433401639344262 -0.06566946369937979 0.0202068227742779 -0.07995226730310262 0.10613353079106502 -0.0036959467783663955 0.14659270998415214 -0.06079027355623101 0.1335095836087244 -0.014932059130954157 0.26261319534282024 0.10071090047393368 0.2554875854623966 0.06498194945848375 0.348294434470377 0.06435331230283911 0.3916175507531107 0.08362279686092886 0.3921836567368134 -0.03619909502262443 0.08607594936708861 0.11264080100125158 -0.05343245440817749 0.041033067825247405 -0.06371723972108681 0.006063545961678396 -0.18444165621079045 0.029077117572692813 -0.2509907529722589 -0.078125 -0.1810463228867524 0.04170045175489401 -0.3023124647490129 -0.1483541956420955 -0.4134129536058796 0.06854256854256854 -0.42738182708792555 0.14449427005480814 -0.45129405644427106 0.11055276381909547 -0.12187836061656113 -0.1699421965317919 -0.5259475218658892 -1.832721241559057 -0.4816704235377863 -0.03529268589509554 -0.2680965147453083 0.11445269694386948 -0.24498042682156837 0.11502314490110814 -0.14402243181238844 -0.05653710247349823 -0.3818393480791618 -0.5481927710843374 -0.5816179990426043 -0.09484932164725657 -0.6000000000000001 -0.060019598236158746 -0.6728181468665898 -0.09874826147426982 -0.14180868267197413 -0.02702702702702703 -0.16805774870291001 -0.2677392243966863 -0.2199859583430845 -0.06018409251829125 -0.1597171421604487 0.1025390625 -0.16887665749311984 0.08111997906581184
0.1257017329753478 0.031049013084941245 0.10770784247728038 0.04790279238228767 0.15060961032751613 0.16862605391283697 0.09372302380071525 0.25240088648116227 0.10202763786646005 0.18410041841004182 0.1753487776782286 0.16156670746634028 0.10746196570876601 0.10329562223315299 0.07152716777512862 0.20100502512562812 0.02001601281024821 0.2838063439065108 0.09001853322742918 0.19086667609218155 0.035860655737704916 -0.08147877903441567 0.01901818614049685 -0.1026252983293556 0.10366530914476117 -0.01847973389183196 0.14263074484944532 -0.06458966565349543 0.1255783212161269 -0.023891294609526652 0.2561448900388098 0.10900473933649288 0.23989444644356478 0.05294825511432009 0.333931777378815 0.05678233438485806 0.3811394891944991 0.07461726489129036 0.38125170811697184 -0.05128205128205128 0.08227848101265822 0.13198316076914324 -0.05807875479149727 0.050687907313540906 -0.05650396729983169 0.026679602231384915 -0.16311166875784192 0.04551201011378002 -0.2179656538969617 -0.06310096153846154 -0.1885378948682732 0.0637090235144214 -0.3327693175408911 -0.14719517848864164 -0.4455672944418925 0.11544011544011545 -0.4298310066127847 0.20179372197309417 -0.4538951749252179 0.1708542713567839 -0.13741187716573067 -0.18265895953757222 -0.6588921282798834 -2.716502784030328 -0.5991220785383794 -0.06328343677741269 -0.2985620277845479 0.08888347741385608 -0.27276171233741636 0.0841632767569084 -0.14784603619678816 -0.0530035335689046 -0.41676367869615827 -0.680722891566265 -0.6258975586404979 -0.09965181894585183 -0.6282208588957057 -0.0526702596766291 -0.6971677559912853 -0.08762169680111266 -0.15300410498818262 -0.015765765765765764 -0.2052785923753666 -0.2701404730459839 -0.2457289960215306 -0.043662969081897575 -0.18044379419653744 0.13427734375 -0.1901426069552164 0.1112128745257098
0.12936294849890165 0.005544466622310942 0.1032200157073937 0.01752541184717841 0.15778149653358833 0.15081344258401616 0.10112220989024541 0.2450135434622014 0.11235955056179778 0.17852161785216175 0.15615000639959045 0.15667074663402694 0.07486114465105047 0.10698475159862268 0.047684778516752416 0.20728643216080403 -0.01601281024819855 0.28252215230512384 0.06354249404289118 0.18945284886186908 0.04226434426229508 -0.05350845190319834 0.0011886366337810525 -0.09665871121718377 0.08268542515117858 0.0073918935567327815 0.1122556788166931 -0.03166160081053698 0.092531394580304 1.3877787807814458e-18 0.24191461836998704 0.10189573459715642 0.22190236296029747 0.03850782190132371 0.32675044883303406 0.0668769716088328 0.3706614276358874 0.09648784253184098 0.3689532659196503 -0.02262443438914028 0.07215189873417721 0.14108544771873935 -0.07666395632477639 0.054308472121650964 -0.06732387593171436 0.04608294930875577 -0.16562107904642406 0.06321112515802782 -0.2179656538969617 -0.042067307692307696 -0.1748033462354851 0.0532839105756979 -0.3248730964467005 -0.224849327770051 -0.43178686265502986 0.07936507936507937 -0.38941954445260835 0.17812655705032382 -0.40967616074912216 0.14213926776740848 -0.1589198231568885 -0.1953757225433526 -0.7953352769679302 -3.6014690202582633 -0.7379285799027169 -0.051113545089448695 -0.3631489154277358 0.11932302447339586 -0.3497916403586312 0.12203675129751719 -0.13000254906958958 -0.08009422850412251 -0.4214202561117578 -0.8445783132530119 -0.6438487314504547 -0.13446992436066757 -0.607361963190184 -0.08451739343459089 -0.6702550301166218 -0.10987482614742698 -0.13683293942032593 0.006756756756756757 -0.20076697496052337 -0.24492736222835876 -0.22700678680084252 -0.016521123436393677 -0.1475249939039259 0.1708984375 -0.15761821366024517 0.14784770378123774
0.10739565535757871 -0.005544466622310926 0.06956131493324358 -0.010515247108307051 0.10279703562036815 0.12825080156750981 0.035762732766062406 0.21423294754986455 0.03745318352059926 0.15341701534170155 0.17022910533725844 0.15055079559363527 0.08935039845447959 0.08116084604033448 0.07403689296022084 0.19597989949748743 0.005337603416066189 0.2786695775009631 0.0741329097167064 0.18945284886186906 0.04226434426229508 -0.08634318375288824 0.004754546535124213 -0.14200477326968972 0.10736764161421694 -0.05051127263767402 0.14659270998415214 -0.10005065856129684 0.12029081295439523 -0.07018067791548455 0.2095730918499353 0.07464454976303316 0.19431450161928748 -0.006016847172081829 0.2908438061041293 0.013880126182965307 0.3313686967910937 0.03344911874437154 0.33342443290516544 -0.08446455505279035 0.032911392405063286 0.13312094663784274 -0.11615750958299453 0.024137098720733767 -0.12382784323154605 0.020616056269706532 -0.23337515683814303 0.04677623261694058 -0.297225891677675 -0.05558894230769231 -0.18104632288675243 0.02664195528784895 -0.34743372814438805 -0.28164116828929064 -0.4180064308681672 0.04810004810004811 -0.3453343130051433 0.1532137518684604 -0.3628560280920796 0.12491026561378323 -0.181622655036444 -0.24277456647398843 -0.9212827988338192 -4.526714844212771 -0.8672440384387234 -0.11926493854204696 -0.40336339263953214 0.04261536588335566 -0.3889379972218715 0.05330340861270866 -0.17461126688758602 -0.08480565371024736 -0.48079161816065186 -1.0012048192771084 -0.7300143609382481 -0.1464761676071557 -0.671165644171779 -0.08084272415482607 -0.7266435986159169 -0.10152990264255912 -0.1592237840527429 -0.0213963963963964 -0.2210692533273179 -0.3013567054868532 -0.2375380294874795 -0.07434505546377154 -0.16703243111436236 0.108642578125 -0.17638228671503625 0.09289545989794584
0.10251403465950697 -0.017742293191394986 0.07292718501065859 -0.009346886318495149 0.11475017929715514 0.12943830898943118 0.06659267480577138 0.21300172371337114 0.08007232338886736 0.1589958158995816 0.15359017022910537 0.17013463892288863 0.08089833373581261 0.11805213969503196 0.07278203036767474 0.23492462311557788 -0.00800640512409927 0.3210479003467317 0.06883770187979878 0.23186766577124276 0.012807377049180318 -0.0960719931898334 -0.024961369309402116 -0.16229116945107397 0.07281253856596323 -0.05667118393495134 0.09904912836767035 -0.10511651469098275 0.07138136153337739 -0.08660594295953412 0.21862871927554978 0.07464454976303317 0.2003118627803766 0.022864019253910944 0.31597845601436264 0.04921135646687698 0.3745907007203668 0.0707577511900167 0.3839846952719323 -0.03770739064856712 0.02911392405063291 0.13653430424394128 -0.12196538506214427 0.04103306782524739 -0.1202212070209185 0.0169779286926995 -0.21706398996235884 0.03413400758533503 -0.2655217965653897 -0.06610576923076925 -0.22224996878511677 0.024325263523688172 -0.38465877044557245 -0.32104775150672227 -0.471979788700046 0.03727753727753729 -0.39799167278961545 0.14947683109118087 -0.4226817531538562 0.11773151471643936 -0.20791014458119247 -0.24739884393063577 -1.0355685131195336 -5.4022035303873945 -0.9870684541463992 -0.11926493854204696 -0.4216427004630757 0.05722634847193477 -0.39651471145346634 0.07153878524337215 -0.22049451950038237 -0.09069493521790342 -0.5308498253783469 -1.1385542168674698 -0.8006223073240786 -0.15488053787969744 -0.712883435582822 -0.09799118079372858 -0.7574009996155324 -0.11404728789986092 -0.185346436123896 -0.02027027027027027 -0.23234829686442593 -0.2929523352143114 -0.2644512052422186 -0.06844465423648809 -0.20848573518653984 0.107421875 -0.2089066800100075 0.09158707313881984
0.10007322431047108 -0.05211798624972277 0.05497587793111186 -0.04907115317209955 0.08964857757590246 0.06056287851799075 0.03699593044765076 0.12681605515882785 0.04907658530285419 0.09065550906555093 0.12799180852425446 0.14932680538555693 0.04588263704419223 0.08976881455976389 0.03388128999874514 0.21356783919597994 -0.06672004270082732 0.2966482599203801 0.00794281175536141 0.2177293934681182 0.015368852459016388 -0.11309740970448742 -0.021395459408058957 -0.1539379474940334 0.059237319511292116 -0.051743254897129484 0.08980454305335446 -0.09878419452887535 0.05816259087904825 -0.07764670748096163 0.19793014230271672 0.04620853080568719 0.17032505697493106 -0.006016847172081831 0.26929982046678635 0.003785488958990535 0.30910281597904393 -0.001286504567091218 0.31702650997540316 -0.1010558069381599 0.020253164556962033 0.10467629992035499 -0.13938901149959343 -0.0024137098720733775 -0.15147872084635733 -0.043657530924084406 -0.2547051442910916 -0.04804045512010115 -0.3077939233817702 -0.15775240384615383 -0.20102384817080785 0.005791729410401947 -0.38917089678510997 -0.340751043115438 -0.46853468075333027 0.04569504569504569 -0.36982610825373496 0.15944195316392626 -0.38756665366107435 0.13496051687006463 -0.227028318795555 -0.26936416184971096 -1.1475218658892128 -6.296647316668642 -1.1151975323288645 -0.17281246196908845 -0.4691689008042895 -0.006087909411907938 -0.44576335395883315 0.019638097909945286 -0.22431812388478206 -0.143698468786808 -0.559953434225844 -1.3349397590361445 -0.8544758257539493 -0.23292111898187057 -0.7349693251533742 -0.18128368446839782 -0.7830321671152121 -0.18497913769123783 -0.18659037193680802 -0.04504504504504504 -0.23798781863297994 -0.30135670548685317 -0.2761525860051486 -0.07552513570922824 -0.22433552792001948 0.087890625 -0.22016512384288217 0.08635352610231584
0.1281425433243837 -0.0754047460634287 0.08078088185796028 -0.08529033765626826 0.12311737987090603 0.019000118750742187 0.08139104698483166 0.08002954937207585 0.08911274699728786 0.051603905160390505 0.1382311532061948 0.08690330477356183 0.04467519922723981 -0.006148548942449578 0.03262642740619901 0.10804020100502514 -0.0720576461168935 0.1720816745858482 0.009266613714588302 0.09472642443093453 0.03201844262295081 -0.13133892739875958 -0.002377273267562108 -0.16706443914081145 0.08638775762063435 -0.050511272637674035 0.11753829899630215 -0.09498480243161095 0.08195637805684072 -0.07913991339405702 0.2173350582147477 0.020142180094786726 0.18351925152932713 -0.05776173285198556 0.2908438061041293 -0.04290220820189274 0.3300589390962672 -0.04502765984819247 0.34162339437004646 -0.1493212669683258 0.04050632911392405 0.09216065536466037 -0.12777326054129398 -0.04586048756939416 -0.13344553979321955 -0.07276255154014069 -0.22835633626097868 -0.07711757269279393 -0.2760898282694848 -0.18179086538461536 -0.20102384817080785 -0.044017143519054794 -0.4072194021432599 -0.4172461752433936 -0.48346348185576477 -0.009620009620009617 -0.3734998775410237 0.10089686098654709 -0.3888672129015477 0.08327351040918879 -0.234197634125941 -0.30635838150289013 -1.2268221574344023 -7.176874777869919 -1.2041760588444654 -0.23001095290251916 -0.4728247623689983 -0.06453183976622426 -0.44576335395883326 -0.030859868144199748 -0.20902370634718329 -0.17550058892815076 -0.5646100116414435 -1.5024096385542172 -0.8688367640019148 -0.28694921359106734 -0.7128834355828221 -0.23272905438510533 -0.7586825579905164 -0.22392211404728793 -0.1903221793755442 -0.08445945945945946 -0.24249943604782315 -0.34577980549885945 -0.2820032763866136 -0.12154826528203917 -0.23530846135089 0.02685546875 -0.22892169126845135 0.03140128221902395
0.13058335367341958 -0.06986027944111776 0.08526870862784697 -0.07127000817852551 0.12431269423858475 0.04393777461109132 0.07152546553212483 0.10957892144791925 0.07490636704119849 0.07670850767085077 0.15742992448483298 0.040391676866585055 0.03863801014247766 -0.0823905558288244 0.051449366294390765 0.03391959798994974 -0.04270082732852948 0.08475664569153718 0.041037860736033896 -0.0042414816909373725 0.03329918032786884 -0.13620333211723218 0.0023772732675621105 -0.1778042959427208 0.08638775762063435 -0.0480473081187631 0.11489698890649762 -0.08991894630192503 0.07799074686054197 -0.09257876661191575 0.21862871927554978 0.031990521327014215 0.17272400143936667 -0.03369434416365824 0.2872531418312388 0.0063091482649842105 0.3274394237066143 0.027016595908915475 0.3293249521727247 -0.06938159879336347 0.03164556962025317 0.12060530208214812 -0.148681612266233 0.0036205648081100604 -0.14787208463572976 0.0012127091923356704 -0.24341279799247176 0.012642225031605569 -0.28269484808454426 -0.10216346153846154 -0.2172555874641029 -0.038225414108652836 -0.4241398759165257 -0.43347241539174775 -0.5041341295360587 -0.013227513227513227 -0.39921626255204506 0.10463378176382661 -0.41097671998959556 0.08470926058865756 -0.2473413788983152 -0.32254335260115596 -1.3177842565597666 -7.9706195948347345 -1.3014592478348557 -0.2616526712912255 -0.499634413843529 -0.09740655059052722 -0.4785957822957444 -0.06592790012624491 -0.22304358908998217 -0.15312131919905772 -0.6018626309662398 -1.5638554216867468 -0.9095260890378171 -0.22331612438468001 -0.7398773006134969 -0.1604605585497305 -0.7830321671152121 -0.15716272600834494 -0.18161462868515982 -0.0990990990990991 -0.23573200992555834 -0.37459478929043105 -0.27381230985256266 -0.16521123436393675 -0.22921238722262868 -0.013427734375 -0.2239179384538404 -0.01700902786863797
0.12814254332438374 -0.09758261255267242 0.0762930550880736 -0.11800443977100128 0.10996892182644036 -0.005937537109606916 0.060426686397829575 0.04801772962324551 0.06328296525894354 0.02510460251046025 0.1523102521438628 0.02937576499388004 0.02897850760685825 -0.10698475159862272 0.04893964110929852 0.02135678391959799 -0.03736322391246329 0.07576730448182868 0.04103786073603389 -0.012724445072812108 0.03457991803278688 -0.1374194332968503 0.003565909901343159 -0.18973747016706444 0.08885597926693818 -0.043119379080941246 0.11621764395139988 -0.07472137791286727 0.07799074686054197 -0.07764670748096161 0.20439844760672704 0.03317535545023696 0.17032505697493106 -0.042117930204572815 0.2645122681029324 0.0050473186119873725 0.31303208906352326 0.03602212787855397 0.3047280677780814 -0.05279034690799396 0.022784810126582282 0.12288087381954715 -0.15913578812870252 0.006034274680183438 -0.14666987256552058 0.012127091923356769 -0.23713927227101633 0.030341340075853353 -0.274768824306473 -0.07662259615384615 -0.2197527781246098 -0.038225414108652836 -0.44782853919909754 -0.45085767269355576 -0.5202112999540651 -0.024050024050024047 -0.4077883908890521 0.09715994020926758 -0.42268175315385614 0.0775305096913137 -0.2712390966662684 -0.3479768786127167 -1.3784256559766763 -8.771472574339532 -1.3880650136433739 -0.3188511622246562 -0.5264440653180599 -0.169243881651041 -0.5114282106326556 -0.13325852153177165 -0.22304358908998217 -0.13545347467608954 -0.6169965075669382 -1.6481927710843376 -0.9334609861177597 -0.22091487573538243 -0.7496932515337423 -0.15923566878980894 -0.7945661924900678 -0.15716272600834494 -0.18285856449807186 -0.09009009009009009 -0.2289645838032935 -0.3289710649537759 -0.27264217177626965 -0.15105027141845648 -0.23774689100219457 -0.006103515625 -0.23767825869402054 -0.018317414627763963
0.14766902611667077 -0.08649367930805056 0.09536631886009199 -0.10281574950344666 0.14104709538608656 0.01662510390689942 0.10728819829818721 0.07510465402610195 0.12398295234405268 0.04602510460251045 0.12927172660949698 0.03304773561811505 -0.009659502535619416 -0.14633546483030008 -0.010038900740368926 0.03517587939698493 -0.12409927942353885 0.09374598690124568 0.007942811755361393 0.0014138272303124658 0.03842213114754098 -0.14714824273379548 0.0023772732675621058 -0.2482100238663485 0.09749475502900161 -0.055439201675495875 0.13206550449022714 -0.08105369807497467 0.10442828816920027 -0.08660594295953412 0.21862871927554983 0.01658767772511848 0.18231977929710927 -0.08303249097472924 0.28605625374027527 -0.010094637223974773 0.34053700065487885 0.030876109610189117 0.32659196501776444 -0.05580693815987934 0.0189873417721519 0.11150301513255205 -0.1637820885120223 -0.0748250060342747 -0.1538831449867757 -0.018190637885035176 -0.2634880803011293 -0.011378002528445008 -0.2879788639365918 -0.11868990384615385 -0.21350980147334248 -0.04517548940113518 -0.45008460236886627 -0.47056096430227157 -0.5202112999540652 -0.0481000481000481 -0.3955424932647563 0.07473841554559044 -0.41097671998959556 0.04881550610193826 -0.25451069422870115 -0.33410404624277457 -1.3784256559766763 -9.148205188958654 -1.3939969154110807 -0.2920774005111354 -0.5154764806239337 -0.13758675270911966 -0.5025887106957949 -0.09117688315331743 -0.2447106806015804 -0.1330977620730271 -0.6356228172293364 -1.7542168674698797 -0.9633796074676878 -0.22451674870932883 -0.7901840490797546 -0.1567858892699657 -0.8317313853646032 -0.16133518776077888 -0.19281005100136833 -0.0822072072072072 -0.24701105346266639 -0.2845479649417697 -0.3054060379124737 -0.1333490677366061 -0.2779809802487198 0.01708984375 -0.2852139104328247 -0.006541933795629987
0.14644862094215283 -0.06986027944111776 0.1032200157073937 -0.08762705923589205 0.14821898159215874 0.0463127894549341 0.11838697743248246 0.09972913075597142 0.14722975590856255 0.06415620641562063 0.13183156277998206 0.03427172582619339 -0.004829751267809705 -0.15494343334972946 -0.011293763332915043 0.016331658291457295 -0.13077128369362157 0.07833568768460254 0.003971405877680696 -0.02686271737593665 0.038422131147540985 -0.1289067250395233 0.007131819802686318 -0.24701670644391407 0.10736764161421694 -0.048047308118763093 0.1373481246698362 -0.07725430597771024 0.108393919365499 -0.08361953113334328 0.21862871927554983 0.041469194312796206 0.19431450161928754 -0.05776173285198556 0.29682824655894674 0.023974763406940054 0.3483955468238376 0.07075775119001673 0.3361574200601257 -0.01659125188536953 0.017721518987341773 0.12515644555694616 -0.1637820885120223 -0.06637702148201786 -0.1683096898292859 0.002425418384671349 -0.28732747804266 0.017699115044247787 -0.3117569352708058 -0.09465144230769232 -0.21350980147334248 -0.030116992934090113 -0.4444444444444445 -0.47867408437644876 -0.5064308681672026 -0.05772005772005771 -0.3881949546901788 0.07100149476831091 -0.39797112758486153 0.031586503948312986 -0.2616800095590871 -0.32369942196531787 -1.3481049562682217 -9.17782253287525 -1.3987424368252461 -0.2847754654983571 -0.5045088959298074 -0.12906367953244854 -0.47985856800101023 -0.08837144059475384 -0.24598521539638032 -0.11896348645465256 -0.6344586728754364 -1.7481927710843377 -0.964576352321685 -0.20170488654100133 -0.7631901840490797 -0.13718765311122 -0.7971293092400358 -0.1432545201668985 -0.18659037193680805 -0.0822072072072072 -0.24588314910895556 -0.2905510865650138 -0.3007254856073017 -0.14160962945480293 -0.2804194099000244 0.009765625 -0.2827120340255192 -0.023550961664267962
0.15133024164022454 -0.04657351962741183 0.1110737125546954 -0.06192312186003037 0.16017212526894575 0.09381308633178957 0.13935133801948454 0.16129032258064516 0.17435102673382408 0.13807531380753138 0.1407909893766799 0.03671970624235006 0.0024148756339048573 -0.17092966060009837 -0.003764587777638348 0.001256281407035173 -0.12676808113157192 0.05136766405547708 0.006619009796134491 -0.0480701258306235 0.03329918032786885 -0.12525842150066885 0.008320456436467375 -0.24940334128878278 0.11353819572997656 -0.04927929037821856 0.14131008980454304 -0.07725430597771023 0.1163251817580965 -0.06868747200238913 0.20827943078913327 0.04976303317535545 0.19551397385150532 -0.018050541516245484 0.29323758228605623 0.07318611987381703 0.3366077275703995 0.12093142930657405 0.330691445750205 0.06636500754147814 0.016455696202531643 0.13539651837524175 -0.17075153908700197 -0.05792903692976105 -0.18874729502284207 0.013339801115692454 -0.30740276035131747 0.03539823008849558 -0.3368560105680317 -0.07512019230769229 -0.21350980147334248 -0.030116992934090113 -0.4467005076142132 -0.49605934167825677 -0.49724391364262743 -0.07215007215007216 -0.37594905706588294 0.061036372695565534 -0.37846273897776045 0.022972002871500356 -0.2748237543314614 -0.30635838150289013 -1.3387755102040813 -9.161236820281957 -1.4200972831889902 -0.2726055738103931 -0.5166951011455032 -0.11445269694386946 -0.4849097108220735 -0.06733062140552672 -0.2600050981391792 -0.11425206124852769 -0.6437718277066355 -1.7554216867469878 -0.9753470560076591 -0.18849801896986432 -0.747239263803681 -0.12616364527192553 -0.7843137254901962 -0.13490959666203062 -0.17788282124642368 -0.08783783783783783 -0.23573200992555834 -0.3133629487333413 -0.28317341446290667 -0.16639131460939344 -0.2535966837356742 -0.02685546875 -0.2489367025268952 -0.0523354703650399
0.1440078105931169 -0.02661343978709248 0.10434197239986535 -0.06192312186003037 0.14343772412144395 0.09737560859755373 0.12085337279565915 0.1600590987441517 0.16272762495156917 0.1297071129707113 0.14591066171765005 0.042839657282741736 0.018111567254286403 -0.17215937038858828 0.013803488518007279 0.002512562814070346 -0.08940485721910864 0.07319892127905483 0.04368546465448768 -0.025448890145624202 0.03329918032786885 -0.14228383801532285 0.02258409604184001 -0.2577565632458234 0.14439096630877452 -0.05420721941604041 0.18753301637612257 -0.0848530901722391 0.16655651024454726 -0.06719426608929371 0.20569210866752913 0.06635071090047392 0.19911239054815882 -0.0012033694344163724 0.28246558946738476 0.10094637223974763 0.32481990831696134 0.15438054805094562 0.32659196501776444 0.09502262443438914 0.01139240506329114 0.13539651837524178 -0.16726681379951214 -0.0627564566739078 -0.19115171916326043 0.014552510308028127 -0.3036386449184441 0.05183312262958282 -0.3289299867899604 -0.05558894230769231 -0.21850418279435635 -0.026641955287848944 -0.45121263395375066 -0.47867408437644887 -0.49724391364262743 -0.05291005291005291 -0.3649277492040167 0.09217737917289488 -0.36415658733255296 0.05599425699928212 -0.2903572708806309 -0.2971098265895953 -1.332944606413994 -9.149389882715317 -1.4450112706133589 -0.2726055738103931 -0.5288813063611991 -0.11201753317910627 -0.4886980679378709 -0.07294150652265394 -0.27402498088197813 -0.0965842167255595 -0.6530849825378346 -1.7710843373493976 -0.9861177596936332 -0.18129427302197143 -0.7521472392638038 -0.11881430671239587 -0.790721517365116 -0.12934631432545202 -0.16917527055603931 -0.0990990990990991 -0.22558087074216107 -0.3325729379277224 -0.2656213433185116 -0.17819211706396035 -0.22677395757132404 -0.0244140625 -0.2151613710282712 -0.0523354703650399
0.15010983646570658 -0.017742293191394986 0.11556153932458209 -0.05724967870078279 0.15180492469519485 0.11281320508253179 0.11838697743248243 0.1834523516375277 0.17047655947307244 0.15062761506276148 0.16126967874056058 0.044063647490820076 0.028978507606858245 -0.17215937038858828 0.03262642740619902 0.01633165829145728 -0.04937283159861222 0.10145113650956723 0.09134233518665609 0.0014138272303124589 0.046106557377049176 -0.13133892739875958 0.026150005943183167 -0.25178997613365156 0.13081574725410341 -0.027103609708020206 0.1769677760169044 -0.05192502532928065 0.1718440185062789 -0.023891294609526652 0.21733505821474774 0.07701421800947868 0.20630922394146575 0.015643802647412754 0.2860562537402752 0.14258675078864352 0.32089063523248196 0.20712723530168536 0.3224924842853239 0.1598793363499246 0.05443037974683544 0.1444988053248379 -0.12893483563712396 -0.05672218199372436 -0.1382543880740563 0.03153043900072762 -0.24090338770388953 0.07838179519595448 -0.2575957727873184 -0.024038461538461543 -0.21850418279435635 -0.01969187999536661 -0.44782853919909754 -0.48331015299026425 -0.5052824988516307 -0.04569504569504569 -0.36737692872887584 0.11210762331838567 -0.3537521134087658 0.06891600861450106 -0.28557772732704023 -0.2786127167630058 -1.3119533527696792 -9.111479682502075 -1.4390793688456518 -0.22757697456492637 -0.5154764806239337 -0.05479118470717155 -0.4697562823588838 -0.012624491513536262 -0.2447106806015804 -0.11425206124852769 -0.6216530849825379 -1.7963855421686747 -0.946625179511728 -0.21251050546284067 -0.7055214723926382 -0.1592356687898089 -0.7394591823657567 -0.15855354659248957 -0.15051623336235853 -0.08896396396396396 -0.21204601849763144 -0.3241685676551807 -0.26211092908963257 -0.16639131460939344 -0.21092416483784443 -0.0048828125 -0.18638979234425818 -0.03009289545989794
0.17207712960702953 -0.027722333111554663 0.1335128464041288 -0.08529033765626826 0.16256275400430314 0.08193801211257572 0.10852139597977557 0.13666584585077568 0.15368720134314867 0.09902370990237097 0.1868680404454115 0.04528763769889841 0.04346776141028737 -0.18568617806197735 0.043920190739114066 -0.002512562814070357 -0.030691219642380564 0.08347245409015025 0.11649457241196717 -0.022621235684999293 0.08196721311475409 -0.12769062385990515 0.06299774159039581 -0.2541766109785203 0.17030729359496483 -0.03695946778366392 0.21394611727416799 -0.07218844984802433 0.21414408460013218 -0.03583694191428998 0.23415265200517466 0.0876777251184834 0.22190236296029747 0.006016847172081827 0.29323758228605623 0.13753943217665615 0.3143418467583497 0.19940820789913805 0.31975949713036356 0.15233785822021115 0.07088607594936709 0.1479121629309364 -0.10802648391218492 -0.05792903692976105 -0.11901899495070933 0.03395585738539898 -0.22584692597239647 0.08343868520859672 -0.23778071334214 -0.009014423076923076 -0.1673117742539643 2.7755575615628915e-18 -0.41511562323745066 -0.45897079276773295 -0.4581993569131833 -0.016835016835016835 -0.30492285084496695 0.1444942700548082 -0.28352191442320196 0.0990667623833453 -0.2557055801170988 -0.284393063583815 -1.2897959183673469 -9.11029498874541 -1.4236564242496144 -0.24096385542168672 -0.5020716548866683 -0.07670765859004017 -0.45965399671675716 -0.0406789170991724 -0.2052001019627836 -0.11896348645465253 -0.5913853317811408 -1.81566265060241 -0.9238870272857825 -0.22931924600792414 -0.6932515337423312 -0.17025967662910338 -0.727925156990901 -0.16411682892906815 -0.11568603060082101 -0.0912162162162162 -0.19963907060681255 -0.33737543522631774 -0.23285747718230754 -0.18881283927307058 -0.17922457937088515 -0.029296875 -0.1551163372529397 -0.0510270836059139
0.1891628020502807 -0.01219782656908405 0.16829350387075057 -0.08412197686645637 0.21157064307912982 0.09500059375371098 0.1640152916512517 0.1415907411967496 0.20663825390675453 0.09762900976290097 0.1843082042749264 0.06119951040391677 0.04105288577638252 -0.17707820954254794 0.028861839628560676 0.01884422110552763 -0.0573792367227115 0.10401951971234107 0.07810431559438709 -0.0014138272303124478 0.06915983606557376 -0.13012282621914145 0.05111137525258528 -0.2720763723150358 0.1554979637171418 -0.055439201675495875 0.1769677760169044 -0.1038500506585613 0.16259087904824848 -0.061221442436912056 0.2574385510996119 0.09478672985781991 0.26388389108792126 -0.00962695547533093 0.34470377019748655 0.1198738170347003 0.37328094302554027 0.1723916119902226 0.38671768242689264 0.12368024132730016 0.09240506329113923 0.15587666401183298 -0.0836334068997561 -0.05068790731354093 -0.09377254147631642 0.052146495270434155 -0.1907151819322459 0.10366624525916561 -0.21400264200792604 0.021033653846153848 -0.1985266575103009 0.01274180470288428 -0.43767625493513823 -0.4543347241539175 -0.5121727147450621 -0.012025012025012025 -0.4041146216017634 0.14075734927752864 -0.40967616074912205 0.09906676238334529 -0.2545106942287012 -0.27398843930635836 -1.282798833819242 -9.081862338585477 -1.4129790010677423 -0.2239260070585372 -0.4874482086278332 -0.05966151223669791 -0.4432377825483016 -0.022443540468508907 -0.21539638032118275 -0.10365135453474676 -0.6041909196740396 -1.8120481927710845 -0.946625179511728 -0.21130988113819185 -0.7423312883435582 -0.16413522782949536 -0.7984108676150199 -0.16411682892906815 -0.1405647468590621 -0.08558558558558557 -0.22219715768102866 -0.34577980549885945 -0.2784928621577346 -0.1982534812367241 -0.24750060960741277 -0.042724609375 -0.23767825869402048 -0.07065288499280387
0.16353429338540398 -0.009980039920159677 0.14248849994390217 -0.0794485337072088 0.1721252689457327 0.09618810117563235 0.10852139597977557 0.14035951736025612 0.149812734082397 0.09902370990237098 0.1753487776782286 0.07343941248470012 0.0313933832407631 -0.15617314313821937 0.02258752666583009 0.04271356783919598 -0.06938884440886042 0.12970335174007963 0.06619009796134498 0.031104199066874033 0.05251024590163933 -0.11552961206372372 0.026150005943183174 -0.27446300715990446 0.12834752560779955 -0.05297523715658494 0.14527205493924988 -0.11651469098277609 0.12822207534699273 -0.07466029565477081 0.2341526520051746 0.10545023696682465 0.24229339090800045 0.02166064981949458 0.3159784560143627 0.14889589905362777 0.34053700065487885 0.19554869419786441 0.34845586225744735 0.14630467571644043 0.08607594936708862 0.15587666401183298 -0.08944128237890582 -0.036205648081100654 -0.10218802596778072 0.060635459616783904 -0.20577164366373898 0.08723135271807839 -0.23249669749009247 0.006009615384615382 -0.2022724435010613 0.03011699293409012 -0.44331641285956 -0.43926750115901714 -0.5202112999540652 -0.0048100048100048086 -0.41146216017634096 0.13702042850024912 -0.425282871634803 0.09475951184493896 -0.27123909666626844 -0.2566473988439306 -1.306122448979592 -9.040398057102239 -1.4402657491991933 -0.18254837531945964 -0.5166951011455033 -0.010958236941434316 -0.48238413941154185 0.021040819189227105 -0.237063471832781 -0.11189634864546524 -0.629802095459837 -1.819277108433735 -0.982527525131642 -0.22331612438468004 -0.7938650306748466 -0.18618324350808427 -0.8496732026143791 -0.18497913769123783 -0.1455404901107103 -0.07882882882882883 -0.24024362734040156 -0.3493816784728059 -0.2972150713784226 -0.19353316025489734 -0.2706656912948061 -0.0341796875 -0.26394796097072803 -0.06672772471542587
0.15499145716377835 -0.027722333111554663 0.12341523617188377 -0.12150952214043695 0.15539086779823091 0.039187744923405765 0.09372302380071526 0.0677173110071411 0.14335528864781094 0.034867503486750356 0.17406885959298604 0.08200734394124846 0.03018594542381068 -0.1512543039842597 0.01631321370309951 0.04522613065326634 -0.08673605551107554 0.12585077693591884 0.051628276409849086 0.04807012583062349 0.04482581967213115 -0.11917791560257814 0.016640912872934746 -0.28281622911694504 0.12711341478464766 -0.05420721941604041 0.1492340200739567 -0.13677811550151978 0.1282220753469927 -0.08212632522024788 0.22121604139715395 0.09597156398104266 0.2434928631402183 -0.013237063778580024 0.3064033512866547 0.10473186119873816 0.3287491814014407 0.13508297954457738 0.3539218365673681 0.08597285067873303 0.0810126582278481 0.13767209011264078 -0.08479498199558604 -0.08689355539464158 -0.10098581389757152 -0.00485083676934271 -0.2020075282308657 0.003792667509481673 -0.23117569352708062 -0.060096153846153834 -0.20976401548258208 0.03011699293409012 -0.44557247602932887 -0.4415855354659248 -0.5225080385852091 -4.5102810375396986e-18 -0.4090129806514818 0.13452914798206275 -0.42658343087527645 0.1091170136396267 -0.283187955550245 -0.23930635838150288 -1.3061224489795917 -9.014334794455632 -1.452129552734607 -0.16551052695631008 -0.5325371679259079 0.0012175818823815909 -0.4937492107589342 0.02524898302707252 -0.23578893703798115 -0.1236749116607774 -0.6239813736903377 -1.863855421686747 -0.9849210148396363 -0.27014047304598393 -0.8073619631901842 -0.24497795198432143 -0.8573625528642829 -0.22531293463143257 -0.16544346311730315 -0.08108108108108107 -0.2503947665237988 -0.3529835514467523 -0.3159372805991107 -0.1852725985367005 -0.2999268471104609 -0.040283203125 -0.29146860145108827 -0.04971869684678791
0.1708567244325116 -0.01330671989354624 0.14585437002131718 -0.07360672975814932 0.1745158976810901 0.08075050469065431 0.11098779134295227 0.10834769761142575 0.16531060312540363 0.07949790794979081 0.1727889415077435 0.09057527539779682 0.028978507606858238 -0.14141662567634042 0.0025097251850922306 0.06155778894472362 -0.10274886575927408 0.1438294593553358 0.029123643102991804 0.0735190159762477 0.042264344262295084 -0.10093639790830596 0.026150005943183174 -0.2744630071599045 0.1295816364309515 -0.04188739682148577 0.1492340200739567 -0.13804457953394125 0.12029081295439521 -0.07615350156786621 0.22509702457956018 0.11492890995260666 0.2578865299268322 0.026474127557160054 0.3255535607420706 0.15394321766561514 0.33922724296005236 0.174964621124405 0.37305274665209065 0.13273001508295626 0.08734177215189873 0.16497895096142906 -0.06969450574979674 -0.05068790731354091 -0.09377254147631643 0.03395585738539898 -0.18695106649937263 0.044247787610619475 -0.22324966974900926 -0.021033653846153834 -0.22100137345486326 0.046333835283215566 -0.43993231810490696 -0.43115438108484005 -0.5236564079007809 0.009620009620009622 -0.4151359294636297 0.14947683109118085 -0.4395890232800105 0.12921751615218952 -0.27721352610825667 -0.223121387283237 -1.2932944606413996 -8.96220826916242 -1.4272155653102385 -0.11561397103565778 -0.5142578601023642 0.0487032752952636 -0.47607021088521273 0.07855239163978119 -0.2447106806015804 -0.10247349823321554 -0.6123399301513388 -1.8457831325301206 -0.9956917185256102 -0.22931924600792414 -0.8122699386503068 -0.1923076923076923 -0.8637703447392028 -0.15994436717663424 -0.15673591242691878 -0.07882882882882883 -0.2368599142792691 -0.35298355144675225 -0.3147671425228177 -0.1852725985367005 -0.2840770543769813 -0.037841796875 -0.27020265198899174 -0.040559989532905925
0.17573834513058334 0.007762253271235306 0.15483002356109055 -0.03388246290454492 0.1864690413578771 0.11043819023868899 0.13318534961154277 0.14159074119674955 0.18597442851607904 0.11436541143654115 0.17662869576347115 0.13096695226438188 0.04709007486114465 -0.0811608460403345 0.017568076295645618 0.13316582914572864 -0.0627168401387777 0.23629125465519457 0.0238284352660842 0.16541778594655734 0.043545081967213115 -0.09728809436945154 0.026150005943183174 -0.24582338902147974 0.1295816364309515 -0.025871627448564742 0.1531959852086635 -0.1279128672745694 0.12161269001982813 -0.049275795132148734 0.21992238033635186 0.13981042654028436 0.25908600215905003 0.06137184115523466 0.31358467983243565 0.1943217665615142 0.3300589390962672 0.2225652901067799 0.37168625307461045 0.18552036199095023 0.0670886075949367 0.18773466833541924 -0.07201765594145662 4.163336342344337e-18 -0.1118057225294542 0.09216589861751152 -0.19824341279799249 0.12262958280657395 -0.23645970937912816 0.061598557692307696 -0.22599575477587713 0.07645082821730569 -0.4399323181049069 -0.35929531757070005 -0.5362884703720717 0.08537758537758537 -0.43228018613764385 0.2329347284504235 -0.4473923787228509 0.22684852835606603 -0.29633170032261924 -0.21040462427745665 -1.315451895043732 -8.927852150219167 -1.4556886937952307 -0.09370816599732261 -0.5435047526200341 0.0718373310605138 -0.5013259249905291 0.09538504699116286 -0.2549069589599796 -0.06831566548881036 -0.6135040745052387 -1.806024096385542 -1.0124461464815702 -0.1788930243726738 -0.8245398773006134 -0.13841254287114158 -0.8714596949891067 -0.11543810848400556 -0.13932081104615002 -0.05630630630630631 -0.2097902097902098 -0.3013567054868531 -0.28434355253919963 -0.13688930847297617 -0.23287003169958548 0.02197265625 -0.2051538653990493 0.028784508700771948
0.17329753478154744 0.006653359946773123 0.15595198025356222 -0.026872298165673558 0.182883098254841 0.10331314570716066 0.12455296584042422 0.1354346220142822 0.1730595376469069 0.11297071129707115 0.17662869576347112 0.14443084455324356 0.05071238831200192 -0.08362026561731432 0.016313213703099502 0.13316582914572866 -0.0573792367227115 0.23885963785796843 0.03177124702144559 0.1724869220981196 0.03457991803278689 -0.10093639790830597 0.02496136930940212 -0.26133651551312653 0.11353819572997655 -0.03572748552420846 0.13734812466983626 -0.13551165146909827 0.11500330469266358 -0.06271464835000748 0.21216041397153945 0.14691943127962087 0.2566870576946144 0.05415162454873647 0.3064033512866547 0.18675078864353314 0.3235101506221349 0.21227325357005017 0.36622027876468977 0.17043740573152338 0.06835443037974683 0.19683695528501538 -0.07782553142060634 -0.002413709872073376 -0.11541235874008175 0.0994421537715256 -0.18946047678795486 0.12768647281921616 -0.22721268163804492 0.06610576923076923 -0.22474715944562368 0.0845592493918684 -0.43880428652002246 -0.33495595734816874 -0.5523656407900781 0.10101010101010102 -0.45922116091109483 0.2428998505231689 -0.47080244505137203 0.23833452979181624 -0.2819930696618473 -0.19537572254335261 -1.2723032069970848 -8.201634877384198 -1.4224700438960731 -0.07667031763417305 -0.5447233731416038 0.09618896870814561 -0.5089026392221239 0.11923130873895356 -0.25235788937037984 -0.06124852767962308 -0.6065192083818395 -1.706024096385542 -1.0004786979415987 -0.1848961459959179 -0.8269938650306748 -0.14208721215090642 -0.8765859284890427 -0.11821974965229484 -0.14927229754944643 -0.04842342342342342 -0.21091811414392062 -0.2905510865650137 -0.2913643809969576 -0.14160962945480296 -0.252377468910022 0.02197265625 -0.2139104328246185 0.03140128221902394
0.18061996582865508 -0.018851186515857175 0.17839111410299563 -0.05841803949059469 0.2008128137700215 0.03918774492340578 0.15291651251695645 0.04309283427727162 0.20534676481983727 0.013947001394700138 0.19070779470113913 0.13586291309669524 0.0760685824680029 -0.08607968519429417 0.03262642740619902 0.12185929648241205 -0.037363223912463314 0.22601772184409913 0.06221869208366428 0.15693482256468258 0.02433401639344262 -0.10215249908792412 0.019018186140496853 -0.2482100238663484 0.09996297667530545 -0.030799556486386596 0.13074484944532488 -0.13804457953394123 0.11103767349636484 -0.06868747200238914 0.22897800776196636 0.14454976303317535 0.2722801967134461 0.03128760529482551 0.32435667265110707 0.1488958990536278 0.352324819908317 0.156953557185128 0.4017491117791746 0.08898944193061839 0.09493670886075947 0.17635680964842415 -0.05110930421651759 -0.021723388848660385 -0.07814378456359702 0.07397526073247636 -0.14303638644918443 0.08596713021491784 -0.17437252311756937 0.02103365384615384 -0.22599575477587713 0.05560060233985868 -0.4286520022560631 -0.33379694019471484 -0.5397335783187873 0.05892255892255892 -0.45922116091109483 0.18435475834578974 -0.4669007673299519 0.17803302225412776 -0.24136694945632695 -0.2092485549132948 -1.1673469387755104 -7.403151285392727 -1.3038320085419388 -0.11561397103565776 -0.4789178649768462 0.04139778400097406 -0.4407122111377699 0.06312245756768131 -0.22049451950038237 -0.0812720848056537 -0.5622817229336439 -1.5963855421686746 -0.9406414552417424 -0.2161123784367871 -0.7803680981595092 -0.177609015188633 -0.8240420351146994 -0.15716272600834494 -0.15051623336235848 -0.06306306306306306 -0.20076697496052337 -0.27734421899387673 -0.28902410484437163 -0.15223035166391316 -0.2548158985613265 0.003662109375 -0.21891418563922946 0.01962580138688997
0.16963631925799363 -0.031049013084941224 0.16941546056322226 -0.05374459633134713 0.1900549844609132 0.016625103906899426 0.13935133801948454 0.004924895345973901 0.18080847216841017 -0.0209205020920502 0.18558812236016892 0.13341493268053856 0.07969089591886018 -0.088539104771274 0.02258752666583009 0.10552763819095479 -0.05604483586869498 0.19776550661358674 0.03706645485835321 0.1286582779584335 0.016649590163934424 -0.10944910616563297 0.0 -0.23389021479713595 0.06047143033444404 -0.030799556486386596 0.07263602746962494 -0.13677811550151975 0.0541969596827495 -0.0657010601761983 0.2341526520051746 0.16113744075829384 0.26868178001679266 0.05054151624548736 0.3267504488330341 0.14763406940063095 0.35887360838244925 0.13765598867875978 0.3976496310467341 0.060331825037707384 0.10886075949367087 0.16384116509272953 -0.038331978162388196 -0.02655080859280714 -0.05530175522962251 0.05942275042444822 -0.12296110414052697 0.05309734513274337 -0.16116248348745046 -0.012019230769230772 -0.2409788987389187 0.038225414108652836 -0.42752397067117875 -0.3164116828929068 -0.533991731740928 0.03487253487253487 -0.47024246877296105 0.13826606875934228 -0.4773052412537392 0.14070351758793967 -0.2102999163579878 -0.1976878612716763 -1.0588921282798833 -6.560834024404691 -1.1792620714200974 -0.12413289521723256 -0.4313916646356324 0.01461098258857908 -0.40030306856926384 0.03506803198204517 -0.20392556716798368 -0.08833922261484098 -0.5366705471478463 -1.453012048192771 -0.8951651507898516 -0.21611237843678716 -0.7717791411042945 -0.17638412542871143 -0.8176342432397796 -0.15716272600834494 -0.15922378405274287 -0.06756756756756757 -0.20415068802165579 -0.2569336054748469 -0.3054060379124738 -0.1475100306820864 -0.2755425505974153 0.0 -0.24143107330497876 0.023550961664267962
0.15499145716377835 -0.039920159680638716 0.14809828340626052 -0.04790279238228766 0.1781018407841262 4.8572257327350596e-18 0.13071895424836605 -0.01969958138389559 0.1588531576908175 -0.040446304044630406 0.18558812236016897 0.12729498164014688 0.08331320936971745 -0.09345794392523367 0.02635211444346843 0.08417085427135679 -0.05204163330664534 0.16052395017336585 0.03839025681758009 0.09472642443093454 -0.0012807377049180336 -0.10336860026754227 -0.007131819802686316 -0.21837708830548927 0.04813032210292485 -0.03203153874584206 0.06603275224511358 -0.1342451874366768 0.035690680766688694 -0.05972823652381665 0.21862871927554978 0.16706161137440756 0.25428811323017875 0.05896510228640193 0.3219628964691802 0.13753943217665615 0.3628028814669286 0.12607744757493888 0.40038261820169446 0.05279034690799397 0.09113924050632911 0.15701444988053245 -0.04413985364153793 -0.02172338884866039 -0.07333493628276029 0.047295658501091443 -0.15181932245922208 0.03160556257901391 -0.19286657859973583 -0.03605769230769231 -0.2434760893994256 0.03359203058033128 -0.42075578116187246 -0.28627723690310614 -0.5156178226917778 0.021645021645021644 -0.4604457506735244 0.1083707025411061 -0.48770971517752637 0.11486001435750179 -0.20074082925080652 -0.18612716763005782 -0.9655976676384839 -5.678237175690084 -1.0772333610155418 -0.11196300352926858 -0.417986838898367 0.015828564470960666 -0.3902007829271373 0.0392761958198906 -0.224318123884782 -0.08244994110718493 -0.5459837019790454 -1.2963855421686745 -0.8903781713738631 -0.20290551086565012 -0.7926380368098159 -0.16291033806957378 -0.8471100858644112 -0.15159944367176634 -0.1455404901107103 -0.059684684684684686 -0.19399954883825857 -0.2401248649297635 -0.2808331383103206 -0.12508850601840926 -0.2450621799561082 0.0244140625 -0.21766324743557672 0.04710192332853591
0.1366853795460093 -0.01996007984031936 0.1211713227869404 -0.01051524710830704 0.15300023906287352 0.041562759767248554 0.09002343075595018 0.041861610440778144 0.11623401782254943 0.012552301255230134 0.18302828618968386 0.12362301101591189 0.08935039845447959 -0.08362026561731432 0.04893964110929853 0.10301507537688441 -0.024019215372297856 0.18492359059971747 0.07280910775747948 0.11734766011593385 -0.00896516393442623 -0.09120758847136082 -0.011886366337810532 -0.20525059665871126 0.041959767987165254 -0.013551804854010103 0.06603275224511358 -0.10511651469098278 0.03833443489755452 -0.03583694191428998 0.20310478654592495 0.15995260663507108 0.24469233537243618 0.049338146811071 0.30879712746858173 0.12870662460567822 0.349705304518664 0.12221793387366524 0.39081716315933324 0.0407239819004525 0.09367088607594934 0.1524633064057344 -0.04413985364153793 -0.027757663528843835 -0.06972830007213274 0.038806694154741694 -0.15683814303638643 0.024020227560050574 -0.1955085865257596 -0.05108173076923077 -0.2597078286927207 0.039383759990733236 -0.41398759165256627 -0.23875753361149746 -0.5167661920073495 0.06854256854256854 -0.48738672544697537 0.1619332336821126 -0.5111197815060476 0.1708542713567839 -0.20193571513920422 -0.16416184971098266 -0.8723032069970845 -4.757730126762231 -0.9811365523786927 -0.045028599245466726 -0.4216427004630757 0.08766589553147448 -0.39146356863240306 0.10941225978398092 -0.2294162630639816 -0.05182567726737338 -0.5320139697322468 -1.1084337349397588 -0.8460986117759693 -0.13687117300996518 -0.7717791411042945 -0.0869671729544341 -0.8278867102396514 -0.08762169680111266 -0.15549197661400674 -0.028153153153153154 -0.1906158357771261 -0.17409052707407852 -0.27264217177626965 -0.04366296908189757 -0.23287003169958545 0.113525390625 -0.20015011258443832 0.12167996859871777
0.11227727605565048 -0.00998003992015968 0.08190283855043196 0.015188690267554622 0.10638297872340426 0.05700035625222659 0.03329633740288569 0.06894853484363457 0.05682551982435748 0.039051603905160395 0.20222705746832204 0.1175030599755202 0.11470659261048058 -0.09960649286768325 0.10540845777387375 0.0829145728643216 0.04536962903656259 0.17850263259278285 0.16150383902568177 0.1088646967340591 0.005122950819672132 -0.08391098139365197 0.00356590990134316 -0.19570405727923626 0.06664198445020363 -0.011087840335099174 0.10301109350237718 -0.09498480243161095 0.09120951751487112 -0.02538450052262206 0.18758085381630013 0.15639810426540282 0.21950341849586183 0.05174488567990374 0.28246558946738487 0.1085173501577287 0.31696136214800263 0.10806638363566193 0.3621207980322493 0.02564102564102565 0.09367088607594935 0.1399476618500398 -0.04413985364153792 -0.036205648081100654 -0.05409954315941332 0.00848896434634975 -0.15432873274780423 -0.010113780025284447 -0.1770145310435931 -0.08864182692307693 -0.2434760893994256 0.03475037646241168 -0.3880428652002256 -0.21905424200278167 -0.46394120349104256 0.04569504569504569 -0.41880969875091845 0.13079222720478328 -0.4330862270776434 0.12634601579325197 -0.19476639980881824 -0.12369942196531794 -0.7731778425655975 -3.823006752754413 -0.8791078419741369 0.023122794207131564 -0.4192054594199366 0.15828564470960674 -0.39651471145346634 0.17393743863094402 -0.20647463675758346 -0.05064782096584217 -0.4877764842840513 -0.9590361445783131 -0.7599329822881762 -0.13927242165926282 -0.6920245398773007 -0.08941695247427733 -0.7368960656157888 -0.08205841446453407 -0.11941783803955716 -0.007882882882882886 -0.15452289645838033 -0.16328490815223917 -0.20009361104610343 -0.025961765400047198 -0.13533284564740306 0.14404296875 -0.09131848886664998 0.1426141567447337
0.12082011227727607 0.0022177866489243732 0.08526870862784697 0.024535576586049775 0.10638297872340426 0.06412540078375492 0.04439511653718091 0.08495444471804972 0.06715743251969522 0.040446304044630406 0.21630615640599005 0.1260709914320685 0.14127022458343397 -0.08116084604033448 0.13928974777261888 0.09673366834170855 0.0974112623432079 0.19648131501219987 0.21313211543553087 0.11452000565530891 0.016649590163934424 -0.08026267785479752 0.005943183168905267 -0.18854415274463004 0.07157842774281131 -0.012319822594554638 0.1109350237717908 -0.08232016210739615 0.0991407799074686 -0.023891294609526652 0.1901681759379043 0.1658767772511848 0.21350605733477268 0.05294825511432011 0.27528426092160385 0.1034700315457413 0.31303208906352326 0.10806638363566193 0.36758677234217 0.018099547511312215 0.09746835443037974 0.1388098759813403 -0.029039377395748633 -0.03982621288921072 -0.03847078624669392 -0.007276255154014065 -0.1317440401505646 -0.018963337547408338 -0.15323645970937913 -0.09615384615384617 -0.2359845174179048 0.040542105872813615 -0.37337845459672875 -0.17385257301808069 -0.439825447864033 0.05531505531505532 -0.40411462160176337 0.14075734927752867 -0.42268175315385614 0.13926776740847088 -0.17684311148285337 -0.10173410404624277 -0.6623906705539359 -2.9143466413932 -0.7545379048522957 0.04502859924546672 -0.3911771874238362 0.16924388165104104 -0.3687334259376184 0.18375648758591667 -0.17206219729798622 -0.03062426383981155 -0.4318975552968568 -0.7891566265060241 -0.6665868836764002 -0.10805618921839355 -0.6085889570552148 -0.052670259676629104 -0.656157887991798 -0.05980528511821975 -0.10075880084587636 0.004504504504504507 -0.13422061809158584 -0.14287429463320928 -0.16264919260472738 -0.020061364172763746 -0.0841258229700073 0.146484375 -0.03627720790592944 0.14523093026298572
0.11471808640468635 -0.0055444666223109325 0.08190283855043196 0.030377380535109234 0.10638297872340426 0.04868780429877686 0.04192872117400419 0.07141098251662151 0.065865943432778 0.023709902370990237 0.21630615640599005 0.12974296205630356 0.14851485148514854 -0.06640432857845548 0.15560296147571842 0.09296482412060302 0.10808646917534029 0.20418646462052142 0.2171035213132116 0.10603704227343418 0.03201844262295082 -0.07053386841785238 0.023772732675621064 -0.17303102625298325 0.09132420091324202 -0.020943698410742888 0.13602746962493395 -0.07472137791286727 0.1269001982815598 -0.016425265044049574 0.19016817593790428 0.16113744075829378 0.2099076406381192 0.06498194945848376 0.2776780371035308 0.08706624605678234 0.31565160445317614 0.09648784253184098 0.36758677234217 0.010558069381598797 0.0949367088607595 0.1456365911935374 -0.03252410268323848 -0.008447984552256819 -0.03366193796585719 0.0036381275770070373 -0.13048933500627352 -0.0012642225031605475 -0.16380449141347425 -0.08864182692307694 -0.2047696341615682 0.05907563998609985 -0.33389734912577557 -0.12401483541956419 -0.38240698208543866 0.06613756613756613 -0.35513103110457994 0.14947683109118087 -0.3745610612563403 0.13208901651112706 -0.15772493726849085 -0.09942196531791907 -0.5504373177842565 -2.017533467598626 -0.618104164195041 0.047462577583059516 -0.35583719229831834 0.16315597223913308 -0.3308498547796439 0.1935755365408893 -0.15549324496558756 -0.03415783274440518 -0.3888242142025612 -0.6096385542168675 -0.5911919578745811 -0.09965181894585183 -0.5595092024539877 -0.045320921117099476 -0.6151480199923107 -0.06397774687065369 -0.07214827714889913 0.02027027027027027 -0.12068576584705615 -0.12606555408812584 -0.11935408378188625 -0.02124144441822044 -0.037795659595220674 0.152587890625 0.008756567425569175 0.13083867591259973
0.10617525018306077 0.0011088933244621873 0.08639066532031864 0.024535576586049775 0.11235955056179776 0.04156275976724854 0.05549389567147613 0.06402363949766068 0.07619785612811572 0.01255230125523013 0.21630615640599005 0.12362301101591186 0.14972228930210096 -0.04918839153959666 0.17944535073409462 0.0942211055276382 0.14278089137977049 0.19648131501219984 0.25019857029388404 0.09472642443093453 0.043545081967213115 -0.09485589201021527 0.03447046237965054 -0.1610978520286396 0.10489941996791312 -0.023407662929653815 0.15847860538827258 -0.07978723404255318 0.14805023132848644 -0.014932059130954157 0.1940491591203105 0.1516587677725118 0.2207028907280796 0.049338146811070994 0.2848593656493118 0.06182965299684542 0.33005893909626716 0.07590376945838158 0.3662202787646898 -0.021116138763197588 0.1 0.11832973034474914 -0.020908351724939017 -0.028964518464880525 -0.01803318105313778 -0.044870240116420074 -0.11166875784190718 -0.06447534766118837 -0.14002642007926022 -0.14873798076923078 -0.18604070420776625 0.04980887292945673 -0.3068245910885505 -0.0764951321279555 -0.3330271015158475 0.08297258297258298 -0.3036982610825373 0.16442451420029897 -0.32383925087787757 0.15218951902368988 -0.1194885888397658 -0.08323699421965318 -0.4093294460641399 -1.1325672313706907 -0.4638747182346661 0.05111354508944871 -0.28150134048257375 0.15950322659198832 -0.2601338552847582 0.17674288118950762 -0.12108080550599029 -0.057714958775029454 -0.34807916181606524 -0.4506024096385543 -0.49305887984681673 -0.11525993516628648 -0.4846625766871166 -0.08329250367466928 -0.5433807509932078 -0.10292072322670376 -0.06095285483269062 0.016891891891891893 -0.10376720054139407 -0.10085244327050066 -0.07020828457758016 -2.7755575615628915e-18 0.008534503779565956 0.17578125 0.041280960720540404 0.15831479785424568
