-0.08892678767206723 -0.02774079005770085 0.034757259782486824 0.017537706068046298 -0.031026252983293555 0.010695187165775399 -0.022175680670198344 -0.0922736220472441 0.010317255610007733 -0.044642857142857144 0.09214230867673406 -0.015917717644177785 0.04347301050597754 0.13446829509005673 0.12320844857933115 0.14143199898977143 0.16070711128967455 0.16874919489887932 0.10476064182469166 0.18029528676888132 -0.07426376440460947 -0.07789678675754624 -0.07132667617689016 -0.04066499222581031 -0.08381609762110193 0.004937662017034933 -0.20330033003300332 0.005076142131979699 -0.2123170249241725 -0.002991325157044579 0.20069921015149556 -0.055654233274126705 0.18005041411595246 0.053063193439459734 0.1962426708148857 0.10238907849829353 0.5771000394373603 0.07985574446161772 0.7215363511659809 0.16787658802177857 -0.13522052318968786 -0.1386836421507332 -0.3398677647604686 -0.7405170330997827 -1.2328767123287672 -0.27309139458672166 -0.30508474576271183 -0.10003798910978853 -0.35398230088495575 -0.034664657121326305 -0.11126390798849857 -0.22427745664739884 -0.1728618235227658 -0.5332096905065493 -0.8743672342383801 -0.2944003845229512 -0.2639656230816452 -0.24866343404202412 -0.3955243299505594 -0.26786993267440196 0.13651059753322956 -0.03584643848288622 0.16255408724125836 0.13402917803344797 0.24288605786403142 0.1437096577761539 0.43691703485517913 0.06079766536964981 0.502416687865683 0.09391645640594336 -0.045918367346938785 0.027116246168356516 0.0116767865483419 0.06884057971014493 -0.013214800576645837 0.07334375375736443 -0.04440059200789344 0.015962671905697445 -0.14171605256377223 0.029292788394476216 -0.11188463451019395 0.007887323943661973 -0.09024252679075015 0.04329524954900782 -0.058513750731421885 0.05554242495863861 -0.20952612985747354 0.12590147903679255 -0.2946317103620474 0.07861635220125787
-0.08039956145693751 -0.022192632046160676 0.0336360578540195 0.02104524728165556 -0.028639618138424815 0.011883541295306 -0.007391893556732787 -0.08489173228346455 0.027082795976270314 -0.046037946428571425 0.10749936012285641 -0.019591037100526506 0.03743509238014732 0.1159634838391315 0.14206688458637165 0.11743907058972096 0.18347395205571176 0.15071492979518225 0.12332581885691551 0.1575809199318569 -0.06530089628681178 -0.0827653359298929 -0.05468378506894912 -0.045449108958258586 -0.06902502157031924 -0.008640908529811133 -0.18613861386138614 1.3877787807814458e-18 -0.1938546749307662 -0.007478312892611426 0.17091803703224134 -0.03670811130846655 0.14764133957508102 0.060299083453931514 0.11966016513102788 0.1137656427758817 0.5021690548179308 0.09917568263781555 0.6502057613168726 0.16636418632788869 -0.121319347908505 -0.16141866545413208 -0.33638789003595876 -0.97004107272288 -1.6546503244412403 -0.3507707246025003 -0.2523540489642185 -0.1392934025579334 -0.27737419099194294 -0.06631499623210249 -0.10126265783222903 -0.22543352601156066 -0.1920686928030731 -0.6688304161353888 -1.2356189599631846 -0.32444124008651765 -0.28974831184775934 -0.2374735795101331 -0.4124381993234453 -0.2535453373442201 0.12094359956891391 -0.05434782608695652 0.14267337153549295 0.09014351796939865 0.2083581378735564 0.09255876263548898 0.4197349042709867 0.02553501945525292 0.49224116001017554 0.07429212223156714 -0.029336734693877552 0.048337656213157276 0.018682858477347037 0.09782608695652174 0.010812109562710242 0.11542623542142601 -0.009866798223976325 0.07858546168958744 -0.1030662200463798 0.09485283861068489 -0.11188463451019395 0.010140845070422535 -0.09588268471517203 0.03487672880336741 -0.05266237565827969 0.04017962656582369 -0.20099890364234377 0.11490037892678158 -0.2796504369538077 0.06944444444444445
-0.056036057985138256 -0.00998668442077231 0.07063572149344097 0.0292295101134105 0.00835322195704057 0.028520499108734398 0.04435136134039668 -0.04798228346456691 0.08124838792881094 -0.011160714285714284 0.1074993601228564 -0.00612219909391454 0.022944088878154807 0.14927214409079695 0.12195121951219512 0.16542492738982198 0.15535020758001872 0.21641118124436426 0.09547805330857975 0.22004542873367408 -0.06274007682458387 -0.09250243427458617 -0.06538278649548264 -0.04784116732448272 -0.08751386663379761 -0.0222194790766572 -0.19009900990099007 -0.02030456852791878 -0.20967954635368588 -0.01944361352078972 0.17868703871552505 -0.02960331557134399 0.16924738926899532 0.05426917510853836 0.10889075026923536 0.1112375173808621 0.4995398974628632 0.10947964966512107 0.6364883401920439 0.17241379310344826 -0.13648426639706812 -0.1739229282710015 -0.35610718014151493 -1.185068857211887 -2.1689497716894977 -0.39082412914188613 -0.31261770244821097 -0.14055970621755098 -0.31964073438119134 -0.05425772418990203 -0.10251281410176272 -0.24508670520231216 -0.20336685120325387 -0.8195201112785441 -1.6279337321675105 -0.36409516943042536 -0.31798649478207486 -0.24990675121223424 -0.4306531355711683 -0.2535453373442201 0.1401029816788409 -0.056660499537465304 0.1613846333762133 0.06997983631834895 0.22026431718061676 0.0596760443307758 0.45041728031418754 -0.002431906614785993 0.5316713304502672 0.04345388281469022 -0.028061224489795922 0.06720113180853572 0.017515179822512845 0.14130434782608697 -0.0072080730418068225 0.18756763255981723 -0.024666995559940803 0.17681728880157171 -0.11337284205101779 0.1924954665922723 -0.08702138239681752 0.009014084507042256 -0.077834179357022 0.026458208057726994 -0.03159742539496782 0.03308910423067833 -0.1583627725666951 0.11367803447011368 -0.24344569288389512 0.0720649895178197
-0.047508831770008524 -0.007767421216156237 0.08969615427738535 0.03975213375423828 0.029832935560859187 0.041592394533571005 0.0776148823456942 -0.02460629921259841 0.11477946866133608 0.00837053571428571 0.0844637829536729 -0.03918207420105302 0.014491003501992505 0.14310387367382188 0.08926326376665827 0.1692132845056194 0.12722646310432567 0.23058096096869765 0.06763028776024402 0.24559909142532654 -0.07682458386683738 -0.10467380720545276 -0.08202567760342366 -0.03468484631024998 -0.11463083939356586 -0.001234415504258729 -0.22442244224422442 0.0 -0.24132928919952526 0.014956625785222843 0.1825715395571669 -0.027235050325636473 0.18845276677469688 0.048239266763145223 0.10410434366399426 0.11629376817090127 0.5179439989483371 0.12107161257083976 0.663923182441701 0.18300060496067755 -0.16175913054467334 -0.21029896555643973 -0.409465259250667 -1.39888862043972 -2.7000720980533526 -0.43330501274426503 -0.38292529817953536 -0.14815752817525643 -0.3936071853123761 -0.042200452147701586 -0.11251406425803226 -0.26242774566473986 -0.2169246412834708 -0.9794830184305088 -2.023699953980672 -0.4109589041095891 -0.35850214855739715 -0.2635832400845456 -0.4592766068175903 -0.25211287781120184 0.13411567476948869 -0.04625346901017577 0.16606244883639343 0.055746649270549155 0.20478628408143829 0.05724028741931556 0.45532646048109965 -0.001215953307392996 0.5354871533960824 0.046257359125315395 -0.047193877551020405 0.06955906625795803 -1.3877787807814458e-18 0.14492753623188406 -0.024026910139356074 0.20440062522544186 -0.04686729156388751 0.2038310412573674 -0.1404277248131925 0.21760357093039479 -0.11064147190452514 -0.010140845070422533 -0.08685843203609701 0.014431749849669273 -0.07372732592159158 0.033089104230678325 -0.21439883055183334 0.11612272338344945 -0.2971285892634207 0.09040880503144652
-0.04994518211718845 0.0011096316023080303 0.09642336584818925 0.05144393779960248 0.028639618138424815 0.07130124777183601 0.08254281138351607 0.01845472440944883 0.1341243229301006 0.05440848214285714 0.07934476580496545 -0.028162115832006857 0.0012075836251660434 0.13446829509005676 0.07040482775961779 0.15532264174769542 0.12856568903173965 0.21125853407187942 0.08486938071873756 0.22572402044293013 -0.06274007682458387 -0.10832521908471274 -0.06300523062291963 -0.045449108958258586 -0.09490940465918894 -0.017281817059622263 -0.1927392739273927 -0.01649746192893401 -0.21363576420941582 0.005982650314089127 0.17739220510164438 -0.007104795737122557 0.20165646380986674 0.05909310178485287 0.09333492880220175 0.14789533560864623 0.5087419482056 0.15971148892323545 0.6680384087791496 0.22081064730792493 -0.15796790092253254 -0.2205297260429692 -0.40598538452615707 -1.6247885962792945 -3.1855323239605866 -0.49641946838208517 -0.3904582548650345 -0.18108142332531343 -0.3737947430986659 -0.061793519216277314 -0.11501437679709965 -0.2971098265895954 -0.23274206304372388 -1.1637881071055989 -2.4022089277496548 -0.502283105022831 -0.3720073664825046 -0.33072236727589205 -0.4540723393182409 -0.3094112591319295 0.13052329062387738 -0.03237742830712305 0.1707402642965735 0.06286324279444906 0.18454577925943566 0.0864693703568384 0.4430535100638194 0.042558365758754865 0.5354871533960824 0.09391645640594337 -0.05484693877551021 0.06838009903324688 -0.008173750583839326 0.14855072463768115 -0.03724171071600192 0.22844775760490563 -0.03946719289590527 0.2468074656188605 -0.12496779180623549 0.27479425303389593 -0.11188463451019395 -0.00901408450704225 -0.0970107163000564 0.006013229104028861 -0.08191925102399064 0.021271567005436066 -0.21439883055183334 0.09656521207676322 -0.285892634207241 0.06944444444444445
-0.05847240833231819 0.01775410563692854 0.09305976006278731 0.06196656144043026 0.028639618138424815 0.08674985145573381 0.09486263397807071 0.028297244094488184 0.1689450606138767 0.0669642857142857 0.06398771435884311 -0.011019958369046165 -0.020528921627822726 0.13816925734024182 0.06411868242393763 0.15658542745296125 0.14061872237846523 0.21898750483060675 0.11669539848826416 0.24417944349801246 -0.06786171574903968 -0.08276533592989288 -0.06419400855920113 0.0023920583662241255 -0.09244422531739184 0.04814220466609061 -0.18349834983498345 0.0647208121827411 -0.19912963207173942 0.10170505533951539 0.17091803703224137 -0.013025458851391355 0.20405713599807945 0.04100337674867341 0.08615531889434007 0.1276703324484894 0.5047982121729986 0.14039155074703763 0.6858710562414266 0.2117362371445856 -0.17945153544799697 -0.22280322837330907 -0.43846421528824964 -1.8120318917612952 -3.685412160538332 -0.5340453938584779 -0.4331450094161958 -0.1772825123464607 -0.4081363096024303 -0.04973624717407686 -0.10876359544943119 -0.3052023121387283 -0.24065077392385045 -1.298249681233337 -2.7692130694891857 -0.537130497476568 -0.37323511356660527 -0.3369389531269427 -0.44626593806921677 -0.30797879959891133 0.13531313615135912 -0.012719703977798345 0.1730791720266635 0.07946862768354881 0.19288010477437792 0.11691633175009133 0.4774177712322042 0.06809338521400779 0.5939964385652505 0.11494252873563218 -0.06505102040816327 0.08842254185333649 -0.03152732368052312 0.1678743961352657 -0.06847669389716483 0.2561019598412889 -0.07523433645781943 0.2824165029469548 -0.15331100231898995 0.31385130422653085 -0.13053207359522628 -0.010140845070422533 -0.12408347433728144 -0.0012026458208057728 -0.08425980105324751 0.015362798392814934 -0.2095261298574735 0.09412052316342745 -0.264669163545568 0.07861635220125787
-0.07796321110975757 0.03217931646693298 0.06951451956497366 0.07716590669940371 -0.004773269689737468 0.10814022578728462 0.06159911297277319 0.054133858267716536 0.14057260768635543 0.10881696428571427 0.05246992577425134 -0.020815476919309413 -0.02898200700398502 0.12583271650629163 0.0515463917525773 0.14522035610556888 0.1459756260881211 0.2073940486925158 0.12863015515183665 0.25411697898921065 -0.055057618437900115 -0.06572541382667964 -0.059438896814075125 0.027508671211577553 -0.08997904597559472 0.07529934575978274 -0.16369636963696366 0.09517766497461928 -0.1819860213635764 0.1301226443314388 0.16055936812119645 -0.014209591474245114 0.18245108630416515 0.02894356005788712 0.037094651190618645 0.10238907849829351 0.44695675036150917 0.12235960844925295 0.6296296296296297 0.19812462189957653 -0.20346265638822195 -0.23758099352051834 -0.47442292077485215 -2.012563421116212 -4.174477289113193 -0.5910911518388153 -0.4582548650345261 -0.2127390148157528 -0.4239862633733985 -0.07234363225320271 -0.12626578322290288 -0.31213872832369943 -0.2768048808044289 -1.4500985278775935 -3.17878508973769 -0.5839942321557319 -0.43707796193984033 -0.35931866219072484 -0.5100182149362478 -0.32230339492909327 0.13291821338761825 -0.0208140610545791 0.15436791018594315 0.05218835250859921 0.16430527443743304 0.06454755815369626 0.4565537555228277 0.0060797665369649815 0.574917323836174 0.054667788057190914 -0.06632653061224489 0.100212214100448 -0.03619803829985988 0.16908212560386474 -0.06847669389716483 0.2753396657448599 -0.06413418845584606 0.30206286836935164 -0.1352744138108735 0.3473287766773609 -0.15290900049726502 -0.012394366197183095 -0.1534122955442752 0.0024052916416115455 -0.13107080163838503 0.015362798392814936 -0.2022170788159337 0.0892311453367559 -0.25343320848938833 0.08385744234800839
-0.12059934218540624 0.05881047492232579 0.025787644354748285 0.10288787559920495 -0.07040572792362769 0.1259655377302436 -0.01847973389183195 0.05659448818897639 0.05674490585504256 0.10463169642857142 0.06526746864601995 -0.011019958369046156 -0.0072455017509962544 0.11843079200592152 0.06914759869248177 0.15658542745296122 0.178117048346056 0.23058096096869765 0.15249966847898158 0.2768313458262351 -0.08962868117797695 -0.05598831548198635 -0.08796956728483118 0.032292787944025826 -0.14544558116602985 0.08023700777681768 -0.22970297029702963 0.09390862944162434 -0.26242911776341815 0.1316183069099611 0.16573870257671888 -0.021314387211367674 0.2076581442803985 0.008441871683550407 0.06341988751944479 0.09101251422070535 0.4863941106875247 0.09788768675940238 0.672153635116598 0.17695099818511795 -0.213572602047264 -0.24553825167670795 -0.4755828790163553 -2.203430780381735 -4.6154770487863495 -0.6311445563782011 -0.45699937225360954 -0.22413574775231102 -0.41077796856425836 -0.07686510926902788 -0.15126890861357672 -0.32716763005780347 -0.307309908484917 -1.5903558595108378 -3.5826046939714686 -0.6296563326123529 -0.4984653161448741 -0.3841850055949273 -0.5841790268019776 -0.32516831399512963 0.146090288588193 -0.01850138760407031 0.18126534908197872 0.056932748191199145 0.19049886891296583 0.07063695043234684 0.48846342660775643 0.002431906614785995 0.6029000254388197 0.04625735912531539 -0.058673469387755105 0.10964395189813722 -0.01751517982251284 0.18840579710144928 -0.05285920230658338 0.29217265841048456 -0.04686729156388752 0.31065815324165025 -0.1198144808039165 0.3612777235318734 -0.17404276479363504 -0.0045070422535211235 -0.16807670614777215 0.010823812387251955 -0.1767115272088941 0.010635783502718035 -0.257034961627482 0.077007700770077 -0.32459425717852686 0.07206498951781971
-0.10598124010232671 0.07101642254771416 0.028030048211682923 0.11457967964456917 -0.09665871121718377 0.13428401663695783 -0.024639645189109268 0.06766732283464567 0.04900696414753676 0.11300223214285714 0.060148451497312516 -0.014693277825394882 -0.016906170752324597 0.11226252158894642 0.04400301734976113 0.14900871322136633 0.16606401499933038 0.2099703722787582 0.14719533218406047 0.24275979557069843 -0.07938540332906531 -0.03407984420642647 -0.07964812173086067 0.07056572180361201 -0.15407370886231975 0.13455128996420193 -0.20726072607260723 0.15609137055837563 -0.2320981142028221 0.19593179778641936 0.18127670594328626 -0.024866785079928955 0.20885848037450483 0.012059816690786299 0.051453871006342 0.09227657691821514 0.4745629025897199 0.09917568263781555 0.6433470507544583 0.1754385964912281 -0.20599014280298245 -0.27395703080595657 -0.46746317132583226 -2.300072481275671 -4.925498678202356 -0.6590605656026216 -0.4406779661016949 -0.25959225022160315 -0.38039889050323605 -0.1009796533534288 -0.1237654706838355 -0.33872832369942196 -0.2824539600045193 -1.6645415555813146 -3.832259549010584 -0.6765200672915166 -0.4714548802946593 -0.432674375233122 -0.5477491543065314 -0.3824666953158573 0.1448928272063226 -0.004625346901017575 0.1719097181616185 0.08777132012809867 0.15835218478390287 0.09864815491413957 0.4553264604810997 0.025535019455252918 0.5647417959806665 0.07008690776562938 -0.04974489795918367 0.10728601744871491 -0.016347501167678656 0.19806763285024154 -0.05646323882748679 0.2969820848863773 -0.04440059200789342 0.3180255402750491 -0.11852615305333676 0.3543032501046171 -0.18150174042764794 -0.015774647887323946 -0.18499717992103779 -0.009621166566446182 -0.23522527794031597 -0.021271567005436066 -0.2935802168351809 0.04767143381004767 -0.3545568039950063 0.0379979035639413
-0.11207211597027651 0.07434531735463827 0.011212019284673167 0.10990295802642347 -0.12291169451073984 0.1354723707664884 -0.05420721941604041 0.07258858267716535 0.020634511220015483 0.12276785714285714 0.04991041719989762 -0.008571078731480348 -0.014491003501992509 0.10239328892178631 0.0352024138798089 0.12627857052658165 0.16606401499933038 0.17647816565760657 0.15249966847898158 0.20017035775127762 -0.09218950064020488 -0.015822784810126583 -0.09034712315739418 0.08013395526850856 -0.17626032293849378 0.15430193803234166 -0.2165016501650165 0.18020304568527917 -0.24001054991428195 0.21986239904277594 0.1838663731710475 -0.010657193605683835 0.21125915256271757 0.03014954172696575 0.0502572693550317 0.12387814435596005 0.4666754305245169 0.1416795466254508 0.6337448559670783 0.22081064730792493 -0.20851762921774294 -0.2966920541093555 -0.47094304605034215 -2.3773858419908196 -5.104542177361211 -0.713678844519966 -0.4620213433772755 -0.32544004052171716 -0.4054946506406024 -0.16578749058025624 -0.13001625203150396 -0.3364161849710983 -0.2858434075245735 -1.7097484641242608 -3.970317533364013 -0.7089641913001683 -0.4628606507059545 -0.4699738903394256 -0.5347384855581577 -0.432602778971494 0.1448928272063226 0.015032377428307125 0.16372354110630336 0.10912110069979834 0.15478033099178473 0.12665935939593229 0.4479626902307315 0.049854085603112844 0.5609259730348513 0.09812167087188114 -0.05102040816326531 0.1049280829992926 -0.01985053713218122 0.19806763285024154 -0.0660740028832292 0.3005891547432969 -0.05180069067587567 0.3327603143418468 -0.12883277505797475 0.3640675129027759 -0.19269020387866737 -0.010140845070422542 -0.18499717992103779 0.0012026458208057784 -0.24341720304271502 0.004727014890096905 -0.28139846509928124 0.08067473414008068 -0.34207240948813983 0.07730607966457022
-0.10598124010232671 0.07101642254771416 0.019060432783944387 0.10171869519466854 -0.11575178997613367 0.1295306001188354 -0.03942343230257484 0.06028543307086613 0.05029662109878772 0.11858258928571427 0.04863066291272075 0.008571078731480348 -0.00241516725033209 0.12089810017271156 0.04400301734976112 0.15911099886349284 0.17811704834605596 0.21641118124436431 0.16973876143747516 0.24134014764338438 -0.07042253521126762 -0.00730282375851996 -0.08202567760342368 0.09448630546585338 -0.15530629853321828 0.19009998765584496 -0.18349834983498348 0.22588832487309643 -0.20176711064222602 0.2752019144481005 0.18257153955716693 -0.0023682652457075195 0.2076581442803985 0.051857211770381086 0.05145387100634198 0.14283908481860702 0.4719337452346523 0.17130345182895415 0.6556927297668038 0.2525710828796128 -0.20851762921774294 -0.30123905877003526 -0.46514325484282565 -2.4353708625271806 -5.180245133381399 -0.742808593275883 -0.445699937225361 -0.3532987210333038 -0.376436402060494 -0.19442351168048227 -0.1062632829103638 -0.34450867052023126 -0.27454524912439277 -1.7213399791352728 -4.02899217671422 -0.6837298726267724 -0.4518109269490484 -0.4401342782543828 -0.5191256830601094 -0.3982237501790574 0.1389055202969704 0.018501387604070305 0.16255408724125836 0.132843079112798 0.16311465650672702 0.1412739008646937 0.4626902307314678 0.06566147859922178 0.5812770287458663 0.12195121951219512 -0.03188775510204082 0.09785427965102568 -0.007006071929005139 0.1968599033816425 -0.04925516578567996 0.288565588553565 -0.030833744449925992 0.31679764243614933 -0.09147127029116206 0.34593388199190966 -0.1964196916956738 -0.024788732394366204 -0.1804850535815003 0.002405291641611548 -0.253949678174371 0.00945402978019381 -0.29114386648800095 0.09167583425009167 -0.3545568039950063 0.09958071278825995
-0.096235838713607 0.05992010652463382 0.024666442426280986 0.09587279317198644 -0.10023866348448687 0.12240047534165181 -0.020943698410742877 0.06274606299212598 0.06706216146505031 0.13671874999999997 0.06782697722037369 0.04040651401983592 0.03864267600531337 0.15790772267456205 0.07669097309529796 0.20457128425306226 0.2223115039507165 0.26664949117609177 0.22145604031295588 0.28818852924474736 -0.06658130601792574 -0.0012171372930866614 -0.08083689966714216 0.09568233464896544 -0.15530629853321828 0.19009998765584496 -0.17425742574257425 0.22842639593908629 -0.1951734142160095 0.2752019144481005 0.21623721351806294 -0.02013025458851391 0.23646621053895087 0.03376748673420164 0.10410434366399426 0.10491720389331312 0.5284606283686079 0.14039155074703763 0.7174211248285323 0.23290986085904414 -0.20219891318084166 -0.29782880527452543 -0.4547036306692959 -2.4595312877506643 -5.2223023311703916 -0.7513047699963589 -0.4595103578154426 -0.36089654299100926 -0.3975696737551182 -0.20648078372268275 -0.11001375171896485 -0.37572254335260113 -0.26663653824426625 -1.7804567056914338 -4.049700874367234 -0.7450132179764479 -0.43339472068753837 -0.5010568195946787 -0.4918032786885246 -0.44692737430167606 0.1628547479343791 0.011563367252543937 0.18243480294702377 0.14351796939864786 0.1988331944279081 0.13640238704177324 0.5019636720667648 0.05350194552529182 0.6296107860595269 0.10653209980375666 -0.02806122448979591 0.09667531242631455 0.007006071929005138 0.1859903381642512 -0.05045651129264776 0.28135144883972585 -0.03823384311790824 0.30943025540275054 -0.1030662200463798 0.33198493513739713 -0.195176529090005 -0.033802816901408454 -0.17484489565707836 0.004810583283223094 -0.2574605032182563 0.007090522335145358 -0.2960165671823608 0.09534286762009533 -0.36704119850187267 0.10482180293501046
-0.10719941527591666 0.041056369285397264 0.011212019284673162 0.06898164386764878 -0.13126491646778043 0.07724301841948901 -0.07268695330787237 5.551115123125783e-18 0.006448284756254842 0.07114955357142856 0.08190427437931916 0.02693767601322395 0.06883226663446443 0.1406365655070318 0.12195121951219512 0.17173885591615104 0.2852551225391724 0.22800463738245522 0.2824559077045485 0.25553662691652473 -0.08706786171574905 0.003651411879259979 -0.0891583452211127 0.1004664513814137 -0.17626032293849378 0.19997531168991484 -0.2046204620462046 0.2436548223350254 -0.22418567849136223 0.28118456476218967 0.19293020846821185 -0.008288928359976314 0.2076581442803985 0.043415340086830685 0.06820629412468589 0.10618126659082291 0.4627316944919153 0.13137557959814533 0.6460905349794239 0.21778584392014516 -0.1882977378996588 -0.2966920541093555 -0.4338243823222364 -2.476443585407103 -5.201874549387165 -0.7549459885908485 -0.4042686754551162 -0.36089654299100926 -0.3500198124422137 -0.21703089675960813 -0.1187648456057007 -0.37572254335260113 -0.2655067224042481 -1.8047988872145588 -4.047399907961343 -0.7582311944244171 -0.41497851442602823 -0.5134899912967799 -0.46838407494145207 -0.4669818077639308 0.12693090647826608 0.01734505087881591 0.14033446380540288 0.14944846400189776 0.12501488272413383 0.1473632931433443 0.3939617083946981 0.06809338521400778 0.5011447468837447 0.10653209980375664 -0.01913265306122449 0.07545390238151381 0.03035964502568893 0.1473429951690821 -0.01802018260451706 0.22844775760490563 0.0 0.2394400785854617 -0.06828137078072662 0.2552657274375785 -0.2312282446544008 -0.02816901408450705 -0.2041737168640722 0.013229104028863506 -0.2949093036863663 0.022453320727960295 -0.3471799244731392 0.1222344456667889 -0.42322097378277157 0.12971698113207547
-0.11207211597027651 0.0621393697292499 0.0011212019284673191 0.08301180872208581 -0.15871121718377088 0.10932857991681522 -0.11211038561044717 0.02583661417322835 -0.04255867939128192 0.0948660714285714 0.10366009726132581 0.06244643075792824 0.09660669001328342 0.17271157167530224 0.1684686949962283 0.20835964136885968 0.33882415963573054 0.2499033878655159 0.3341731865800292 0.2626348665530948 -0.11651728553137004 0.01338851022395326 -0.11174512601046124 0.10166248056452576 -0.22063355109084185 0.1839279101345513 -0.25346534653465347 0.21827411167512692 -0.28616642489779764 0.2333233622494765 0.17609737148776386 1.3877787807814458e-18 0.18125075021005882 0.05788712011577424 0.028718439631446685 0.11502970547339149 0.39700276061522277 0.13652756311179806 0.5679012345679011 0.23442226255293405 -0.1781877922406167 -0.27395703080595657 -0.3967057185941306 -2.493355883063542 -5.183850036049026 -0.7391673746813934 -0.36283741368487127 -0.35203241737368623 -0.3117157574957073 -0.22004521477015823 -0.12876609576197026 -0.35722543352601155 -0.30279064512484466 -1.8094354932189638 -4.093419236079152 -0.7546262917567892 -0.46531614487415585 -0.5172199428074101 -0.4970075461878741 -0.4741441054290217 0.11495629265956173 0.024283071230342276 0.11694538650450241 0.15775115644644763 0.10001190617930707 0.16684934843502616 0.35959744722631315 0.0887645914396887 0.46425845840752994 0.12755817213344547 -0.01785714285714286 0.08960150907804763 0.04320411022886502 0.142512077294686 -0.019221528111484865 0.2164241914151738 -0.00740009866798224 0.20997053045186642 -0.07472300953362535 0.22736783372855354 -0.2150671307807061 -0.006760563380281692 -0.2041737168640722 0.025255562236921224 -0.29256875365710944 0.03781611912077523 -0.3398708734315995 0.12834616795012835 -0.4207240948813983 0.12185534591194969
-0.11694481666463637 0.0621393697292499 -0.011212019284673172 0.07365836548579448 -0.17780429594272076 0.08556149732620322 -0.13305408402119007 -0.008612204724409444 -0.07737941707505805 0.05161830357142857 0.10621960583567953 0.03795763438227011 0.09539910638811738 0.1443375277572169 0.1646970077948202 0.18815507008460663 0.3133788670148654 0.226716475589334 0.3023471688105026 0.24417944349801246 -0.12932138284250963 0.019474196689386564 -0.13314312886352828 0.10166248056452579 -0.25637865154690004 0.1950376496728799 -0.3075907590759076 0.23350253807106602 -0.3402347355927733 0.24977565061322166 0.18386637317104754 -0.0011841326228537563 0.1632457087984636 0.04944524843222383 0.004786406605241114 0.08469220073315638 0.3746549230971474 0.095311695002576 0.5281207133058985 0.18905021173623715 -0.1693415897889549 -0.286461293622826 -0.3920658856281174 -2.5211403720705485 -5.173035328046143 -0.7537322490593519 -0.34400502197112365 -0.36722806128909713 -0.29454497424382514 -0.23662396382818388 -0.12626578322290288 -0.32254335260115613 -0.3163484352050616 -1.7897299177002437 -4.1164289001380565 -0.7077625570776256 -0.4898710865561694 -0.4662439388287952 -0.5295342180588083 -0.4268729408394213 0.11615375404143216 0.0196577243293247 0.10525084785405217 0.1399596726366979 0.09405881652577688 0.1278772378516624 0.35468826705940104 0.04134241245136187 0.44645128466039175 0.07289038407625456 -0.01913265306122449 0.08370667295449187 0.045539467538533406 0.1316425120772947 -0.027630946660259493 0.18756763255981723 -0.02713369511593488 0.15348722986247543 -0.09920123679464056 0.16599246756869857 -0.21009448035803086 -0.006760563380281694 -0.21319796954314724 0.021647624774503913 -0.30778232884727913 0.05081541006854172 -0.3605798513826289 0.15034836817015035 -0.45193508114856434 0.14675052410901468
-0.10719941527591667 0.06435863293386596 -0.014575625070075121 0.07365836548579445 -0.1837708830548926 0.09744503862150922 -0.13675003079955644 0.011072834645669294 -0.09801392829507352 0.06556919642857142 0.1279754287176862 0.023264356556875226 0.11230527714044199 0.1233654083395016 0.18732713100326878 0.16542492738982192 0.3200749966519351 0.19837691614066727 0.28908632807319984 0.2072685973878478 -0.13700384122919335 0.0182570593962999 -0.14859724203518782 0.07176175098672408 -0.28842598299026256 0.1543019380323417 -0.36435643564356435 0.18147208121827413 -0.4088091784254253 0.1914448100508525 0.18775087401268936 0.0118413262285376 0.1608450366102509 0.05668113844669561 0.0059830082565514005 0.09606876501074454 0.38517155251741814 0.10175167439464194 0.5226337448559671 0.18602540834845735 -0.1529129280930115 -0.2762305331362964 -0.38278621969609095 -2.532012563421117 -5.159817351598173 -0.7379536351498969 -0.34651600753295664 -0.35076611371406863 -0.29322414476291114 -0.22758100979653353 -0.12251531441430179 -0.3236994219653179 -0.31295898768500735 -1.8117537962211663 -4.102623101702715 -0.74140831530882 -0.4861878453038673 -0.4998135024244685 -0.5308352849336456 -0.46411688869789425 0.09579691054963478 0.006938020351526364 0.07952286282306162 0.10674890285849839 0.05953089653530184 0.09134088417975886 0.3105056455571919 0.008511673151750972 0.3904858814551005 0.03784693019343987 0.015306122448979586 0.08606460740391418 0.07589911256422233 0.1292270531400966 0.024026910139356077 0.19237705903570998 0.030833744449926002 0.16822200392927306 -0.04251481576913167 0.16878225693960106 -0.2063649925410244 -0.0033802816901408518 -0.21094190637337845 0.012026458208057731 -0.3159742539496782 0.03899787284329946 -0.38007065416006824 0.12956851240679623 -0.4868913857677903 0.11661425576519917
-0.10476306492873674 0.03328894806924101 -0.012333221213140483 0.019876066877119136 -0.18257756563245825 0.021390374331550804 -0.1281261549833682 -0.07750984251968503 -0.08769667268506577 -0.030691964285714284 0.13309444586639363 0.03795763438227011 0.11109769351527594 0.13323464100666174 0.18229821473472466 0.1780527844424801 0.3227534485067631 0.22156382841684916 0.28908632807319984 0.20584894946053378 -0.15749039692701666 0.0036514118792599823 -0.16642891107941038 0.05860542997249133 -0.3167755454209294 0.14936427601530675 -0.38811881188118813 0.18527918781725888 -0.43518396413029137 0.18994914747233027 0.18127670594328632 -0.007104795737122553 0.15604369223382547 0.030149541726965746 0.009572813210482232 0.06699532296801922 0.3983173392927567 0.0695517774343122 0.5377229080932785 0.1527525710828796 -0.16049538733729304 -0.26486302148459695 -0.3804663032130843 -2.4993959893694133 -5.124969959144435 -0.7258162398349315 -0.35153797865662273 -0.3381030771178929 -0.29718663320565314 -0.23511680482290878 -0.12626578322290288 -0.30751445086705204 -0.3174782510450797 -1.760751130172714 -4.061205706396686 -0.699351117519827 -0.476365868631062 -0.4488374984458535 -0.5204267499349466 -0.4211431027073485 0.08142737396718956 0.005781683626271972 0.07601450122792655 0.09726011149329854 0.05119657102035957 0.09134088417975887 0.3043691703485518 0.017023346303501947 0.3879419994912236 0.04765909728062797 0.021683673469387755 0.06366423013440227 0.0794021485287249 0.107487922705314 0.030033637674195098 0.15630636046651436 0.03823384311790824 0.1387524557956778 -0.03864983251739243 0.11577625889245362 -0.18398806563898557 -0.004507042253521129 -0.19176536943034406 -0.00120264582080577 -0.29373902867173785 0.03545261167572678 -0.388597880375198 0.13568023469013568 -0.5068664169787767 0.11006289308176101
-0.08039956145693751 0.006657789613848197 0.0033636057854019483 -0.02572196889980124 -0.15990453460620524 -0.014260249554367199 -0.08131082912406061 -0.09842519685039369 -0.03482073768377614 -0.041852678571428575 0.12925518300486305 0.028162115832006857 0.09177635551261926 0.13323464100666174 0.15463917525773194 0.1780527844424801 0.29730815588589793 0.2499033878655159 0.2691950669672457 0.22146507666098808 -0.12676056338028172 -0.00851996105160662 -0.14621968616262482 0.05023322569070685 -0.29212375200295826 0.1407233674854956 -0.33795379537953796 0.1802030456852792 -0.3758406962943425 0.20041878552198628 0.18516120678492812 -0.011841326228537594 0.13683831472812388 0.030149541726965746 -0.004786406605241117 0.05688282138794084 0.3707111870645458 0.06439979392065945 0.503429355281207 0.16485178463399877 -0.155440414507772 -0.2625895191542571 -0.3897459691451107 -2.4136264798260454 -5.019226147560682 -0.7003277096735041 -0.35655994978028877 -0.31404330758515897 -0.3051116100911372 -0.20346646571213256 -0.1037629703712964 -0.31445086705202313 -0.28584340752457355 -1.7213399791352733 -3.9185457892314774 -0.7245854361932228 -0.42725598526703495 -0.4873803307223673 -0.4592766068175904 -0.46268442916487607 0.08142737396718956 0.01850138760407031 0.06431996257747633 0.11386549638239826 0.03809977378259317 0.10960906101571063 0.29700540009818355 0.051070038910505836 0.38921394047316205 0.10092514718250631 0.024234693877551016 0.07309596793209147 0.07473143390938815 0.1135265700483092 0.012013455069678037 0.173139353132139 0.016033547113961523 0.16208251473477406 -0.05797474877608864 0.1408843632305761 -0.1703132769766285 -0.016901408450704224 -0.18161308516638466 -0.02044497895369813 -0.27618490345231134 0.01536279839281494 -0.35083444999390917 0.11367803447011367 -0.45318352059925093 0.09564989517819705
-0.0803995614569375 0.011096316023080335 0.005606009642336584 -0.03156787092248334 -0.15871121718377085 -0.021390374331550797 -0.08007884686460516 -0.10580708661417319 -0.029662109878772252 -0.048828125000000014 0.12541592014333247 0.06734419003305987 0.09660669001328342 0.18628176659264742 0.157153633392004 0.2664477838110872 0.2932904781036561 0.3568208166945768 0.2546081421562127 0.32793867120954007 -0.12932138284250963 1.3877787807814458e-18 -0.15335235378031384 0.045449108958258586 -0.30075187969924816 0.1407233674854956 -0.3537953795379538 0.18147208121827413 -0.3956217855729922 0.20041878552198628 0.18775087401268936 0.0023682652457075195 0.13683831472812386 0.030149541726965746 0.010769414861792502 0.05309063329541145 0.3825423951623505 0.06439979392065945 0.51440329218107 0.15728977616454928 -0.14406672564134967 -0.21257246788677953 -0.36306692959053477 -2.203430780381735 -4.557798606104301 -0.6153659424687462 -0.3138731952291275 -0.21907053311384073 -0.27737419099194294 -0.11454408440090429 -0.12876609576197023 -0.2913294797687861 -0.3084397243249351 -1.583400950504231 -3.589507593189139 -0.6584955539533766 -0.45426642111724985 -0.42770110655228144 -0.497007546187874 -0.402521128778112 0.09699437193150522 0.025439407955596672 0.08069231668810666 0.10912110069979838 0.08334325514942256 0.10717330410425041 0.3436426116838488 0.057149805447470815 0.43500381582294584 0.09251471825063078 0.01403061224489795 0.09431737797689224 0.06071929005137787 0.11835748792270533 -0.021624219125420473 0.18275820608392448 -0.030833744449926 0.16944990176817287 -0.1030662200463798 0.1520435207141861 -0.15912481352560914 0.013521126760563376 -0.17258883248730966 0.026458208057726994 -0.2668227033352838 0.09454029780193808 -0.3386526982580095 0.2077985576335411 -0.45193508114856434 0.1808176100628931
-0.057254233158728206 0.017754105636928537 0.022424038569346345 -0.0292295101134105 -0.1360381861575179 -0.016636957813428405 -0.048047308118763093 -0.09719488188976376 -0.005158627805003872 -0.04324776785714287 0.14333248016380856 0.10040406514019837 0.08694602101195507 0.23069331359486797 0.14709580085491575 0.3359009976007072 0.2825766706843445 0.4379750096612135 0.23604296512398887 0.4145371947756956 -0.11779769526248403 0.007302823758519965 -0.14621968616262485 0.056213371606267194 -0.29705411068655246 0.15306752252808295 -0.3551155115511551 0.19162436548223352 -0.40749043914018196 0.21088842357164225 0.20458371099313735 0.0023682652457075208 0.15364302004561275 0.03376748673420164 0.03829125284192891 0.05941094678296044 0.3996319179702905 0.0695517774343122 0.5226337448559669 0.1678765880217786 -0.12258309111588525 -0.16369216778447196 -0.35146734717550177 -1.971490698236289 -4.0855563566450375 -0.5291904357324919 -0.3075957313245449 -0.13802709889831583 -0.26680755514463084 -0.03315749811605123 -0.11376422052756592 -0.2543352601156069 -0.29375211840470006 -1.4014141648313434 -3.2190520018407733 -0.565969718817592 -0.4505831798649479 -0.35683202785030455 -0.5061150143117357 -0.3266007735281478 0.09459944916776435 0.03700277520814062 0.08186177055315168 0.12098208990629819 0.09405881652577688 0.12544148094020216 0.33873343151693663 0.07295719844357976 0.41719664207580764 0.10513036164844407 0.017857142857142853 0.11435982079698186 0.06422232601588043 0.1316425120772947 -0.02282556463238828 0.1983888421305759 -0.03946719289590527 0.18050098231827114 -0.11981448080391652 0.1701771516250523 -0.12928891098955742 0.04732394366197183 -0.17033276931754088 0.05171377029464823 -0.2644821533060269 0.11935712597494683 -0.33499817273723964 0.22613372448355942 -0.4631710362047441 0.18212788259958068
-0.03776343038128883 0.029960053262316905 0.03363605785401951 -0.04209049456331112 -0.12649164677804298 -0.010695187165775399 -0.03819145004311938 -0.08489173228346455 -0.015475883415011608 -0.04603794642857144 0.14461223445098542 0.12979062079098808 0.06400193213380027 0.26153466567974337 0.12698013578073925 0.37883571157974494 0.26248828177313516 0.4830606724204561 0.2068691155019228 0.44718909710391835 -0.12676056338028172 -0.0024342745861733184 -0.15097479790775084 0.022724554479129296 -0.3130777764082337 0.09751882483643996 -0.38283828382838286 0.1205583756345178 -0.44837135698272446 0.12563565659587198 0.21882688074582415 0.009473060982830078 0.17164806145720804 0.01085383502170767 0.06461648917075505 0.05309063329541145 0.41409228342316295 0.04894384337970119 0.5171467764060356 0.13914095583787053 -0.1086819158347024 -0.12504262816869385 -0.34682751420948843 -1.7310944672626238 -3.626532083633743 -0.43694623133875476 -0.3163841807909604 -0.05571736102317337 -0.281336679434685 0.04069329314242651 -0.11251406425803223 -0.2254335260115606 -0.2903626708846458 -1.266952590703605 -2.850897376898297 -0.5335255948089401 -0.43707796193984044 -0.34191222180778313 -0.4996096799375488 -0.3308981521272024 0.0934019877858939 0.032377428307123035 0.09238685533855691 0.08421302336614873 0.11548993927848553 0.0937766410912191 0.353460972017673 0.02067120622568093 0.43754769778682273 0.04065040650406504 0.026785714285714284 0.14737090308889417 0.07122839794488559 0.16183574879227053 -0.01081210956271024 0.250090176746423 -0.030833744449925992 0.2418958742632613 -0.11466116980159753 0.21760357093039479 -0.12307309796121332 0.06985915492957746 -0.1804850535815003 0.054119061936259774 -0.25629022820362785 0.1276294020326164 -0.3276891216956998 0.2334677912235668 -0.4431960049937578 0.17033542976939203
-0.03289072968692898 0.019973368841544607 0.04709048099562732 -0.05962820063135742 -0.10143198090692125 -0.024955436720142603 -0.0073918935567327815 -0.10949803149606299 0.02837245292752128 -0.06138392857142858 0.14461223445098542 0.10162850495898126 0.05313367950730589 0.22699235134468299 0.1257229067136032 0.33716378330597296 0.2571313780634793 0.43282236248872863 0.20289086328073203 0.4088586030664395 -0.117797695262484 -0.023125608568646545 -0.15810746552543986 -0.021528525296017217 -0.3143103660791322 0.032094803110727085 -0.3933993399339934 0.040609137055837574 -0.458921271264671 0.03888722704157943 0.23048038327074974 0.021314387211367677 0.1884527667746969 0.030149541726965746 0.09094172549958118 0.08216407533813677 0.4548442224267122 0.08629572385368367 0.5582990397805212 0.17846339987900786 -0.10362694300518134 -0.09889735136978514 -0.3363878900359588 -1.5100265764677459 -3.1422734919490507 -0.3859691710159 -0.2962962962962963 -0.03419019880967454 -0.26152423722097484 0.0723436322532027 -0.09626203275409426 -0.2161849710982659 -0.27454524912439265 -1.1220586530659555 -2.4712379199263688 -0.5046863734679163 -0.4235727440147329 -0.34688549048862366 -0.507416081186573 -0.35668242372152986 0.10777152436833912 0.0393154486586494 0.10992866331423226 0.08777132012809867 0.14882724133825453 0.11691633175009133 0.3976435935198822 0.03526264591439689 0.482065632154668 0.05606952621250351 0.029336734693877542 0.15444470643716104 0.07940214852872492 0.16908212560386474 0.003604036520903405 0.24888782012744975 -0.01603354711396151 0.2394400785854617 -0.1030662200463798 0.22318314967219974 -0.12431626056688212 0.08450704225352114 -0.17710095882684715 0.0481058328322309 -0.2598010532475131 0.13235641692271333 -0.3264709465221099 0.22980075785356316 -0.4344569288389512 0.1611635220125786
-0.03289072968692898 0.03217931646693297 0.05157528870949659 -0.035075412136092596 -0.0847255369928401 0.009506833036244796 0.002463964518910928 -0.06520669291338581 0.036110394635027084 -0.008370535714285716 0.13949321730227798 0.08203746785845475 0.04347301050597755 0.1936836910930175 0.1056072416394267 0.3068569263795934 0.22365072987813042 0.39160118510884967 0.18034743402731734 0.37052810902896083 -0.09731113956466071 -0.025559883154819864 -0.13195435092724678 -0.02033249611290515 -0.27979785529397255 0.03703246512776202 -0.3485148514851485 0.04568527918781726 -0.4022154819992087 0.04636553993419086 0.26155639000388453 0.010657193605683835 0.2220621774096747 0.022913651712493967 0.1471820031111643 0.074579699153078 0.5153148415932692 0.07470376094796496 0.6296296296296295 0.16333938294010888 -0.09857197017566031 -0.09662384903944528 -0.33174805706994553 -1.296206813239913 -2.6640230713770725 -0.36412185944896225 -0.3013182674199623 -0.050652146384703056 -0.2628450667018888 0.049736247174076875 -0.07125890736342043 -0.18728323699421967 -0.24178058976386846 -0.9342761098875624 -2.0800736309249883 -0.4385964912280702 -0.3953345610804174 -0.2934228521695884 -0.4735883424408015 -0.3079787995989113 0.1389055202969704 0.03584643848288622 0.15202900245585313 0.09607401257264855 0.2143112275270865 0.1144805748386311 0.47496318114874825 0.019455252918287935 0.5685576189264818 0.05186431174656575 0.025510204081632647 0.1709502475831172 0.07356375525455396 0.19927536231884058 0.0036040365209034086 0.28135144883972585 -0.03576714356191415 0.27996070726915523 -0.12110280855449625 0.26642488492118843 -0.10815514669318746 0.08450704225352114 -0.15792442188381275 0.04088995790739627 -0.243417203042715 0.13471992436776176 -0.3069801437446705 0.23346779122356684 -0.3957553058676654 0.1611635220125786
-0.03410890486051894 0.019973368841544607 0.04372687521022537 -0.038582953349701854 -0.07159904534606205 -0.015448603683897808 0.00615991129727732 -0.08243110236220472 0.04642765024503483 -0.030691964285714295 0.13821346301510112 0.0722419493081915 0.04105784325564545 0.18258080434246235 0.09932109630374655 0.28160121227427704 0.2102584706039909 0.3748550817982739 0.16841267736374485 0.36626916524701875 -0.060179257362355965 -0.04016553067185978 -0.09985734664764621 -0.045449108958258586 -0.2329594477998274 0.01604740155536356 -0.30627062706270625 0.04060913705583756 -0.3521033891599631 0.053843852826802284 0.27450472614269067 0.021314387211367674 0.23166486616252552 0.04462132175590931 0.18786645925571377 0.08974845152319555 0.5573813592743525 0.10046367851622875 0.6790123456790124 0.17392619479733815 -0.0985719701756603 -0.08525633738774584 -0.3271082241039323 -1.0666827736168156 -2.173756308579668 -0.3301371525670591 -0.2937853107344633 -0.02532607319235152 -0.2602034077400608 0.07385079125847777 -0.05875734466808351 -0.18612716763005782 -0.21127556208338039 -0.7685174452300916 -1.6877588587206624 -0.40134583032924775 -0.3756906077348066 -0.2809896804674873 -0.4957064793130367 -0.29508666380174764 0.15447251826128608 0.052035152636447736 0.17074026429657352 0.11860989206499821 0.24764852958685557 0.1144805748386311 0.4995090819833088 0.020671206225680933 0.5914525566013736 0.04345388281469022 0.04464285714285714 0.15798160811129452 0.08173750583839327 0.19082125603864736 0.025228255646323878 0.2681255260310208 -0.012333497779970391 0.28732809430255407 -0.10177789229580006 0.2706095689775422 -0.10815514669318746 0.07661971830985917 -0.15115623237450646 0.03247143716175586 -0.2305441778818022 0.11699361852989838 -0.29845291752954073 0.22613372448355945 -0.3895131086142322 0.15854297693920336
-0.02923620416615909 0.015534842432312474 0.04148447135329073 -0.05027475739506606 -0.08949880668257756 -0.01663695781342841 -0.05051127263767402 -0.09227362204724407 -0.015475883415011604 -0.0390625 0.14077297158945484 0.08448634749602058 0.03139717425431711 0.19491734517641252 0.08800603469952226 0.29044071221113776 0.1834739520557118 0.38902486152260723 0.1246519029306458 0.38188529244747305 -0.047375160051216385 -0.04138266796494644 -0.0903471231573942 -0.038272933859586175 -0.20954024405275487 0.01110973953832862 -0.2838283828382838 0.030456852791878174 -0.3375972570222867 0.046365539934190854 0.2874530622814968 0.015393724097098877 0.24846957148001442 0.04341534008683069 0.2261577120976427 0.09733282770825433 0.5810437754699619 0.09917568263781555 0.6954732510288066 0.17846339987900786 -0.13648426639706812 -0.061384562919177 -0.36654680431504466 -0.8214544575984537 -1.755587599134823 -0.2743051341182182 -0.386691776522285 0.00506521463847031 -0.3962488442742042 0.09645817633760362 -0.04000500062507813 -0.17803468208092482 -0.1649531126426392 -0.5876898110583054 -1.267832489645651 -0.3412641192021148 -0.31798649478207486 -0.25612333706328483 -0.43976060369502995 -0.2793296089385475 0.15327505687941562 0.05550416281221091 0.1660624488363934 0.13521527695409796 0.2488391475175616 0.14127390086469369 0.4675994108983799 0.042558365758754865 0.5431187992877131 0.08130081300813008 0.029336734693877552 0.16151850978542795 0.06655768332554882 0.18357487922705312 -0.0024026910139356207 0.26692316941204763 -0.07153428712382832 0.2922396856581532 -0.1739242463282659 0.2733993583484447 -0.069617105917454 0.08788732394366197 -0.11957134799774394 0.05532170775706554 -0.18373317729666477 0.13944693925785864 -0.24607138506517234 0.2493582691602494 -0.33458177278402 0.1821278825995807
-0.03654525520769887 0.0055481580115401665 0.04484807713869268 -0.05027475739506606 -0.07875894988066826 -0.01544860368389781 -0.05420721941604041 -0.09473425196850392 -0.01805519731751355 -0.029296875000000007 0.12413616585615564 0.07713970858332313 0.016906170752324597 0.20602023192696767 0.08046266029670607 0.2980174264427327 0.1821347261282978 0.39804199407445573 0.13260840737302743 0.4045996592844975 -0.03713188220230473 -0.053554040895813046 -0.07370423204945317 -0.04066499222581031 -0.181190681622088 -0.003703246512776197 -0.24554455445544554 0.016497461928934 -0.28880390346828433 0.03440023930601256 0.2757995597565713 0.011841326228537596 0.24606889929180173 0.05909310178485287 0.22974751705157354 0.09354063961572494 0.553437623241751 0.09273570324574962 0.6707818930041152 0.17090139140955835 -0.1440667256413497 -0.04888030010230761 -0.3503073889339984 -0.577434162841266 -1.2713290074501322 -0.21847311566937738 -0.3741368487131199 0.030391287830821834 -0.3975696737551182 0.12358703843255463 -0.03750468808601075 -0.17687861271676297 -0.14687605920234997 -0.4323635099107454 -0.8973768982972847 -0.3040134583032924 -0.3118477593615715 -0.2523933855526545 -0.43976060369502995 -0.28076206847156565 0.1688420548437313 0.06822386679000926 0.20231551865278913 0.17554264025619737 0.30003571853792116 0.1692851053464864 0.5056455571919489 0.05471789883268483 0.5850928516916815 0.09531819456125595 -0.002551020408163264 0.16505541145956143 0.03619803829985989 0.20531400966183572 -0.03363767419509851 0.27654202236383313 -0.11716822890971879 0.2922396856581533 -0.22674568410203552 0.28455851583205466 -0.06091496767777227 0.06985915492957748 -0.11957134799774394 0.054119061936259774 -0.17086015213575195 0.13590167809028597 -0.225362407114143 0.2456912357902457 -0.3121098626716604 0.1860587002096436
