0.014732965009208102 -0.03251121076233184 0.07731092436974789 -0.008078476630121177 0.12239613981405202 0.013003901170351106 0.13609612555174105 0.004860267314702312 0.13997688455117505 -0.006897503103876393 -0.05556958827986865 -0.021980705824887044 -0.044337926902336726 -0.04678650578675203 0.14048202087897926 -0.0432686364198294 0.06399373122632886 -0.029517453798767967 0.11481975967957277 0.059277639922801204 0.04217252396166134 0.06431663574520718 0.007195970256656274 0.0846144678822548 0.0012510947078693852 0.02527805864509606 -0.02726210567311437 0.047643574555755866 0.052953156822810585 0.04520268299795859 0.07473263754670789 -0.0549976087996174 0.044524669073405534 -0.06330654979303628 0.08726003490401397 -0.13324360699865412 0.09257960443259926 -0.17769526587985676 0.08035466888334719 -0.15504999275467324 0.026508457460237313 -0.08893508893508892 -0.039733551478321846 -0.35039133052378085 -0.039033910709929245 -0.2870147932734859 0.010311936065996395 -0.15204678362573099 0.06793659251365392 -0.11993564428843059 -0.0012437810945273645 -0.06317267197005147 -0.1413427561837456 -0.9449562957713207 -0.8167187124669709 -0.2606310013717421 -0.02576987501610617 -0.0814374353671148 0.08458895056833202 -0.06824512534818943 -0.08289283998077848 -0.11649580615097857 -0.1392464310788673 -0.6249250329854864 -0.6563039723661485 -0.18736815982131777 -0.07474977828455594 -0.08925251022685013 0.06423432682425487 -0.035931453841901606 -0.12269938650306748 -0.0975896531452087 -0.27397260273972607 -1.030058651026393 -0.3517587939698493 -0.30483361671119746 -0.11990111248454882 -0.2226645105112576 -0.01975243613378983 -0.13385712207187547 -0.0012500000000000005 -0.13310772701635645 -0.13272830402722632 -0.5075232863625507 -0.10642071656615822 -0.2531798909751666 -0.034817209649340965 -0.1783502600941293 0.08149154216569947 -0.1423211282183982
0.006138735420503375 -0.03923766816143498 0.06162464985994398 -0.00923254472013849 0.10238907849829353 0.00945738266934626 0.1213830308974988 0.008505467800729043 0.1297033517400796 -0.009656504345426952 -0.06441020459712048 -0.017096104530467702 -0.039544637507489516 -0.05540507264220636 0.10439489624951667 -0.04574112992953393 0.03264986287057594 -0.021817248459958933 0.09479305740987984 0.059277639922801204 0.04089456869009585 0.0655534941249227 0.011993283761093787 0.06673817185079252 -0.011259852370824473 0.02275025278058645 -0.02856030118135791 0.04764357455575586 0.048879837067209775 0.03937007874015748 0.06313619378946012 -0.060975609756097546 0.03489771359807461 -0.06574141709276846 0.06232859636000998 -0.13593539703903096 0.07574694908121757 -0.17371701365866593 0.06927126627874758 -0.15939718881321546 0.01009845998485231 -0.09817509817509817 -0.04908262241439757 -0.39614689945815773 -0.07684801171017322 -0.3059805285118219 -0.011600928074245937 -0.15984405458089668 0.04795524177434395 -0.13163668275559454 -0.028606965174129355 -0.07136172204024334 -0.19149663741023595 -1.4434207417906921 -1.0857554648090322 -0.28183065220102255 -0.0605592062878495 -0.07368148914167529 0.05551149881046789 -0.06267409470752089 -0.08889956751561749 -0.14212488350419386 -0.1802012637491224 -0.8720163128223583 -0.8327165062916357 -0.2233527732969351 -0.10388952236158622 -0.09545060121482582 0.04239465570400822 -0.04284134881149807 -0.14442740286298567 -0.12463256907701352 -0.3613604156825697 -1.4894916911045943 -0.4583895085182007 -0.3315521010444499 -0.15698393077873918 -0.2363478044532902 -0.052673163023439565 -0.13531209079004802 -0.013750000000000004 -0.1545403271291596 -0.16676120249574589 -0.649629806544065 -0.1714555989121438 -0.27256208358570566 -0.05719970156677443 -0.18454297745850878 0.0629707371280405 -0.1487902704101436
0.013505217925107426 -0.04708520179372198 0.07507002801120448 -0.008078476630121177 0.10709662233729551 0.003546518501004848 0.1324178518881805 0.007290400972053466 0.1374085013484012 -0.01517450682852807 -0.07703965647890883 -0.013432653559653193 -0.05152786099460756 -0.0627924156611672 0.0760407268977961 -0.0432686364198294 0.02220190675199164 -0.012833675564681724 0.0774365821094793 0.055141990625861594 0.0268370607028754 0.06431663574520717 0.01918925401775006 0.052437135025622694 -0.03127736769673465 0.01769464105156724 -0.044138647280280406 0.03734226113829513 0.03937542430414121 0.029163021289005546 0.06957866254348666 -0.05380200860832137 0.03971119133574007 -0.0766983199415632 0.05609573672400897 -0.13862718707940783 0.08135783419834479 -0.16708659329001457 0.07619839290662234 -0.1593971888132155 0.0075738449886392336 -0.09817509817509816 -0.052588524015425964 -0.43588199879590606 -0.09636496706513784 -0.31483120495637873 -0.015467904098994584 -0.15984405458089668 0.04529106167576928 -0.14041246160596751 -0.04228855721393035 -0.08423022929340197 -0.24848968425852042 -2.0411055988660523 -1.2611097766034112 -0.3080184561666043 -0.0760211312975132 -0.08014477766287487 0.05022468939994714 -0.06685236768802229 -0.10211436809226333 -0.16309412861137 -0.21413526796161947 -1.0063572028307546 -0.9277078707130519 -0.24692889936716714 -0.12416064867604204 -0.10536754679558695 0.03340184994861254 -0.03869541182974019 -0.1687116564417178 -0.15873015873015875 -0.540859707132735 -1.9733626588465298 -0.53683049393308 -0.36555744474131646 -0.1854140914709518 -0.26495832815026743 -0.07900974453515933 -0.1615015277171541 -0.03375 -0.1590524534686971 -0.22688598979013047 -0.7606878433245761 -0.23294312403925743 -0.28952150211992733 -0.09077343944292464 -0.19816695566014367 0.027163847388566486 -0.16172855479363435
0.029465930018416204 -0.0515695067264574 0.09747899159663867 -0.011540680900173109 0.12592679769330353 -0.004728691334673128 0.1459048553212359 0.0012150668286755803 0.1515346089636574 -0.02207200993240447 -0.05304369790351099 -0.01465380388325803 -0.04793289394847214 -0.0775671016990889 0.09150663745328007 -0.053158610458647546 0.05354577510774454 -0.015400410677618067 0.10947930574098799 0.03584229390681003 0.03194888178913738 0.0655534941249227 0.0395778364116095 0.03694434513168872 -0.03878393594395096 0.00758341759352882 -0.04154225626379332 0.03605459696111254 0.044806517311608965 0.01603966170895305 0.07473263754670789 -0.05260640841702534 0.060168471720818295 -0.08643778914049186 0.05360259286960858 -0.14535666218034995 0.08276055547762659 -0.16443442514255402 0.07065669160432253 -0.1608462541660629 0.023983842464024234 -0.09240009240009239 -0.06310622881851116 -0.4623720650210716 -0.1110026835813613 -0.31862435200404604 -0.007733952049497292 -0.16374269005847952 0.05594778207006794 -0.15065087026473595 -0.031094527363184077 -0.10177819372952739 -0.36361563889205517 -2.632884479092842 -1.3607975018015854 -0.3317121835640354 -0.07473263754670789 -0.08919338159255429 0.06476341527887919 -0.07381615598885793 -0.10091302258529553 -0.18173345759552656 -0.2679616194710976 -1.1323017872136263 -0.9597828768813222 -0.2692641766968607 -0.12669453946534903 -0.11156563778356268 0.02697841726618705 -0.04284134881149807 -0.16359918200409 -0.18930041152263374 -0.9624468587623995 -2.447458455522972 -0.5735997058463047 -0.3910614525139665 -0.18788627935723115 -0.28361736534394827 -0.08032657361074533 -0.1789611523352248 -0.022500000000000003 -0.17258883248730963 -0.25524673851389673 -0.8693575352280869 -0.2424027432895826 -0.3125378558449425 -0.07087789107187267 -0.21550656428040624 0.04938881343375725 -0.1863112951222668
0.03192142418661756 -0.06726457399103139 0.08739495798319327 -0.020773225620311593 0.12357302577380254 -0.003546518501004846 0.15203531142717017 0.007290400972053465 0.15667137536920508 -0.009656504345426952 -0.050517807527153326 -0.03907681035535475 -0.05032953864589575 -0.09849790691947795 0.09150663745328005 -0.06552107800717025 0.060075747681859734 -0.024383983572895274 0.11882510013351136 0.028949545078577332 0.03961661341853035 0.051948051948051945 0.04077716478771888 0.009534024550113216 -0.04253722006755912 -0.02148634984833165 -0.031156692197844994 0.01545197012619109 0.058384249830278345 -0.008748906386701663 0.0760211312975132 -0.057388809182209476 0.001203369434416368 -0.1253956659362065 0.048616305160807775 -0.1480484522207268 0.09538504699116285 -0.1631083410688238 0.0831255195344971 -0.15794812346036807 0.018934612471598077 -0.11319011319011318 -0.3657824003739628 -0.6333534015653222 -0.13783849719443766 -0.33253255784549246 0.006444960041247746 -0.17803768680961662 0.08125749300652725 -0.15942664911510895 -0.027363184079601994 -0.1392138511932616 -0.5140772825715263 -2.846680841011104 -1.3583953879413886 -0.3491707195410899 -0.055405231284628265 -0.10341261633919338 0.0859106529209622 -0.08635097493036212 -0.11172513214800577 -0.32385834109972045 -0.5956002808331383 -1.1898764543600815 -0.9560819146311372 -0.2742275716590148 -0.11275814012416063 -0.11776372877153837 0.03725590955806783 -0.04975124378109454 -0.18660531697341515 -0.4174015285126396 -1.4395370807746812 -2.517106549364614 -0.5625689422723372 -0.4080641243623998 -0.18665018541409145 -0.3047642741634532 -0.07505925730840136 -0.19060090208060526 -0.015 -0.20078962210941906 -0.27226318774815655 -0.8992118461905898 -0.2388553860707107 -0.32586311326468814 -0.05844317333996518 -0.22417636859053752 0.06173601679219657 -0.18760512356061584
0.014732965009208104 -0.09304932735426008 0.06946778711484594 -0.04039238315060588 0.10121219253854301 -0.023643456673365645 0.13119176066699362 0.002430133657351155 0.12199820213175805 -0.012415505586977512 -0.05304369790351099 -0.04762486262058859 -0.05871779508687837 -0.1243536074858409 0.08248485629591443 -0.07664729880084065 0.0522397805929215 -0.05005133470225873 0.11481975967957277 0.009649848359525776 0.03194888178913738 0.05071119356833642 0.013192612137203163 -0.015492789893933979 -0.05379707243838359 -0.03538928210313448 -0.035051278722575616 -0.005150656708730363 0.058384249830278345 -0.020414114902303878 0.06313619378946012 -0.05619320899091344 -0.07340553549939831 -0.16191867543218894 0.016205435053602595 -0.1534320323014805 0.08276055547762659 -0.15647792070017238 0.058187863674147966 -0.1521518620489784 -0.006311537490532697 -0.14206514206514204 -0.8858244711931752 -0.8934376881396748 -0.19516955354964624 -0.34770514603616137 -0.023201856148491882 -0.18843404808317088 0.05594778207006794 -0.16381453854029543 -0.0472636815920398 -0.18483855872718769 -0.5824689387894677 -2.9376328844790933 -1.366802786452078 -0.3641351789499937 -0.06829016879268135 -0.12150982419855223 0.07401533174729051 -0.10027855153203342 -0.15257087938491112 -0.6593662628145387 -0.9782354317809501 -1.2426532325776658 -0.9573155687145324 -0.2965628489887083 -0.12162675788673509 -0.12892029254989462 0.017985611510791366 -0.06218905472636817 -0.21088957055214727 -0.7148736037624926 -1.685167690127539 -2.521994134897361 -0.5503125383012624 -0.4226378430896284 -0.20519159456118663 -0.32217937554422194 -0.09876218066894916 -0.21824530772588385 -0.04250000000000001 -0.2380146644106035 -0.30402722631877477 -0.9147360878910913 -0.25304481494619846 -0.3343428225317989 -0.07585177816463565 -0.2390388902650483 0.0469193727620694 -0.18760512356061584
0.006138735420503377 -0.10426008968609865 0.045938375350140045 -0.04847085978072706 0.0812051312227845 -0.023643456673365645 0.12015693967631191 0.004860267314702312 0.11044047771927572 -0.008277003724651674 -0.053043697903510975 -0.042740261326169246 -0.06470940683043738 -0.1391282935237626 0.0799072045366671 -0.07788354555569292 0.04701580253362936 -0.04491786447638604 0.11882510013351133 0.012406947890818854 0.033226837060702875 0.05194805194805195 -0.010793955384984417 -0.04409486354427363 -0.0613036406855999 -0.03791708796764408 -0.029858496689601454 -0.002575328354365181 0.0638153428377461 -0.027704870224555266 0.054116737533822956 -0.07771401243424199 -0.15162454873646208 -0.21670318967616264 -0.009972575417601593 -0.16150740242261105 0.06592790012624491 -0.149847500331521 0.04156275976724855 -0.15649905810752066 -0.015147689977278472 -0.17556017556017553 -1.4000233726773403 -1.1511137868753765 -0.23176384484020493 -0.37678594006827665 -0.03093580819798917 -0.21182586094866798 0.05727987211935529 -0.18721661547462337 -0.05597014925373134 -0.2129153018249883 -0.6508605950074091 -2.9718875502008033 -1.3463848186404035 -0.36164110238184316 -0.0605592062878495 -0.1266804550155119 0.08458895056833202 -0.10584958217270195 -0.18861124459394524 -1.233690587138863 -1.35619003042359 -1.254647954899844 -0.9388107574636073 -0.29532200024816974 -0.12035981249208158 -0.13263914714268005 0.017985611510791366 -0.0718629076838032 -0.23900817995910023 -0.9441504997060551 -1.9319792158715163 -2.49266862170088 -0.5245740899620052 -0.41413650716541167 -0.2187886279357231 -0.323423311357134 -0.10929681327363708 -0.21679033900771133 -0.05625 -0.2662154540327129 -0.3369256948383437 -0.912347743014091 -0.2577746245713611 -0.3210175651120533 -0.0895299676697339 -0.21674510775328212 0.03580688973947401 -0.17854832449217234
-0.0024554941682013525 -0.11210762331838564 0.019047619047619046 -0.053087132140796314 0.07061315758503002 -0.020096938172360797 0.11280039234919077 0.010935601458080193 0.1040195197123411 -0.012415505586977514 -0.05809547865622631 -0.03541335938454023 -0.08508088675853805 -0.14651563654272345 0.0695965974996778 -0.07293855853628384 0.04309781898916024 -0.02566735112936345 0.11615487316421895 0.016542597187758475 0.0268370607028754 0.053184910327767475 -0.052770448548812667 -0.07627219640090574 -0.07131239834855498 -0.03918099089989888 -0.023367519148383746 0.011588977594643318 0.06924643584521387 -0.023330417031204434 0.030923850019327404 -0.10999521759923483 -0.25150421179302046 -0.3092281470659849 -0.04113687359760658 -0.18438761776581428 0.05751157245055406 -0.1604561729213632 0.02632308118592408 -0.16519345022460516 -0.039131532441302706 -0.19866019866019866 -1.9177281757625337 -1.3786875376279348 -0.28299585264698707 -0.3805790871159439 -0.041247744263985565 -0.20662768031189085 0.04395897162648195 -0.19160450489980985 -0.08582089552238806 -0.2702386523163313 -0.7021543371708652 -2.9648003779825185 -1.2827288013451836 -0.3342062601321861 -0.05798221878623888 -0.10082730093071354 0.08855405762622257 -0.09192200557103063 -0.2763094666025949 -2.0561509785647716 -1.74584600982916 -1.2438527048098835 -0.8943992104613866 -0.2915994540265542 -0.13809704801723047 -0.13759761993306063 -0.011562178828365879 -0.07739082365948038 -0.26712678936605316 -1.033509700176367 -1.9957487009919699 -2.443792766373412 -0.48903051844588796 -0.4007772649987856 -0.2187886279357231 -0.3060082099763652 -0.11456412957598103 -0.21533537028953878 -0.06250000000000001 -0.2763677382966723 -0.3380601247872944 -0.8884642942440888 -0.23885538607071072 -0.306480920654149 -0.08206913703058938 -0.20312112955164724 0.0395110507470058 -0.1759606676154742
0.002455494168201349 -0.13565022421524664 0.017927170868347327 -0.08770917484131564 0.07649758738378251 -0.050833431847736144 0.11770475723393821 -0.03037667071688943 0.10787209451650184 -0.03724651676093254 -0.06819904016165697 -0.06594211747466114 -0.1006590772917915 -0.17975868012804724 0.05799716458306483 -0.10755346767214738 0.04179182447433721 -0.05646817248459959 0.12016021361815754 -0.016542597187758478 0.014057507987220446 0.03710575139146567 -0.10434156872151594 -0.10844952925753784 -0.09132991367446515 -0.02906976744186046 -0.035051278722575616 0.018027298480556272 0.054310930074677535 -0.01603966170895305 0.015461925009663702 -0.14705882352941177 -0.49939831528279177 -0.47966885804723647 -0.07978060334081276 -0.21399730820995963 0.05049796605414503 -0.1909561066171595 0.023552230534774177 -0.17823503840023186 -0.05932845241100733 -0.2587202587202587 -2.3267500292158467 -1.566526189042745 -0.32690900219565744 -0.418510557592616 -0.045114720288734214 -0.24041585445094213 0.0293059810843213 -0.22817025010969721 -0.15174129353233828 -0.44571829667758533 -0.7648466887039781 -2.904559414127097 -1.221474897910161 -0.3042773413143784 -0.06442468754026542 -0.09565667011375388 0.0740153317472905 -0.08774373259052923 -0.40965881787602115 -2.8611369990680338 -2.0500819096653404 -1.2090680100755666 -0.8438193930421909 -0.28043181536170747 -0.15203344735841887 -0.1611503656873683 -0.03725590955806783 -0.08706467661691542 -0.28885480572597133 -1.1146384479717812 -1.9851204534718945 -2.375366568914956 -0.4485843853413408 -0.41170755404420695 -0.2175525339925834 -0.3346187336733425 -0.11456412957598103 -0.24152480721664485 -0.07250000000000001 -0.2673434856175973 -0.31764038570618264 -0.8574158108430856 -0.20574671869457256 -0.29678982434887946 -0.07460830639144492 -0.19940549913301958 0.04321521175453759 -0.17466683917712508
-0.012277470841006752 -0.1446188340807175 0.0011204481792717116 -0.12117714945181765 0.06119806990702601 -0.07565906135477006 0.09440902403138793 -0.054678007290400975 0.09759856170540643 -0.05655952545178644 -0.0808284920434453 -0.089143973623153 -0.11863391252246853 -0.2130017237133711 0.03608712462946256 -0.12238842873037459 0.03787384092986809 -0.0603182751540041 0.12416555407209613 -0.030328094844223875 -0.0012779552715654952 -0.012368583797155223 -0.1643079875269849 -0.18233821952091528 -0.12260728137119978 -0.0442366026289181 -0.04284045177203687 0.006438320885912954 0.048879837067209775 -0.037911927675707204 -0.02190439376369025 -0.18053562888570063 -0.9265944645006016 -0.7962016070124178 -0.15083520319122412 -0.2489905787348587 0.023846261747790705 -0.20156477920700172 0.0013854253255749516 -0.18982756122301114 -0.09845998485231003 -0.31878031878031876 -2.544115928479607 -1.6676700782661047 -0.35984386435716026 -0.4324187634340625 -0.04382572828048466 -0.253411306042885 0.0253097109364593 -0.24572180781044314 -0.2611940298507463 -0.8247543284978942 -0.8605950074090961 -2.71202456886369 -1.0557290415565697 -0.27559546078064595 -0.06184770003865481 -0.09694932781799379 0.07005022468939993 -0.10724233983286906 -0.5586256607400288 -3.4808946877912397 -2.2735782822373043 -1.0939186757826556 -0.7315568714532444 -0.2692641766968607 -0.16596984669960727 -0.16238998388496345 -0.05909558067831448 -0.08430071862907683 -0.30930470347648265 -1.1746031746031746 -1.9874822862541337 -2.215298142717498 -0.3836254442946439 -0.41049307748360464 -0.22002472187886277 -0.3433262843637268 -0.11193047142480905 -0.2677142441437509 -0.08375 -0.24591088550479415 -0.3062960862166761 -0.79890136135658 -0.18564502778763153 -0.2798304058146578 -0.0895299676697339 -0.18949715135001238 0.025929127052722562 -0.1850174666839177
0.007366482504604052 -0.1468609865470852 -0.002240896358543413 -0.14079630698211196 0.07061315758503 -0.08156992552311149 0.10176557135850905 -0.05467800729040097 0.10273532811095414 -0.05380052421023589 -0.07451376610255114 -0.1025766271828062 -0.13301378070701017 -0.21792661905934502 0.04382007990720453 -0.1174434417109655 0.04701580253362936 -0.05261806981519507 0.12016021361815757 -0.03170664460987042 -0.006389776357827476 -0.06431663574520716 -0.20628448069081315 -0.23715886068406627 -0.1488802702364569 -0.051820020222446916 -0.054524211346228736 -0.0038629925315477715 0.038017651052274275 -0.0510352872557597 -0.034789331271743336 -0.22477283596365374 -1.3682310469314078 -1.0896031166301436 -0.2218898030416355 -0.2745625841184388 0.005610885117127226 -0.2188038721654953 -0.029093931837073983 -0.19272569192870598 -0.14390305478414542 -0.373065373065373 -2.610728058899147 -1.751956652618904 -0.37814101000243955 -0.4298899987356177 -0.05155968032998195 -0.2599090318388564 0.018649260690022644 -0.25596021646921163 -0.43034825870646765 -1.430744033692092 -1.0441126182605722 -2.373021497755729 -0.7878933461446074 -0.2556428482354408 -0.06313619378946012 -0.10987590486039296 0.06079830822098862 -0.12395543175487464 -0.6343104276790005 -3.8198974836905877 -2.4093142990872924 -0.8816120906801006 -0.5230693313594867 -0.2444472018860901 -0.15583428354237933 -0.16238998388496345 -0.07065775950668036 -0.08291873963515754 -0.3144171779141104 -1.2239858906525574 -1.9520547945205482 -1.8633919843597262 -0.29170241451158224 -0.3874180228321593 -0.1953028430160692 -0.34208234855081476 -0.09612852251777718 -0.2662592754255783 -0.058750000000000004 -0.22560631697687533 -0.2665910380034033 -0.6806782899450682 -0.11588033581648338 -0.2677165354330709 -0.06714747575230043 -0.19692841218726778 0.040745771082849734 -0.19019278043731397
0.012277470841006754 -0.14573991031390138 0.0033613445378151306 -0.155799192152337 0.08473578910203601 -0.08866296252512118 0.10544384502206963 -0.0680437424058323 0.10915628611788877 -0.062077527934887564 -0.07956554685526648 -0.12333618268408841 -0.15937687237866985 -0.23516375277025361 0.05799716458306483 -0.1298059092594882 0.06399373122632884 -0.08085215605749485 0.1361815754339119 -0.045492142266335814 -0.016613418530351438 -0.10265924551638839 -0.28184216838570403 -0.30747229174115126 -0.18265982734893033 -0.07583417593528817 -0.05841879787095936 -0.025753283543651816 0.03665987780040734 -0.07144940215806357 -0.04252029377657519 -0.24748923959827834 -1.6317689530685922 -1.5424884343803265 -0.30167040638244824 -0.3203230148048452 -0.018235376630663488 -0.25726031030367325 -0.0429481850928235 -0.2159107375742646 -0.16536228225195657 -0.4342804342804342 -2.6598106813135445 -1.7736303431667673 -0.3866796779702366 -0.4273612340371729 -0.045114720288734214 -0.26510721247563357 0.022645530837884637 -0.25888547608600265 -0.5883084577114428 -2.0343940102948057 -1.3416163228086173 -1.9088117174580677 -0.5512851309152054 -0.23319615912208508 -0.04123180002576987 -0.11504653567735264 0.06872852233676975 -0.12952646239554316 -0.6583373378183566 -4.144920782851818 -2.4432483032997894 -0.6585102554875853 -0.36516160868492475 -0.2196302270753195 -0.14569872038515141 -0.15867112929217803 -0.06423432682425488 -0.07877280265339967 -0.2875766871165644 -1.2592592592592593 -1.887104393008975 -1.4088465298142718 -0.19732810393430572 -0.36069953849890696 -0.16069221260815822 -0.33835054111207863 -0.06715828285488544 -0.26916921286192347 -0.043750000000000004 -0.1906373378454597 -0.22688598979013044 -0.5636493909720566 -0.054392810689369755 -0.2628709872804361 -0.036060681422531715 -0.21055239038890267 0.06420545746388444 -0.19924957950575756
0.004910988336402702 -0.15919282511210764 -0.008963585434173669 -0.16156953260242352 0.0859126750617865 -0.100484690861804 0.10421775380088279 -0.08383961117861481 0.11044047771927572 -0.08277003724651676 -0.07956554685526648 -0.14775918915618513 -0.18933493109646493 -0.2696380201920709 0.05284186106457017 -0.1495858573371245 0.06791171477079797 -0.10908624229979465 0.1388518024032043 -0.06892748828232699 -0.02939297124600639 -0.13976499690785404 -0.38498440873111056 -0.4683589560243117 -0.2614787939447016 -0.11122345803842264 -0.07269894846163831 -0.048931238732938455 0.02172437202987102 -0.09040536599591717 -0.07730962504831852 -0.2690100430416069 -1.7509025270758123 -2.0075480886291697 -0.4151084517576664 -0.3620457604306864 -0.05470612989199046 -0.2864341599257393 -0.07204211692989748 -0.23909578321982322 -0.21711688967432466 -0.5209055209055209 -2.7568072922753304 -1.8025285972305842 -0.41473530129299824 -0.45644202806928824 -0.058004640371229696 -0.29889538661468484 0.002664180098574662 -0.28960070206230804 -0.7139303482587065 -2.862657931679925 -1.763364869485923 -1.3548310890621307 -0.4035551285130915 -0.23693727397431102 -0.03994330627496456 -0.13572905894519133 0.063441712926249 -0.14902506963788298 -0.6655454108601633 -4.221808014911463 -2.444418441376082 -0.5457598656591099 -0.2923760177646188 -0.22087107581585802 -0.12416064867604208 -0.16610883847774888 -0.04624871531346351 -0.09673852957435047 -0.2760736196319019 -1.255731922398589 -1.7371280113367973 -0.9261974584555231 -0.1397230052702537 -0.34855477289288317 -0.14709517923362175 -0.3308869262346063 -0.0605741374769555 -0.2808089626073039 -0.03875000000000001 -0.1714608009024253 -0.18377765173000568 -0.4669214234535467 -0.008277166844034529 -0.25681405208964264 -0.014921661278288988 -0.21674510775328212 0.08643042350907518 -0.20313106482080476
-0.018416206261510127 -0.1726457399103139 -0.042577030812324924 -0.17657241777264857 0.0788513593032835 -0.11112424636481855 0.08092202059833252 -0.0899149453219927 0.0911776036984718 -0.09104704097116842 -0.11366506693609497 -0.16485529368665283 -0.21689634511683648 -0.3311992120167447 -0.0012888258796236647 -0.1718382989244653 0.020895912237168607 -0.12191991786447635 0.09879839786381842 -0.06892748828232699 -0.04856230031948881 -0.14842300556586271 -0.45934276804989205 -0.8199261113097368 -0.45664956837232573 -0.14914054600606672 -0.10904842269245749 -0.06309554468194696 -0.005431093007467752 -0.1020705745115194 -0.10952196881845122 -0.30009564801530375 -1.8315282791817087 -2.2972972972972974 -0.5123410620792821 -0.40107671601615075 -0.08837144059475381 -0.3103036732528842 -0.09282349681352176 -0.2492392406897551 -0.292855339560717 -0.6595056595056594 -2.939114175528807 -1.8217940999397952 -0.44767016345450106 -0.48425843975218114 -0.09409641660221706 -0.32748538011695905 -0.025309710936459305 -0.30861488957144945 -0.7935323383084577 -3.5938231165184837 -2.196512025532885 -0.8126624143633357 -0.3254864280566898 -0.24067838882653692 -0.06184770003865481 -0.15899689762150981 0.03568596352101505 -0.16713091922005568 -0.6787602114368092 -4.2287977632805225 -2.4022934706295342 -0.43900683699172366 -0.26770293609671847 -0.21342598337262692 -0.13176232104396304 -0.16982769307053427 -0.05652620760534429 -0.1064123825317855 -0.273517382413088 -1.206349206349206 -1.3096362777515353 -0.46920821114369504 -0.08824610859173918 -0.3315521010444498 -0.1508034610630408 -0.31720363229257376 -0.06189096655254149 -0.2749890877346137 -0.05625 -0.16018048505358154 -0.15087918321043678 -0.390494387389539 -0.007094714437743883 -0.24227740763173838 -0.03979109674210395 -0.20683675997027495 0.05803185578466478 -0.19666192262905938
-0.03314917127071824 -0.19394618834080718 -0.04481792717086834 -0.1765724177726486 0.056490526068024 -0.12885683886984278 0.058852378616969105 -0.1057108140947752 0.06934634647489404 -0.10208304593737065 -0.1275574640060621 -0.1868359995115399 -0.2312762133013781 -0.3447426742181729 -0.06315246810155947 -0.22252441587340838 -0.007835967088938226 -0.13988706365503076 0.0774365821094793 -0.08547008547008546 -0.060063897763578275 -0.1793444650587508 -0.45334612616934516 -0.9176498629483971 -0.9383210309020393 -0.2717391304347826 -0.16357263403868622 -0.09013649240278136 -0.03937542430414121 -0.11519393409157189 -0.12369540007730961 -0.34074605451936874 -1.8206979542719612 -2.3313854394935474 -0.5709299426576914 -0.4576043068640646 -0.12905035769392623 -0.3461079432436016 -0.12053200332502079 -0.26807709027677146 -0.3269376420095935 -0.8593208593208592 -3.2897043356316464 -2.001204093919326 -0.47084654793852154 -0.5234542925780756 -0.1288992008249549 -0.3534762833008447 -0.0586119621686426 -0.3320169665057774 -0.8171641791044776 -3.6651848385587273 -2.4655192066567877 -0.7689581856839122 -0.3411001681479702 -0.2568898865195161 -0.09534853755959283 -0.17063081695966906 0.017182130584192438 -0.17548746518105848 -0.6679481018740989 -4.099487418452935 -2.0664638427334423 -0.3946263643996641 -0.28003947693066866 -0.22211192455639658 -0.1482326111744584 -0.1710673112681294 -0.07065775950668036 -0.1091763405196241 -0.2441206543967281 -0.9782480893592004 -0.8042040623523855 -0.3775659824046921 -0.10295379335702906 -0.3157639057566189 -0.16440049443757726 -0.29232491603433264 -0.08164340268633133 -0.2589844318347156 -0.05750000000000001 -0.14890016920473775 -0.13272830402722635 -0.33556245521853356 -0.002364904812581295 -0.22652937613567534 -0.04600845560805769 -0.2031211295516472 0.051858254105445124 -0.190192780437314
-0.028238182934315532 -0.1849775784753363 -0.04145658263305321 -0.1592613964223889 0.05884429798752501 -0.11939945620049652 0.06130456105934282 -0.10935601458080195 0.08090407088737639 -0.0993240446958201 -0.14144986107602928 -0.20637440468921725 -0.25284601557819053 -0.34351145038167935 -0.13146023972161364 -0.3140066757324762 -0.036567846415045055 -0.14887063655030802 0.06275033377837116 -0.08960573476702509 -0.06517571884984026 -0.20037105751391468 -0.4257615735188295 -0.923608628292218 -1.4587764293757037 -0.5333670374115268 -0.21809684538491497 -0.13391707442698944 -0.05974202308214528 -0.1385243511227763 -0.121118412575699 -0.35628885700621715 -1.805054151624549 -2.3691258826393957 -0.5983545250560958 -0.515477792732167 -0.15429934072099874 -0.38589046545550987 -0.12053200332502079 -0.28111867845239824 -0.3458722544811917 -0.932085932085932 -3.530442912235597 -2.3829018663455748 -0.5050012198097098 -0.5727652041977495 -0.15983500902294406 -0.3820662768031189 -0.0839216731051019 -0.3539564136317098 -0.8134328358208954 -3.641787552643893 -2.6866522284281316 -0.8362863217576187 -0.3543117943790536 -0.2606310013717421 -0.10179100631361937 -0.1822647362978283 0.00793021411578113 -0.1713091922005571 -0.6138875540605478 -3.759319664492078 -1.6779780014041656 -0.340650113949862 -0.26400197384653346 -0.20722173966993424 -0.13936399341188394 -0.16362960208255856 -0.052672147995889 -0.089828634604754 -0.2121676891615542 -0.6831275720164609 -0.5243268776570618 -0.31769305962854344 -0.09192302978306163 -0.29147437454457126 -0.14833127317676142 -0.2749098146535639 -0.06715828285488544 -0.2400698384984723 -0.036250000000000004 -0.11054709531866895 -0.10663641520136133 -0.2854072128015286 0.013006976469197119 -0.22289521502119922 -0.03108679432976872 -0.19321278176864004 0.060501296456352646 -0.1863112951222668
-0.020871700429711475 -0.17713004484304934 -0.043697478991596636 -0.13964223889209465 0.060021183947275514 -0.1276746660361745 0.06375674350171652 -0.11907654921020656 0.08732502889431103 -0.10484204717892123 -0.15786814852235412 -0.2246916595432898 -0.29119233073696826 -0.3422802265451859 -0.2049233148601624 -0.44381258499196435 -0.0901136215227896 -0.16940451745379875 0.03471295060080106 -0.09925558312655086 -0.0817891373801917 -0.22758194186765618 -0.420964260014392 -0.9033488261232273 -1.8215938946578256 -0.980788675429727 -0.3128651174866935 -0.19057429822302346 -0.0964019008825526 -0.15164771070282881 -0.12111841257569902 -0.3550932568149211 -1.7737665463297234 -2.386169953737521 -0.6045873846920967 -0.5558546433378198 -0.1851592088651985 -0.420368651372497 -0.12330285397617069 -0.2854658745109405 -0.35344609946983085 -0.9447909447909447 -3.7688442211055273 -3.0307043949428056 -0.595267138326421 -0.5967884688329751 -0.19850476927043054 -0.3924626380766731 -0.11056347409084855 -0.3524937838233143 -0.7985074626865672 -3.6008423022929343 -2.7550438846460734 -0.9355067328136073 -0.38553927456161424 -0.27684249906472125 -0.121118412575699 -0.18614270941054806 -0.00528680941052075 -0.16991643454039 -0.5670350792888035 -3.1826654240447345 -1.2742803650830798 -0.29986805805445604 -0.2479644707623982 -0.21218513463208838 -0.13556315722792345 -0.1772654022561051 -0.043679342240493337 -0.09535655058043117 -0.1853271983640082 -0.44797178130511456 -0.26924893717524806 -0.2956989247311827 -0.09805123176859909 -0.293903327665776 -0.1396786155747837 -0.27117800721482765 -0.052673163023439565 -0.24152480721664485 -0.0225 -0.06429780033840948 -0.09075439591605221 -0.24480534989252453 0.03192621496984747 -0.22047244094488186 -0.029843322556577966 -0.19197423829576418 0.06420545746388442 -0.17725449605382326
-0.022099447513812154 -0.16143497757847533 -0.04145658263305322 -0.1257934218118869 0.051782982229022015 -0.13713204870552076 0.0478175576262874 -0.13244228432563793 0.07576730448182868 -0.1062215477996965 -0.16670876483960595 -0.22713396019049942 -0.2995805871779509 -0.34104900270869243 -0.2461657430081196 -0.5748547410063048 -0.1554133472639415 -0.1963552361396304 0.020026702269692918 -0.11304108078301625 -0.09968051118210863 -0.24489795918367346 -0.41616694650995434 -0.8735549994041234 -1.9567121231077191 -1.429474216380182 -0.46475399195118783 -0.25753283543651817 -0.1452817379497624 -0.1778944298629338 -0.11081046256925653 -0.3299856527977044 -1.7051744885679905 -2.358168979790601 -0.6457242582897034 -0.5787348586810229 -0.24267078131575257 -0.4402599124784511 -0.1399279578830701 -0.2796696130995508 -0.3685937894471093 -0.9447909447909447 -3.717424330957111 -3.807344972907887 -0.8599658453281288 -0.6372487040080921 -0.24748646558391338 -0.42365172189733596 -0.14786199547089382 -0.3598069328652918 -0.7686567164179106 -3.532990173139916 -2.7561837455830385 -1.019371604063312 -0.4407878933461446 -0.3229829155755081 -0.13915732508697332 -0.23009307135470528 -0.013217023526301877 -0.19080779944289694 -0.4781355117731859 -2.3613699906803354 -0.8659021764568218 -0.27228019671344605 -0.2467308166790032 -0.23203871448070484 -0.13429621183326998 -0.18842196603446135 -0.03725590955806783 -0.10364842454394692 -0.1546523517382413 -0.34803057025279244 -0.20902220122815302 -0.2724828934506353 -0.09069738938595415 -0.3011901870293904 -0.14091470951792337 -0.2836173653439482 -0.05662365025019752 -0.2502546195256802 -0.009999999999999997 -0.03271291596164693 -0.08167895632444697 -0.22808693575352282 0.05794016790824169 -0.21926105390672318 -0.043521512061676204 -0.19692841218726778 0.060501296456352625 -0.16819769698537973
-0.029465930018416207 -0.16255605381165922 -0.05378151260504203 -0.11886901327178304 0.050606096269271504 -0.14422508570753045 0.0392349190779794 -0.1336573511543135 0.07833568768460253 -0.11449855152434818 -0.16670876483960595 -0.21370130663084627 -0.30677052127022175 -0.33612410736271847 -0.25647635004510894 -0.7157868710594635 -0.23769100169779284 -0.22202258726899388 0.01735647530040053 -0.11304108078301627 -0.11118210862619808 -0.22387136672850957 -0.4113696330055169 -0.8437611726850196 -1.9792318278493681 -1.9312436804853388 -0.7204985070751655 -0.32706670100437807 -0.17651052274270196 -0.21289005540974046 -0.10436799381522999 -0.31324725011956 -1.4813477737665464 -2.2705137570002436 -0.7030665669409124 -0.5989232839838493 -0.30018235376630664 -0.473412014321708 -0.15932391244111943 -0.30575278945080425 -0.3723807119414289 -0.9320859320859322 -3.455650344746991 -4.644190246839254 -1.4588924127836058 -0.6764445568339867 -0.2964681618973962 -0.45484080571799873 -0.16917543625949114 -0.3715079713324558 -0.7052238805970149 -3.3387927000467945 -2.7140088909153084 -1.0748877864398771 -0.4948354552005765 -0.36912333208629505 -0.14044581883777862 -0.2468976215098242 0.01189532117367169 -0.20891364902506965 -0.3375780874579529 -1.5598788443616032 -0.5499648958577112 -0.2566870576946144 -0.24302985442881817 -0.23452041196178186 -0.12035981249208158 -0.18098425684889052 -2.7755575615628915e-18 -0.1077943615257048 -0.11758691206543967 -0.27748383303938856 -0.19248937175247993 -0.27003910068426196 -0.05392817747272951 -0.3036191401505951 -0.1273176761433869 -0.27864162209230003 -0.04477218856992362 -0.2473446820893351 0.005 -0.03158488437676256 -0.09529211571185481 -0.2256985908765226 0.0863190256592172 -0.19503331314354938 -0.0460084556080577 -0.1870200644042606 0.07531794048647981 -0.16302238323198343
-0.014732965009208104 -0.15695067264573995 -0.035854341736694675 -0.12694748990190421 0.0647287277862775 -0.14304291287386217 0.06498283472290338 -0.11907654921020654 0.09246179529985873 -0.11036004966202236 -0.15913109371053297 -0.20881670533642693 -0.29119233073696826 -0.3459738980546663 -0.2616316535636036 -0.8010878971442701 -0.3369465848243437 -0.24512320328542098 0.0013351134846461873 -0.10890543148607665 -0.11373801916932906 -0.19542362399505253 -0.36339649796114176 -0.8056250744845667 -1.969223070186413 -2.2004550050556118 -1.1372192652213422 -0.418490857584342 -0.2213170400543109 -0.22892971711869353 -0.08375209380234507 -0.29650884744141554 -1.0685920577617327 -2.057462868273679 -0.7404637247569185 -0.6083445491251683 -0.3394585495861972 -0.5105423683861557 -0.171792740371294 -0.3289378350963629 -0.34965917697551124 -0.9101409101409101 -3.265163024424448 -5.442504515352198 -2.357892168821664 -0.7965608800101152 -0.33900489816963136 -0.49772579597141 -0.1971493272945251 -0.39491004826678366 -0.5907960199004976 -2.944548432381844 -2.609141684714465 -1.1138672336404443 -0.5560893586355993 -0.4015463274722534 -0.15719623759824763 -0.25077559462254395 -0.0013217023526301854 -0.19916434540389974 -0.17900048053820278 -0.9354613233923581 -0.2937046571495437 -0.23989444644356483 -0.2245250431778929 -0.23824295818339744 -0.10769035854554669 -0.1834634932440808 0.01927029804727647 -0.11608623548922056 -0.08691206543967281 -0.21869488536155207 -0.136986301369863 -0.2663734115347019 -0.02573844833925727 -0.3084770463930046 -0.103831891223733 -0.2749098146535639 -0.028970239662891757 -0.23715990106212717 0.021249999999999998 -0.04963338973491259 -0.07260351673284175 -0.22928110819202296 0.11469788341019274 -0.18170805572380377 -0.029843322556577966 -0.18949715135001238 0.0987776268675145 -0.15137792728684177
-0.024554941682013505 -0.1524663677130045 -0.03585434173669468 -0.13848817080207734 0.063551841826527 -0.1406785672065256 0.04413928396272683 -0.12515188335358446 0.08604083729292411 -0.11036004966202236 -0.1654458196514271 -0.19782635242398341 -0.27801078490113845 -0.35459246491012064 -0.2629204794432273 -0.8357028062801334 -0.4035523050803187 -0.29517453798767973 -0.016021361815754337 -0.10476978218913705 -0.10607028753993611 -0.17192331478045758 -0.326217318301751 -0.7889405315218687 -1.9379457024896787 -2.282608695652174 -1.5435544593015709 -0.5936131856811744 -0.26612355736591986 -0.25226013414989795 -0.08504058755315037 -0.2702056432329029 -0.6534296028880866 -1.8066715364012662 -0.7616554475193218 -0.6366083445491253 -0.3492775985411699 -0.5662378994828272 -0.1801052923247437 -0.35212288074192144 -0.3281999495077001 -0.8766458766458765 -3.2195863036110786 -5.848284166164961 -3.349597462795804 -1.0684030850929322 -0.382830626450116 -0.5523066926575699 -0.23844411882243238 -0.4183121252011116 -0.4104477611940299 -2.3139915769770707 -2.4005471332497432 -1.1150484290101583 -0.6185443190007207 -0.44394562913081437 -0.17910063136193788 -0.2559462254395036 -1.7347234759768072e-19 -0.19080779944289689 -0.09250360403652089 -0.565004659832246 -0.1252047741633513 -0.20510975170924794 -0.21712311867752282 -0.22583447077801216 -0.11275814012416066 -0.17726540225610513 0.025693730729701946 -0.11055831951354338 -0.06901840490797546 -0.1422692533803645 -0.11454888993859236 -0.2663734115347019 -0.02573844833925725 -0.2926888511051737 -0.1273176761433869 -0.25500684164697096 -0.0355543850408217 -0.221155245162229 0.013750000000000002 -0.06655386350817824 -0.0737379466817924 -0.23644614282302365 0.11469788341019274 -0.15748031496062992 -0.028599850783387216 -0.18578152093138472 0.09877762686751451 -0.1449087850950964
-0.014732965009208104 -0.15246636771300448 -0.03137254901960784 -0.14425851125216388 0.036483464752265514 -0.12176380186783309 0.030652280529671404 -0.11543134872417982 0.0757673044818287 -0.11449855152434821 -0.1452386966405658 -0.18195139821712053 -0.25644098262432596 -0.34720512189115976 -0.2642093053228509 -0.8258128322413153 -0.42967219537677936 -0.33624229979466125 -0.03871829105473966 -0.11166253101736974 -0.10223642172523961 -0.14718614718614717 -0.2674502278723915 -0.7448456679775949 -1.9079194295008133 -2.2864004044489383 -1.7253018304556664 -0.9760494463044038 -0.36931432450780716 -0.2755905511811024 -0.06700167504187605 -0.2534672405547585 -0.3922984356197353 -1.3708302897492088 -0.7155322862129144 -0.6648721399730821 -0.3590966474961425 -0.599390001326084 -0.22166805209199225 -0.3738588610346326 -0.3016914920474628 -0.826980826980827 -3.1716723150636903 -5.925346177001806 -4.212002927543303 -1.5754204071311164 -0.4923949471513277 -0.6003898635477583 -0.27041428000532836 -0.45341524060260346 -0.22636815920398012 -1.6834347215722976 -2.050609825601277 -1.105598866052445 -0.6834013932260389 -0.5200149644594089 -0.23321736889576083 -0.27404343329886244 -0.01586042823156225 -0.20612813370473532 -0.043248438250840945 -0.2096924510717614 -0.033934004212497065 -0.18591819599376275 -0.20355292376017758 -0.22211192455639658 -0.11402508551881414 -0.17850502045370026 0.028263103802672142 -0.11746821448313985 -0.05368098159509203 -0.07407407407407407 -0.06849315068493152 -0.2749266862170089 -0.022061527147934797 -0.2708282730143309 -0.1211372064276885 -0.24132354770493838 -0.011851461680273904 -0.221155245162229 0.028750000000000005 -0.08009024252679073 -0.06693136698808849 -0.2376403152615238 0.10050845453470499 -0.13204118715929739 -0.029843322556577966 -0.1919742382957642 0.0950734658599827 -0.14749644197179454
-0.004910988336402702 -0.1266816143497758 -0.0257703081232493 -0.14772071552221583 0.003530657879251503 -0.09220948102612603 0.003678273663560569 -0.09356014580801944 0.05907281366379864 -0.093806042212719 -0.12755746400606213 -0.15508609109781415 -0.22049131216297177 -0.3213494213247968 -0.2513210465266143 -0.8010878971442699 -0.45448609115841715 -0.3696098562628337 -0.05874499332443258 -0.10476978218913705 -0.08817891373801916 -0.11502782931354358 -0.17989925641640686 -0.5827672506256703 -1.8253471787814342 -2.2472194135490393 -1.8836816824613787 -1.5284573783157351 -0.4507807196198234 -0.2901720618256051 -0.042520293776575194 -0.24031563845050213 -0.28760529482551145 -0.9179449719990261 -0.6519571179257044 -0.6837146702557202 -0.37873474540608776 -0.6630420368651373 -0.2632308118592408 -0.3912476452688017 -0.24993688462509472 -0.753060753060753 -3.075844337968914 -5.880794701986755 -4.645035374481581 -2.341636110759894 -0.699922660479505 -0.6341780376868096 -0.3103769814839484 -0.4534152406026036 -0.08208955223880599 -0.8282639213851194 -1.569588510201755 -1.0642570281124497 -0.7350468412202738 -0.613542835765058 -0.3156809689473006 -0.27533609100310236 -0.0317208564631245 -0.20612813370473537 -0.01802018260451706 -0.10251630941286113 0.021062485373274053 -0.1523329734916637 -0.18751542067604243 -0.1960541010050875 -0.13556315722792348 -0.1710673112681294 0.0038540596094552926 -0.10364842454394693 -0.033231083844580775 -0.02821869488536155 -0.034246575342465765 -0.2627077223851418 -0.035543571516117166 -0.22710711683264515 -0.12237330037082819 -0.20151760169175267 8.326672684688674e-18 -0.19351083951695036 0.0475 -0.0823463056965595 -0.05104934770277936 -0.22092190112252214 0.08868393047179851 -0.09327680193821926 -0.017408604824670482 -0.18082734703988113 0.10001234720335843 -0.12938284383490747
0.003683241252302026 -0.11659192825112111 -0.016806722689075626 -0.1234852856318523 -0.035306578792514996 -0.08629861685778462 0.006130456105934282 -0.10449574726609963 0.05907281366379864 -0.09104704097116843 -0.11366506693609502 -0.13432653559653193 -0.19652486518873574 -0.23147008126077323 -0.23585513597113034 -0.7701817282729634 -0.45709808018806325 -0.37731006160164265 -0.07476635514018691 -0.09925558312655088 -0.09329073482428116 -0.09771181199752627 -0.1463180618853442 -0.1966392563460851 -1.666458150882022 -2.1814964610717897 -1.9576788264312608 -2.080865310327067 -0.6191446028513238 -0.30329542140565763 -0.020615900012884936 -0.2092300334768054 -0.2358604091456077 -0.620891161431702 -0.5584642233856895 -0.6352624495289368 -0.3955674007574695 -0.7081288953719665 -0.3325020781379884 -0.427474279089987 -0.19313304721030042 -0.6248556248556248 -2.890031553114409 -5.81216134858519 -5.080507440839229 -3.2001517258819066 -0.9061613817994327 -0.673164392462638 -0.3583322232582923 -0.4709667983033494 0.0024875621890547233 -0.0596630790828264 -1.0201755385842923 -0.9933853059296007 -0.7866922892145087 -0.8704327222845741 -0.39170210024481383 -0.2895553257497415 -0.044937879989426374 -0.201949860724234 0.002402691013935608 -0.06407269338303821 0.05148607535689211 -0.10555355643516853 -0.17271157167530224 -0.1712371261943169 -0.13936399341188394 -0.1574315110945829 -0.0012846865364850983 -0.09397457158651187 -0.02556237218813906 -0.03409758965314521 -0.033065658951346256 -0.20650048875855326 -0.07108714303223433 -0.2246781637114404 -0.1273176761433869 -0.1915661151884563 0.005267316302343963 -0.18332605848974245 0.05125 -0.06316976875352509 -0.05672149744753262 -0.16001910675901598 0.07804185881518269 -0.06299212598425197 -0.0012434717731907464 -0.16844191231112213 0.11482899123348562 -0.11515073101306768
0.02087170042971148 -0.08071748878923767 0.004481792717086824 -0.11656087709174842 -0.008238201718253499 -0.0874807896914529 0.015939185875429134 -0.0911300121506683 0.06420958006934635 -0.07173403228031452 -0.09093205354887597 -0.10990352912443521 -0.17136009586578788 -0.20561438069441024 -0.16239206083258154 -0.7417480529113611 -0.4388141569805407 -0.3567761806981519 -0.05874499332443258 -0.0827129859387924 -0.08817891373801917 -0.06802721088435373 -0.14391940513312548 -0.0822309617447265 -1.1785312148129614 -2.069009100101112 -1.9187329611839545 -2.086015967035797 -0.7223353699932111 -0.32662583843686205 -0.007730962504831851 -0.16857962697274037 -0.18050541516245489 -0.5539323106890676 -0.4861630516080779 -0.5585464333781965 -0.3128068452798429 -0.7479114175838747 -1.0141313383208646 -0.6781625851325895 -0.14768997727846503 -0.41002541002541004 -2.213392544115928 -5.449729078868152 -5.003659429129057 -3.2406119610570236 -1.3650425367362722 -0.7914230019493177 -0.37431730384974027 -0.5046072838964458 0.018656716417910446 0.03275620028076744 -0.5870283825373306 -0.8303803449090479 -0.7590679798222435 -1.1584985659059732 -1.2382424945239014 -0.6127197518097208 -0.08723235527359238 -0.23259052924791085 0.015617491590581453 -0.05009319664492079 0.08307980341680318 -0.06717044500419815 -0.12213175425610659 -0.1650328824916243 -0.12922843025465602 -0.18346349324408082 0.015416238437821176 -0.09950248756218905 -0.014059304703476484 -0.030570252792475012 -0.030703826169107228 -0.20527859237536655 -0.024512807942149765 -0.2076754918630071 -0.1161928306551298 -0.20151760169175267 0.034237555965235714 -0.16877637130801687 0.05625 -0.03835307388606882 -0.03403289846851956 -0.16240745163601622 0.10050845453470499 -0.0726832222895215 0.01989554837105197 -0.16472628189249444 0.12841091492776888 -0.10091861819122783
0.02087170042971148 -0.07399103139013453 0.029131652661064433 -0.1234852856318523 0.0011768859597505038 -0.09812034519446744 -0.008582638548307995 -0.09842041312272175 0.05136766405547708 -0.06759553041798869 -0.08714321798433947 -0.09280742459396753 -0.14859197124026363 -0.1896084708199951 -0.1043948962495167 -0.6700457411299297 -0.4440381350398329 -0.34522587268993843 -0.06141522029372497 -0.0827129859387924 -0.07412140575079872 -0.04576376004947434 -0.1379227632525786 -0.06435466571326423 -0.6480670586763418 -1.8111729019211324 -1.8758925094119179 -2.0435230491887713 -0.7413441955193483 -0.3324584426946632 0.0038654812524159254 -0.1637972262075562 -0.11672683513838751 -0.4881908935962991 -0.4375467464472701 -0.5006729475100943 -0.23565717491934352 -0.758520090173717 -1.7165419783873648 -1.099840602811187 -0.10477152234284273 -0.3153153153153154 -1.4339137548206145 -4.791089704996989 -4.895096364967065 -3.207738019977241 -1.554524361948956 -0.8551007147498375 -0.3543359531104303 -0.6084540002925259 0.04104477611940298 0.03743565746373421 -0.27242676393480003 -0.6815497283250649 -0.7146288734085995 -1.2769672028931287 -2.263883520164927 -1.1349534643226473 -0.04493787998942639 -0.2562674094707521 0.019221528111484865 -0.057082945013979494 0.11350339340042126 -0.046779417056495146 -0.09622501850481127 -0.17371882367539399 -0.16216901051564675 -0.24916325771662332 0.008992805755395683 -0.12437810945273631 -0.011503067484662576 -0.014109347442680772 -0.024799244213509687 -0.21138807429130008 0.001225640397107494 -0.19188729657517611 -0.11248454882571075 -0.1977857942530165 0.07374242823281538 -0.13385712207187545 0.06625 -0.0338409475465313 -0.004537719795802603 -0.17793169333651776 0.12179259784793664 -0.06662628709872805 0.029843322556577956 -0.1672033688382462 0.1370539572786764 -0.08151119161599173
0.015960712093308783 -0.08071748878923768 0.05490196078431373 -0.1315637622619735 0.015299517476756508 -0.10403120936280885 -0.04904364884747425 -0.10814094775212638 0.05907281366379864 -0.06483652917643812 -0.06819904016165698 -0.0952497252411772 -0.10904733373277413 -0.18591479931051463 -0.025776517592473253 -0.5674372604771913 -0.4231422228026642 -0.3400924024640657 -0.03871829105473966 -0.08822718500137856 -0.060063897763578275 -0.021026592455163872 -0.11753418085871917 -0.06673817185079253 -0.2814963092706118 -1.3725985844287159 -1.795404387900818 -1.9984548029873808 -0.7073998642226748 -0.336832895888014 0.014173431258858397 -0.1673840267814443 -0.07581227436823104 -0.42853664475286096 -0.40638244826726516 -0.45895020188425306 -0.1935755365408893 -0.7744330990584803 -2.2720975339429206 -1.5215186204897844 -0.07952537238071192 -0.2864402864402865 -0.6661213041953956 -3.8651414810355207 -4.7292022444498665 -3.192565431786572 -1.537767465841712 -0.9278752436647174 -0.4702277873984282 -0.7196138657305836 0.03482587064676616 0.008189050070191864 -0.13336372962498572 -0.5516182376565083 -0.6725918808551525 -1.3879536101758325 -3.195464501997165 -1.6597724922440538 -0.03700766587364526 -0.2701949860724234 0.019221528111484868 -0.06523765144454799 0.11350339340042126 -0.027587861341009955 -0.08018751542067604 -0.16875542871323987 -0.30913467629545166 -0.30122722201561924 -0.008992805755395687 -0.12714206744057488 -0.00894683026584867 -0.0047031158142269245 -0.011809163911195084 -0.20527859237536655 0.03554357151611717 -0.1639543356813214 -0.05315203955500617 -0.18907824356263217 0.0842770608375033 -0.09602793539938892 0.06875 -0.04399323181049069 0.02268859897901305 -0.18867924528301888 0.1312522170982618 -0.06783767413688672 0.009947774185525981 -0.17587317314837753 0.15927892332386714 -0.06598525035580281
0.02455494168201351 -0.08071748878923768 0.08291316526610645 -0.13156376226197347 0.040014122631517005 -0.09457382669346259 -0.05640019617459539 -0.12272174969623328 0.07705149608321563 -0.06897503103876396 -0.05683253346804747 -0.081817071681524 -0.08148591971240264 -0.17237133710908645 0.025776517592473257 -0.44257633823711207 -0.39441034347655746 -0.3221252566735112 -0.036048064085447265 -0.1213123793768955 -0.042172523961661344 0.007421150278293137 -0.08275365795154713 -0.05958765343820762 -0.14637808082071813 -0.9340242669362991 -1.6681812280929509 -1.9469482359000767 -0.6748133061778682 -0.3455818022747157 0.02448138126530086 -0.17455762792922047 -0.046931407942238275 -0.37862186510835155 -0.3340812764896534 -0.423956931359354 -0.15149389816243514 -0.7929982760907043 -2.637849819894708 -1.9258078539342123 -0.05175460742236808 -0.25063525063525066 -0.19633048965759028 -2.8416616496086697 -4.392534764576726 -3.1533695789606777 -1.477184841453983 -0.9343729694606887 -0.7686159584387905 -1.0794207985958753 0.031094527363184077 -0.009358914365933542 -0.06725179528097572 -0.4382234821639499 -0.5993274081191449 -1.4315999501184686 -3.6876691148047933 -2.2311271975180973 -0.10309278350515463 -0.2994428969359332 0.022825564632388277 -0.06290773532152844 0.11467353147671426 -0.021590500179920834 -0.04934616333580063 -0.15634694130785456 -0.6296718611427847 -0.4710549150861535 -0.038540596094552924 -0.13266998341625208 0.003834355828220859 0.007054673721340388 0.022437411431270666 -0.19672531769305962 0.06128201985537444 -0.13237794510565945 0.012360939431396784 -0.1592237840527429 0.09744535159336319 -0.06401862359959261 0.07875000000000001 -0.050761421319796954 0.05104934770277936 -0.17793169333651776 0.14071183634858697 -0.07389460932768019 0.013678189505098234 -0.2080753034431509 0.1889122113841215 -0.05951610816405746
0.022099447513812154 -0.07959641255605382 0.09747899159663864 -0.13271783035199075 0.040014122631517005 -0.08275209835677977 -0.07356547327121138 -0.1397326852976914 0.06035700526518556 -0.06897503103876397 -0.05178075271533215 -0.08303822200512884 -0.06710605152786098 -0.15636542723467128 0.0347982987498389 -0.2942267276548399 -0.34347655739845895 -0.297741273100616 -0.06408544726301736 -0.17921146953405018 -0.01789137380191693 0.0024737167594310453 -0.02758455265051571 -0.06197115957573592 -0.09758538721381209 -0.4486855409504549 -1.398156562378294 -1.877414370332217 -0.6205023761031907 -0.37328667249927094 0.030923850019327404 -0.1709708273553324 -0.01925391095066185 -0.3238373508643778 -0.23934181002243826 -0.3862718707940781 -0.11081498106326274 -0.7784113512796712 -2.7944028816846775 -2.1359223300970873 -0.04165614743751578 -0.2240702240702241 -0.051419890148416504 -1.8109572546658643 -3.7313979019273 -3.106587432039449 -1.4191802010827532 -0.9031838856400259 -1.2974557080058613 -1.7127395056311248 0.03606965174129353 -0.025737014506317258 -0.03305596717200502 -0.360264587762816 -0.5200576507326448 -1.425364758698092 -3.8590387836618993 -2.6047052740434333 -0.17578641289981495 -0.3008356545961003 0.016818837097549257 -0.065237651444548 0.11467353147671426 -0.016792611251049538 -0.037009622501850484 -0.16627373123216277 -1.0845052578233878 -0.9012024296516673 -0.13617677286742036 -0.1257600884466556 0.002556237218813906 0.010582010582010583 0.041332073689182805 -0.1710654936461388 0.055153817869836995 -0.10930289045421424 0.024721878862793572 -0.1318571961686777 0.09349486436660523 -0.0538338425723847 0.09125000000000001 -0.05865764241398759 0.07714123652864435 -0.1647957965130165 0.13716447912971502 -0.09085402786190187 0.02113902014424273 -0.25018578152093135 0.19385109272749723 -0.06598525035580281
0.017188459177409455 -0.07286995515695067 0.09411764705882353 -0.10963646855164455 0.04001412263151701 -0.06501950585175552 -0.09563511525257477 -0.1555285540704739 0.052651855656864 -0.08277003724651676 -0.04420308158625915 -0.06227866650384663 -0.06111443978430196 -0.1255848313223344 0.05026420930532285 -0.20398071455062433 -0.2638108919942536 -0.2913244353182751 -0.07610146862483311 -0.23159636062861866 -0.005111821086261981 0.01731601731601732 -0.015591268889421916 -0.047670122750566105 -0.09007881896659577 -0.17821031344792723 -0.9788394132156302 -1.7950038629925313 -0.5756958587915817 -0.43015456401283175 0.046385775028991105 -0.15303682448589195 -0.0036101083032490946 -0.25809593377160944 -0.14086262777362255 -0.3391655450874832 -0.05751157245055409 -0.7704548468372895 -2.8442781934053754 -2.2170699898565425 -0.030295379954556934 -0.18018018018018017 -0.009349070936075723 -0.8862131246237208 -2.7653086118565495 -2.977620432418763 -1.3869554008765146 -0.8706952566601689 -1.9834820833888371 -2.381161328067866 0.038557213930348264 -0.012868507253158626 -0.018237774991451045 -0.2598629813371131 -0.4311794379053566 -1.3754832273350792 -3.877077696173174 -2.730093071354705 -0.2260111022997621 -0.318941504178273 0.015617491590581453 -0.058247903075489285 0.10531242686637024 0.0023989444644356484 -0.034542314335060456 -0.1712371261943169 -1.4772583301659696 -1.5346473286227842 -0.2132579650565262 -0.1077943615257048 0.007668711656441718 0.02469135802469136 0.041332073689182805 -0.136852394916911 0.05025125628140705 -0.08622783580276899 -0.027194066749072925 -0.14927229754944643 0.0605741374769555 -0.05237887385421214 0.09000000000000001 -0.05414551607445008 0.07260351673284174 -0.1349414855505135 0.1288873122856805 -0.09448818897637795 0.028599850783387226 -0.26504830319544215 0.19878997407087295 -0.05045930909561393
0.01227747084100675 -0.05605381165919282 0.1042016806722689 -0.08078476630121179 0.04119100859126751 -0.05083343184773613 -0.09073075036782735 -0.1445929526123937 0.030820598433286245 -0.08552903848806732 -0.04167719120990149 -0.04151911100256441 -0.052726183343319355 -0.09972913075597142 0.05670833870344116 -0.1532945976016813 -0.22463105654956247 -0.2476899383983573 -0.0814419225634179 -0.25089605734767023 -0.0025559105431309905 0.05565862708719851 -0.00839529863276565 -0.003575259206292454 -0.09758538721381207 -0.07836198179979778 -0.5686096326106711 -1.6095802214782389 -0.5268160217243719 -0.4491105278506854 0.06313619378946012 -0.12553802008608322 0.02045728038507822 -0.22035549062576085 -0.04238344552480678 -0.25168236877523553 -0.037873474540608784 -0.7014984750033152 -2.9024660570795233 -2.2214171859150844 -0.02019691996970462 -0.1559251559251559 0.017529508005141987 -0.36484045755568933 -1.7150524518175156 -2.6943987861929446 -1.348285640629028 -0.8589993502274205 -2.6561875582789396 -2.897469650431476 0.043532338308457715 0.010528778661675245 -0.004559443747862764 -0.21143397117883295 -0.32668748498678835 -1.2994138920064846 -3.8835201649272006 -2.7494829369183043 -0.2775574940523394 -0.42757660167130923 0.02162421912542047 -0.05242311276794035 0.10414228879007723 -0.0023989444644356484 -0.017271157167530228 -0.17495967241593252 -1.754719371595084 -2.106111317714144 -0.27106885919835555 -0.08982863460475402 0.01789366053169734 0.015285126396237508 0.0543221539914974 -0.12096774193548387 0.07353842382644933 -0.10080155452999758 -0.09147095179233622 -0.2612265207115313 0.007900974453515952 -0.06838352975411029 0.08750000000000001 -0.028200789622109413 0.07941009642654566 -0.09553379508000956 0.14425919356745892 -0.08843125378558449 0.034817209649340965 -0.22913054248204112 0.20619829608593654 -0.009056799068443528
0.024554941682013505 -0.04260089686098654 0.11764705882352941 -0.03808424697057127 0.0859126750617865 -0.04137604917838987 -0.06130456105934281 -0.12758201701093558 0.02568383202773854 -0.08277003724651677 -0.03409952008082849 -0.04029796067895958 -0.043139604553624915 -0.08372322088155625 0.08892898569403274 -0.15453084435653355 -0.19851116625310172 -0.2194558521560575 -0.08010680907877168 -0.2701957540667218 0.007667731629392971 0.0816326530612245 0.005996641880546892 0.03932785126921702 -0.07131239834855499 -0.0455005055611729 -0.3790730884071142 -1.2245686325006437 -0.43041412084181935 -0.44327792359288426 0.06700167504187604 -0.10401721664275468 0.03128760529482551 -0.18261504747991236 0.0174520069808028 -0.15074024226110366 0.0014027212792818023 -0.6458029439066437 -2.887226378498199 -2.195334009563831 -0.008836152486745772 -0.1409101409101409 0.033890382143274514 -0.20590006020469595 -0.7879970724566966 -2.1823239347578705 -1.2503222480020624 -0.921377517868746 -3.4314639669641664 -3.135878309199941 0.048507462686567165 0.021057557323350497 0.002279721873931376 -0.16891093786912353 -0.2173913043478261 -1.200897867564534 -3.833268908645794 -2.763702171664943 -0.37536346814697324 -0.6211699164345404 0.014416146083613648 -0.03378378378378379 0.09595132225602623 0.026388389108792133 -0.004934616333580062 -0.1650328824916243 -2.0397820853921194 -2.3986612123465973 -0.33144912641315516 -0.07739082365948038 0.023006134969325152 0.01646090534979424 0.050779404818138876 -0.07697947214076246 0.10050251256281406 -0.11780422637843088 -0.1792336217552534 -0.39930339594476927 -0.07374242823281538 -0.09311799796304379 0.08249999999999999 -0.018048505358150026 0.08394781622234827 -0.058514449486505846 0.18091521816246897 -0.0860084797092671 0.039791096742103946 -0.19692841218726778 0.21607605877268798 0.007762970630094443
0.03314917127071823 -0.03475336322869955 0.12661064425770308 -0.020773225620311593 0.12357302577380251 -0.03782953067738502 -0.03923491907797939 -0.12029161603888214 0.014126107615256196 -0.0786315353841909 -0.03409952008082849 -0.05373061423861277 -0.041941282204913125 -0.07756710169908888 0.10439489624951667 -0.17060205216961305 -0.17892124853075617 -0.17710472279260783 -0.07610146862483311 -0.27570995312930796 0.025559105431309903 0.09152752009894867 0.022787239146078192 0.054820641163150996 -0.04503940948329787 -0.05561172901921132 -0.20122030377774897 -0.6618593870718514 -0.35709436524100474 -0.4374453193350831 0.08117510630073443 -0.08249641319942612 0.052948255114320095 -0.15461407353299245 0.09099975068561457 -0.06460296096904442 0.06031701500911768 -0.5489988065243335 -2.770850651149903 -2.1750470946239675 0.003786922494319616 -0.12936012936012936 0.05843169335047329 -0.1794099939795304 -0.2793364235179312 -1.3933493488430901 -1.042794534673885 -0.9824561403508772 -3.917676834954043 -3.1782945736434107 0.04975124378109453 0.02456715021057558 0.02621680155021087 -0.1511930073234113 -0.11650252221955319 -1.0649706946003241 -3.7379203710862017 -2.872285418821096 -0.7414750198255353 -0.7451253481894151 0.013214800576645844 -0.03727865796831315 0.09712146033231922 0.02878733357322778 0.003700962250185051 -0.17247797493485545 -2.186747751171924 -2.4879137225734476 -0.3635662898252826 -0.0912106135986733 0.02044989775051125 0.010582010582010581 0.051960321209258385 -0.07697947214076246 0.12624096090207132 -0.14938061695409277 -0.26823238566131025 -0.49633038935190943 -0.1777719252041085 -0.08729812309035355 0.08499999999999999 -0.015792442188381273 0.08848553601815087 -0.05015524241700501 0.2152063379448977 -0.10660205935796488 0.03357373787615021 -0.19073569482288827 0.21237189776515616 0.0025876568766981466
0.03683241252302026 -0.033632286995515695 0.13333333333333333 -0.027697634160415457 0.16123337648581854 -0.033100839342711894 -0.03555664541441882 -0.1202916160388821 -0.010273532811095415 -0.0855290384880673 -0.040414246021722645 -0.06349981682745146 -0.04074295985620131 -0.09234178773701056 0.12372728444387164 -0.18049202620843122 -0.1828392320752253 -0.17710472279260778 -0.09212283044058744 -0.2894954507857733 0.04217252396166134 0.07792207792207792 0.044375149916047005 0.04051960433798117 -0.002502189415738773 -0.07204246713852377 -0.1038556406594833 -0.09142415657996393 -0.19280380176510523 -0.4199475065616798 0.08761757505476098 -0.07651841224294596 0.06257521058965101 -0.14122230338446556 0.10720518573921715 -0.048452220726783304 0.10239865338757186 -0.48799893913274095 -2.7001939595455804 -2.147514852919867 0.013885382479171926 -0.12012012012012016 0.08063573682365315 -0.17579771222155327 0.22322517687240792 -0.5108104690858516 -0.8494457334364526 -0.9928525016244315 -3.960303716531238 -3.188532982302179 0.041044776119402986 0.012868507253158634 0.0341958281089707 -0.15237420269312546 -0.0348306509728561 -0.7756578126948497 -3.6593222522870774 -2.9744053774560495 -1.0111022997620935 -0.798050139275766 0.013214800576645844 -0.05591798695246971 0.09127076995085422 0.017992083483267363 0.00986923266716013 -0.20474004218885716 -2.247561130115292 -2.552373868848395 -0.3931140801644398 -0.1299060254284135 0.011503067484662576 -0.0023515579071134636 0.04959848842701937 -0.10630498533724339 0.14707684765289863 -0.1615253825601166 -0.3300370828182942 -0.5386242069909193 -0.19620753226231233 -0.1003928415539066 0.0975 -0.03609701071630005 0.0975609756097561 -0.07284451874850728 0.24831500532103581 -0.14173228346456695 0.03108679432976872 -0.23408471637354472 0.1777997283615261 -0.0258765687669815
0.039287906691221605 -0.029147982062780277 0.13109243697478992 -0.01846508944027697 0.16241026244556905 -0.017732592505024226 -0.029426189308484542 -0.11907654921020656 0.002568383202773855 -0.09794454407504484 -0.046728971962616814 -0.054951764562217606 -0.029958058717795076 -0.0775671016990889 0.11341667740688233 -0.14834961058227222 -0.1867572156196944 -0.17453798767967146 -0.09746328437917222 -0.2908740005514199 0.051118210862619806 0.09276437847866419 0.05516910530103142 0.05243713502562268 0.003753284123608154 -0.04929221435793731 -0.08957549006880434 -0.04378058202420808 -0.05023761031907672 -0.38349372995042286 0.09921401881200875 -0.05619320899091344 0.06738868832731648 -0.11930849768687608 0.10595861381201696 -0.04441453566621802 0.05470612989199045 -0.3951730539716218 -1.9839290662233307 -1.8852340240544845 0.02145922746781116 -0.10048510048510048 0.08881617389271941 -0.15532811559301626 0.22566479629177852 -0.40965988114805924 -0.38154163444186645 -0.8447043534762833 -3.9496469961369387 -3.124177270732777 0.0708955223880597 0.047964436125409446 0.055853185911318826 -0.11575714623198677 -0.013211626231083354 -0.44145155256266355 -2.794742945496715 -2.6331437435367113 -0.9701295268305576 -0.7395543175487465 0.014416146083613648 -0.04776328052190122 0.0877603557219752 0.027587861341009955 -0.001233654083395019 -0.19357240352401045 -2.250095020904599 -2.5151853229205408 -0.3956834532374101 -0.10503040353786623 0.002556237218813906 0.01058201058201058 0.042512990080302314 -0.09286412512218964 0.11888711851942639 -0.16395433568132137 -0.33868974042027195 -0.5236969772359747 -0.20937582301817223 -0.09748290411756147 0.095 -0.02707275803722504 0.09869540555870675 -0.06567948411750656 0.23057821922667615 -0.1162931556632344 0.006217358865953744 -0.2241763685905375 0.16915668601061856 -0.023288911890283353
0.04788213627992634 -0.016816143497757848 0.13669467787114847 -0.00461627236006924 0.18124043780157703 0.0023643456673365705 0.013487003433055426 -0.10814094775212635 0.032104790034673175 -0.08966754035039315 -0.023995958575397817 -0.042740261326169246 -0.009586578789694423 -0.060329967988180244 0.14821497615672125 -0.11249845469155643 -0.13321144051194983 -0.1578542094455852 -0.05874499332443257 -0.2633030052384891 0.04089456869009585 0.09523809523809523 0.06716238906212521 0.0619711595757359 0.010008757662955087 -0.04170879676440849 -0.07010255744515123 -0.018027298480556276 0.0 -0.3484981044036163 0.10436799381522999 -0.0310856049736968 0.0746089049338147 -0.10469929388848306 0.12091747693841934 -0.022880215343203225 0.0210408191892271 -0.3354992706537595 -1.251039068994181 -1.4606578756701925 0.02903307245645039 -0.08316008316008315 0.085310272291691 -0.15171583383503914 0.2305440351305197 -0.37805032241749914 -0.15725702500644495 -0.7537361923326834 -3.9483149060876515 -3.0057042562527423 0.06840796019900497 0.08540009358914366 0.056993046848284504 -0.086227261989133 -0.0036031707902954603 -0.29554807332585115 -1.756216982347636 -2.095398138572906 -0.9965635738831615 -0.7103064066852367 0.008409418548774628 -0.03611369990680336 0.08893049379826819 0.029986805805445604 -0.002467308166790037 -0.17495967241593252 -2.2082858228810336 -2.438328994669642 -0.39439876670092505 -0.08015478164731896 0.011503067484662576 0.012933568489124045 0.041332073689182805 -0.09042033235581623 0.11521019732810393 -0.17245567160553804 -0.3288009888751545 -0.5112576191068542 -0.2238609428496181 -0.10766768514476939 0.08125 -0.024816694867456288 0.09869540555870675 -0.07284451874850728 0.21638879035118835 -0.11023622047244094 -0.0037304153195722375 -0.21922219469903395 0.1703914063464625 -0.03363953939707595
0.06752608962553715 0.0022421524663677104 0.15798319327731092 0.0046162723600692455 0.19300929739908204 0.027189975174370495 0.06620892594409025 -0.08383961117861481 0.04366251444715552 -0.0855290384880673 -0.011366506693609491 -0.03174990841372573 0.010784901138406234 -0.048017729623245506 0.17012501611032352 -0.08159228582024973 -0.07574768185973617 -0.13732032854209447 -0.029372496662216273 -0.24400330851943758 0.051118210862619806 0.09771181199752628 0.07435835931878149 0.07150518412584911 0.015013136494432627 -0.034125379170879676 -0.05322601583798522 0.007725985063095542 0.010862186014935502 -0.3135024788568096 0.12369540007730961 -0.00597800095648015 0.08784596871239471 -0.09009009009009009 0.12465719272001996 -0.0013458950201884299 0.028054425585636134 -0.27582548733589707 -0.6760875588805761 -1.0360817272859004 0.049229992426155014 -0.06583506583506583 0.1098515834988898 -0.14810355207706202 0.24274213222737254 -0.346440763686939 -0.11858726475895849 -0.6627680311890837 -3.8151059011589177 -2.8872312417727075 0.09328358208955223 0.12283575105287788 0.08890915308332384 -0.05669737774627923 0.028825366322363682 -0.14964459408903857 -0.788558175492849 -1.5576525336091003 -0.9793814432989691 -0.681058495821727 0.021624219125420473 -0.024464119291705503 0.10414228879007723 0.032385750269881254 0.0024673081667900294 -0.1563469413078546 -2.037248194602813 -2.3614726664187433 -0.3609969167523125 -0.05527915975677169 0.02556237218813906 0.015285126396237508 0.06258856872933397 -0.08797653958944282 0.1176614781223189 -0.1809570075297547 -0.37082818294190356 -0.49881826097773363 -0.21727679747168813 -0.11785246617197731 0.0925 -0.022560631697687537 0.10209869540555871 -0.08000955337950802 0.2199361475700603 -0.10417928528164748 0.04725192738124845 -0.21426802080753035 0.17533028768983822 -0.04399016690386855
0.08225905463474525 0.015695067264573988 0.17591036414565828 0.01846508944027698 0.19418618335883256 0.04492256767939473 0.10053948013732224 -0.04009720534629404 0.05778862206241171 -0.06069802731411228 0.006314725940894167 -0.03663450970814507 0.02756141402037148 -0.054173848805712875 0.19461270782317305 -0.0704660650265793 -0.01567193417787647 -0.13090349075975358 0.013351134846461948 -0.19161841742486901 0.06645367412140575 0.10142238713667284 0.0851523147037659 0.07746394946966986 0.026272988865257096 -0.015166835187057632 -0.027262105673114368 0.025753283543651813 0.03530210454854039 -0.27267424905220183 0.13271485633294677 0.021520803443328546 0.09987966305655836 -0.06452398344290236 0.12465719272001996 0.03768506056527591 0.05330340861270866 -0.19758652698581086 -0.27847049044056527 -0.6144037096073033 0.06311537490532694 -0.05544005544005544 0.12387518990300339 -0.127633955448525 0.24640156135642838 -0.31356682260715646 -0.12761020881670532 -0.6198830409356724 -3.498068469428533 -2.5054848617814836 0.10323383084577113 0.1591015442208704 0.09688817964208365 -0.023623907394283016 0.042036992553447027 -0.04364633994263624 -0.24739080015461928 -0.9513960703205792 -0.8895056833201164 -0.6211699164345402 0.02883229216722729 -0.008154706430568502 0.11467353147671426 0.05397625044980209 0.006168270416975078 -0.1141580841295446 -1.6761687571265678 -2.1470187182347837 -0.30447070914696817 -0.008291873963515753 0.028118609406952967 0.00823045267489712 0.07085498346717052 -0.0843108504398827 0.11275891653388895 -0.18581491377216422 -0.41656365883807156 -0.5112576191068542 -0.20805899394258626 -0.11494252873563218 0.09 -0.022560631697687534 0.09642654566080545 -0.08956293288750897 0.20811162350715384 -0.1005451241671714 0.07585177816463566 -0.1845429774585088 0.16792196567477466 -0.054340794410661156
0.09699201964395335 0.03699551569506726 0.18487394957983197 0.028851702250432775 0.19536306931858302 0.06620167868542381 0.1348700343305542 0.012150668286755772 0.08218826248876332 -0.0262105117947303 0.007577671129072999 -0.01465380388325803 0.03834631515877771 -0.040630386604284655 0.20234566310091506 -0.04450488317468166 0.014365939663053426 -0.0975359342915811 0.04005340453938586 -0.10614833195478357 0.06389776357827476 0.13481756338899195 0.08155432957543775 0.10129901084495292 0.018766420618040784 0.01769464105156724 -0.019472932623653117 0.05923255215039917 0.032586558044806514 -0.19393409157188685 0.14173431258858393 0.04543280726924916 0.10589651022864019 -0.037740443145848554 0.12590376464722017 0.07133243606998654 0.08837144059475383 -0.1339344914467577 -0.07619839290662234 -0.36081727285900594 0.07952537238071195 -0.03118503118503118 0.1437419656421643 -0.11920529801324502 0.2525006099048548 -0.29333670501959797 -0.1405001288992008 -0.6029889538661468 -2.965232449713601 -1.834137779727951 0.10696517412935322 0.18951801591015444 0.10486720620084351 0.012993149066855659 0.05044439106413644 0.027434842249657067 -0.03478933127174335 -0.5390382626680454 -0.807560137457045 -0.5779944289693593 0.03964440172993752 0.01747437092264678 0.1333957406974023 0.07916516732637639 0.01973846533432026 -0.059560739545849374 -1.1972633979475487 -1.6734845667534397 -0.21454265159301134 0.023493642896627972 0.03962167689161554 0.03292181069958848 0.08384506376948511 -0.08064516129032258 0.11521019732810393 -0.17245567160553804 -0.4128553770086526 -0.5000621967906458 -0.19752436133789836 -0.08875309180852613 0.08875 0.002256063169768753 0.09529211571185478 -0.05612610460950561 0.20219936147570058 -0.07026044821320411 0.08828649589654317 -0.121377260341838 0.15557476231633532 -0.023288911890283343
0.10558624923265807 0.03923766816143498 0.18823529411764708 0.026543566070398157 0.20477815699658705 0.06383733301808725 0.17287886218734677 0.040097205346294046 0.10273532811095414 -0.006897503103876398 0.015155342258145998 -0.017096104530467702 0.041941282204913125 -0.049248953459738974 0.20750096661940973 -0.03955989615527259 0.04440381350398328 -0.07058521560574949 0.05874499332443258 -0.059277639922801204 0.07028753993610223 0.14100185528756956 0.0851523147037659 0.10487427005124536 0.032528462404604025 0.016430738119312435 -0.0025963910164870816 0.07983517898532062 0.046164290563475895 -0.12248468941382326 0.137868831336168 0.04782400765184123 0.10469314079422383 -0.0413927440954468 0.13587634006482177 0.07133243606998654 0.12624491513536262 -0.07691287627635593 0.0429481850928235 -0.2608317635125344 0.08709921736935118 -0.017325017325017317 0.15192240271123056 -0.11920529801324502 0.25372041961454006 -0.27184220508281703 -0.12374323279195669 -0.5743989603638726 -2.272545624084189 -1.1262249524645314 0.1082089552238806 0.20121665886757137 0.10372734526387781 0.017717930545712263 0.05765073264472735 0.046140416510786875 0.027058368766911478 -0.37874870734229577 -0.7414750198255353 -0.5417827298050139 0.04685247477174435 0.024464119291705493 0.13690615492628133 0.0743672783975051 0.040710584752035525 -0.028539521032386155 -0.7601672367920944 -1.0164869220280155 -0.1156217882836588 0.019347705914870096 0.04984662576687117 0.02469135802469136 0.08974964572508266 -0.10508308895405669 0.12991788209339378 -0.17731357784794755 -0.34239802224969096 -0.4677198656549324 -0.15143534369238876 -0.08293321693583589 0.10124999999999999 0.018048505358150023 0.09756097560975609 -0.06329113924050633 0.2140238855386071 -0.06541490006056934 0.10445162894802287 -0.08793658657418875 0.15557476231633532 -0.032345710958726875
0.10926949048496011 0.026905829596412557 0.17815126050420171 0.04385458742065782 0.20007061315758504 0.061472987350750685 0.18513977439921533 0.03766707168894289 0.12585077693591884 -0.005518002483101117 0.016418287446324828 -0.0305287580901209 0.03594967046135411 -0.051711401132725945 0.20363448898053874 -0.0469773766843862 0.06399373122632884 -0.0641683778234086 0.0801068090787717 -0.03308519437551695 0.06900958466453673 0.1273964131106988 0.08035500119932838 0.11083303539506613 0.033779557112473414 0.006319514661274013 0.002596391016487085 0.07854751480813801 0.05023761031907671 -0.07436570428696412 0.14173431258858393 0.023912003825920618 0.10348977135980746 -0.04261017774531288 0.13587634006482177 0.04576043068640645 0.14448029176602611 -0.08486938071873758 0.14269880853422 -0.2492392406897551 0.10224690734662964 -0.017325017325017324 0.15659693817926845 -0.10475617098133656 0.2512808001951696 -0.2642559109874826 -0.1134312967259603 -0.530214424951267 -1.5718662581590517 -0.5792014041246161 0.10447761194029852 0.17898923724847915 0.09688817964208365 0.027167493503425465 0.046841220273840974 0.04364633994263624 0.08375209380234505 -0.3386763185108584 -0.6687813904308749 -0.41504178272980496 0.04084574723690532 -0.0069897483690587155 0.13222560262110933 0.08516252848746551 0.029607698001480387 -0.018612731108077936 -0.45610034207525646 -0.44502293293665557 -0.053956834532374084 -0.0013819789939192924 0.0408997955010225 0.030570252792475015 0.07203589985829004 -0.09775171065493646 0.107856354945459 -0.15909642943891183 -0.2558714462299135 -0.35576564249284737 -0.09744535159336318 -0.05965371744507494 0.0975 -0.00676818950930626 0.08848553601815087 -0.06687365655600669 0.20456426628828192 -0.07995154451847364 0.10569510072121362 -0.11518454297745853 0.15927892332386712 -0.06727907879415188
