0.04455705049799056 0.05626787196753067 0.08030933967876264 -0.02739984882842026 0.022439637375460012 0.037405346227533984 0.026390580592773043 0.06493506493506493 -0.0064061499039077515 0.007547169811320755 6.938893903907229e-19 -0.017857142857142856 -0.04874806115665854 -0.02901977644024075 -0.007202387076859759 0.09713808230624608 -0.020986358866736624 0.07553037876263467 -0.03330904548766524 0.022380467955239063 -0.03625975167564004 0.009660798626019752 -0.08111615833874108 6.938893903907229e-19 -0.046237088047220855 0.03491620111731843 -0.008341153164424983 -0.023097112860892388 -0.0689035350509287 0.013588376711612837 -0.013900769888793841 -0.13320369470102092 -0.16888178275207355 -0.027754934210526317 0.023712415820923833 0.1424444665803367 0.06650410108623364 0.12136733103217905 0.054450494499388824 0.11104617182933958 -0.12035360528277772 -1.3073437794978289 -1.051358392259025 -0.1795998047828209 0.047884295905404085 0.14318614198457996 0.16084066051897922 0.07476432982988407 0.03722854188210961 -0.006279434850863422 -0.06252442360296992 -0.20278950266103873 -0.24161307144098734 -0.06465883954398502 -0.030561797752808994 0.04857997010463378 0.10616784630940343 0.033844526705446853 -0.021159542953872196 0.03885330253071512 0.02037791774731381 -0.11252673672463498 -0.06386066763425254 -0.07531760435571686 0.03416856492027335 -0.015937842414583125 0.060995534255527714 -0.03578570676770866 0.018114011720831123 -0.004343576935606471 -0.0009629272989889262 -0.06816773393926874 -0.0552601397143155 -0.03949367088607595 -0.06356366618823046 -0.007557762902180945 0.001109385400488129 -0.0322616531316053 -0.05022382356152418 -0.10818120351588911 -0.06596858638743455 -0.0361575295612235 -0.05363470931903075 -0.08453085376162299 0.01041568033330177 0.05096623486939903 0.014675052410901468 -0.025297775903868447 -0.03156082631981637 -0.036779324055666 0.014174344436569808 0.08176221623701424 0.09363482418567586 0.04582378671110186 0.024271844660194174 0.030904663794718117 0.008545385491834409 -0.008069396812588258 0.024121960632960245 0.04802061372686812
0.024462694391053634 0.0341296928327645 0.07039460638508824 -0.026455026455026447 0.010771025940220804 0.04196697381625764 0.01319529029638652 0.07331378299120234 -0.02287910679967054 0.006603773584905661 -0.010043185698503565 -0.030462184873949583 -0.05982716596499003 -0.032244196044711945 -0.016462599032822305 0.09296010027156884 -0.02938090241343127 0.06664445184938354 -0.048922660560008324 0.02034587995930824 -0.04944511592132732 -0.0053671103477887505 -0.08976854856154012 6.938893903907229e-19 -0.061977373339891784 0.02494014365522746 -0.01459701803774372 -0.026246719160104987 -0.07689235070900738 0.006271558482282847 -0.039563729683490166 -0.17306757413709284 -0.21484960527630656 -0.059621710526315784 0.0056909797970217165 0.12451439386393066 0.04322766570605187 0.11802694577441264 0.03444827203022558 0.108708357685564 -0.15337096602407072 -1.9208986218614306 -1.550055824339412 -0.2528062469497316 0.01172676634418059 0.12616401321718235 0.13081707055543643 0.05959475566150178 0.008273009307135471 -0.01988487702773417 -0.07522469714732319 -0.23307028812626168 -0.2876759951329741 -0.08337587204355963 -0.050337078651685394 0.03923766816143498 0.10313447927199193 0.03595980962453728 -0.01904358865848498 0.037803213273128224 2.7755575615628915e-18 -0.12182646703245607 -0.0822447992259313 -0.08529945553539019 0.020880789673500374 -0.013945612112760233 0.042479032785099666 -0.019997894958425428 0.0021310602024507243 0.006515365403409708 -0.007703418391911411 -0.090890311919025 -0.04691898654989053 -0.050632911392405056 -0.07484109083452942 -0.014035845389764632 -0.0066563124029287764 -0.017799532762264987 -0.06660115733158642 -0.10367365336939374 -0.0712041884816754 -0.048861526434085804 -0.05267694665261948 -0.09955856109702263 0.005681280181800964 0.04459545551072415 0.012578616352201259 -0.02318962791187941 -0.03634276970160673 -0.0437375745526839 0.005062265870203503 0.05482878030011543 0.09263870903476443 0.03645073942928557 0.01719255663430421 0.019666604233002444 -0.004747436384352451 -0.010086746015735323 0.009648784253184096 0.04802061372686812
0.006989341254586748 0.017526058481689883 0.06841165972635335 -0.022675736961451247 -0.0017951709900368 0.04287929933400237 -0.008120178643930167 0.07855048177628822 -0.040267227967420154 0.007547169811320755 -0.015064778547755347 -0.039915966386554626 -0.06979836029248837 -0.05051590713671539 -0.020578248791027882 0.0814706496762064 -0.029380902413431276 0.05998000666444518 -0.05724992193192463 0.00915564598168871 -0.052741456982749145 -0.027908973808501502 -0.07138221933809215 -0.02180232558139535 -0.06296114117068372 0.01895450917797287 -0.01772495047440309 -0.01889763779527559 -0.08088675853804672 0.007316818229329988 -0.05988023952095809 -0.19543023821098687 -0.27180973318676926 -0.07606907894736843 -0.008536469695532584 0.11256101205299333 0.01884282864109954 0.11691348402182386 0.0222246916324036 0.09935710111046171 -0.17786771754180425 -2.3277326788748347 -2.183662076665426 -0.3728648121034651 -0.016612918987589174 0.08811454891358768 0.10722710701265281 0.029255607324737254 -0.019648397104446748 -0.04500261643118786 -0.07717858538491598 -0.25968067535327577 -0.3267860246827742 -0.11570529181555216 -0.060224719101123605 0.02896113602391629 0.09706774519716886 0.04019037546271814 -0.020101565806178587 0.03780321327312822 -0.0157465728047425 -0.12554635915558449 -0.09772617319787132 -0.088021778584392 0.003796507213363702 -0.02390676362187468 0.013070471626184516 -0.013682770234712132 -0.017048481619605753 0.002171788467803237 -0.01636976408281175 -0.12394133443503408 -0.0229381712021687 -0.06379746835443037 -0.08201763379126512 -0.0259123299503347 -0.017750166407810075 -0.02447435754811436 -0.07642755759362375 -0.1183231913455037 -0.07120418848167538 -0.06254275383562982 -0.05076142131979696 -0.11364703672395979 -0.0018937600606003233 0.04778084519006158 0.00419287211740042 -0.014757035943923257 -0.043037490436113233 -0.04473161033797217 -0.005062265870203503 0.0327048864948057 0.09961151509114455 0.034367840033326394 0.015169902912621358 0.022476119123431355 -0.012343334599316372 0.0020173492031470646 0.0038595137012736405 0.055048020613726864
0.012231347195526824 0.0009224241306152514 0.048582193139004554 -0.02362055933484505 0.007180683960147205 0.03649302070978925 -0.004060089321965084 0.06388772517804775 -0.031115585247551935 0.0028301886792452833 -0.014060459977904994 -0.05357142857142857 -0.08087746510081986 -0.06986242476354257 -0.025722810988784855 0.07311468560685189 -0.035676810073452254 0.054426302343663226 -0.05204538357447693 -0.0020345879959308257 -0.05823535875178552 -0.0322026620867325 -0.07138221933809215 -0.03114617940199336 -0.05902606984751598 0.009976057462090984 -0.022938171202168706 -0.01889763779527559 -0.07090073896544836 0.006271558482282847 -0.05667236954662104 -0.20709771511910552 -0.30878385130408714 -0.1089638157894737 -0.026557905719434692 0.09562705448749877 0.014409221902017297 0.10911925175370225 0.03555950661184576 0.09585037989479836 -0.17680264138885932 -2.407022843118747 -3.064756233717901 -0.6315275744265495 -0.0488615264340858 0.033042955842595395 0.08899849882050183 -0.010835410120273049 -0.02068252326783868 -0.08058608058608059 -0.08499413833528721 -0.26243347403193246 -0.3685033895358943 -0.17951335715501107 -0.08269662921348316 0.012144992526158445 0.07987866531850354 0.0222104706504495 -0.01904358865848498 0.02415205292449858 -0.016672841793256763 -0.11903654794010973 -0.10256410256410256 -0.08983666061705989 -0.008542141230068336 -0.02390676362187469 0.0032676179065461316 -0.02210293653299653 -0.020245071923281833 -0.004343576935606471 -0.015406836783822823 -0.12084280107415823 -0.02919403607548744 -0.04860759493670886 -0.0871437359032192 -0.025912329950334694 -0.026625249611715113 -0.024474357548114358 -0.07642755759362375 -0.11719630380887987 -0.07225130890052354 -0.060588292778266405 -0.06608562398237718 -0.09486240255471025 -0.0018937600606003218 0.0615842004671905 -0.0062893081761006275 -0.0031622219879835533 -0.03825554705432287 -0.03677932405566601 -0.004049812696162803 0.04424778761061947 0.07869309692200419 0.049989585503020205 0.022249190938511326 0.03184116875819441 -0.01234333459931637 0.011095420617308855 0.00868390582786569 0.06441789646287187
0.017473353136466887 0.008301817175537306 0.018837993257981356 -0.006613756613756615 0.011668611435239206 0.0410546482985129 0.006090133982947623 0.0701717637201508 -0.03294591379152558 0.010377358490566039 0.010043185698503565 -0.05777310924369748 -0.0775537336583204 -0.06986242476354257 -0.0041156497582055755 0.07520367662419053 -0.013641133263378801 0.06220148839275798 -0.034349953159154775 0.001017293997965412 -0.052741456982749145 -0.037569772434521254 -0.12113346311918667 0.00622923588039867 -0.06787998032464339 0.01097366320830008 -0.020852882911062454 -0.011548556430446194 -0.07289794287996804 0.016724155952754262 -0.06843455945252352 -0.22265435099659697 -0.32876986109723194 -0.1593338815789474 -0.05027032154035853 0.07968921207291563 -0.007758811793393927 0.10243848123816945 0.0222246916324036 0.09818819403857393 -0.17680264138885932 -2.4466679252407024 -3.7076665426125786 -1.0053684724255736 -0.09674582233948989 0.0020026033843997286 0.0729144327686039 -0.03575685339690108 -0.02688728024819028 -0.09314495028780742 -0.08597108245408362 -0.2743622683061112 -0.4328176603511212 -0.25693380976688784 -0.12044943820224718 0.0018684603886397616 0.07482305358948431 0.02009518773135907 -0.02539145154464665 0.03150267772760685 -0.00926268988514264 -0.11624662884776345 -0.11417513304305756 -0.09528130671506352 -0.01518602885345482 -0.027891224225520473 -0.004356823875394839 -0.02105041574571098 -0.03090037293553543 -0.0010858942339016173 -0.00770341839191141 -0.12394133443503408 -0.06360129287874047 -0.04253164556962026 -0.08304285421365593 -0.02807169077952925 -0.014422010206345686 -0.025586828345755923 -0.07533573534228627 -0.11945007888212755 -0.06596858638743455 -0.06840613700772012 -0.0967340293075376 -0.07795623180238564 -0.005681280181800964 0.060522403907411336 -0.002096436058700209 0.00105407399599452 -0.03921193573068095 -0.026838966202783303 -0.0020249063480814013 0.04905732974220854 0.03785237573463493 0.059362632784836486 0.027305825242718445 0.04026971342948118 -0.01139384732244588 0.024208190437764777 0.0057892705519104574 0.07495900679316
0.005242005940940067 0.01475878608984411 -0.024786833234186 0.015117157974300832 0.010771025940220804 0.04835325244047075 0.006090133982947624 0.07226644323418516 -0.03294591379152558 0.022641509433962266 0.017073415687456062 -0.06197478991596639 -0.09860403279415023 -0.06018916595012898 1.0408340855860842e-18 0.07624817213285984 -0.013641133263378801 0.056647784071976 -0.03539086083064431 -0.002034587995930826 -0.05603779804417096 -0.035422928295405755 -0.14060134112048453 0.01245847176079734 -0.06492867683226758 0.006983240223463687 -0.025023459493274947 -0.004199475065616798 -0.07090073896544838 0.02926727291731996 -0.08768177929854577 -0.21584832280019445 -0.3667432797042071 -0.20045230263157898 -0.09484966328369533 0.07172029086562406 -0.03657725559742851 0.09909809598040306 0.006667407489721081 0.10286382232612505 -0.18106294600063905 -2.4466679252407024 -4.008187569780424 -1.6017569546120058 -0.1954461057363432 -0.019024732151797334 0.039674029594681526 -0.046592263517174125 -0.054808686659772496 -0.10047095761381475 -0.09574052364204766 -0.2651862727105891 -0.4849643664175213 -0.3854007146503318 -0.18337078651685396 -0.0046711509715994 0.05460060667340747 0.029613960867266004 -0.04020313161235718 0.0420035703034758 -0.026861800666913672 -0.10508695247837814 -0.13739719400096756 -0.09709618874773139 -0.04365983295368261 -0.019922303018228907 -0.033765385034309994 -0.006315124723713292 -0.0500799147575919 0.013030730806819412 -0.004814636494944631 -0.1146457343524065 -0.0917526848086748 -0.025316455696202528 -0.08509329505843757 -0.010796804145972793 -6.938893903907229e-19 -0.012237178774057177 -0.06223386832623649 -0.10029299075952218 -0.06596858638743455 -0.0664516759503567 -0.1302557226319318 -0.0676246830092984 -0.0018937600606003218 0.061584200467190486 -0.0010482180293501053 0.007378517971961633 -0.03921193573068095 -0.02286282306163022 -0.01923661030677331 0.05482878030011543 -0.008965036358203015 0.08644032493230576 0.016181229773462782 0.057126802772054695 -0.037979491074819606 0.039338309461367765 -0.009648784253184101 0.08667135160459125
0.0008736676568233449 0.02398302739599667 -0.049573666468372 0.02834467120181406 0.01795170990036801 0.055651856582428605 0.01319529029638652 0.07750314201927104 -0.026539763887617824 0.027358490566037737 0.022095008536707844 -0.06197478991596639 -0.10968313760248172 -0.06663800515907137 0.004115649758205577 0.06893670357217463 -0.008394543546694652 0.04665111629456848 -0.02914541480170708 0.002034587995930824 -0.05384023733655642 -0.019321597252039503 -0.1481721825654337 0.03114617940199336 -0.06394490900147565 0.01097366320830008 -0.021895527056615578 0.012598425196850394 -0.0659077291791492 0.04390090937597994 -0.07591958939264329 -0.20515313563441903 -0.36274607774557815 -0.2487664473684211 -0.1299440386986626 0.05080187269648371 -0.05098647749944579 0.0868500167019263 0.0033337037448605404 0.10520163646990062 -0.17147726062413463 -2.415518217859166 -4.059359880908076 -2.476329917032699 -0.3635297566695984 -0.050065084609992996 0.003216813210379582 -0.05851121464947449 -0.08066184074457085 -0.09628466771323914 -0.09085580304806565 -0.25325747843641033 -0.4927863723274812 -0.5946911689637571 -0.26157303370786517 -0.03082959641255605 0.03235591506572295 0.024325753569539928 -0.046550994498518836 0.03885330253071511 -0.025935531678399404 -0.09950711429368546 -0.14029995162070633 -0.10889292196007258 -0.05694760820045558 -0.027891224225520473 -0.03703300294085612 -0.019997894958425428 -0.051145444858817266 0.009773048105114559 -0.00866634569090034 -0.09708737864077667 -0.10113648211865292 -0.020253164556962022 -0.08611851548082837 -0.003239041243791838 0.012203239405369425 0.0022249415952831234 -0.05131564581286167 -0.0856434527834122 -0.06387434554973823 -0.046907065376722366 -0.1388755866296332 -0.051657743965436265 0.00946880030300161 0.07857294542365682 0.008385744234800837 0.028459997891852006 -0.03156082631981637 -0.005964214711729624 -0.024298876176976812 0.0731050404001539 -0.029883454527343357 0.10310352009997917 0.017192556634304208 0.06461884247986513 -0.037030003797949115 0.04438168246923542 -0.01254341952913933 0.09955493089716562
0.0017473353136466894 0.03505211696337976 -0.057505453103311524 -0.0009448223733938055 0.024234808365496813 0.05473953106468388 0.010150223304912706 0.07331378299120234 -0.02837009243159147 0.03207547169811321 0.022095008536707848 -0.0588235294117647 -0.11300686904498118 -0.088134135855546 -0.0030867373186541803 0.05953624399415082 -0.00629590766002099 0.03332222592469177 -0.030186322473196626 -1.3877787807814458e-18 -0.04614877485990551 -0.01610133104336625 -0.1535799264546831 0.00622923588039867 -0.06296114117068372 0.001995211492418196 -0.02919403607548744 0.012598425196850394 -0.07090073896544838 0.045991428870074215 -0.06308810949529513 -0.1789013125911522 -0.3527530728490057 -0.2796052631578948 -0.1688324006449777 0.015937842414583132 -0.07204610951008646 0.0734884756708607 6.938893903907229e-19 0.10286382232612505 -0.14485035680051123 -2.352274872569379 -4.033308522515816 -3.3635919960956557 -0.6449721489299325 -0.09011715229798738 -0.03538494531417542 -0.06717954274569293 -0.10754912099276112 -0.08581894296180011 -0.08499413833528721 -0.22114149385208295 -0.49191726055970786 -0.8133401395269695 -0.3775280898876405 -0.052316890881913304 0.009100101112234579 0.027498677948175565 -0.06559458315700381 0.05145437362175785 -0.01482030381622823 -0.08834743792430019 -0.14223512336719885 -0.11978221415607986 -0.07023538344722854 -0.03785237573463492 -0.047925062629343214 -0.01684033259656878 -0.058604155567394775 0.020631990444130742 -0.0067404910929224834 -0.07539764511464572 -0.10217912626420603 -0.02936708860759494 -0.09124461759278245 0.0064780824875836805 -0.0022187708009762607 0.0055623539882078046 -0.06332569057757396 -0.06986702727067838 -0.06073298429319372 -0.03224860744649664 -0.1388755866296332 -0.06574621959237345 0.01041568033330177 0.08388192822255255 -0.01257861635220126 0.03583851586381363 -0.04495026778882938 0.003976143141153081 -0.022273969828895412 0.07599076567910736 -0.04183683633828071 0.08227452614038741 0.021237864077669904 0.061809327589436226 -0.04937333839726547 0.04337300786766189 -0.028946352759552298 0.10306863434059499
0.0017473353136466894 0.028595148049072962 -0.06047987309141385 -0.031179138321995464 0.031415492325644015 0.056564182100173346 -0.006090133982947625 0.07645580226225387 -0.03843689942344651 0.02830188679245283 0.02912523852566034 -0.047268907563025216 -0.10635940615998227 -0.09673258813413585 -0.00514456219775697 0.05744725297681219 -0.014690451206715638 0.025547039875597023 -0.03539086083064432 -0.0010172939979654128 -0.039556092737061864 -0.00107342206955775 -0.16006921912178237 -0.02180232558139535 -0.061977373339891784 -0.0039904229848363925 -0.03857783338546554 0.015748031496062992 -0.07789095266626722 0.05644402634054563 -0.04277159965782721 -0.1429265921244531 -0.3307684620765465 -0.2950246710526315 -0.20677226595845583 -0.0069728060563801165 -0.0875637330968743 0.07460193742344952 -0.006667407489721081 0.10286382232612508 -0.10544253914154862 -2.2418350009439307 -3.9625976925939703 -3.958028306490971 -0.9215283885468581 -0.14318614198457996 -0.061119450997212096 -0.0801820348900206 -0.1282316442605998 -0.0879120879120879 -0.08108636186010158 -0.19086070838685995 -0.4823570311142012 -0.9511655606602007 -0.4943820224719101 -0.08594917787742899 -0.013144590495449948 0.024325753569539928 -0.0846381718154888 0.05250446287934475 -0.005557613931085585 -0.07997768064726121 -0.1296565070149976 -0.12613430127041741 -0.07593014426727411 -0.048809642394660825 -0.062084740224376433 -0.014735291021997683 -0.06819392647842301 0.014116625040721031 -0.004814636494944634 -0.0640363561247676 -0.09696590553644041 -0.06582278481012657 -0.09329505843756408 -0.005398402072986394 -0.009984468604393167 -0.0033374123929246907 -0.060050223823561524 -0.06986702727067838 -0.05549738219895288 -0.019544610573634318 -0.1312134852983431 -0.08734854888701042 0.023672000757504023 0.0828201316627734 -0.011530398322851155 0.037946663855802684 -0.03825554705432287 0.010934393638170973 -0.01619925078465121 0.08080030781069643 -0.05080187269648371 0.05936263278483648 0.035396440129449834 0.06930136729724667 -0.04747436384352449 0.04639903167238248 -0.02508683905827866 0.09721246193487937
0.005242005940940067 -0.012913937828613598 -0.057505453103311524 -0.04157218442932729 0.054752715196122424 0.06568743727762065 0.0010150223304912713 0.09007121910347718 -0.030200420975565113 0.03773584905660377 0.032138194235211415 -0.07563025210084032 -0.09195656990915134 -0.12252794496990542 -0.0020578248791027856 0.043868811364111145 -0.014690451206715638 0.015550372098189496 -0.028104507130217553 -0.01017293997965412 -0.04504999450609823 -0.020395019321597253 -0.14600908500973392 -0.03633720930232558 -0.05705853418593212 -0.009976057462090982 -0.053174851423209255 0.026246719160104987 -0.07988815658078688 0.058534545834639906 -0.028870829769033362 -0.07292173067574137 -0.2558209253522535 -0.2724095394736842 -0.24850611780328177 -0.024902878772786137 -0.09975615162935049 0.0723750139182719 -0.012223580397821981 0.1063705435417884 -0.0809457876238151 -1.9614876345101 -3.595087458131745 -4.263543191800879 -1.3681227401544025 -0.2323019925903675 -0.10508256487239973 -0.10076931411853937 -0.1458117890382627 -0.09628466771323914 -0.06350136772176632 -0.15323912644521928 -0.4136972014601078 -1.0285860132720777 -0.6417977528089887 -0.13079222720478328 -0.029322548028311423 0.023268112109994715 -0.0846381718154888 0.048304105848997164 0.0055576139310855865 -0.07346786943178647 -0.11127237542331883 -0.10889292196007258 -0.08257403189066059 -0.049805757545572274 -0.06644156409977128 -0.011577728660141035 -0.0660628662759723 0.010858942339016176 0.0009629272989889269 -0.10638297872340423 -0.09696590553644041 -0.07291139240506331 -0.08816895632561002 0.007557762902180955 -0.019968937208786335 0.016687061964623422 -0.061142046074899 -0.05521748929456841 -0.041884816753926704 -0.05081598749144922 -0.1312134852983431 -0.0976800976800977 0.04923776157560837 0.09237630070078572 -0.01048218029350105 0.054811847791714975 -0.03921193573068095 0.029821073558648114 -0.004049812696162803 0.041362062331666026 -0.06574359996015539 0.056238283690897714 0.058656957928802586 0.08522195167634389 -0.04177744018230156 0.056485777688117814 -0.02219220378232343 0.10658233778402437
0.008736676568233447 -0.014758786089844106 -0.07832639302002777 -0.06802721088435373 0.06552374113634324 0.06203813520664173 -0.008120178643930168 0.09426057813154588 -0.03477624233549922 0.038679245283018866 0.034146831374912125 -0.07878151260504201 -0.07423000221582096 -0.14939810834049871 0.0010289124395513952 0.03760183831209526 -0.024134312696747113 0.006664445184938356 -0.03851358384511294 -0.018311291963377416 -0.02856828919898912 -0.021468441391155002 -0.16006921912178237 -0.03841362126245847 -0.035415641908509585 -0.02194732641660016 -0.04483369825878428 0.01889763779527559 -0.07289794287996804 0.051217727605309925 -0.00962360992301112 -0.03208556149732621 -0.18187268911761767 -0.2744654605263158 -0.2902399696481078 -0.05777467875286384 -0.11084016847705609 0.0835096314441599 -0.006667407489721081 0.10637054354178843 -0.0415379699648525 -1.2903530300169908 -3.21455154447339 -4.3250366032210845 -2.0150493501416986 -0.3564634024231501 -0.12652798627493028 -0.1202730523350309 -0.1458117890382627 -0.10779696493982208 -0.03907776475185619 -0.11653514406313084 -0.3467755953415609 -1.0413476263399692 -0.8323595505617977 -0.17937219730941703 -0.038422649140546 0.009518773135906928 -0.0740584003385527 0.03255276698519374 0.025009262689885143 -0.06602808518552962 -0.0822447992259313 -0.12250453720508167 -0.07782839787395598 -0.06972806056380118 -0.06099553425552773 -0.010525207872855488 -0.05860415556739479 0.002171788467803236 0.01636976408281175 -0.10844866763065482 -0.0729850901887186 -0.10835443037974683 -0.061513225343448844 -0.012956164975167347 -0.015531395606833817 -1.3877787807814458e-18 -0.054591112566874114 -0.0698670272706784 -0.02722513089005235 -0.043975373790677216 -0.09960731730677139 -0.11176857330703487 0.08332544266641416 0.09131450414100659 -0.01048218029350105 0.051649625803731426 -0.03538638102524866 0.0268389662027833 0.012149438088488406 0.05001923816852636 -0.057774678752863816 0.044782337013122266 0.09304207119741101 0.08990447649372542 -0.029434105582985193 0.06253782529755901 -0.01157854110382092 0.10189739985945187
0.026210029704700332 0.006456968914306797 -0.06642871306761848 -0.08597883597883599 0.08257786554169284 0.07572301797281271 0.006090133982947625 0.09844993715961459 -0.016472956895762787 0.04433962264150943 0.04820729135281711 -0.06827731092436976 -0.07201418125415467 -0.15799656061908857 0.0020578248791027877 0.040735324838103194 -0.016789087093389297 0.00888592691325114 -0.026022691787238473 -0.014242115971515767 -0.007691462476650921 -0.009660798626019752 -0.14276443867618427 -0.03737541528239203 -0.01869158878504673 -0.027932960893854754 -0.041705765822124916 0.013648293963254593 -0.05891751547833033 0.057489286087592774 0.01924721984602224 -0.002916869227029648 -0.12091535924852603 -0.2611019736842105 -0.31205539220335765 -0.10060763024205599 -0.11305697184659722 0.06792116690791669 0.013334814979442161 0.09585037989479836 0.005325380764724679 -0.6890692845006609 -2.700967621883141 -4.292825768667643 -2.776311931984755 -0.5587263442475218 -0.13939523911644863 -0.14627803662368621 -0.12926577042399173 -0.12349555206698062 -0.007815552950371238 -0.07983116168104239 -0.2833304362941074 -1.0336906584992342 -1.0408988764044944 -0.23542600896860985 -0.048533872598584424 0.0 -0.06665256030469743 0.028352409954846162 0.045387180437198964 -0.059518273970054866 -0.06579583938074504 -0.12159709618874773 -0.06928625664388763 -0.07072417571471262 -0.05337109247358677 -0.01578781180928323 -0.04262120404901439 -0.00542947116950809 0.03273952816562349 -0.09502168973352612 -0.08445417578980295 -0.10936708860759495 -0.052286241541931525 -0.00971712373137551 -1.3877787807814458e-18 -0.015574591166981866 -0.03493831204279943 -0.07775524002704531 -0.016753926701570675 -0.02345353268836118 -0.10631165597165024 -0.10425471963933504 0.09090048290881544 0.09874708005946062 -0.004192872117400418 0.047433329819753345 -0.020084162203519506 0.03180914512922465 0.012149438088488406 0.07406694882647172 -0.05677856360195238 0.049989585503020184 0.10214401294498383 0.10957108072672786 -0.026585643752373718 0.06657252370385314 -0.0038595137012736374 0.09955493089716562
0.03494670627293378 0.020293330873535652 -0.0644457664088836 -0.0897581254724112 0.07719235257158244 0.08302162211477056 0.022330491270807953 0.09007121910347717 -0.005490985631920929 0.04150943396226415 0.05523752134176961 -0.05987394957983194 -0.06315089740748947 -0.15262252794496992 -0.006173474637308366 0.04804679339878839 -0.01783840503672613 0.002221481728312787 -0.015613615072343084 -0.015259409969481181 -0.01098780353807274 0.01610133104336625 -0.16331386545533202 -0.024916943521594688 -0.047220855878012793 -0.025937749401436554 -0.05004691898654989 0.008398950131233596 -0.05891751547833033 0.051217727605309925 0.026732249786142 0.01847350510452115 -0.05596082742080544 -0.24876644736842102 -0.33387081475860764 -0.14642892718398248 -0.13079139880292617 0.05567308762943992 0.012223580397821981 0.09585037989479836 0.02556182767067845 -0.28317915801397014 -2.054335690360997 -4.207906295754027 -3.4672139157627284 -0.7579853809952939 -0.18550289513188933 -0.16036406978004117 -0.12616339193381593 -0.1360544217687075 -0.0009769441187964037 -0.04587997797761057 -0.22683817138884055 -1.0107197549770288 -1.207191011235955 -0.3110986547085202 -0.06471183013144591 -0.017979904812268643 -0.0645366060093102 0.022051874409324795 0.05835494627639868 -0.0511485166930159 -0.04354136429608128 -0.11887477313974593 -0.06643887623386484 -0.08068532722382707 -0.04356823875394837 -0.031575623618566466 -0.035162493340436876 -0.008687153871212943 0.03177660086663457 -0.07333195620739516 -0.10009383797309976 -0.10936708860759495 -0.0738158704121386 0.004318721658389122 -0.0033281562014643926 -0.01334964957169874 -0.03384648979146195 -0.06648636466080685 -0.013612565445026176 0.0009772305286817186 -0.10439613063882772 -0.10143702451394758 0.07575040242401287 0.11042684221703121 -0.00419287211740042 0.04743332981975335 -0.01052027543993879 0.040755467196819085 0.011136984914447706 0.09041939207387457 -0.0637513696583325 0.051031035200999775 0.07787216828478966 0.11331710058063309 -0.03133308013672617 0.05144240468025015 -0.006754148977228869 0.09018505504802062
0.03145203564564039 0.03689696522461028 -0.043624826492167354 -0.08786848072562359 0.06731891212638003 0.0930572028099626 0.014210312626877792 0.10263929618768328 -0.018303285439736434 0.04622641509433962 0.05925479562117103 -0.04096638655462185 -0.047640150675825395 -0.14402407566638004 -0.0020578248791027895 0.051180279924796325 -0.016789087093389297 0.007775186049094748 -0.026022691787238473 -0.0020345879959308235 -0.00549390176903637 0.020395019321597253 -0.1481721825654337 -0.029069767441860468 -0.05312346286276439 -0.019952114924181967 -0.05213220727765614 0.008398950131233596 -0.060914719392850016 0.05017246785826278 0.026732249786142 0.041808458920758386 -0.024982512241431 -0.21073190789473686 -0.3310253248600967 -0.21018029684231498 -0.1784526712480603 0.0634673198975615 -0.010001111234581622 0.10169491525423728 0.03195228458834807 -0.1953936190296394 -1.1555638258280612 -3.9697413372376777 -3.49653083162318 -1.491939521377791 -0.33025948959897067 -0.15711344674395925 -0.16132368148914167 -0.12454212454212454 0.009769441187964047 -0.028445586346118552 -0.1729532417868938 -0.9477624638420961 -1.2080898876404493 -0.42507473841554566 -0.10819009100101114 -0.029613960867265997 -0.06876851460008464 0.011550981833455846 0.059281215264912944 -0.05300846275458011 -0.03870343492985002 -0.11705989110707804 -0.06359149582384208 -0.09363482418567587 -0.060995534255527714 -0.02631301968213872 -0.04688332445391582 -0.007601259637311325 0.03466538276360134 -0.0712662673001446 -0.07402773433427172 -0.12151898734177216 -0.06971498872257534 0.014035845389764632 -0.0011093854004881332 -0.011124707976415618 -0.036030134294136915 -0.058598151904439934 -0.005235602094240836 0.005863383172090296 -0.09098745330907003 -0.12303935380858458 0.07101600227251206 0.10617965597791464 0.0062893081761006275 0.03689258985980816 -0.01530221882172915 0.034791252485089456 0.012149438088488406 0.09138130050019239 -0.036856260583723474 0.029160591543428455 0.0718042071197411 0.10957108072672786 -0.03418154196733764 0.042364333266088364 -0.010613662678502507 0.07964394471773249
0.035820373929757114 0.03597454109399502 -0.010906206623041845 -0.100151171579743 0.06193339915626962 0.08849557522123894 0.009135200974421439 0.10263929618768328 -0.023794271071657363 0.04433962264150943 0.052224565632218535 -0.032563025210084036 -0.0409926877908265 -0.14509888220120376 -0.013375861714168127 0.04282431585544183 -0.029380902413431265 -0.003332222592469176 -0.037472676173623404 6.938893903907229e-19 -0.00879024283045819 0.031129240017174754 -0.11464417045208741 -0.05087209302325581 -0.05410723069355633 -0.027932960893854754 -0.059430716296528005 0.005249343832020997 -0.05991611743559018 0.05226298735235707 0.04597946963216424 0.05444822557122022 -0.00399720195862896 -0.15727796052631576 -0.31205539220335765 -0.25799382408606436 -0.20062070494347153 0.045651931856140734 -0.0111123458162018 0.09585037989479836 0.028757056129513257 -0.15480460638097032 -0.5145143282471158 -3.593948267447536 -3.46819114629141 -2.345048563132072 -0.5683036671670598 -0.17661718496045076 -0.19855222337125128 -0.12035583464154893 0.00879249706916765 -0.00550559735731327 -0.12080653572049367 -0.8669389144121148 -1.1946067415730335 -0.5259715994020927 -0.1769464105156724 -0.048651507139079855 -0.09521794329242489 0.005250446287934478 0.05187106335679882 -0.05021854366223379 -0.029027576197387515 -0.10072595281306713 -0.06738800303720578 -0.08367367267656142 -0.07297679991286352 -0.021050415745710982 -0.059669685668620145 -0.0021717884678032354 0.02792489167067887 -0.05990497831026648 -0.041705765822124916 -0.13265822784810127 -0.09021939717039162 0.014035845389764634 -0.017750166407810075 -0.010012237178774057 -0.05786657932088657 -0.052963714221320714 -0.008376963350785338 0.027362454803088042 -0.07470548798007853 -0.1380670611439842 0.06628160212101125 0.09768528349968146 0.004192872117400418 0.03583851586381363 -0.02582249426166794 0.03479125248508946 0.014174344436569808 0.08849557522123894 -0.0049805757545572284 0.02291189335555093 0.06674757281553398 0.10114253605544107 -0.029434105582985193 0.03631228565664717 -0.015438054805094558 0.07261653783087374
0.04630438581163725 0.043353934138917076 0.014872099940511595 -0.11526832955404383 0.0529575442060856 0.07298604141957851 0.009135200974421437 0.1110180142438207 -0.034776242335499225 0.046226415094339626 0.052224565632218535 -0.014705882352941176 -0.02437403057832927 -0.14617368873602749 -0.020578248791027886 0.04804679339878839 -0.025183630640083943 0.012218149505720319 -0.037472676173623404 0.017293997965412006 -0.005493901769036369 0.030055817947617004 -0.08868699978369024 -0.05191029900332226 -0.05804230201672406 -0.04588986432561852 -0.05630278385986863 -0.005249343832020997 -0.0579189135210705 0.04076513013483851 0.0641573994867408 0.0641711229946524 0.01698810832417308 -0.1151315789473684 -0.2892914730152708 -0.29285785436796496 -0.22722234537796498 0.020042311546598378 -0.018890987887543058 0.08883693746347165 0.030887208435403136 -0.1302624126864263 -0.21027167845180497 -2.987798926305515 -3.3958760871689635 -3.040953239210974 -0.7913360497533777 -0.2134575793693791 -0.21820062047569805 -0.1203558346415489 0.023446658851113716 0.002752798678656633 -0.07387450026073354 -0.7206057512336226 -1.1523595505617976 -0.5829596412556054 -0.2275025278058645 -0.06874669487043891 -0.10368176047397377 -0.0010500892575868936 0.06483882919599851 -0.04463870547754115 -0.00483792936623125 -0.09528130671506352 -0.04935459377372818 -0.08267755752564997 -0.0697091820063174 -0.030523102831280922 -0.06286627597229623 0.00108589423390162 0.023110255175734236 -0.05474075604214005 -0.009383797309978107 -0.1478481012658228 -0.09329505843756407 -0.008637443316778227 0.01996893720878633 -0.007787295583490934 -0.06550933508024895 -0.05070993914807302 -0.014659685863874344 0.02833968533176976 -0.050761421319796954 -0.14276321968629663 0.05775968184830982 0.08175833510299427 0.059748427672955975 0.042162959839780745 -0.027735271614384084 0.03777335984095427 0.023286423002936114 0.08176221623701424 0.02888733937643192 0.0052072484898979445 0.0718042071197411 0.061809327589436205 0.018989745537409796 0.01916481742989711 -0.009648784253184096 0.05621925509486999
0.04979905643893063 0.04796605479199336 0.03569303985722784 -0.11999244142101284 0.04667444574095682 0.04287929933400237 0.050751116524563544 0.1110180142438207 -0.03843689942344651 0.0509433962264151 0.048207291352817115 -0.017857142857142856 0.00110791048083315 -0.1504729148753224 -0.029838460746990432 0.03655734280342595 -0.007345225603357814 0.006664445184938356 -0.04684084521702925 0.015259409969481181 -0.006592682122843643 0.020395019321597253 -0.07570841444949168 -0.06748338870431893 -0.0619773733398918 -0.08280127693535515 -0.022938171202168713 -0.029396325459317585 -0.0579189135210705 0.02822201317027282 0.0641573994867408 0.0855614973262032 0.02798041371040272 -0.06373355263157895 -0.2541970976003035 -0.26795497559517883 -0.2793172245621813 0.003340385257766393 -0.0222246916324036 0.09117475160724722 0.04366812227074236 -0.1255427600528601 -0.12839598064756236 -2.1093216203025866 -3.223883514120982 -3.3914088314809248 -1.3274715848166416 -0.29255607324737243 -0.22957600827300934 -0.13710099424385136 0.02149277061352091 0.011011194714626535 -0.05040848253085347 -0.50195678067041 -1.0795505617977528 -0.5997757847533631 -0.3033367037411526 -0.1110523532522475 -0.10897164621244182 -0.008400714060695157 0.06947017413856985 -0.02882916395424533 -0.003870343492985001 -0.0852994555353902 -0.0360668185269552 -0.06375136965833252 -0.056638710380132885 -0.02841806125670982 -0.06180074587107086 0.011944836572917797 0.02696196437168994 -0.04234662259863664 0.006255864873318734 -0.13468354430379748 -0.08816895632560999 -0.026992010364931974 0.03993787441757267 -0.004449883190566248 -0.07096844633693636 -0.039441063781834575 -0.01151832460732984 0.021499071630997752 -0.04693037065415191 -0.15215553677092136 0.052078401666508845 0.03503928647271183 0.08071278825995806 0.02108147991989038 -0.0306044376434583 0.029821073558648114 0.026323782525058216 0.07983839938437862 0.046817412092837934 -0.006248698187877521 0.07787216828478966 0.02715864394081289 0.032282567413596655 0.020173492031470647 -0.0009648784253184107 0.051534317170297494
0.048051721125283935 0.04243151000830182 0.03668451318659528 -0.0963718820861678 0.04308410376088322 0.037405346227533984 0.06090133982947625 0.11834939254294093 -0.03660657087947287 0.05 0.06226775133072211 -0.008403361344537816 0.013294925769997783 -0.12037833190025793 -0.014404774153719518 0.042824315855441816 0.00419727177334733 0.00888592691325114 -0.03539086083064432 0.013224821973550354 -0.005493901769036369 0.020395019321597253 -0.05407743889249404 -0.03945182724252492 -0.055090998524348254 -0.09177972865123703 -0.006255864873318745 -0.03674540682414698 -0.04993009786299182 0.02822201317027282 0.0641573994867408 0.09333981526494896 0.04097132007594684 -0.03289473684210526 -0.2058237693256189 -0.24305209682239273 -0.2937264464641986 -0.023382696804364767 -0.024447160795643956 0.08533021624780829 0.05857918841197146 -0.12271096847272038 -0.08280610346110905 -1.2152269399707172 -2.9199648197009673 -3.444477821167518 -2.3890199442419044 -0.422580994690649 -0.2264736297828335 -0.1695447409733124 0.04200859710824541 0.015599192512387592 -0.01825134712324005 -0.2688446486302535 -0.948314606741573 -0.5838938714499252 -0.42163801820020214 -0.15547329455314648 -0.09521794329242489 -0.016801428121390315 0.06947017413856985 -0.023249325769552687 -0.008708272859216253 -0.0707803992740472 -0.02657555049354594 -0.044825181791015044 -0.034854591003158686 -0.03894326912956532 -0.053276505061267986 0.010858942339016181 0.03081367356764564 -0.04234662259863664 0.01563966218329684 -0.10936708860759496 -0.07791675210170186 -0.029151371194126537 0.07654759263368094 0.005562353988207809 -0.06441751282891145 -0.03718728870858688 -0.009424083769633506 0.02736245480308805 -0.045972607987740645 -0.12679628064243448 0.05113152163620869 0.03503928647271184 0.11530398322851151 0.025297775903868454 -0.023909716908951797 0.03479125248508946 0.03239850156930242 0.07791458253174298 0.05677856360195238 0.0166631951676734 0.07787216828478966 0.015920584379097207 0.052221800227876945 0.020173492031470643 0.011578541103820917 0.04802061372686812
0.0611567359776341 0.047966054791993354 0.05353955978584176 -0.06046863189720333 0.04308410376088322 0.036493020709789256 0.06293138449045879 0.11311269375785504 -0.028370092431591477 0.05 0.06327206990057246 -0.013655462184873948 0.009971194327498337 -0.09888220120378333 -0.010289124395513941 0.05222477543346564 0.011542497376705147 0.015550372098189495 -0.026022691787238476 0.018311291963377416 0.0010987803538072736 0.007513954486904251 -0.040017304780445594 -0.01972591362126246 -0.046237088047220855 -0.09377494014365521 -0.004170576582212501 -0.03569553805774278 -0.036948272418613946 0.021950454687989965 0.07485029940119761 0.09917355371900827 0.0599580293794344 0.0010279605263157922 -0.15270795788674948 -0.219145333200518 -0.2771004211926402 -0.06235385814497272 -0.0222246916324036 0.07948568088836938 0.07881563531792524 -0.13120634321313948 -0.04558987718645329 -0.6061493411420205 -2.6121372031662267 -3.405427055171723 -3.550289513188934 -0.6111171307834 -0.23371251292657705 -0.1904761904761905 0.06545525595935912 0.011011194714626537 0.014774900052146706 -0.11485451761102605 -0.8134831460674157 -0.5605381165919282 -0.5156723963599597 -0.20624008461131677 -0.07829030892932713 -0.018901606636564105 0.07595405705816968 -0.020459406677206363 0.0009675858732462531 -0.05353901996370236 -0.012338648443432043 -0.0308795696782548 -0.011981265657335791 -0.06630880959898958 -0.05327650506126798 0.014116625040721035 0.0404429465575349 -0.05370791158851477 0.028151391929934315 -0.08506329113924052 -0.06663932745540291 -0.0259123299503347 0.08875083203905036 0.01668706196462343 -0.05895840157222404 -0.029299075952219967 0.003141361256544502 0.018567380044952602 -0.04597260798774065 -0.09486240255471025 0.04639712148470789 0.03822467615204927 0.12683438155136267 0.030568145883841047 -0.01434583014537108 0.03578528827037773 0.03644831426546522 0.07599076567910736 0.06175913935650962 0.04269943761716309 0.07281553398058253 0.005619029780857841 0.04937333839726549 0.016138793625176517 0.014473176379776149 0.049191848208011243
0.06639874191857417 0.04243151000830182 0.06444576640888361 -0.045351473922902494 0.03141549232564402 0.025545114496852483 0.04669102720259846 0.11206535400083788 -0.02379427107165737 0.052830188679245285 0.07030229988952495 -0.013655462184873948 0.013294925769997783 -0.07308684436801377 -0.0010289124395513923 0.060580739502820134 0.010493179433368317 0.013328890369876705 -0.0239408764442594 0.023397761953204477 0.013185364245687286 -0.01180764276513525 -0.023794073112697385 -0.012458471760797344 -0.035415641908509585 -0.09577015163607341 -0.0041705765822124905 -0.04199475065616798 -0.02396644697423607 0.01567889620570712 0.08233532934131736 0.09236752552260574 0.074947536724293 0.0020559210526315775 -0.09390116665085838 -0.19623468472955474 -0.2538239858124585 -0.10689232824852465 -0.02444716079564396 0.07364114552893045 0.10331238683565876 -0.12743062110628656 -0.03163379233345739 -0.27818448023426057 -2.1352487051695492 -3.3223190147191346 -4.483165344199014 -0.9253440242713186 -0.2626680455015512 -0.21036106750392464 0.08890191481047285 0.010093595155074325 0.033026247175386755 -0.019567806704100726 -0.6247191011235956 -0.531576980568012 -0.5712841253791708 -0.2855631940772078 -0.06982649174777825 -0.03465294550036753 0.07688032604668396 -0.029759136985027433 0.002902757619738755 -0.06533575317604357 -0.0028473804100227797 -0.032871799980077686 -0.0054460298442435455 -0.08946426691927165 -0.05966968566862013 0.014116625040721035 0.05296100144439094 -0.06816773393926875 0.0458763424043374 -0.07696202531645571 -0.051261021119540694 -0.041027855754696606 0.09429775904149101 6.938893903907229e-19 -0.04804017905884922 -0.045075501464953795 0.01256544502617801 0.009772305286817159 -0.04884589598697443 -0.07326007326007325 0.039768961272606755 0.027606710554257802 0.1341719077568134 0.013702961947928744 -0.006694720734506504 0.020874751491053674 0.03948567378758732 0.07118122354751828 0.07769698177109273 0.04790668610706103 0.06169093851132686 -0.008428544671286755 0.03323205469046715 0.008069396812588258 0.016402933230412968 0.04099320684000937
0.07688275380045431 0.03966423761645605 0.07832639302002778 -0.03212396069538926 0.030517906830625618 0.009123255177447316 0.04060089321965084 0.10368663594470047 -0.014642628351789144 0.04245283018867925 0.08436275986742994 -0.0063025210084033615 0.013294925769997783 -0.05374032674118658 0.004115649758205582 0.06684771255483601 0.008394543546694652 0.006664445184938356 -0.012490892057874469 0.020345879959308238 0.01867926601472366 -0.0032202662086732504 -0.045425048669695 -0.005191029900332228 -0.05115592720118053 -0.08280127693535513 -0.02189552705661558 -0.03884514435695538 -0.027960854803275415 0.020905194940942826 0.09088964927288282 0.09917355371900827 0.08294194064155092 0.02672697368421053 -0.03699136868064119 -0.15439784839127407 -0.2250055420084239 -0.1480904130943102 -0.03111456828536504 0.0689655172413793 0.11822345297688786 -0.12176703794600716 -0.013025679196129517 -0.16691068814055637 -1.45216456562103 -3.1881445879643535 -5.124383444134677 -1.2298190486509915 -0.3267838676318511 -0.2271062271062271 0.09964830011723332 0.021104789869700862 0.033895358943160085 0.02041858090862685 -0.40898876404494394 -0.4942077727952167 -0.6036400404448938 -0.35642517186673717 -0.086754126110876 -0.044103748818649584 0.07873286402371249 -0.025109271831116897 0.004837929366231254 -0.05716878402903811 0.012338648443432043 -0.02291064847096324 0.0021784119376974166 -0.10419955794126934 -0.060735215769845495 0.01628841350852427 0.06355320173326914 -0.06713488948564346 0.04691898654989053 -0.05772151898734178 -0.04203403731802337 -0.037788814510904774 0.08653206123807411 0.010012237178774055 -0.030571023037449508 -0.038314176245210725 0.02198952879581152 0.004886152643408579 -0.06895891198161097 -0.06198929275852354 0.017990720575703056 0.02123593119558293 0.12788259958071277 0.016865183935912298 0.001912777352716144 0.019880715705765405 0.03847322061354662 0.0721431319738361 0.06673971511106683 0.06456988127473444 0.03944174757281553 -0.011238059561715677 0.0028484618306114763 0.009078071414161792 0.00868390582786569 0.045678144764581874
0.07513541848680763 0.035052116963379766 0.08724965298433474 -0.017006802721088433 0.025132393860515218 -0.0009123255177447345 0.004060089321965077 0.09635525764558024 -0.026539763887617834 0.03867924528301887 0.09340162699608315 -0.012605042016806723 0.03545313538666076 -0.0472914875322442 0.033954110505196 0.061625235011489456 0.01259181532004198 -0.004442963456625569 0.0010409076714895395 0.013224821973550358 0.017580485660916384 -0.0053671103477887505 -0.04434349989184513 -0.010382059800664454 -0.04623708804722087 -0.07581803671189144 -0.0364925450943593 -0.03884514435695538 -0.031955262632314754 0.020905194940942826 0.08661248930710008 0.10403500243072435 0.10092934945538123 0.0400904605263158 0.012330456226880388 -0.09961151509114452 -0.21502992684548888 -0.18928849794009578 -0.056672963662629174 0.06662770309760373 0.11289807221216316 -0.12365489899943363 0.01116486788239672 -0.12981942410932162 -0.6381315352291606 -2.9668569139881846 -5.425691614840232 -1.7445010293639616 -0.41468459152016546 -0.24280481423338568 0.09574052364204769 0.0321159845843274 0.04953937076308014 0.04168793602177982 -0.16089887640449435 -0.4306801195814649 -0.6137512639029322 -0.4357482813326282 -0.1068556919170546 -0.040953481045888904 0.0759540570581697 -0.01766948758486004 0.026124818577648767 -0.051724137931034475 0.024677296886864084 -0.02091841816914035 -0.003267617906546126 -0.12314493211240922 -0.07032498668087374 0.02714735584754045 0.06451612903225808 -0.05577360049576534 0.05630278385986863 -0.05772151898734177 -0.030756612671724408 -0.043187216583891165 0.05879742622587088 0.04227389031037935 -0.04039742329948685 -0.02591841334234843 0.018848167539267015 0.010749535815498873 -0.056507997318264544 -0.05541467079928618 0.023672000757504023 0.021235931195582928 0.10167714884696015 0.047433329819753345 -0.007651109410864576 0.023856858846918485 0.037460767439505924 0.0731050404001539 0.07570475146926983 0.06456988127473444 0.03640776699029126 -0.03184116875819441 -0.02183820736802126 0.018156142828323583 0.0019297568506368198 0.039821972358866246
0.08125109208457103 0.04612120653076285 0.08328375966686496 -0.006613756613756613 0.03949376178080962 -0.009123255177447316 -0.012180267965895247 0.11625471302890658 -0.033861078063512406 0.04245283018867925 0.0923973084262328 -0.0021008403361344537 0.03212940394416131 -0.05374032674118658 0.0524745344171211 0.0584917484854815 0.003147953830010497 0.012218149505720314 -0.010409076714895387 0.020345879959308238 0.03186463026041094 -0.00107342206955775 -0.021630975556997622 -0.0020764119601328914 -0.007870142646335466 -0.06983240223463685 -0.03440725680325305 -0.01889763779527559 -0.02596365088875574 0.028222013170272814 0.09944396920444824 0.12348079727758872 0.10892375337263915 0.07709703947368421 0.04932182490752157 -0.0368562605837235 -0.1895366880957659 -0.2316000445384701 -0.0722302478053117 0.06545879602571594 0.11928852912983276 -0.10572021899188219 0.006512839598064757 -0.09956076134699854 0.08208736440926415 -2.734554921397817 -5.4557152048037745 -2.5539061653483586 -0.5501551189245089 -0.2522239665096808 0.09769441187964048 0.04587997797761058 0.05823048844081349 0.0680619363620895 0.02696629213483146 -0.3419282511210762 -0.6117290192113245 -0.5319936541512427 -0.14071096064325012 -0.0420035703034758 0.08521674694331235 -0.01022970333860318 0.02805999032414127 -0.03720508166969146 0.037965072133637055 -0.008965036358203006 0.0010892059688487061 -0.12946005683612252 -0.0713905167820991 0.04017808665435986 0.07414540202214734 -0.04234662259863665 0.06255864873318737 -0.056708860759493676 0.002050440844781627 -0.05398402072986397 0.04992234302196583 0.06674824785849372 -0.04039742329948685 -0.02591841334234843 0.019895287958115185 0.013681227401544021 -0.06225457331673212 -0.04508312200619893 0.04450336142410757 0.007432575918454023 0.08385744234800836 0.0674607357436492 -0.01912777352716144 0.017892644135188866 0.053660018224157134 0.08176221623701424 0.08466978782747285 0.06873568006665279 0.07079288025889967 -0.05057126802772054 -0.016141283706798328 0.03227758725035303 0.013508297954457738 0.03396579995315062
0.08561943036868776 0.04796605479199336 0.08229228633749752 -0.000944822373393802 0.05026478772103042 -0.010947906212936776 -0.01015022330491271 0.09007121910347715 -0.02562459961563101 0.03962264150943397 0.0853670784372803 -0.0021008403361344537 0.03323731442499446 -0.051590713671539126 0.0535034468566725 0.06058073950282013 -0.004197271773347321 -0.0011107408641563925 -0.011449984386384927 0.013224821973550354 0.03406219096802549 0.0053671103477887505 -0.012978585334198576 0.006229235880398671 -0.0009837678307919374 -0.057861133280127666 -0.03544990094880618 -0.03569553805774278 -0.03495106850409427 0.029267272917319953 0.10585970915312233 0.12250850753524549 0.11891675826921155 0.08943256578947369 0.07208574409560846 0.04582129694192649 -0.14298381733540233 -0.22491927402293732 -0.0888987665296144 0.04091174751607246 0.11822345297688783 -0.10383235793845573 0.008373650911797545 -0.0849194729136164 0.14951627088830255 -1.950535696405327 -5.30559725498606 -3.230035756853397 -0.8066184074457083 -0.3139717425431711 0.0996483001172333 0.05230317489447606 0.06257604727968016 0.07146503318019398 0.05393258426966292 -0.21113602391629294 -0.5712841253791708 -0.5891062929666842 -0.2052475666525603 -0.045153838076236484 0.09540570581696925 -0.003719892123128429 0.03580067731011127 -0.026315789473684216 0.05884586180713743 0.015937842414583125 0.009802853719638384 -0.12419745289969478 -0.07352157698454981 0.06515365403409708 0.07703418391911412 -0.03614955587688494 0.06464393702429361 -0.04860759493670886 0.010252204223908143 -0.0518246599006694 0.058797426225870864 0.042273890310379356 -0.02729555628343706 -0.024791525805724586 0.02303664921465969 0.01172676634418059 -0.05363470931903075 -0.0422654268808115 0.050184641605908534 0.008494372478233167 0.07861635220125783 0.04848740381574786 -0.004781943381790362 0.023856858846918485 0.057709830920319935 0.08080030781069643 0.07769698177109273 0.0749843782545303 0.07483818770226537 -0.05057126802772054 -0.015191796429927828 0.012104095218882388 0.021227325357005018 0.03396579995315062
0.08998776865280447 0.05811272022876118 0.08724965298433472 0.0028344671201814067 0.061035813661251236 -0.012772557248426233 -0.002030044660982548 0.06388772517804776 -0.015557792623775967 0.04056603773584906 0.07532389273877674 -0.0031512605042016808 0.03988477730999335 -0.0505159071367154 0.054532359296223895 0.0752036766241905 -0.004197271773347321 -0.001110740864156394 -0.007286353700426773 0.022380467955239063 0.042852433798483684 0.012881064834693002 -0.016223231667748216 0.013496677740863789 0.006886374815543532 -0.03192338387869113 -0.022938171202168706 -0.03989501312335958 -0.021969243059716398 0.03449357165255566 0.10479041916167664 0.12834224598930483 0.13090836414509843 0.09251644736842105 0.09200417338518449 0.109572666600259 -0.09643094657503877 -0.2071038859815165 -0.11223469274363818 0.01753360607831677 0.12141868143572265 -0.11138380215216162 0.026051358392259027 -0.09175207418252807 0.17492426463402716 -1.0693902072694503 -5.045035384945314 -3.56268284754578 -1.2130299896587382 -0.41130298273155413 0.10160218835482611 0.05964397137089374 0.06865982965409352 0.07997277522545516 0.07640449438202247 -0.08875186846038866 -0.5005055611729019 -0.5901639344262295 -0.2697841726618705 -0.049354195106584065 0.10466839570211191 0.0027899190923463225 0.045476536042573776 -0.023593466424682397 0.08162490508731968 0.01892618786731746 0.02723014922121773 -0.13472266077255027 -0.06286627597229622 0.08035617330871972 0.08570052961001444 -0.03408386696963437 0.07715566677093108 -0.04050632911392405 0.03280705351650605 -0.04210753616929389 0.07100066563124027 0.02224941595283124 0.001091822251337482 -0.011268875366238449 0.02513089005235602 0.003908922114726863 -0.04214155732209559 -0.04132619517234902 0.05491904175740934 0.02123593119558292 0.07337526205450731 0.028459997891852013 0.016258607498087226 0.03280318091451292 0.05872228409436062 0.09138130050019239 0.09164259388385296 0.083315975838367 0.07686084142394821 -0.043079228319910096 -0.02088872009115077 -0.008069396812588258 0.03473562331146276 0.04216444132115249
0.08911410099598113 0.04796605479199336 0.09319849296053936 0.0018896447467876046 0.07001166861143523 -0.0054739531064683915 0.0010150223304912609 0.026183493925429423 0.0 0.029245283018867925 0.073315255599076 -0.012605042016806723 0.04985597163749169 -0.05696474634565779 0.06996604588949482 0.06893670357217464 -0.010493179433368305 -0.015550372098189491 -0.004163630685958156 0.012207527975584945 0.04724755521371278 0.008587376556462 -0.002163097555699761 0.01972591362126246 0.027545499262174124 -0.0019952114924181906 -0.014597018037743723 -0.04094488188976378 -0.008987417615338526 0.04285564962893279 0.106928999144568 0.12153621779290229 0.14589787148995703 0.09971217105263157 0.11476809257327136 0.1534017332403626 -0.04101086233651076 -0.18928849794009578 -0.13779308812090232 -0.015195791934541203 0.13632974757695174 -0.12082310741929395 0.05024190547078526 -0.09175207418252807 0.2140134857812958 -0.34444778211675187 -4.778039888483809 -3.5919384548705175 -1.8572905894519132 -0.5578231292517006 0.10648690894880812 0.05505597357313269 0.07039805318964018 0.08337587204355965 0.10516853932584269 -0.011210762331838566 -0.4236602628918099 -0.5859333685880487 -0.3692340245450698 -0.07350624803108265 0.10652093367914042 -0.007439784246256858 0.05128205128205129 -0.015426497277676953 0.09491268033409264 0.01494172726367168 0.047925062629343214 -0.14419534785812022 -0.0447522642514651 0.08361385601042458 0.10014443909484835 -0.04441231150588722 0.09279532895422792 -0.033417721518987344 0.056387123231494765 -0.031310732023321096 0.03660971821610828 -0.0011124707976415682 0.02402008952942461 -0.015776425512733828 0.03664921465968586 -0.0019544610573634324 -0.022986303993870322 -0.04508312200619893 0.07290976233311239 0.03397748991293268 0.022012578616352203 0.01581110993991778 0.03825554705432287 0.03777335984095428 0.06175964361648274 0.08849557522123894 0.10359597569479032 0.08644032493230576 0.08495145631067962 -0.017793594306049827 -0.053171287504747436 -0.010086746015735323 0.04341952913932845 0.05153431717029748
0.09697710990739124 0.04243151000830182 0.11203648621852072 -0.002834467120181406 0.08078269455165603 0.011860231730681507 -0.029435647584246848 0.005236698785085885 -0.012812299807815503 0.018867924528301886 0.07733252987847744 -0.008403361344537815 0.05761134500332373 -0.04621668099742047 0.08231299516411153 0.08042615416753708 -0.027282266526757602 -0.015550372098189495 -0.005204538357447694 0.012207527975584945 0.06702560158224372 0.009660798626019752 0.03028336577979667 0.025955149501661133 0.05607476635514019 0.035913806863527534 -0.025023459493274947 -0.03254593175853018 -0.005991611743559016 0.0480819483641685 0.12082976903336182 0.11181332036947009 0.17387828520035975 0.10382401315789473 0.13563501849568432 0.1514095029385397 0.042119264021281314 -0.17815388041420777 -0.13001444604956106 -0.04909409701928697 0.15017573756523592 -0.12082310741929395 0.07722366951991068 -0.08296730112249878 0.230626404768885 0.029037749073795926 -4.197941239545357 -3.5475132733773975 -2.6028955532574978 -0.7598116169544741 0.12114107073075417 0.05505597357313269 0.08951851208065356 0.07827122681640293 0.1249438202247191 0.02896113602391629 -0.3265925176946411 -0.5563194077207827 -0.48878544223444775 -0.11025937204662398 0.112078547610226 -0.015809541523295827 0.0764392839864538 -0.012704174228675138 0.10820045558086559 0.003984460603645783 0.05119268053588934 -0.15366803494369013 -0.027703782631859342 0.07384080790531002 0.10688493018777083 -0.04751084486676307 0.1146908560108435 -0.03848101265822785 0.0656141070330121 -0.0032390412437918333 0.021078322609274454 -0.01223717877405719 0.010918222513374825 -0.03718728870858688 0.04712041884816753 -0.003908922114726865 0.009577626664112633 -0.04414389029773645 0.08995360287851531 0.07644935230409852 0.011530398322851161 0.024243701907873928 0.03251721499617444 0.027833001988071572 0.07492153487901185 0.07502885725278954 0.13347943022213368 0.0749843782545303 0.09405339805825244 0.00468252481738153 -0.05696923661222939 -0.02521686503933831 0.03184098803550753 0.031623330990864375
0.10484011881880133 0.04704363066137811 0.11897679952409282 -0.006613756613756613 0.07629476707656405 0.016421859319405166 -0.04567600487210719 -0.006284038542103051 -0.04392788505536745 0.0037735849056603765 0.07030229988952495 -0.019957983193277313 0.06315089740748948 -0.06341358555460017 0.07613952052680316 0.08355964069354502 -0.03672612801678909 -0.015550372098189491 -0.034349953159154775 0.008138351983723296 0.07361828370508736 0.019321597252039503 0.03244646333549643 0.029069767441860468 0.06394490900147566 0.06284916201117319 -0.030236680221040545 -0.024146981627296588 -0.03195526263231476 0.04703668861712136 0.12082976903336184 0.10597958191541079 0.18586989107624663 0.1079358552631579 0.13942900502703215 0.16535511505129993 0.08313012635779207 -0.14920387484689904 -0.11890210023335926 -0.07013442431326708 0.1555011183299606 -0.10760808004530868 0.0744324525493115 -0.06149341142020498 0.2345353268836118 0.13717833183138078 -3.0838515976838945 -3.433741467114531 -2.822130299896587 -0.8205128205128206 0.13384134427510747 0.058726371811341535 0.09386407091952025 0.0765696784073507 0.1357303370786517 0.04857997010463378 -0.16986855409504556 -0.523532522474881 -0.5416842996191282 -0.13546151422870945 0.112078547610226 -0.01487956849251372 0.09385582970488632 -0.011796733212341195 0.11674259681093395 -0.002988345452734336 0.04356823875394837 -0.15577307651826125 -0.03516249334043686 0.06841133673580194 0.1126624939817044 -0.04751084486676307 0.1146908560108435 -0.03645569620253165 0.06971498872257534 0.004318721658389119 0.006656312402928778 -0.015574591166981875 -0.021836445026749647 -0.054090601757944556 0.05235602094240836 -0.007817844229453728 0.023944066660281583 -0.042265426880811495 0.08805984281791497 0.08282013166277342 -0.018867924528301886 0.013702961947928749 -0.0009563886763580776 0.013916500994035786 0.07289662853093044 0.07406694882647172 0.13447554537304512 0.07810872734846908 0.09101941747572816 0.0149840794156209 -0.06836308393467527 -0.028242888844058907 0.0009648784253184107 0.024595924104005622
0.10309278350515465 0.03874181348584079 0.13484037279397185 -0.010393046107331822 0.07988510905663763 0.01094790621293678 -0.03349573690621195 -0.016757436112274822 -0.0420975565113938 -0.006603773584905661 0.07030229988952495 -0.013655462184873946 0.07201418125415467 -0.04836629406706793 0.08231299516411153 0.09087110925423021 -0.03147953830010493 -0.015550372098189491 -0.03643176850213386 0.004069175991861648 0.07801340512031645 0.0236152855302705 0.048669695003244653 0.04256644518272426 0.07673389080177077 0.07282521947326417 -0.01563966218329683 -0.028346456692913385 -0.023966446974236073 0.03762935089369709 0.12082976903336184 0.09820126397666502 0.19886079744179075 0.1079358552631579 0.1403775016598691 0.16635123020221138 0.0931057415207271 -0.12359425453735669 -0.11001222358039782 -0.07948568088836938 0.15230588987112575 -0.08778553898433075 0.09583178265723856 -0.03611517813567594 0.22769471318283982 0.17222389105837588 -1.888269354492816 -3.2527901181059713 -2.847983453981386 -0.8770277341705913 0.13481828839390386 0.07065516608552029 0.09647140622284026 0.07912200102092905 0.1438202247191011 0.06539611360239164 -0.03943377148634984 -0.48016922263352724 -0.5448582310622091 -0.16276383492596871 0.10929974064468322 -0.009299730307821075 0.09288824383164007 -0.009074410163339383 0.11579347000759303 -0.003984460603645782 0.035943796972007405 -0.1463003894326913 -0.031965903036760786 0.0608100770984906 0.12614347616754937 -0.04441231150588722 0.1386716713585653 -0.02936708860759494 0.09021939717039162 0.002159360829194558 0.025515864211226987 -0.028924240738680617 -0.0043672890053499305 -0.0698670272706784 0.059685863874345546 -0.004886152643408579 0.038310506656450534 -0.042265426880811495 0.10226304327241739 0.07963474198343598 -0.011530398322851156 0.00421629598397808 0.0009563886763580706 0.004970178926441351 0.06985926900880834 0.07983839938437862 0.15041338778762822 0.08123307644240783 0.09000809061488674 0.021539614159955044 -0.06361564755032284 -0.022190841234617713 -0.0019297568506368163 0.023424689622862496
0.09959811287786127 0.04150908587768656 0.11897679952409279 -0.009448223733938017 0.07719235257158245 0.01368488276617097 -0.012180267965895254 -0.02304147465437788 -0.0466733778713279 -0.017924528301886792 0.07532389273877674 -0.010504201680672268 0.09084865942831818 -0.0472914875322442 0.0853997324827657 0.08669312721955295 -0.01783840503672613 -0.017771853826502277 -0.0322681378161757 -0.00508646998982706 0.07471706405889462 0.024688707599828254 0.038935756002595724 0.051910299003322266 0.07181505164781112 0.08280127693535516 -0.0031279324366593683 -0.03254593175853018 -0.03095666067505492 0.0355388313996028 0.12831479897348158 0.11084103062712687 0.19686219646247627 0.1171875 0.14701697808972777 0.18228907261679447 0.1075149634227444 -0.06458078165015033 -0.0877875319479942 -0.08182349503214495 0.15443604217701562 -0.07834623371719841 0.11071827316710085 -0.02342606149341142 0.22769471318283988 0.18423951136477418 -0.9039245121166634 -2.934229060569943 -2.816959669079628 -0.8770277341705913 0.12700273544353263 0.06790236740686365 0.08343472970624023 0.0774204526118768 0.12764044943820224 0.07847533632286996 0.04347826086956522 -0.4061343204653623 -0.5490901396529836 -0.16171374566838181 0.11578362356428307 0.003719892123128429 0.08901790033865506 -0.006352087114337569 0.12433561123766138 0.0009961151509114453 0.04574665069164579 -0.12419745289969478 -0.02344166222695791 0.05863828863068736 0.12999518536350507 -0.04028093369138608 0.1470128245229903 -0.026329113924050636 0.0871437359032192 -0.0010796804145972783 0.03217217661415576 -0.03671153632217155 -0.007642755759362377 -0.07437457741717377 0.05130890052356021 -0.004886152643408579 0.037352743990039274 -0.04508312200619893 0.09279424296941578 0.07644935230409852 -0.016771488469601685 0.0 -0.0009563886763580686 0.002982107355864809 0.06783436266072693 0.08753366679492113 0.1324833150712222 0.08956467402624453 0.08394012944983818 0.030904663794718113 -0.04367641473604253 -0.018156142828323583 -0.004824392126592045 0.02225345514171937
0.08911410099598112 0.043353934138917076 0.11996827285346023 0.0037792894935752093 0.06462615564132483 0.025545114496852477 -0.005075111652456348 -0.02304147465437788 -0.05399469204722248 -0.016981132075471694 0.06327206990057246 -0.019957983193277313 0.07755373365832041 -0.04299226139294927 0.07099495832904619 0.08042615416753707 -0.018887722980062954 -0.01999333555481506 -0.040595399188092005 -0.011190233977619531 0.0670256015822437 0.02254186346071275 0.054077438892494056 0.039451827242524926 0.06787998032464337 0.07581803671189147 0.018767594619956213 -0.03884514435695538 -0.031955262632314754 0.030312532664367103 0.12617621899059026 0.11278561011181332 0.1898670930348756 0.1264391447368421 0.13848050839419518 0.19225022412590895 0.10197295499889161 -0.015588464536243166 -0.07334148238693186 -0.07831677381648158 0.14485035680051123 -0.06513120634321314 0.09955340528470413 0.007808687164470474 0.2198768689533861 0.2012616401321718 -0.22946600900707698 -2.6048325929136418 -2.75387797311272 -0.859236002093145 0.12211801484955058 0.07616076344283355 0.08691117677733357 0.08252509783903353 0.12853932584269662 0.09529147982062781 0.10111223458038421 -0.3194077207826547 -0.5300465509944986 -0.15121285309251287 0.11115227862171176 0.0018599460615642146 0.08998548621190132 -0.0036297640653357535 0.11958997722095673 0.009961151509114455 0.05010347456704063 -0.10840964109041154 -0.02237613212573255 0.06189597133239222 0.1203659123736158 -0.027886800247882666 0.14492753623188406 -0.0040506329113924044 0.07894197252409267 0.006478082487583675 0.04437541601952518 -0.04004894871509623 -0.017469156021399722 -0.07324768988054993 0.0450261780104712 0.00977230528681716 0.04118379465568432 -0.03756926833849911 0.08900672284821513 0.07644935230409852 -0.009433962264150938 -0.003162221987983555 -0.009563886763580717 -1.0408340855860842e-18 0.06682190948668623 0.09715275105809927 0.145432812033071 0.09060612372422412 0.0798948220064725 0.041206218392957475 -0.01804025826053931 -0.013112769820455927 -0.0009648784253184044 0.026938393066291873
0.08649309802551108 0.0581127202287612 0.11798532619472535 0.003779289493575208 0.061035813661251236 0.029194416567831404 0.019285424279334145 -0.017804775869291998 -0.05124919923126201 -0.012264150943396225 0.05825047705132068 -0.00315126050420168 0.06647462884998892 -0.02149613069647463 0.056590184175326685 0.09191560476289952 -0.02308499475341028 -0.008885926913251137 -0.0510044759029874 -0.00406917599186165 0.059334139105592786 0.0364963503649635 0.05407743889249404 0.06333056478405316 0.06000983767830792 0.08579409417398245 0.03962047753101867 -0.030446194225721784 -0.0359496704613541 0.038674610640744234 0.12617621899059026 0.1322314049586777 0.17687618666933147 0.13466282894736842 0.1365835151285213 0.20121526048411192 0.1130569718465972 0.055673087629439934 -0.047783087009667755 -0.06078316773816481 0.13952497603578656 -0.03870115159524259 0.08280610346110905 0.032210834553440704 0.20815010260920555 0.21127465705417045 0.10722710701265278 -2.047892512731607 -2.6794208893485 -0.8173731030873889 0.11332551778038295 0.07891356212149019 0.06952894142186686 0.07912200102092905 0.11146067415730336 0.10183109118086697 0.12942366026289182 -0.2231623479640402 -0.5194667795175625 -0.14281213903181772 0.10929974064468322 0.01022970333860318 0.08321238509917755 -0.003629764065335754 0.11294608959757024 0.015937842414583125 0.06317394619322514 -0.08314914219555837 -0.015982951518380396 0.061895971332392205 0.10303322099181511 -0.01652551125800454 0.13971431550411845 0.0050632911392405056 0.06253844576583965 0.018354567048153747 0.05435988462391835 -0.05562353988207809 -0.019652800524074684 -0.06535947712418302 0.033507853403141365 0.008795074758135447 0.027775117325926635 -0.029116182962336805 0.07859104251491336 0.08175833510299425 0.011530398322851153 -0.025297775903868454 -0.01434583014537108 -0.0009940357852882714 0.06682190948668623 0.10484801846864178 0.1384600059766909 0.09268902312018332 0.07787216828478964 0.051507772991196854 0.011393847322445881 -0.01916481742989711 0.008683905827865691 0.043335675802295616
0.07950375677092433 0.05903514435937644 0.12690858615903233 0.0009448223733938034 0.06462615564132483 0.032843718638810325 0.03755582622817702 -0.034562211981566816 -0.03752173515145969 -0.00849056603773585 0.05222456563221854 -0.0031512605042016808 0.07644582317748726 0.0021496130696474656 0.0535034468566725 0.10758303739293922 -0.01783840503672613 -0.0022214817283127825 -0.0510044759029874 0.002034587995930824 0.050543896275134614 0.02898239587805925 0.03677265844689596 0.060215946843853826 0.05312346286276439 0.08479648842777336 0.05213220727765614 -0.05144356955380578 -0.041941282204913125 0.03762935089369709 0.12510692899914458 0.13806514341273698 0.18087338862796043 0.12232730263157894 0.14322299155837998 0.2131686422950493 0.1252493903790734 0.13695579556842225 -0.018890987887543058 -0.03039158386908239 0.15124081371818088 -0.04058901264866906 0.10885746185336806 0.031234748657881894 0.2188996384247044 0.2092720536697707 0.19944241904353419 -1.1962292772781447 -2.5449844881075494 -0.7891156462585034 0.11821023837436498 0.07891356212149017 0.06605249435077351 0.07827122681640294 0.11595505617977528 0.10837070254110612 0.16177957532861478 -0.09941829719725012 -0.485611510791367 -0.12916097868318807 0.10744720266765469 0.01766948758486004 0.09095307208514757 -0.00544464609800363 0.11579347000759302 0.026895109074609024 0.07842282975710707 -0.05894116408799074 -0.013851891315929676 0.07058312520360516 0.10495907558979296 -0.014459822350753973 0.15014075695964968 0.010126582278481015 0.06458888661062129 0.02483264953573742 0.07987574883514532 -0.07342307264434307 -0.00982640026203734 -0.06535947712418302 0.03455497382198953 0.004886152643408581 0.04309931998850684 -0.024420024420024423 0.08521920272701448 0.08388192822255255 0.03878406708595388 -0.04743332981975334 -0.002869166029074217 -0.0009940357852882714 0.060747190442442034 0.10196229318968834 0.13049108476939936 0.08852322432826495 0.07079288025889967 0.061809327589436226 0.023737181921762253 -0.034294936453500104 0.0019297568506368254 0.05621925509486999
0.07775642145727765 0.05811272022876118 0.13087447947650208 -0.0009448223733938006 0.060138228166232835 0.032843718638810325 0.04263093788063337 -0.002094679514034359 -0.042097556511393804 2.7755575615628915e-18 0.06528070704027318 -0.0031512605042016808 0.07976955461998671 0.004299226139294926 0.06070583393353226 0.1128055149362858 -0.004197271773347324 0.016661112962345882 -0.040595399188092005 0.008138351983723296 0.061531699813207344 0.0236152855302705 0.030283365779796668 0.06125415282392027 0.060009837678307934 0.08679169992019156 0.06985715775205921 -0.01994750656167979 -0.027960854803275415 0.05017246785826278 0.1272455089820359 0.14195430238210988 0.1828719896072749 0.12541118421052633 0.14037750165986912 0.22312979380416373 0.13744180891154956 0.1480904130943102 0.01777975330592288 0.0023378141437755684 0.17041218447118972 -0.036813290541816125 0.13211760327502792 0.03806734992679356 0.23453532688361184 0.21427856213076998 0.21123740081492598 -0.4810922093401235 -2.2554291623578075 -0.7127158555729984 0.1191871824931614 0.07524316388328132 0.0634451590474535 0.08507742045261188 0.12224719101123596 0.11210762331838567 0.186046511627907 -0.016922263352723427 -0.4126110876005079 -0.10605901501627639 0.10559466469062617 0.013019622430949502 0.09675858732462506 -0.0036297640653357526 0.11294608959757024 0.03087956967825481 0.10020694913408128 -0.05473108093884854 0.003196590303676079 0.061895971332392205 0.10881078478574868 -0.0196240446188804 0.14909811281409657 0.012151898734177215 0.06766454787779372 0.022673288706542862 0.0787663634346572 -0.044498831905662464 -0.017469156021399722 -0.06423258958755915 0.03664921465968586 0.006840613700772012 0.037352743990039274 -0.018784634169249553 0.08237856263611401 0.08600552134211084 0.039832285115303984 -0.01897333192790134 -0.015302218821729153 -6.938893903907229e-19 0.06175964361648274 0.09619084263178146 0.13746389082577945 0.08748177463028536 0.07180420711974109 0.06368233751638884 0.02753513102924421 -0.007060722211014729 -0.003859513701273634 0.06910283438744436
0.07688275380045431 0.05073332718383914 0.1437636327582788 -0.0028344671201814046 0.06552374113634322 0.03922999726302345 0.036540803897685756 0.03142019271051529 -0.04667337787132791 0.005660377358490563 0.07733252987847745 -0.01050420168067227 0.09638821183248394 0.008598452278589856 0.07408169564770037 0.10967202841027783 -0.0020986358866736626 0.02999000333222259 -0.04684084521702925 0.004069175991861648 0.05823535875178552 0.006440532417346501 0.05732208522604369 0.05294850498338871 0.07378258730939499 0.07881085395051876 0.0688145136065061 -0.006299212598425197 -0.03495106850409427 0.04912720811121564 0.13366124893071 0.14681575109382597 0.18886779254521835 0.13671875 0.14511998482405392 0.2330909453132782 0.14409221902017294 0.160338492372787 0.06445160573397044 0.03740502630040911 0.18745340291830867 -0.025486124221257324 0.15444733903982139 0.05856515373352855 0.2560343985146096 0.23430459597476722 0.21445421402530557 -0.09751869108245745 -1.808686659772492 -0.6049188906331764 0.12602579132473624 0.06790236740686365 0.07474361202850686 0.0816743236345074 0.13393258426966292 0.10650224215246636 0.19110212335692617 0.00951877313590693 -0.32374100719424465 -0.09450803318282056 0.10837347165616895 0.01394959546173161 0.09869375907111758 0.0018148820326678778 0.11009870918754745 0.03785237573463492 0.10674218494717351 -0.037890748342279755 0.019179541822056473 0.055380605928982515 0.11169956668271545 -0.03201817806238381 0.17307892816181839 0.0030379746835443033 0.0799671929464835 0.023752969121140142 0.08320390503660971 -0.020024474357548117 -0.02074462277541217 -0.07550146495379761 0.034554973821989535 0.009772305286817162 0.05267694665261948 -0.004696158542312388 0.09184736293911563 0.08706731790189 0.038784067085953874 0.0 -0.0306044376434583 -0.009940357852882697 0.06277209679052344 0.09041939207387457 0.14344058173124816 0.07810872734846908 0.08090614886731393 0.061809327589436226 0.026585643752373718 0.020173492031470647 -0.012543419529139326 0.065589130944015
0.07950375677092433 0.04612120653076285 0.14971247273448346 0.006613756613756616 0.07449959608652724 0.04835325244047076 0.04364596021112464 0.05969836614997905 -0.03660657087947287 0.013207547169811318 0.09440594556593351 -0.005252100840336135 0.10192776423664969 0.016122098022355976 0.09260211955962547 0.11698349697096302 0.02938090241343127 0.036654448517160945 -0.030186322473196626 0.005086469989827061 0.06702560158224372 0.02254186346071275 0.055158987670343926 0.05710132890365449 0.07575012297097886 0.08280127693535515 0.07194244604316548 0.012598425196850394 -0.03095666067505492 0.060625065328734185 0.13259195893926434 0.15556635877491493 0.18387129009693215 0.15213815789473686 0.14417148819121692 0.2450443271242156 0.14630902238971405 0.177040418661619 0.11779086565173909 0.08299240210403272 0.20129939290659285 -0.01132716632055881 0.15351693338295497 0.07613469985358712 0.2648294732727451 0.24932412135776505 0.2262491957966974 -0.008668328096218435 -1.1106514994829368 -0.4468864468864468 0.13384134427510747 0.07249036520462471 0.08517295324178689 0.07571890420282457 0.1456179775280899 0.10837070254110612 0.19716885743174925 0.03278688524590164 -0.18514600084638172 -0.0640554447128006 0.11578362356428307 0.016739514554077933 0.08901790033865506 0.006352087114337568 0.1148443432042521 0.048809642394660825 0.11545583269796318 -0.013682770234712127 0.03196590303676079 0.058638288630687374 0.1213288396726047 -0.02478826688700682 0.17307892816181839 0.00911392405063291 0.0871437359032192 0.034549773267112935 0.09873530064344352 0.0011124707976415613 -0.015285511518724768 -0.08000901510029299 0.04397905759162304 0.019544610573634318 0.05363470931903075 0.0 0.09658176309061642 0.1008706731790189 0.0450733752620545 0.013702961947928744 -0.03347360367253251 -0.014910536779324052 0.06378454996456413 0.10677183532127743 0.1404522362785138 0.09477192251614246 0.07888349514563106 0.07492039707810452 0.02658564375237373 0.04236433326608836 -0.014473176379776145 0.07964394471773249
