0.02270544057287573 0.045190445448676564 0.014864730948369837 0.1285808830481233 0.049376066074153874 0.06110351117191062 0.058877271343010865 0.06801297478288165 0.0036606570879472835 0.0556498773816261 0.0411522633744856 0.051475995377665715 -0.0022133687472332872 0.08171164390925707 0.05552699228791773 0.12316042166788435 0.06816990036706869 0.06992230854605994 0.04372267332916927 0.0549059481443823 -0.05598243688254665 0.0643845906213113 0.040021633315305574 0.01865865035762413 -0.03537388228358063 0.05280462289528744 0.037503906656943434 0.11016682404784386 0.02994609702535437 0.10024015871358463 -0.006408886989959409 0.053423992229237494 0.02795527156549521 0.09860312243221035 0.050241729073845866 0.06660039761431412 0.0298738658995353 0.07558915073365939 0.026645942045076053 0.0396779087408099 0.013823904721395153 0.05855685681904042 0.005578281889178133 0.14351264278043543 0.01170046801872075 0.08493205435651477 0.08023106546854943 0.01730665224445646 0.08070356958096223 0.026161573880284637 -0.02829820452771272 -0.060500504170868094 0.004344426101312021 -0.05522984110799558 -0.017058717902675526 0.03919738684087727 0.06160993839006161 0.05809654589627126 0.0730236003809927 -0.03460207612456747 -0.1462150657042384 -0.16658911121451841 -1.1526178263814963 -0.6240348805522754 -0.12053910402429764 -0.02888733937643192 -0.02939575394665215 0.031575623618566466 -0.07247921551907907 -0.023868937832266464 -0.04140188715578664 -0.1075268817204301 -0.3546839140413103 -0.3539194807828821 -0.02052966536645453 0.14486486486486488 0.07103218645948944 0.09238646482635796 0.00655379574003277 0.08798646362098138 -0.02513878705352467 0.0048904538341158045 -0.01917177914110429 -0.035731076633756464 0.02842524161455372 0.08921933085501857 0.06087321578505458 0.1171503957783641 0.036384527001148984 0.05269961221040072 -0.06576284904896804 0.09040200038468935 -0.04478503184713376 0.14898937278599708 -0.005055100596501873 0.08614232209737828 -0.0018986140117714066 0.13925327951564076 -0.011574074074074073 0.08777062609713285
0.0366780193869531 0.04150142949368256 0.01585571301159449 0.11723551101446535 0.05476254600951611 0.06657546739626083 0.06496802355090854 0.05859579365909804 0.010981971263841853 0.051877004338804 0.04717454581953227 0.040970690198550264 0.004426737494466577 0.05160735404795184 0.057583547557840606 0.12002922450683644 0.0723649711588883 0.07103218645948946 0.0582968977722257 0.055922724961870875 -0.04939626783754116 0.0643845906213113 0.019469983775013525 0.03213434228257489 -0.03832170580721234 0.05280462289528742 0.037503906656943434 0.10596999265554505 0.03693351966460372 0.0971076537537851 -0.0010681478316599 0.05245264691597863 0.02496006389776358 0.10784716516023007 0.040762157550478725 0.07952286282306162 0.017703031644169066 0.07447754557581146 0.021094704119018544 0.03384292216127903 0.017014036580178648 0.051001133358519066 -0.0009297136481963578 0.12203456018744507 0.013650546021840876 0.06994404476418867 0.07702182284980744 0.0010816657652785258 0.0817382307294361 0.016743407283382167 -0.0351288056206089 -0.06783389861582181 -0.005213311321574418 -0.08411929645679327 -0.035015263063386606 0.021465235650956607 0.05453994546005454 0.04753353755149466 0.06984866123399301 -0.039844814931320124 -0.13418471219692762 -0.18334108887854816 -1.3974644343365914 -1.0082659642111 -0.19172361427486712 -0.0527941029983066 -0.040283070223189985 0.004210083149142199 -0.07567682796845022 -0.03363350330910274 -0.025996533795493944 -0.11786600496277914 -0.4256206968495723 -0.677416083561505 -0.09443646068569082 0.11567567567567569 0.06548279689234184 0.0790293855743544 0.009830693610049155 0.08121827411167512 -0.012569393526762337 -0.0019561815336463216 -0.0057515337423312855 -0.07428302773859896 0.023687701345461436 0.07116303770578865 0.06821998320738874 0.10554089709762533 0.04500191497510532 0.048722282986974244 -0.05969243221367867 0.07693787266782072 -0.06369426751592357 0.14690560533444466 -0.014154281670205238 0.07771535580524344 -0.0018986140117714066 0.11806256306760847 -0.010609567901234568 0.07021650087770627
0.048030739673390964 0.03043438162870054 0.03666633633931225 0.10589013898080742 0.06822874584792173 0.055631554947560426 0.07714952796670389 0.036622371036936274 0.022879106799670538 0.03395585738539898 0.05118940078289672 0.032566446055257894 -0.012173528109783088 0.012901838511987961 0.0493573264781491 0.1106356330236927 0.06292606187729417 0.06770255271920089 0.052050801582344375 0.05083884087442806 -0.04281009879253568 0.06653074364202168 0.006489994591671183 0.04250025914792163 -0.03832170580721234 0.047823054697618814 0.03958745702677362 0.09442870632672332 0.03892992613296067 0.08979847551425289 0.003204443494979705 0.03593977659057795 0.036940894568690104 0.08730484798685292 0.05403355768319272 0.06163021868787276 0.017703031644169066 0.0689195197865718 0.02664594204507606 0.02450694363402964 0.020204168438962146 0.04911220249338874 -0.012086277426552626 0.0966513716684565 0.012675507020280813 0.06195043964828136 0.07488232777064613 0.0054083288263926405 0.08380755302638386 0.018836333193804945 -0.04000780640124903 -0.05866715555962967 -0.00781996698236163 -0.11725720112159062 -0.05027832644999103 0.013999066728884743 0.04645995354004645 0.042252033379106366 0.06773203513599324 -0.04194191045402118 -0.12955765315565423 -0.1833410888785482 -1.521339398045098 -1.4769733854119358 -0.2989749430523918 -0.07968921207291561 -0.06314643440391943 -0.0021050415745710927 -0.08740140694947772 -0.02929369643050884 -0.013479684190256113 -0.11166253101736974 -0.47152096807844773 -1.0556738667477945 -0.21864093615274074 0.09297297297297295 0.048834628190898996 0.0823686553873553 0.0010922992900054634 0.08573040045121263 -0.0073321462239446964 0.005868544600938969 0.005751533742331292 -0.09779031499764927 0.017055144968732238 0.06691449814126396 0.06612090680100755 0.10765171503957785 0.04691689008042895 0.04971661529283087 -0.050586806960744635 0.0682823619926909 -0.07961783439490445 0.133361116899354 -0.01718734202810636 0.07022471910112359 -0.0028479210176571095 0.11301715438950555 -0.011574074074074075 0.06085430076067875
0.05327045672866998 0.03689015954994006 0.047567139034783476 0.10683558665027892 0.0790017057186462 0.06292749658002736 0.08730078164653335 0.0502249659935126 0.032030749519538756 0.049990567817392945 0.05319682826457896 0.049374934341842626 -0.03762726870296591 0.010751532093323298 0.04113110539845758 0.11898549211982049 0.06292606187729417 0.08546059933407327 0.05100978555069748 0.06710726995424504 -0.031833150384193196 0.06760382015237686 0.0032449972958355873 0.029024567222970872 -0.02947823523631718 0.04682674105808508 0.04271278258151891 0.08813345923827509 0.03992812936713915 0.0856218022345202 0.007477034821619312 0.030111704711024773 0.031948881789137386 0.0780608052588332 0.06635700066357 0.04970178926441352 0.026554547466253603 0.06447309915518008 0.034417675141556574 0.025673940949935813 0.025521054870267974 0.05100113335851908 -0.018594272963927117 0.07224445963096748 0.010725429017160688 0.05295763389288569 0.06739409499358152 0.012979989183342349 0.08380755302638386 0.025115110925073257 -0.03708040593286495 -0.0540837840315336 -0.013033278303936049 -0.13085223893278952 -0.06554138983659544 0.009332711152589827 0.03433996566003435 0.04013943171015105 0.062440469890993756 -0.040893362692670646 -0.12400518230612625 -0.17682643089809216 -1.5774702409755155 -1.9620310654918705 -0.464123006833713 -0.10459209084570176 -0.09036472509526401 -4.8572257327350596e-18 -0.1012577275634193 -0.01627427579472713 -0.005777007510109762 -0.08788254755996691 -0.4976006676403088 -1.4775377750735221 -0.4495996715253542 0.06594594594594595 0.025527192008879023 0.09906500445235975 -0.01966138722009831 0.10490693739424703 -0.011521944066198808 0.02640845070422535 -0.009585889570552144 -0.10719322990126941 -0.013265112753458406 0.07647371216144451 0.053526448362720414 0.12348284960422165 0.037342014553810796 0.06562593218653674 -0.04653986240388506 0.05866512790921331 -0.09454617834394904 0.13127734944780162 -0.024264482863208977 0.06179775280898876 1.734723475976807e-18 0.10595358224016145 -0.006751543209876543 0.058513750731421885
0.055890315256309483 0.040579175504934055 0.03963928252898623 0.08887208093032052 0.08438818565400844 0.055631554947560426 0.09339153385443102 0.054410379826305325 0.04392788505536743 0.0556498773816261 0.056207969487102286 0.04307175123437335 -0.04648074369189907 0.008601225674658639 0.041131105398457574 0.10854816824966078 0.05977975878342947 0.07880133185349612 0.048927753487403705 0.061006609049313675 -0.043907793633369926 0.06974997317308725 -0.019469983775013515 0.010365916865346738 -0.0324260587599489 0.02988940918601176 0.034378581102198144 0.06295247088448222 0.03593531643042523 0.06787094079565625 0.008545182653279212 0.03496843127731909 0.00898562300319489 0.06059983566146262 0.0720447435775903 0.03777335984095428 0.033193184332817004 0.061138283681636284 0.04107916065282559 0.019838954370404945 0.025521054870267967 0.05950132225160559 -0.024172554853105245 0.05271893000097627 0.008775351014040565 0.04596322941646682 0.05776636713735559 0.0075716603569497025 0.0775995861355406 0.017789870238593554 -0.038056206088992975 -0.055917132642772024 -0.019984360066035274 -0.1486957260599881 -0.08439576225534208 -0.01119925338310779 0.012119987880012126 0.021126016689553183 0.04868240025399513 -0.061864317919681236 -0.11845271145659816 -0.16845044206607726 -1.6336010839059323 -2.416204923244618 -0.6292710706150342 -0.16535511505129993 -0.10887316276537833 -0.026313019682138727 -0.10445534001279044 -0.03905826190734512 0.0019256691700365886 -0.07547559966914805 -0.5236803672021698 -1.877091572862793 -0.6805584068979676 0.006486486486486487 0.0022197558268590434 0.07791629563668742 -0.040415073730202075 0.09475465313028766 -0.01571174190845292 0.03912363067292644 -0.02492331288343558 -0.10531264692054539 -0.043585370475649046 0.055231014338821036 0.040931989924433254 0.10976253298153035 0.027767139027192644 0.05866560604554042 -0.040469445568595705 0.06924408540103866 -0.09653662420382166 0.12085851219003958 -0.019209382266707105 0.05711610486891385 0.008543763052971332 0.10090817356205853 0.0019290123456790118 0.05149210064365126
0.055890315256309483 0.04150142949368256 0.051531067287682086 0.06523588919353314 0.09157015890115809 0.041951664386684906 0.08628565627855042 0.04185413832792717 0.038436899423446504 0.050933786078098474 0.04416340459700893 0.04202122071646182 -0.06529437804338203 -0.0032254596279969903 0.0339331619537275 0.10332950631458096 0.04719454640797064 0.06326304106548279 0.034353529044347283 0.05897305541433655 -0.06586169045005488 0.05901920806953535 -0.04434829637641968 -0.0279879755364362 -0.029478235236317187 0.006974195476736079 0.015626627773726427 0.03357465113839052 0.01696945498103414 0.04907591103685914 0.004272591326639608 0.03302574065080136 0.029952076677316298 0.034921939194741174 0.08342022940563086 0.02087475149105368 0.028767426421774732 0.05002223210315696 0.04107916065282559 0.012836970474967907 0.028711186729051465 0.055723460521344914 -0.0251022685013016 0.026359465000488136 0.017550702028081122 0.02997601918465228 0.04492939666238768 -0.01730665224445646 0.06414899120538023 0.0031393888656341545 -0.03708040593286495 -0.05775048125401046 -0.03214875314970892 -0.16908828277678645 -0.1050457891901598 -0.032664489034064395 -0.008079991920008071 0.002112601668955319 0.029632765371997032 -0.07549543881723812 -0.09901906348325004 -0.16565844578873895 -1.6490854543694957 -2.7631937505677175 -0.861807137433561 -0.2410598665205698 -0.12629286880783885 -0.06736133038627513 -0.10871882327861862 -0.06943691005750244 0.018293857115347582 -0.07237386269644334 -0.5309826830794909 -2.2005881756414154 -1.0336686512009856 -0.07243243243243244 -0.016648168701442846 0.04118432769367764 -0.049153468050245765 0.07445008460236886 -0.026186236514088197 0.04597026604068858 -0.03834355828220859 -0.11659614480488953 -0.0691680879287474 0.03292618162506638 0.019941225860621324 0.08654353562005276 0.012447338184603599 0.049716615292830876 -0.036422501011736136 0.06251202154260435 -0.08857484076433121 0.0896020004167535 -0.02123142250530785 0.03838951310861423 0.007594456047085629 0.07769929364278506 0.0 0.03159742539496781
0.0733560387739062 0.04611269943742506 0.06044990585670399 0.06145409851564715 0.10324086542777629 0.034655722754217966 0.10049741143031166 0.03452966412053991 0.05033403495927519 0.051877004338804 0.05821539696878451 0.03886962916272718 -0.0675077467906153 -0.026878830233308247 0.04113110539845758 0.10019830915353303 0.06292606187729417 0.051054384017758046 0.04372267332916927 0.05897305541433655 -0.06366630076838639 0.060092284579890555 -0.037858301784748506 -0.0559759510728724 -0.022599980347843177 -0.004981568197668625 0.013543077403896233 0.01993494911341937 0.01597125174685566 0.03759005951759424 0.01815851313821833 0.03302574065080136 0.02096645367412141 0.01437962202136402 0.09384775808133473 0.010934393638170977 0.040938260677140965 0.04557581147176523 0.05551237926057512 0.01050297584315556 0.04572522330923011 0.04250094446543256 -0.021383413908516186 -0.008786488333496049 0.028276131045241813 0.006994404476418867 0.04813863928112966 -0.03461330448891292 0.0693222969477496 -0.011511092507325241 -0.02537080405932865 -0.06141717847648731 -0.03736206447128334 -0.18863114963038488 -0.11941102531872867 -0.05692953803079794 -0.028279971720028274 -0.011619309179254253 0.02222457402899777 -0.08283527314669184 -0.09531741625023137 -0.16845044206607723 -1.6713442369108684 -2.9866472885820694 -1.1807137433561123 -0.3227413088953083 -0.1578660860097986 -0.08841174613198612 -0.12577275634193136 -0.07594662037539329 0.03562487964567687 -0.07444168734491316 -0.5393281869392864 -2.401379170469526 -1.5653869841921577 -0.15783783783783784 -0.02885682574916759 0.01892252894033838 -0.049153468050245765 0.06993795826283136 -0.01361684298732586 0.03814553990610329 -0.043136503067484656 -0.14292430653502586 -0.09001326511275347 -0.005310674455655864 0.014693534844668349 0.05804749340369394 0.009574875526618152 0.03181863378741175 -0.031363820315661664 0.05866512790921331 -0.08757961783439491 0.07084809335278183 -0.02527550298250935 0.02153558052434457 0.013290298082399848 0.06559031281533803 0.005787037037037037 0.016383850204798128
0.06549646319098767 0.04057917550493406 0.05945892379347932 0.055781412498818184 0.09157015890115809 0.02918376652986776 0.08222515480661863 0.030344250287747197 0.03935206369543333 0.04621769477457084 0.04215597711532672 0.026263262947788635 -0.07746790615316511 -0.04838189441995484 0.025706940874035987 0.08976098528337334 0.05243838489774515 0.042175360710321866 0.04268165729752238 0.05083884087442806 -0.0845225027442371 0.05901920806953535 -0.04975662520281232 -0.07152482637089251 -0.030460843077527756 -0.010959450034870977 0.001041775184915094 0.01154128632882174 8.673617379884035e-19 0.024015871358462983 0.007477034821619313 0.03108305002428363 0.02795527156549521 -0.007189811010682001 0.08152431510095744 -0.0019880715705765384 0.017703031644169066 0.03334815473543797 0.03774841789719108 -0.001166997315906175 0.040408336877924285 0.040612013600302234 -0.02138341390851619 -0.01952552962999122 0.026326053042121683 -0.004996003197442046 0.03530166880616174 -0.049756625202812335 0.06518365235385412 -0.026161573880284637 -0.024395003903200624 -0.06600055000458338 -0.04170649057259536 -0.20902370634718323 -0.13826539773747532 -0.08959402706486233 -0.04241995758004242 -0.03591422837224041 0.012699756587998729 -0.10590332389640347 -0.07588376827688323 -0.16007445323406236 -1.662634278525114 -3.088382232718685 -1.5328397873955961 -0.4173722482318956 -0.17746325530756668 -0.11261972423955373 -0.12364101470901727 -0.09005099273082348 0.03466204506065858 -0.07340777502067825 -0.5435009388691843 -2.5149579150187606 -2.2346540751385753 -0.2810810810810811 -0.0732519422863485 -0.023374888691006228 -0.06772255598033862 0.036097010716300046 -0.020948989211270554 0.041079812206572766 -0.04217791411042944 -0.16549130230371417 -0.1137009664582149 -0.036112586298459905 0.0031486146095717885 0.04643799472295514 0.0057449253159708915 0.015909316893705876 -0.022258195062727637 0.06347374495095211 -0.08260350318471339 0.0625130235465722 -0.03841876453341421 0.014981273408239704 0.00474653502942852 0.0676084762865792 -1.5612511283791264e-18 0.016383850204798125
0.06898960789450703 0.04334593747117957 0.05945892379347935 0.05294506949040371 0.09336565221294552 0.030095759233926128 0.08628565627855042 0.03452966412053991 0.04575821359934108 0.052820222599509525 0.04014854963364449 0.011555835697026999 -0.09074811863656485 -0.05483281367594881 0.018508997429305916 0.08976098528337333 0.05138961719979024 0.041065482796892344 0.04996876951905059 0.04270462633451957 -0.07793633369923161 0.06009228457989054 -0.07463493780421848 -0.0839639266093086 -0.050112999901739216 -0.004981568197668625 0.0031253255547452853 0.01783653341726996 0.004991016170892394 0.0271483763182625 0.005340739158299508 0.03885381253035454 0.014976038338658149 -0.00821692686935086 0.06066925774954972 2.4286128663675298e-18 0.014383713210887366 0.035571365051133834 0.04107916065282559 0.011669973159061731 0.035091450446618454 0.03588968643747638 -0.03625883227965787 -0.017572976666992098 0.005850234009360375 -0.005995203836930456 0.023534445870774495 -0.04975662520281233 0.066218313502328 -0.030347425701130176 -0.020491803278688527 -0.055000458337152815 -0.028673212268659314 -0.20902370634718323 -0.14903932483390195 -0.10359309379374708 -0.061609938390061604 -0.036970529206718075 0.0052915652449994684 -0.10170913285100136 -0.06570423838608182 -0.13308515588645883 -1.4864995645020807 -2.9494050322463443 -1.8280182232346243 -0.5578244845104094 -0.21448013064779534 -0.13472266077255027 -0.12257514389256023 -0.10090050992730823 0.03947621798575005 -0.07133995037220844 -0.47673690799081986 -2.4287597606733597 -2.8259084376924655 -0.4583783783783784 -0.11542730299667037 -0.05231522707034728 -0.07099945385035498 0.023688663282571916 -0.00942704514507175 0.04890453834115806 -0.02013036809815951 -0.1457451810061119 -0.1250710631040364 -0.04673393520977164 -0.00314861460957179 0.039050131926121376 0.009574875526618152 0.008948990752709562 -0.021246458923512748 0.06058857472590882 -0.09753184713375797 0.05626172119191499 -0.03841876453341421 0.014044943820224722 0.004746535029428519 0.055499495459132187 0.008680555555555556 0.005851375073142187
0.06636974936686753 0.03873466752743706 0.05450401347735605 0.06712678453247613 0.08797917227758327 0.02918376652986776 0.07613440259872095 0.01674165533117087 0.03660657087947287 0.04433125825315978 0.013048278630934454 0.027313793465700183 -0.10070827799911464 -0.05913342651327813 -0.009254498714652953 0.09706711199248512 0.034609334032511804 0.04550499445061044 0.03955860920258173 0.05083884087442806 -0.0889132821075741 0.056873055048824984 -0.07896160086533259 -0.1036591686534674 -0.07762601945563526 -0.0039852545581349 -0.003125325554745286 0.006295247088448218 1.3877787807814458e-18 0.017750861438863945 -1.3877787807814458e-18 0.03885381253035454 0.012979233226837061 -0.025677896466721445 0.03697032894113187 -0.0009940357852882698 0.006638636866563396 0.026678523788350384 0.03663817031197958 0.003500991947718519 0.02445767758400681 0.05383452965621458 -0.03253997768687244 -0.027335741481987707 -0.022425897035881433 0.0029976019184652244 0.0 -0.042184964845862635 0.05276771857216761 -0.014650481372959398 -0.033177205308352845 -0.044917040975341466 -0.03996872013207056 -0.18863114963038488 -0.17058717902675524 -0.11012599160055996 -0.08483991516008484 -0.04436463504806169 -0.017991321832998203 -0.11114606270315612 -0.05737553211178975 -0.10051186598417869 -1.0210006774412077 -2.787719138886366 -2.0311313591495823 -0.7431019025799384 -0.2885138813282526 -0.14945795179454796 -0.14389256022170116 -0.10415536508625367 0.0308107067205854 -0.04652605459057072 -0.3171291466722303 -2.3131528242571746 -3.2477930609731063 -0.6864864864864865 -0.1764705882352941 -0.06678539626001781 -0.09284543965046423 0.03496897913141568 -0.023043888132397612 0.05770735524256652 -0.02779907975460123 -0.12693935119887162 -0.15444381277240857 -0.06903876792352628 -0.03043660789252729 0.02955145118733509 -0.00861738797395634 -0.004971661529283085 -0.020234722784297852 0.05000961723408348 -0.0865843949044586 0.03646593040216711 -0.03841876453341421 -0.009363295880149813 -0.0037972280235428106 0.036326942482341064 0.0019290123456790127 -0.008191925102399066
0.06025674613570866 0.04057917550493406 0.049549103161232774 0.059563203176704174 0.08079719903043361 0.01823985408116735 0.06293777281494264 0.011509888040179972 0.019218449711723255 0.04810413129598189 0.011040851149252235 0.034667507091081 -0.09849490925188134 -0.05590796688528114 -0.02159383033419023 0.08976098528337333 0.01992658626114316 0.03662597114317426 0.03123048094940662 0.0447381799694967 -0.08562019758507136 0.04828844296598348 -0.06273661438615466 -0.11609826889188349 -0.08155645082047755 0.004981568197668626 0.0010417751849150954 -0.0062952470884482204 0.004991016170892394 0.015662524798997594 -0.008545182653279212 0.03302574065080136 0.007987220447284345 -0.027732128184059162 0.015167314437387436 -0.0029821073558648097 -0.011064394777605666 0.01445086705202312 0.017763961363384036 -0.002333994631812347 0.014887282007656316 0.05100113335851908 -0.010226850130159917 -0.03319340037098506 -0.035101404056162244 0.0009992006394884093 -0.017115960633290545 -0.047593293672255274 0.041386445938955 -0.017789870238593557 -0.029274004683840744 -0.03850032083600697 -0.03562429403075855 -0.16993797263998636 -0.16699586999461302 -0.11945870275314978 -0.08786991213008785 -0.05915284673074892 -0.01481638268599852 -0.10695187165775402 -0.05367388487877105 -0.08189855746859005 -0.6155037259266426 -2.517939867381234 -2.113705391040243 -1.030979181193346 -0.33968426782798045 -0.17261340911483003 -0.1502877851204434 -0.11934468916133231 0.03177354130560369 -0.0413564929693962 -0.1846442728979762 -2.120474596896867 -3.460275097515911 -1.0972972972972972 -0.24972253052164262 -0.09238646482635797 -0.10704533042053524 0.03158488437676256 -0.021996438671834085 0.06357589984350548 -0.026840490797546013 -0.11189468735307946 -0.15918135304150088 -0.08603292618162507 -0.03043660789252729 0.013720316622691294 -0.006702412868632708 -0.012926319976136025 -0.021246458923512745 0.04423927678399692 -0.08160828025477708 0.02917274432173369 -0.03740774441411383 -0.03651685393258427 -0.006645149041199923 0.021190716448032283 -0.005787037037037037 -0.017554125219426564
0.052397170552790154 0.04887946140367057 0.035675354276087604 0.0709085752103621 0.07541071909507137 0.0027359781121751026 0.054816769871079085 0.0020927069163963587 0.01189713553582868 0.039615166949632144 0.01304827863093446 0.046223342788107996 -0.10292164674634792 -0.04408128158262551 -0.04318766066838046 0.08349859096127751 0.011536444677503933 0.033296337402885685 0.026025400791172187 0.04270462633451958 -0.09001097694840836 0.052580749007404226 -0.03893996755002703 -0.11298849383227946 -0.10219121548589957 0.011955763674404703 0.0041671007396603815 -0.018885741265344664 0.002994609702535436 0.011485851519264904 -0.009613330484939115 0.04079650315687226 -0.000998402555910541 -0.030813475760065732 0.0009479571523367036 -0.0069582504970178895 -0.007745076344323966 0.011116051578479318 0.019984456533807038 -0.003500991947718521 0.021267545725223307 0.055723460521344914 0.0027891409445890704 -0.05369520648247583 -0.05070202808112324 -0.0109912070343725 -0.012836970474967907 -0.05408328826392646 0.04655975168132437 -0.021975722059439103 -0.027322404371584695 -0.03300027500229169 -0.011295507863411249 -0.1410485172911887 -0.16430238822050636 -0.1343910405972935 -0.10503989496010505 -0.08239146508925742 -0.02222457402899778 -0.12058299255531088 -0.04997223764575236 -0.04653327128897162 -0.3377528307364754 -2.126442001998366 -2.0785876993166283 -1.424444665803367 -0.40391943385955364 -0.1852436585622566 -0.15561713920272863 -0.1247694477595747 0.025996533795493926 -0.021712158808933003 -0.10640517421239308 -1.81725991278775 -3.4808047628823657 -1.7167567567567565 -0.3718091009988901 -0.11798753339269814 -0.1299836155106499 0.025944726452340666 -0.02094898921127055 0.06357589984350548 -0.03642638036809816 -0.09873060648801128 -0.15349630471859013 -0.11471056824216677 -0.05037783375314862 -0.009498680738786278 -0.012447338184603599 -0.023863975340558816 -0.02225819506272764 0.05577995768417003 -0.07563694267515923 0.02917274432173369 -0.026286523101809723 -0.05056179775280899 -0.013290298082399846 0.017154389505549948 -0.007716049382716049 -0.023405500292568753
0.05327045672866998 0.05441298533616157 0.038648300465761565 0.07941760423560555 0.0790017057186462 -0.001823985408116735 0.0507562683991473 0.0020927069163963587 0.01738812116774961 0.042444821731748725 0.0080297099267289 0.0651328921105158 -0.09628154050464807 -0.020427910977314265 -0.038046272493573265 0.08558605573530946 0.00629260618772942 0.042175360710321866 0.024984384759525295 0.052872394509405195 -0.08452250274423712 0.053653825517759414 -0.022714981070849107 -0.10573235202653675 -0.1129999017392159 0.003985254558134902 0.0010417751849150954 -0.020984156961494072 -0.000998203234178479 0.008353346559465385 -0.01281777397991882 0.05245264691597863 0.008985623003194892 -0.02362366474938373 -0.00568774291402029 -0.014910536779324055 -0.0099579552998451 0.010004446420631393 0.024425446874653044 -6.938893903907229e-19 0.019140791152700978 0.06516811484699661 0.02045370026031982 -0.03514595333398418 -0.051677067082683305 -0.01798561151079137 -0.02139495079161318 -0.058409951325040566 0.04035178479048112 -0.029300962745918795 -0.027322404371584695 -0.038500320836006977 -0.01129550786341124 -0.10706092276319143 -0.16609804273657747 -0.14092393840410639 -0.12624987375012625 -0.09295447343403401 -0.03174939146999683 -0.12687427912341406 -0.03886729594669627 -0.028850628199162405 -0.18097357979289655 -1.656826233082024 -2.0074031890660593 -1.8507819503934655 -0.5106151333696244 -0.20524155352068205 -0.15348539756981452 -0.1291092546381686 0.023108030040439043 -0.008271298593879239 -0.05320258710619654 -1.4359598418010342 -3.4510367481010062 -2.3924324324324324 -0.48279689234184237 -0.14358860195903828 -0.14090660841070451 0.021432600112803155 -0.012569393526762335 0.07726917057902974 -0.044095092024539886 -0.0620592383638928 -0.14591624028804245 -0.11683483802442911 -0.06087321578505458 -0.005277044854881269 -0.011489850631941786 -0.01789798150541911 -0.02225819506272764 0.06251202154260435 -0.06767515923566879 0.03646593040216713 -0.021231422505307858 -0.058052434456928835 -0.018986140117714066 0.016145307769929364 -0.007716049382716051 -0.022235225277940314
0.052397170552790154 0.04057917550493406 0.03666633633931225 0.06712678453247614 0.07361522578328396 -0.02188782489740082 0.04466551619124962 -0.024066129538558124 0.01189713553582868 0.023580456517638175 0.005018568704205561 0.050425464859754174 -0.09849490925188137 -0.01397699172132029 -0.04113110539845759 0.06471140799499008 -0.003146303093864708 0.022197558268590455 0.0166562565063502 0.03863751906456532 -0.0889132821075741 0.04828844296598347 -0.016224986479177934 -0.11817145226495282 -0.12479119583374276 -0.034870977383680384 0.005208875924575477 -0.03462385898646522 -0.00798562587342783 -0.0062650099195990395 -0.017090365306558428 0.045653229723166586 -0.0019968051118210844 -0.019515201314708304 -0.022750971656081146 -0.03180914512922465 -0.017703031644169066 0.001111605157847933 0.017763961363384033 -0.011669973159061733 0.023394300297745637 0.04533434076312807 0.024172554853105245 -0.026359465000488136 -0.05070202808112324 -0.047961630695443645 -0.014976465554129226 -0.09410492157923203 0.04345576823590274 -0.05650899958141482 -0.018540202966432474 -0.03666697222476854 -0.0017377704405248037 -0.10791061262639137 -0.1526306338660442 -0.1661222585160989 -0.13331986668013332 -0.11619309179254253 -0.03386601756799661 -0.13840830449826988 -0.0379418841384416 -0.02885062819916241 -0.12000387109261587 -1.1672268144245614 -1.8726271829916474 -2.211375635023409 -0.6815459989112684 -0.25786759288495953 -0.164144105734385 -0.1594879027883259 0.027922202965530517 -0.03101736972704715 -0.01982057166701439 -1.0232227968765844 -3.2601108601929787 -2.9686486486486485 -0.6692563817980022 -0.2036954585930543 -0.1474604041507373 -0.007896221094190638 -0.007332146223944696 0.06748826291079812 -0.039302147239263806 -0.059238363892806754 -0.1402311919651317 -0.15082315454062667 -0.07976490344248531 -0.03588390501319262 -0.01723477594791268 -0.037784627622551456 -0.019222986645082964 0.051933064050778986 -0.057722929936305734 0.02083767451552407 -0.011121221312304115 -0.07490636704119849 -0.027529903170685398 -0.007063572149344097 -0.0077160493827160516 -0.049151550614394385
0.04715745349751113 0.03043438162870054 0.049549103161232774 0.06050865084617567 0.07271747912739024 -0.0364797081623347 0.045680641559232564 -0.04080778486972899 0.0128122998078155 0.015091492171288435 2.7755575615628915e-18 0.050425464859754174 -0.06640106241699868 -0.01290183851198796 -0.03701799485861182 0.05427408412483039 -0.004195070791819614 0.012208657047724752 0.021861336664584636 0.0366039654295882 -0.07793633369923161 0.039703830883141965 0.021633315305570583 -0.1192080439514875 -0.1198781566276899 -0.06177144565109096 0.020835503698301908 -0.03986989822683874 0.001996406468356958 -0.00939751487939856 -0.01281777397991882 0.04079650315687226 0.029952076677316298 -0.00718981101068201 -0.019907100199071 -0.04671968190854871 -0.00885151582208453 -0.001111605157847933 0.02886643721549905 -0.017504959738592604 0.02339430029774564 0.04533434076312807 0.04648568240981778 -0.013667870740993853 -0.04777691107644305 -0.05995203836930456 -0.008557980316645274 -0.10059491617090319 0.05483704086911536 -0.057555462536626203 -0.017564402810304452 -0.0403336694472454 0.01042662264314884 -0.08836774577279294 -0.13826539773747532 -0.16892207186187586 -0.13735986264013736 -0.13731910848209572 -0.027516139273997247 -0.14155394778232147 -0.027762354247640203 -0.022335970218706386 -0.05903416239233522 -0.7194113906803524 -1.7226651480637813 -2.4554238469967133 -0.9330430048992924 -0.301020945163667 -0.1716052014495843 -0.16599761310621677 0.026959368380512227 -0.03722084367245657 0.016691007719591068 -0.6196126153534124 -3.0507082734551423 -3.3383783783783785 -0.97669256381798 -0.24599287622439894 -0.15182960131075915 -0.02143260011280316 0.0041897978422541105 0.060641627543035995 -0.0057515337423312855 -0.049835448989186626 -0.11559598256585182 -0.15932023366967607 -0.09865659109991605 -0.054881266490765176 -0.018192263500574492 -0.0407676245401213 -0.019222986645082964 0.04520100019234469 -0.053742038216560505 0.027088976870181282 -0.01920938226670711 -0.07209737827715355 -0.04271881526485666 -0.011099899091826437 -0.01253858024691358 -0.05149210064365125
0.04453759496987163 0.03227888960619755 0.05252204935090674 0.07090857521036212 0.07361522578328397 -0.03556771545827633 0.042635265455283726 -0.02929789682954902 0.013727464079802323 0.01697792869269949 0.01304827863093446 0.048324403823931085 -0.06861443116423196 0.008601225674658642 -0.03598971722365038 0.04279302786765474 0.011536444677503935 0.016648168701442843 0.042681657297522387 0.030503304524656837 -0.07903402854006587 0.039703830883141965 0.020551649540292056 -0.08603710998237794 -0.13461727424584852 -0.07671615024409685 0.02708615480779248 -0.037771482530689335 0.0009982032341784796 -0.008353346559465385 -0.01281777397991882 0.04273919378338999 0.010982428115015975 0.013352506162695153 -0.037918286093468576 -0.05666003976143141 -0.004425757911042267 0.004446420631391728 0.021094704119018544 -0.010502975843155564 0.020204168438962142 0.05761239138647525 0.03997768687244329 0.005857658888997361 -0.052652106084243366 -0.0629496402877698 0.00855798031664527 -0.08761492698756086 0.06621831350232799 -0.051276684805357894 -0.010733801717408278 -0.044000366669722256 0.02345990094708489 -0.06627580932959469 -0.11581971628658647 -0.17078861409239382 -0.13836986163013837 -0.15844512517164885 -0.024341200126997573 -0.15203942539582677 -0.0314640014806589 -0.02140530479292695 -0.0329042872350721 -0.3878644745208466 -1.5015186028853456 -2.567984859049706 -1.3064779531845399 -0.35785706767708664 -0.19079087614581114 -0.18010198546164696 0.02503369921047564 -0.04032258064516129 0.02920926350928437 -0.29814420444174017 -2.692465612810511 -3.5167567567567573 -1.4350721420643728 -0.3016473731077471 -0.15729109776078648 -0.03835307388606881 0.01571174190845292 0.05868544600938967 0.002875766871165644 -0.030089327691584383 -0.09475080538184574 -0.16675517790759428 -0.10180520570948784 -0.07282321899736148 -0.021064726158559942 -0.05369394451625733 -0.028328611898016998 0.05385651086747452 -0.057722929936305734 0.043759116482600544 -0.0272975432211101 -0.06554307116104868 -0.06645149041199924 -0.010090817356205853 -0.024112654320987654 -0.05500292568753658
0.03405816085931359 0.028589873651203534 0.03864830046576158 0.07847215656613407 0.07092198581560284 -0.04377564979480164 0.03248401177545427 -0.035576017578738094 0.008236478447881394 0.0037728730428221086 0.0020074274816822245 0.036768568126904086 -0.06861443116423195 0.024728523814643587 -0.04010282776349614 0.024005844901367295 0.006292606187729417 0.009988901220865706 0.04059962523422861 0.012201321809862735 -0.08452250274423712 0.04184998390385235 0.010816657652785291 -0.04664662589406034 -0.14247813697553308 -0.08369034572083292 0.03125325554745286 -0.04091910607491345 -0.0019964064683569566 -0.011485851519264905 -0.02883999145481735 0.04468188440990772 0.019968051118210865 0.020542317173377164 -0.04171011470281544 -0.07256461232604375 -0.005532197388802831 0.004446420631391729 0.009992228266903519 -0.019838954370404952 0.010633772862611652 0.05761239138647526 0.02882112309408702 0.025383188518988582 -0.06240249609984398 -0.07294164668265388 0.003209242618741978 -0.09085992428339644 0.06518365235385411 -0.060694851402260365 -0.02244340359094458 -0.03391694930791091 0.01737770440524807 -0.03823604384399694 -0.10684144370623092 -0.15772281847876807 -0.14442985557014443 -0.1711207351853808 -0.040215895861995976 -0.15623361644122888 -0.03146400148065889 -0.018613308515588647 -0.01838768992548147 -0.17440276137705513 -1.196848899012908 -2.6656041438390283 -1.769188894937398 -0.41364066940322075 -0.20891068002558094 -0.20288597157426497 0.01733102253032929 -0.033085194375516956 0.02920926350928437 -0.089240442145827 -2.167932662697598 -3.538378378378379 -2.0899001109877915 -0.3862422083704363 -0.18022938285090115 -0.05640157924421883 0.016759191369016446 0.05672926447574335 0.004792944785276076 -0.01598495533615421 -0.07769566041311352 -0.15719596388741372 -0.09970612930310663 -0.08337730870712401 -0.02585216392186902 -0.05667694143382718 -0.03237555645487657 0.046162723600692436 -0.07165605095541401 0.04480100020837675 -0.02224244262460823 -0.07958801498127341 -0.07784317448262769 -0.021190716448032287 -0.030864197530864196 -0.07021650087770627
0.0366780193869531 0.029512127639952045 0.05054008522445743 0.07847215656613407 0.07541071909507137 -0.04742362061103511 0.023347883463607756 -0.04394684524432353 0.004575821359934107 -0.0018864365214110528 0.015055706112616685 0.035718037608992545 -0.06861443116423196 0.02902913665197291 -0.04010282776349614 0.011481056257175668 -0.0031463030938647107 -0.0022197558268590447 0.03643556110764106 0.0 -0.0845225027442371 0.039703830883141965 0.007571660356949705 -0.03835389240178294 -0.15033899970521766 -0.09664242303477134 0.012501302218981145 -0.03986989822683874 1.2143064331837649e-18 -0.01253001983919808 -0.02563554795983764 0.045653229723166586 0.014976038338658149 0.03697617091207889 -0.03697032894113186 -0.07157057654075547 -0.0165965921664085 0.0 0.021094704119018544 -0.023339946318123465 0.008507018290089322 0.05100113335851908 0.02603198214949795 0.04295616518598067 -0.06142745709828392 -0.07693844924060751 -0.009627727856225938 -0.09194159004867497 0.058975685463010866 -0.06383424026789451 -0.028298204527712728 -0.03666697222476854 0.019984360066035278 -0.02549069589599796 -0.09876099838391092 -0.14372375174988333 -0.1555398444601555 -0.18802154853702335 -0.06032384379299397 -0.1572821642025794 -0.03053858967240422 -0.00744532340623546 -0.01741991677150876 -0.05995094922336271 -0.8513667425968109 -2.59786831357705 -2.2046815459989113 -0.5883591200926218 -0.2536772543167768 -0.22458500596723446 0.023108030040439053 -0.02894954507857734 0.05111621114124765 0.021296014602981448 -1.503797988092794 -3.4594594594594597 -2.691453940066592 -0.5554318788958147 -0.20862916439104318 -0.06316976875352509 0.01361684298732586 0.06455399061032865 -0.003834355828220862 -0.0018805829807240209 -0.07201061209020278 -0.14020180562931495 -0.11649874055415618 -0.09709762532981529 -0.052661815396399844 -0.05468827682211395 -0.03136382031566167 0.05097134064243123 -0.0696656050955414 0.050010418837257764 -0.011121221312304117 -0.08239700374531836 -0.08069109550028479 -0.03229061553985873 -0.03568672839506173 -0.07840842598010533
0.034058160859313596 0.028589873651203544 0.049549103161232774 0.08225394724402005 0.07271747912739025 -0.05107159142726858 0.00913612831184651 -0.0554567332845035 -0.0018303285439736437 -0.0103754008677608 0.02107798855766336 0.050425464859754174 -0.06861443116423196 0.03225459627996989 -0.035989717223650394 0.009393591483143721 -0.01048767697954903 0.002219755826859048 0.028107432854465965 0.006100660904931368 -0.08452250274423712 0.043996136924562716 0.012979989183342349 -0.036280709028713595 -0.1297042350397956 -0.10361661851150743 -0.012501302218981141 -0.02937781974609171 -0.004991016170892393 -0.013574188159131254 -0.020294808801538132 0.04371053909664886 0.01697284345047923 0.03286770747740346 -0.016115271589724152 -0.07952286282306162 -0.0365125027660987 -0.003334815473543797 0.022204951704230043 -0.03384292216127903 0.007443641003828161 0.05950132225160561 0.02603198214949795 0.048813824074978036 -0.04680187207488299 -0.07793764988009592 -0.016046213093709887 -0.09951325040562467 0.05069839627521987 -0.0722059439095856 -0.028298204527712728 -0.031166926391053257 0.025197671387609692 -0.02209193644319823 -0.08260010773927096 -0.12412505832944469 -0.14947985052014948 -0.20069715855075526 -0.06561540903799344 -0.1635734507706826 -0.03146400148065889 0.006514657980456024 -0.005806638923836258 -0.019075302025615404 -0.5324601366742596 -2.445462695487599 -2.6129559063690797 -0.8146510893590149 -0.2899168620763163 -0.2267549094065314 0.01733102253032929 -0.0020678246484698098 0.06050490298351763 0.053747084474191256 -0.9022787928556764 -3.2767567567567566 -3.0943396226415096 -0.795859305431879 -0.2566903331512834 -0.06091370558375635 0.016759191369016446 0.07140062597809077 0.009585889570552151 0.015044663845792196 -0.054955467121470536 -0.11895910780669147 -0.11230058774139377 -0.10976253298153034 -0.0631941784756798 -0.05269961221040072 -0.02630513961958721 0.05770340450086554 -0.07066082802547771 0.05938737236924359 -0.01011020119300374 -0.08239700374531836 -0.08164040250617048 -0.035317860746720484 -0.0453317901234568 -0.07840842598010532
0.028818443804034578 0.03412339758369455 0.05252204935090674 0.07752670889666258 0.07002423915970914 -0.045599635202918376 0.0020302507359658923 -0.04080778486972899 -0.009151642719868217 -0.004716091303527637 0.025092843521027808 0.047273873306019544 -0.06972111553784861 0.019352757767981937 -0.03496143958868894 0.003131197161047905 -0.012585212375458833 -0.004439511653718089 0.020820320632937747 -0.0020335536349771234 -0.07354555433589463 0.05043459598669385 0.01406165494862088 -0.029024567222970882 -0.11398250958042644 -0.09166085483710272 -0.037503906656943434 -0.006295247088448222 -0.013974845278498701 -0.00939751487939856 -0.02136295663319803 0.04953861097620203 0.019968051118210862 0.051355792933442904 0.005687742914020281 -0.073558648111332 -0.04425757911042265 0.016674077367718986 0.015543466192961031 -0.02567394094993582 0.01595065929391748 0.05383452965621458 0.025102268501301594 0.04881382407497804 -0.02925117004680187 -0.07893685051958432 -0.021394950791613184 -0.09951325040562468 0.05069839627521987 -0.08685642528254499 -0.026346604215456676 -0.03483362361353011 0.03127986792944652 -0.026340385759197893 -0.07003052612677321 -0.10265982267848808 -0.1514998485001515 -0.20597866272314355 -0.07937347867499207 -0.16567054629338368 -0.036091060521932256 0.015821312238250347 -0.0038710926158908366 0.006358434008538472 -0.2942293090356871 -2.245243550154398 -2.8807838867719107 -1.1419850542048204 -0.32402472820294176 -0.244114136920907 0.005777007510109761 -0.0041356492969396195 0.06259127894846651 0.05476118040766657 -0.46807637035516325 -3.0356756756756758 -3.4950055493895675 -1.184327693677649 -0.2992900054614965 -0.08573040045121263 0.021996438671834085 0.07726917057902974 0.014378834355828221 0.030089327691584393 -0.03695281409891984 -0.08815719596388741 -0.10915197313182198 -0.11926121372031664 -0.06989659134431252 -0.04673361837526101 -0.013152569809793607 0.0702058088093864 -0.04876592356687898 0.09064388414252969 -0.00505510059650187 -0.05149812734082397 -0.07309663945319915 -0.01917255297679112 -0.0453317901234568 -0.060854300760678756
0.034058160859313596 0.03689015954994006 0.057476959667030036 0.07658126122719107 0.07630846575096507 -0.0364797081623347 0.005075626839914733 -0.04290049178612535 0.004575821359934106 -0.008488964346349746 0.016059419853457792 0.050425464859754174 -0.0697211155378486 0.03332974948930223 -0.02262210796915167 0.019830915353303412 -0.01782905086523335 0.013318534961154274 0.020820320632937744 0.008134214539908488 -0.06805708013172337 0.05150767249704904 0.023796646836127637 -0.0238416087902975 -0.08941731355016212 -0.10262030487197368 -0.048963433691009486 0.00839366278459763 -0.013974845278498701 -0.01879502975879712 -0.019226660969878233 0.05148130160271976 0.029952076677316298 0.049301561216105176 0.033178500331785 -0.0666003976143141 -0.046470458065943784 0.03334815473543797 0.03219717997113356 -0.02567394094993582 0.024457677584006805 0.051001133358519066 0.028821123094087013 0.05857658888997365 0.000975039001560063 -0.06994404476418865 -0.017115960633290545 -0.08761492698756085 0.061045007759958615 -0.09104227710339054 -0.0234192037470726 -0.027500229168576407 0.03996872013207055 -0.02039255671679837 -0.052073980966062125 -0.08959402706486233 -0.1403898596101404 -0.2133727685644872 -0.08783998306699121 -0.18035021495229106 -0.02498611882287618 0.014890646812470914 0.013548824155617919 0.018166954310109912 -0.14616552771450267 -1.951389580635522 -3.0201415351115948 -1.597726555099463 -0.35813259432956723 -0.2647282195942281 0.009628345850182936 0.009305210918114145 0.06780721886083872 0.08214177061149984 -0.19503182098131794 -2.6097297297297297 -3.677025527192009 -1.7264024933214603 -0.33752048061168766 -0.095882684715172 0.02513878705352467 0.08118153364632237 0.015337423312883439 0.04043253408556653 -0.01137009664582149 -0.06585236325013276 -0.1123005877413938 -0.12453825857519792 -0.08521639218690155 -0.047727950681117626 -0.01719951436665318 0.0750144258511252 -0.04876592356687898 0.08960200041675351 0.01718734202810636 -0.029026217228464424 -0.06455287640022782 -0.01614530776992936 -0.0318287037037037 -0.05968402574605032
0.0366780193869531 0.03596790556119155 0.06837776236250125 0.0699631275408906 0.08528593230990214 -0.028271773825809393 0.0010151253679829453 -0.044993198702521706 0.005490985631920929 -0.008488964346349746 0.02408912978018669 0.04937493434184263 -0.06750774679061533 0.03763036232663155 -6.938893903907229e-19 0.02296211251435132 -0.01992658626114316 0.008879023307436184 0.02082032063293775 0.004067107269954245 -0.0592755214050494 0.056873055048824984 0.012979989183342349 -0.031097750596040218 -0.05895647047263437 -0.11856132310451332 -0.06146473590999062 0.010492078480747038 -0.009982032341784786 -0.020883366398663467 -0.017090365306558428 0.044681884409907724 0.03694089456869009 0.04519309778142975 0.05592947198786615 -0.07157057654075547 -0.058641292321310025 0.02779012894619831 0.03219717997113356 -0.032675924845372864 0.027647809442790307 0.05194559879108425 0.019523986612123463 0.0771258420384653 0.02632605304212169 -0.0639488409272582 -0.018185708172871202 -0.0854515954570038 0.06414899120538024 -0.09208874005860192 -0.0156128024980484 -0.01833348611238427 0.013902163524198452 -0.02209193644319823 -0.03591309032142216 -0.06532897806812879 -0.12523987476012524 -0.2017534593852329 -0.09630648745899037 -0.18244731047499213 -0.024060707014621506 0.01302931596091205 0.000967773153972706 0.03088382232718685 -0.1006074411541382 -1.5290367566490688 -3.0157866086009797 -2.1292495526786652 -0.42208484331699003 -0.27774764023000975 0.016368187945310992 0.010339123242349046 0.04277070728145212 0.0912686340127776 -0.09648942722233629 -1.972972972972973 -3.641509433962264 -2.396482635796972 -0.39759694156198805 -0.11280315848843765 0.029328584895778775 0.08998435054773082 0.03834355828220859 0.05547719793135873 0.008527572484366116 -0.0403611258629846 -0.10285474391267843 -0.1266490765171504 -0.09766373037150518 -0.04971661529283087 -0.01821125050586807 0.0730909790344297 -0.04876592356687899 0.09793707022296314 0.013143261550904863 -0.01779026217228465 -0.06075564837668501 -0.026236125126135212 -0.02797067901234568 -0.05851375073142188
0.034931447035193436 0.03689015954994006 0.06441383410960262 0.07374491821877659 0.08528593230990214 -0.01823985408116735 0.009136128311846512 -0.047085905618918074 0.003660657087947286 -0.007545746085644217 0.028103984743551136 0.03886962916272717 -0.06972111553784861 0.03870551553596387 -0.0030848329048843177 0.02400584490136729 -0.015731515469323547 -0.003329633740288572 0.018738288569643973 -0.006100660904931367 -0.07135016465422614 0.0633115141109561 0.011898323418063825 -0.039390484088317614 -0.04126952933084406 -0.1145760685463784 -0.06354828627982081 0.009442870632672334 -0.005989219405070871 -0.019839198078730292 -0.007477034821619312 0.036911121903836816 0.03793929712460064 0.049301561216105176 0.06540904351123329 -0.057654075546719676 -0.05532197388802832 0.0044464206313917344 0.03774841789719107 -0.04084490605671608 0.025521054870267974 0.04155647903286739 0.01859427296392711 0.06931563018646882 0.03705148205928237 -0.05695443645083933 -0.00641848523748396 -0.10924824229313143 0.06828763579927574 -0.10046044370029301 -0.01756440281030445 -0.024750206251718764 0.023459900947084892 -0.03653666411759708 -0.013467408870533307 -0.06066262249183387 -0.10503989496010505 -0.21548537023344244 -0.1111228701449889 -0.20341826570200272 -0.01665741254858412 0.012098650535132621 -0.00967773153972709 0.038150604051230816 -0.05315110098709187 -1.068831556927981 -2.909090909090909 -2.6165666771918743 -0.5201449584310381 -0.3168059021373549 0.016368187945310992 -0.004135649296939622 0.05424577508867097 0.08822634621235169 0.0051324163416136305 -1.283243243243243 -3.543840177580466 -3.045414069456812 -0.5090114691425451 -0.1410039481105471 0.035613281659159945 0.08020344287949921 0.057515337423312884 0.047014574518100614 0.03600530604510138 -0.028677642060541693 -0.0829135180520571 -0.15092348284960425 -0.10819609345078514 -0.06662026449239336 -0.01112909753136382 0.060588574725908825 -0.02985668789808918 0.09481141904563452 0.03235264381761197 -0.014044943820224726 -0.03797228023542813 -0.050454086781029264 -0.010609567901234568 -0.07372732592159156
0.0366780193869531 0.03227888960619755 0.0733326726786245 0.07658126122719107 0.09067241224526437 -0.015503875968992248 0.019287381991675973 -0.05859579365909805 0.011897135535828681 -0.019807583474816072 0.03211883970691558 0.038869629162727175 -0.049800796812749 0.05160735404795184 0.007197943444730079 0.03444316877152698 0.0 -0.015538290788013321 0.03539454507599417 -0.011184544992374174 -0.06695938529088913 0.06223843760060092 0.028123309897241756 -0.04146366746138696 -0.03340866660115948 -0.0866792866394341 -0.06875716220439629 -0.013639702024971145 0.01696945498103414 -0.017750861438863945 -0.010681478316599019 0.036911121903836816 0.053913738019169336 0.04519309778142974 0.07583657218693715 -0.04075546719681908 -0.052002655454746624 -0.012227656736327258 0.0466303985788831 -0.043178900688528414 0.02339430029774564 0.056667925953910084 0.029750836742283376 0.07029190666796838 0.046801872074883 -0.025979216626698644 -0.0032092426187419767 -0.10492157923201732 0.07553026383859288 -0.0931352030138133 -0.0195160031225605 -0.03391694930791091 0.03736206447128334 -0.035686974254397145 -0.0071826180642844285 -0.04013065795613626 -0.09089990910009091 -0.2197105735713531 -0.12699756587998728 -0.22229212540631224 -0.013881177123820101 0.023266635644485806 -0.004838865769863548 0.04632573349078027 -0.02088078967350038 -0.6763621874688714 -2.7316276537833426 -3.0796758235975163 -0.682157322532509 -0.3385049365303244 0.01733102253032929 0.00620347394540943 0.06050490298351763 0.10648007301490718 0.048244713611168145 -0.6832432432432431 -3.339622641509434 -3.4528049866429207 -0.695794647733479 -0.15905245346869712 0.04399287734366818 0.08118153364632237 0.07572852760736197 0.05829807240244476 0.05969300739056281 0.002124269782262349 -0.054575986565911005 -0.14248021108179418 -0.10723860589812333 -0.06264293526896689 -0.014164305949008495 0.0778995960761685 -0.01990445859872611 0.11252344238382997 0.0313416236983116 0.0037453183520599225 -0.03322574520599962 -0.022199798183652877 -0.012538580246913575 -0.05032182562902282
0.04366430879399179 0.04057917550493407 0.06441383410960261 0.08414484258296304 0.09516114552473291 -0.00364797081623347 0.020302507359658918 -0.04290049178612535 0.0036606570879472874 -0.009432182607055273 0.03713740841112115 0.03571803760899254 -0.057547587428065525 0.0505322008386195 0.00822622107969152 0.0469679574157186 0.002097535395909805 -0.01331853496115427 0.029148448886112843 -0.005083884087442806 -0.06586169045005488 0.05472690202811461 0.0054083288263926475 -0.0279879755364362 -0.03537388228358063 -0.05778619109295606 -0.08125846442337743 -0.02727940404994229 0.011978438810141748 -0.009397514879398557 -0.006408886989959411 0.04176784847013113 0.04792332268370607 0.03492193919474116 0.08247227225329415 -0.026838966202783303 -0.0497897764992255 -0.02445531347265451 0.05107138891972911 -0.036176916793091374 0.023394300297745634 0.0415564790328674 0.021383413908516176 0.07419701259396662 0.04972698907956318 -0.010991207034372502 -0.006418485237483955 -0.12114656571119524 0.06621831350232799 -0.09208874005860192 -0.020491803278688527 -0.03391694930791091 0.038230949691545744 -0.039935423570396804 -0.004489136290177769 -0.026131591227251522 -0.07675992324007677 -0.2091475652265765 -0.1619218964969838 -0.22753486421306493 -0.016657412548584122 0.023266635644485806 -0.0019355463079454183 0.048142428921791255 -2.7755575615628915e-18 -0.38549656340272936 -2.4637996733805116 -3.3838543311230396 -0.9710083137923684 -0.3775631984376695 0.027922202965530517 0.008271298593879237 0.06363446693094096 0.10648007301490722 0.07493327858755902 -0.2724324324324325 -3.0077691453940067 -3.860195903829029 -1.0660841070453304 -0.1793570219966159 0.039803079501414054 0.0831377151799687 0.06230828220858895 0.04983544898918665 0.06064051544438128 0.021242697822623474 -0.034634760705289674 -0.13720316622691292 -0.12638835695135964 -0.06662026449239336 -0.0050586806960744605 0.08174648970955953 -0.02289012738853503 0.10835590748072517 0.042462845010615716 0.002808988764044939 -0.024681982153028297 -0.02320887991927345 -0.023148148148148143 -0.05149210064365126
0.04191773644223212 0.03227888960619755 0.05846794173025467 0.07847215656613407 0.08618367896579585 -0.001823985408116735 0.020302507359658918 -0.05964214711729622 -0.0018303285439736435 -0.01697792869269949 0.031115125966074474 0.03571803760899254 -0.04980079681274901 0.04623158800129019 0.00205655526992288 0.05427408412483039 -0.009438909281594127 -0.025527192008879023 0.0166562565063502 -0.004067107269954245 -0.06037321624588364 0.05901920806953535 0.009734991887506761 -0.030061158909505552 -0.03930431364842292 -0.03387466374414666 -0.08646734034795292 -0.04511593746721225 0.02794969055699741 -0.008353346559465385 -0.013885921811578722 0.04079650315687228 0.04293130990415335 0.03594905505341002 0.07488861503460043 -0.007952286282306159 -0.06749280814339456 -0.046687416629613156 0.05218163650494061 -0.043178900688528414 0.023394300297745637 0.03494522100491122 0.026031982149497958 0.06638680074197012 0.044851794071762874 0.0009992006394884065 -0.021394950791613177 -0.1460248783126014 0.06104500775995862 -0.10359983256592716 -0.027322404371584695 -0.03300027500229169 0.03388652359023374 -0.039935423570396804 -0.013467408870533309 -0.013065795613625756 -0.06463993536006464 -0.2038660610541882 -0.18520478357498146 -0.2380203418265702 -0.006477882657782713 0.031642624476500694 0.010645504693699796 0.0644926878008902 0.018982536066818528 -0.21018029684231504 -2.075122482308111 -3.4922639722134514 -1.386697932210616 -0.41987631550396004 0.02310803004043905 0.023779983457402815 0.06363446693094096 0.11053645674880844 0.06980086224594538 -0.030270270270270273 -2.539400665926748 -4.030498664292074 -1.6406335335882034 -0.19740552735476594 0.03875563004085053 0.08705007824726134 0.06422546012269939 0.05265632346027269 0.06064051544438128 0.04142326075411577 -0.018891687657430732 -0.12242744063324536 -0.1369207200306396 -0.06363726757482349 0.006070416835289356 0.08751683015964609 -0.01492834394904459 0.11460720983538238 0.048528965726417954 0.012172284644194753 -0.010442377064742738 -0.011099899091826435 -0.02218364197530864 -0.03861907548273845
0.04366430879399179 0.031356635617449044 0.0644138341096026 0.07752670889666256 0.08618367896579585 0.01094391244870041 0.02842351030352248 -0.0502249659935126 -0.002745492815960464 -0.009432182607055273 0.04014854963364448 0.048324403823931085 -0.04648074369189907 0.04300612837329319 0.009254498714652956 0.06366767560797411 -0.006292606187729416 -0.019977802441731408 0.0166562565063502 0.002033553634977122 -0.05598243688254665 0.06223843760060092 0.009734991887506761 -0.0279879755364362 -0.04225213717205463 -0.014944704593005875 -0.09375976664235856 -0.04721435316336166 0.04192453583549611 0.001044168319933174 -0.0053407391582995095 0.05148130160271978 0.04093450479233227 0.05751848808545603 0.07204474357759029 0.025844930417495027 -0.06749280814339456 -0.043352601156069356 0.05662262684578662 -0.03384292216127903 0.019140791152700974 0.04816773706082357 0.03811825957605058 0.08005467148296397 0.05167706708268331 0.03097521982414069 -0.01711596063329055 -0.1352082206598161 0.055871702017589245 -0.09104227710339055 -0.02634660421545667 -0.026583554862957194 0.042575375792857764 -0.03483728439119721 -0.009876099838391092 0.008399440037330844 -0.05150994849005153 -0.17851484102672438 -0.19261297491798074 -0.23697179406521968 0.0037016472330186926 0.03908794788273615 0.027097648311235845 0.07266781724043965 0.03796507213363705 -0.02589899392369758 -1.5808383233532932 -3.4691085148931693 -1.9036452781922832 -0.4806336118042747 0.028885037550548814 0.026881720430107524 0.07823909868558314 0.10242368928100598 0.08417162800246356 0.07243243243243244 -1.8690344062153161 -4.002671415850401 -2.3418896777717095 -0.24591088550479415 0.03247093327746936 0.10269953051643191 0.0575153374233129 0.07146215326751293 0.06537805571347358 0.07328730748805098 -0.016792611251049538 -0.09498680738786282 -0.15032554576790502 -0.060654270657253664 0.012140833670578714 0.09809578765147144 -0.001990445859872612 0.13440300062513025 0.04549590536851683 0.03277153558052435 -0.007594456047085629 0.0010090817356205872 -0.02797067901234568 -0.017554125219426567
0.042791022618111955 0.04150142949368256 0.06837776236250123 0.08603573792190602 0.09695663883652032 0.019151846785225718 0.05177139376713025 -0.03348331066234174 0.001830328543973643 -0.0028296547821165825 0.02710027100271003 0.06093077003886962 -0.04648074369189907 0.04838189441995484 0.0030848329048843194 0.07827992902619768 -0.005243838489774514 -0.008879023307436177 0.0010410160316468894 0.010167768174885608 -0.05378704720087816 0.07833458525592873 0.006489994591671174 -0.01865865035762413 -0.04421735285447577 0.008966822755803527 -0.07813313886863213 -0.03777148253068933 0.010980235575963265 0.010441683199331732 -0.008545182653279216 0.0563380281690141 0.04892172523961662 0.05957271980279375 0.07014882927291685 0.03479125248508947 -0.0497897764992255 -0.030013339261894173 0.029976684800710564 -0.022172949002217297 0.018077413866439813 0.06611258027956177 0.03997768687244329 0.08103094796446353 0.05070202808112324 0.04796163069544365 0.002139495079161318 -0.12439156300703083 0.04242110708742887 -0.08371703641691083 -0.016588602654176422 -0.01008341736181135 0.04778868711443218 -0.0237913161695981 -0.00448913629017777 0.02799813345776948 -0.03635996364003636 -0.14893841766134996 -0.19367128796698063 -0.23906888958792072 0.001850823616509346 0.05304792926942764 0.04645311139069002 0.08538468525751658 0.05220197418375096 0.003984460603645783 -1.1268372346216657 -3.2891274602673404 -2.1946280110850562 -0.6737550179017033 0.02599653379549393 0.050661703887510345 0.07823909868558314 0.11662103234966029 0.08930404434407718 0.11027027027027028 -1.2352941176470589 -3.8056544968833483 -2.736209721463681 -0.43993231810490696 0.03875563004085053 0.11639280125195617 0.06614263803680982 0.08556652562294312 0.07674815235929507 0.09984067976633033 0.0020990764063811896 -0.06437994722955145 -0.14745308310991959 -0.06562593218653674 0.024281667341157425 0.10867474514329678 0.02089968152866242 0.14586372160866848 0.04044080477201496 0.05056179775280899 -0.004746535029428518 0.02018163471241171 -0.030864197530864196 -0.005851375073142189
0.0489040258492708 0.04980171539241908 0.0911703498166683 0.09738110995556395 0.1059341053954574 0.02918376652986776 0.07105877575880622 -0.019880715705765405 0.013727464079802326 0.0009432182607055264 0.0250928435210278 0.07458766677171971 -0.03652058432934927 0.059133426513278145 0.006169665809768636 0.09184845005740529 0.008390141583639224 0.0011098779134295258 2.0816681711721684e-18 0.00813421453990849 -0.052689352360043906 0.07940766176628394 0.008653326122228232 -0.0031097750596040265 -0.04126952933084406 0.01693733187207333 -0.05417230961558496 -0.03882069037876404 -0.008983829107606308 -0.002088336639866346 0.0032044434949797043 0.05536668285575523 0.07188498402555911 0.06881676253081348 0.079628400796284 0.04174950298210736 -0.022128789555211324 -0.026678523788350377 0.024425446874653055 -0.03150892752946668 0.030837941301573794 0.07650170003777862 0.052993677947192265 0.07517328907546617 0.05850234009360374 0.0529576338928857 0.028883183568677796 -0.1168199026500811 0.032074495602690115 -0.09627459187944747 -0.010733801717408276 -0.014666788889907417 0.05734642453731862 -0.006797518905599455 0.0053869635482133235 0.028931404573028462 -0.016159983840016164 -0.12781240097179677 -0.17673827918298232 -0.24536017615602387 0.00277623542476402 0.05118659841786877 0.047420884544662735 0.07811790353347262 0.05315110098709188 0.009961151509114455 -0.6804572672836146 -3.0481001999789497 -2.3534427627371564 -0.862536617120538 0.04140188715578663 0.056865177832919764 0.09180054245775089 0.12980427948483925 0.10470129336891809 0.1308108108108108 -0.7780244173140956 -3.5362867319679436 -2.9208083014746036 -0.6113931190073323 0.04294542788310464 0.12128325508607199 0.07956288343558282 0.10531264692054539 0.09380329732802731 0.1125862984599044 0.017842149454240137 -0.031662269129287615 -0.13883569513596325 -0.07258625832753306 0.03136382031566167 0.1057895749182535 0.05075636942675159 0.14169618670556366 0.05560610656152058 0.05149812734082397 0.0018986140117714066 0.019172552976791123 -0.015432098765432098 -0.015213575190169693
0.04803073967339097 0.05441298533616158 0.0981072242592409 0.1087264819892219 0.1050363587395637 0.02918376652986776 0.0730890264947721 -0.0251124829967563 0.017388121167749612 -0.0047160913035276366 0.028103984743551143 0.09034562454039288 -0.03430721558211598 0.07418557144393076 0.02159383033419023 0.10437323870159691 0.015731515469323547 0.016648168701442846 0.0010410160316468887 0.010167768174885612 -0.060373216245883654 0.07618843223521839 0.016224986479177934 0.005182958432673368 -0.036356490124791196 0.013948390953472153 -0.030211480362537763 -0.045115937467212264 -0.009982032341784788 -0.01670669311893077 0.006408886989959411 0.054395337542496355 0.080870607028754 0.056491372226787184 0.08152431510095745 0.03677932405566601 -0.004425757911042265 -0.046687416629613156 0.02775618963028756 -0.0525148792157778 0.035091450446618454 0.07461276917264828 0.05950167348456675 0.064434247778971 0.0721528861154446 0.04496402877697842 0.059905862216516906 -0.12547322877230932 0.03414381789963787 -0.11092507325240686 -0.0078064012490242 -0.016500137501145845 0.06082196541836823 -0.003398759452799725 0.01616089064463997 0.02333177788147457 0.00908999091000909 -0.12253089679940847 -0.1619218964969838 -0.25479710600817873 0.006477882657782716 0.043741275011633315 0.05709861608438982 0.05631755836134071 0.05884586180713743 0.00398446060364578 -0.3440391943385955 -2.7144511104094304 -2.395011724578981 -0.9222089617012044 0.05777007510109763 0.05169561621174525 0.10536198622991862 0.13183247135178988 0.1252309587353726 0.1210810810810811 -0.3274139844617093 -3.161175422974176 -2.957946477334789 -0.6723068245910887 0.04818267518592227 0.1134585289514867 0.08819018404907976 0.09026798307475317 0.11938601478112565 0.10833775889537971 0.045130142737195636 -0.01899736147757256 -0.11968594408272695 -0.08054091677438599 0.019222986645082964 0.10290440469321023 0.03781847133757961 0.1271098145446968 0.055606106561520575 0.03558052434456929 -0.0009493070058857044 0.014127144298688193 -0.014467592592592593 -0.030427150380339378
0.04279102261811196 0.035045651572443055 0.0961252601327916 0.09265387160820647 0.1059341053954574 0.012767897856817145 0.07917977870266978 -0.030344250287747197 0.010981971263841862 -0.0103754008677608 0.03412626718859781 0.08509297195083518 -0.013280212483399731 0.06988495860660145 0.027763496143958864 0.08871725289635737 0.029365495542737284 -0.0022197558268590447 0.0 -0.00813421453990849 -0.05817782656421516 0.07618843223521839 0.025959978366684698 0.01036591686534674 -0.03144345091873833 0.014944704593005878 -0.016668402958641526 -0.05770643164410871 -0.011978438810141746 -0.02088336639866346 0.0010681478316599032 0.05148130160271976 0.07587859424920128 0.05341002465078061 0.07583657218693715 0.027833001988071572 0.005532197388802833 -0.05891507336594041 0.013322971022538039 -0.05951686311121483 0.031901318587834966 0.08405742349829996 0.07065823726292302 0.06345797129747144 0.07117784711388456 0.03796962430055955 0.06632434745400086 -0.13628988642509463 0.019658561821003624 -0.12034323984930931 -0.0019516003122560521 -0.013750114584288205 0.06603527673994265 0.004248449315999663 0.02065002693481774 0.027064862342510498 0.01312998687001313 -0.1087989859511989 -0.15768864430098423 -0.26108839257628186 -3.4694469519536144e-19 0.04653327128897161 0.04838865769863544 0.06176764465437369 0.05789673500379651 0.013945612112760231 -0.14044637996733805 -2.247131880854647 -2.40993391600938 -0.9287186720190952 0.0616214134411708 0.04135649296939619 0.11683705403713748 0.11459284048270968 0.1334428248819544 0.11243243243243244 -0.06770255271920088 -2.6068566340160286 -2.9557618787547786 -0.6892272983643541 0.05970461925212108 0.1134585289514867 0.11215490797546013 0.10249177244945935 0.1298086033731287 0.11152416356877323 0.06717044500419815 0.0010554089709762572 -0.10053619302949061 -0.08451824599781246 0.024281667341157425 0.09713406424312368 0.051751592356687894 0.1260679308189206 0.04549590536851684 0.02808988764044944 -0.008543763052971333 0.016145307769929364 -0.02507716049382716 -0.039789350497366885
0.04977731202515065 0.019367333763718533 0.120899811713408 0.08319939491349153 0.11311607864260706 0.0009119927040583675 0.09643690995837986 -0.03243695720414356 0.021963942527683716 -0.018864365214110546 0.03512998092943893 0.069335014182162 0.019920318725099605 0.05268250725728416 0.04010282776349614 0.07201753470410187 0.04509701101206083 -0.0055493895671476084 0.004164064126587551 -0.01728520589730554 -0.06476399560922065 0.06223843760060094 0.024878312601406168 0.01243910023841609 -0.04618256853689692 0.016937331872073327 -0.009375976664235858 -0.056657223796033995 -0.026951487322818924 -0.0271483763182625 -0.0010681478316599004 0.04856726566294317 0.08686102236421726 0.048274445357436316 0.0786804436439473 0.024850894632206758 0.029873865899535296 -0.051133837261004886 0.01998445653380705 -0.059516863111214846 0.030837941301573794 0.07933509633547411 0.10412792859799183 0.06541052426047056 0.0799531981279251 0.041966426858513185 0.090928540864356 -0.12330989724175227 0.026901189860320744 -0.11615738802846379 -0.0019516003122560534 -0.013750114584288204 0.09036406290728995 0.01274534794799898 0.025139163224995507 0.02799813345776948 0.02524997475002525 -0.10246118094433294 -0.14816382685998516 -0.2600398448149313 0.004627059041273367 0.040949278734295026 0.06774412077808963 0.05904260150785721 0.06548974943052392 0.015937842414583125 -0.0587915078933043 -1.6998210714661617 -2.364101470901727 -0.9428230443745255 0.06739842095128057 0.02894954507857734 0.17421239307323183 0.13690295101916644 0.1508930404434408 0.12432432432432435 0.03995560488346282 -1.9245325022261799 -2.8902239213544503 -0.6903553299492386 0.06075206871268461 0.10758998435054772 0.11694785276073619 0.10437235543018335 0.1354936516960394 0.12002124269782262 0.09445843828715364 0.024274406332453823 -0.08330141708157793 -0.08551257830366908 0.030352084176446775 0.09328717060973263 0.0696656050955414 0.11669097728693481 0.054595086442220206 0.02808988764044944 0.010442377064742736 0.029263370332996974 -0.013503086419753086 -0.04681100058513751
0.04977731202515064 0.015678317808724522 0.11198097314438608 0.08319939491349154 0.10862734536313852 0.005471956224350205 0.09440665922241395 -0.016741655331170873 0.018303285439736434 -0.013205055649877385 0.0411522633744856 0.06513289211051582 0.03652058432934928 0.06773465218793677 0.05655526992287918 0.07932366141321365 0.06292606187729419 -0.0011098779134295148 0.015615240474703312 -0.01728520589730554 -0.05378704720087816 0.04721536645562828 0.02704164413196322 0.016585466984554785 -0.045199960695686346 0.02291521370927568 -0.0020835503698301908 -0.054558808099884594 -0.034937113196246754 -0.034457554557794715 -0.006408886989959409 0.05439533754249635 0.08586261980830671 0.04416598192276088 0.07299270072992702 0.033797216699801194 0.033193184332817 -0.01333926189417518 0.008881980681692025 -0.04784688995215311 0.04147171416418545 0.0774461654703438 0.10598735589438453 0.08688860685346089 0.08677847113884556 0.051958433253397274 0.10483525887890457 -0.10600324499729583 0.03621314019658563 -0.11511092507325241 0.008782201405152224 -0.009166743056192138 0.09470848900860195 0.028039765485597758 0.03232178128927994 0.03453103126458236 0.04342995657004343 -0.08767296926164572 -0.12276431368398773 -0.25060291496277654 0.0018508236165093468 0.043741275011633315 0.07548630600987129 0.07175946952493414 0.06548974943052391 0.024902878772786137 -0.035928143712574856 -1.1882959688453847 -2.2820294180345337 -0.9135293479440166 0.08184093972655497 0.03515301902398677 0.17838514500312957 0.1673258290234256 0.16629028946828167 0.14486486486486488 0.07880133185349611 -1.2622439893143365 -2.772255598033861 -0.676818950930626 0.07017911385775635 0.10758998435054772 0.12461656441717792 0.11377527033380348 0.14212620807276863 0.12639405204460966 0.12174643157010916 0.049604221635883905 -0.056491765607047106 -0.08252958138609923 0.023269931201942533 0.10963646855164455 0.051751592356687894 0.12294227964159199 0.04044080477201496 0.03464419475655431 -0.001898614011771406 0.05247225025227044 -0.02989969135802469 -0.04564072557050907
0.052397170552790154 0.03873466752743705 0.10900802695471212 0.09359931927767798 0.11580931861028816 0.026447788417692658 0.10049741143031166 0.02092706916396359 0.0210487782556969 0.013205055649877381 0.04014854963364448 0.07248660573589663 0.02877379371403276 0.07633587786259541 0.057583547557840606 0.08662978812232544 0.05453592029365496 0.022197558268590455 0.007287112221528213 -0.0010167768174885613 -0.05598243688254665 0.052580749007404226 0.015143320713899408 0.03213434228257489 -0.044217352854475776 0.026900468267410584 -0.0010417751849150954 -0.02727940404994229 -0.04591734877221002 -0.0271483763182625 -0.0010681478316599004 0.06508013598834386 0.0828674121405751 0.05032867707477403 0.07678452933927388 0.041749502982107355 0.03983182119938039 0.015562472209871054 0.0011102475852115038 -0.036176916793091374 0.036154827732879626 0.08972421609369098 0.09761993306061734 0.11422434833544859 0.07702808112324493 0.0649480415667466 0.09520753102267865 -0.07787993510005409 0.017589239524055875 -0.09941398074508162 0.006830601092896174 0.003666697222476853 0.07559301416282907 0.046732942475996256 0.022445681450888853 0.04666355576294913 0.035349964650035356 -0.0697158550755255 -0.11535612234098844 -0.22858341197441545 0.007403294466037387 0.05118659841786878 0.07258298654795316 0.07902625124897811 0.0683371298405467 0.0328717999800777 -0.031573217201959713 -0.6820334701610357 -2.1189511831166064 -0.8712162308777259 0.07606393221644521 0.050661703887510345 0.17838514500312957 0.165297637156475 0.1601313898583453 0.15135135135135136 0.0688124306326304 -0.8125556544968833 -2.5789186237028945 -0.6441060349689791 0.0638944170943752 0.11639280125195617 0.11119631901840492 0.13822284908321578 0.13075611142694715 0.14126394052044608 0.11230058774139377 0.06860158311345646 -0.05074684029107621 -0.0745749229392463 0.023269931201942536 0.11444508559338333 0.03881369426751592 0.1198166284642634 0.03841876453341422 0.042134831460674156 -0.0009493070058857035 0.050454086781029264 -0.031828703703703706 -0.040959625511995314
0.050650598201030475 0.044268191459928066 0.11396293727083537 0.09549021461662097 0.119400305233863 0.0364797081623347 0.1065881636382093 0.027205189913152662 0.031115585247551935 0.015091492171288435 0.042155977115326704 0.07773925832545435 0.01660026560424966 0.08063649069992475 0.06066838046272492 0.08245485857426157 0.05558468799160986 0.021087680355160933 0.013533208411409536 -0.014234875444839862 -0.06256860592755213 0.05901920806953535 0.011898323418063819 0.031097750596040214 -0.04618256853689692 0.034870977383680384 -0.0010417751849150954 -0.006295247088448223 -0.04591734877221002 -0.034457554557794715 -0.0021362956633198017 0.06896551724137931 0.07987220447284345 0.06470829909613804 0.07678452933927386 0.05069582504970179 0.032086744855056436 0.03223654957759004 -0.014433218607749525 -0.036176916793091374 0.042535091450446615 0.10105780128447299 0.10412792859799183 0.1239871131504442 0.08092823712948519 0.07793764988009592 0.09948652118100129 -0.05191995673336939 0.02586652871184687 -0.09941398074508162 0.018540202966432474 0.012833440278668989 0.07037970284125465 0.04928201206559605 0.021547854192853294 0.048530097993467095 0.039389960610039396 -0.06126544839970423 -0.08149010477299184 -0.21600083883820909 0.014806588932074774 0.05304792926942764 0.07548630600987129 0.0799345989644836 0.07308276385725133 0.023906763621874688 -0.0391943385955362 -0.35364698452794435 -1.823704966958005 -0.8289031138114353 0.07124975929135376 0.052729528535980154 0.17838514500312957 0.16935402089037624 0.15499897351673167 0.15783783783783784 0.0532741398446171 -0.37177203918076573 -2.1933369743309665 -0.6159052453468697 0.07017911385775635 0.11443661971830985 0.1102377300613497 0.14480488951574988 0.13265112753458405 0.14551248008497078 0.11859781696053735 0.08443271767810026 -0.023937188816545375 -0.07258625832753306 0.021246458923512745 0.12598576649355644 0.04578025477707006 0.1250260470931444 0.03841876453341422 0.054307116104868915 -0.002847921017657111 0.06054490413723511 -0.02025462962962963 -0.029256875365710932
0.05327045672866998 0.06640228718989209 0.11792686552373399 0.10967192965869339 0.12209354520154411 0.04833561331509348 0.10963353974215814 0.054410379826305325 0.03843689942344651 0.029239766081871343 0.034126267188597806 0.08614350246874672 0.019920318725099605 0.09031286958391571 0.05964010282776348 0.08976098528337335 0.05034084950183535 0.035516093229744736 0.0083281282531751 -0.0030503304524656842 -0.059275521405049394 0.06116536109024573 0.02055164954029205 0.03317093396910956 -0.04126952933084406 0.034870977383680384 0.0072924262944056685 0.015738117721120555 -0.05490117787981634 -0.03445755455779472 0.006408886989959411 0.08159300631374454 0.09185303514376997 0.06676253081347575 0.08910797231965115 0.055666003976143144 0.03540606328833813 0.061138283681636284 -0.01776396136338403 -0.029174932897654333 0.042535091450446615 0.10955799017755952 0.11435477872815172 0.13960753685443716 0.08677847113884556 0.08892885691446842 0.10162601626016261 -0.025959978366684698 0.027935851008794622 -0.0795311845960653 0.021467603434816553 0.0201668347236227 0.06777304718046745 0.046732942475996256 0.018854372418746636 0.048530097993467095 0.03635996364003636 -0.05070244005492765 -0.059265530743994065 -0.19712697913389954 0.013881177123820098 0.068869241507678 0.08419626439562566 0.08265964211100009 0.07213363705391039 0.02589899392369758 -0.05443658138268916 -0.1757709714766867 -1.383500319761245 -0.7572963003146359 0.07317542846139033 0.07237386269644333 0.18777383684539953 0.18355136395903054 0.16115787312666802 0.16864864864864865 0.04550499445061043 -0.12021371326803207 -1.6034953577280173 -0.5583756345177665 0.06494186655493872 0.12030516431924883 0.10927914110429449 0.14856605547719792 0.1317036194807656 0.14232607541157724 0.11754827875734675 0.09709762532981529 -0.002872462657985442 -0.059659938351397025 0.02630513961958721 0.1346412771686863 0.04876592356687898 0.13440300062513025 0.044484885249216455 0.058052434456928835 0.002847921017657109 0.06458123107971744 -0.004822530864197529 -0.026916325336454057
