-0.11881430671239587 0.022424038569346334 -0.13071165232934867 -0.00808034168301974 -0.09163533834586465 -0.03191489361702128 -0.06116207951070336 -0.055737307645704594 0.0 -0.06206040546131569 -0.023986870344653452 -0.10729090465740063 0.02753172133109888 -0.039379768643859225 -0.02061324400927596 -0.16298308433139894 -0.08066614623991675 -0.08672363218977172 -0.030528271834350938 -0.10987501716797143 -0.03445195865764962 0.030845157310302285 -0.0730276547348258 -0.0607721639656816 -0.13533834586466165 -0.15409877478842995 -0.059872445659247694 -0.07444487228853805 -0.006725854183481303 -0.0567437800087298 -0.11704180064308681 -0.0035889460461777725 -0.23122079789145805 -0.2055297284071446 -0.3174206448387903 -0.2655935613682093 -0.1479620323841429 -0.13636965444194357 -0.015168229453943739 -0.10277938621887665 -0.16822666329370098 -0.15315001740341105 -0.2921584667523665 -0.4374166969586817 -0.39882554440910206 -0.5556260306989724 -0.2723986573715466 -0.18924173687621515 -0.072992700729927 -0.24115755627009644 -0.07769145394006659 -0.36592471739890453 -0.7105383211678833 -0.5404442332818624 -0.31057401812688823 -0.3566546539082888 -0.15838548984544643 -0.22103658536585366 -0.03673094582185491 -0.14131338320864506 -0.1541611465735276 -0.16323222968279696 -0.5147659624139139 -1.1264893488987844 -0.7737063629611292 -0.34697953070394405 -0.3771907543815088 -0.06348811153989793 -0.13601950468369048 -0.08296460176991151 -0.15327628049559333 -0.1023409010704623 -0.2918841955386806 -0.7156076495990129 -0.7392852756969176 -1.1920855352095368 -0.4286604361370716 -0.1666040335713391 -0.184404636459431 -0.11811023622047245 -0.038764536701262974 -0.10593936661782936 -0.05673436968115285 -0.14182692307692307 -0.1626782977720146 -0.1565154088813395 -0.166208447888028 -0.1006086200471991 -0.09001233045622689 -0.06864395803652376
-0.12371386575208232 0.01793923085547707 -0.13182884593900124 -0.024241025049059218 -0.09515977443609022 -0.03309692671394799 -0.06850152905198777 -0.04362050163576882 -0.002563773875144215 -0.055164804854502834 -0.015149602322939024 -0.091441111923921 0.052669379937754376 -0.04061038641397983 -0.01674826075753672 -0.1506358809729596 -0.08456934686442882 -0.05866598648131616 -0.039819485001327315 -0.07965938744677929 -0.030623963251244096 0.03578038247995065 -0.08260505207709803 -0.0607721639656816 -0.15413533834586465 -0.15030946065428824 -0.0806976441494208 -0.07572840456937492 -0.029593758407317726 -0.042194092827004225 -0.12861736334405144 -0.009570522789807393 -0.2396070444471068 -0.2459016393442623 -0.3836540864783804 -0.33132126089872566 -0.20100502512562818 -0.142989540579902 -0.03309431880860452 -0.09409380428488709 -0.16822666329370098 -0.16823297366283793 -0.37513147131003854 -0.5501029928510844 -0.47100562759970643 -0.6850183940124318 -0.3421120578363026 -0.20609202851587818 -0.1141340411413404 -0.2323881905875475 -0.08632383771118511 -0.4801305209183079 -1.302463503649635 -0.6117116047036466 -0.32990936555891237 -0.34795575991052563 -0.16988121088261593 -0.23755081300813014 -0.06296733569460841 -0.13854253255749516 -0.15777429844634466 -0.20027784209307714 -0.6268238589938134 -1.4887471416536286 -0.9123545432037634 -0.36070893659510733 -0.41021082042164086 -0.07344703099713681 -0.15526754779930704 -0.07743362831858407 -0.16094009452037297 -0.09998823667803787 -0.32866635026103463 -0.9648365206662554 -0.9259486675672356 -1.876613002335013 -0.5607476635514018 -0.18414130026305903 -0.22918861959957848 -0.11081948089822106 -0.04626735025634613 -0.0991772793869041 -0.05106093271303756 -0.1514423076923077 -0.1921490038901332 -0.1977675321523902 -0.213696575856036 -0.09936653831822133 -0.11960542540073985 -0.04921642274316799
-0.1175894169524743 0.006727211570803903 -0.1318288459390012 -0.027704028627496248 -0.0975093984962406 -0.04728132387706856 -0.06972477064220184 -0.058160668847691756 -0.00384566081271632 -0.06757688594676597 -0.015149602322939024 -0.09631797122653012 0.06344266219774958 -0.04553285749446223 -0.018036588508116465 -0.16421780466724284 -0.08326827998959146 -0.06759341920673384 -0.03185558800106185 -0.07965938744677929 -0.030623963251244096 0.03701418877236275 -0.08021070274152999 -0.05243088655862725 -0.15413533834586463 -0.17936086901604142 -0.0806976441494208 -0.09113079193941728 -0.02421307506053269 -0.050923905136039574 -0.13118971061093246 -0.031104199066874026 -0.2551815023361687 -0.28015659407878635 -0.4586353411647089 -0.5137491616364855 -0.26800670016750416 -0.18138488018006088 -0.04826254826254826 -0.11146496815286625 -0.16949152542372883 -0.1809954751131222 -0.4429122355965875 -0.6494608021325579 -0.5517494494739418 -0.8131422047443866 -0.4144074360960497 -0.22812702527543743 -0.1340411413404114 -0.2294650686933645 -0.09495622148230361 -0.5931709590956764 -2.0152828467153285 -0.6734766599358594 -0.3274924471299094 -0.3367714676276873 -0.16477200153276284 -0.2540650406504065 -0.06165551620097075 -0.14824050983651982 -0.17463567385282427 -0.23963880527899978 -0.7809034667911754 -1.864243591286557 -1.069571676157465 -0.37943085371942087 -0.4406908813817628 -0.09709946470807918 -0.17836519953804694 -0.0898783185840708 -0.16988121088261593 -0.12939654158334313 -0.32036070242050313 -1.1955582973473162 -1.111384010806828 -2.6545409856212365 -0.702803738317757 -0.22547914317925594 -0.2608008429926238 -0.11956838728492274 -0.045016881330498935 -0.11157443931026709 -0.04992624531941451 -0.14423076923076922 -0.19922197335848166 -0.282698374181024 -0.24868782804298922 -0.12172400943982113 -0.12083847102342789 -0.06346328195829556
-0.12616364527192553 0.021302836640879022 -0.14523516925483188 -0.02193235599676786 -0.11160714285714286 -0.04373522458628841 -0.0746177370030581 -0.05089058524173028 -0.015382643250865274 -0.06343952558267825 -0.02524933720489837 -0.09387954157522556 0.049078285851089296 -0.04799409303470343 -0.039938160267972166 -0.15927892332386714 -0.08847254748894093 -0.06886876673893635 -0.03451022033448368 -0.07965938744677928 -0.043383947939262466 0.03207896360271438 -0.09218244941937029 -0.05958055290753098 -0.1766917293233082 -0.2185171150688392 -0.11193544188468048 -0.093697856501091 -0.032284100080710254 -0.04946893641786702 -0.15691318327974274 -0.022729991625792555 -0.2791422067808794 -0.3156349400538292 -0.546113471632092 -1.0087189805499666 -0.4690117252931324 -0.2171322653250364 -0.11031439602868173 -0.12015055008685582 -0.18846445737414622 -0.20303979579997683 -0.5071870982821081 -1.2116806009935783 -0.6581844873990702 -0.8753012812381072 -0.5086496256132197 -0.27219701879455604 -0.16987392169873922 -0.24261911721718796 -0.09988901220865705 -0.7481645495862954 -2.7794251824817517 -0.7209882408837154 -0.32990936555891237 -0.3206163787746986 -0.1545535828330566 -0.28836382113821146 -0.05640823822642005 -0.1856469936270435 -0.19270143321690952 -0.2651076638110674 -0.9268121862962531 -2.2373330123961965 -1.221837088388215 -0.3694458312531203 -0.44577089154178307 -0.11328270882609237 -0.18863082253304247 -0.10508849557522124 -0.19670455996934474 -0.14468886013410187 -0.31561461794019935 -1.4238124614435532 -1.2919071595235172 -3.3931424357871456 -0.887227414330218 -0.2605536765626958 -0.3016332982086406 -0.14435695538057744 -0.06127297736651244 -0.121717570156655 -0.06127311925564507 -0.15625 -0.22869267947660027 -0.3797621936423198 -0.3136715821044739 -0.15029188920630976 -0.13810110974106043 -0.07771014117342313
-0.14821166095051447 0.015696826998542433 -0.1608758797899676 -0.024241025049059214 -0.13510338345864661 -0.05910165484633569 -0.09663608562691131 -0.061795710650672485 -0.04486604281502372 -0.07585160667494138 -0.04671127382906199 -0.09387954157522557 0.03950203495331578 -0.052916564115185825 -0.06956969853130637 -0.1469317199654278 -0.11319281811085088 -0.07779619946435404 -0.0623838598354128 -0.08240626287597858 -0.061247926502488205 0.023442319555829736 -0.11133724410391477 -0.07149666348903719 -0.21052631578947362 -0.27030440823544266 -0.15879213848756996 -0.11551790527531766 -0.06053268765133172 -0.06401862359959261 -0.1864951768488746 -0.019141045579614786 -0.2995088055588835 -0.342549547345241 -0.6273431642089478 -1.5814889336016098 -0.660245672808487 -0.2634714682907454 -0.1640926640926641 -0.13752171395483498 -0.21755628636478624 -0.21928297946397496 -0.5702933271006192 -1.7896522476675152 -0.7719598727673109 -0.9171635164277558 -0.6170926930028402 -0.3084899546338302 -0.2242866622428666 -0.2513884828997369 -0.12455296584042422 -0.9218039855494699 -3.5287408759124093 -0.7661242427841787 -0.34441087613293053 -0.30570398906424756 -0.15583088517051985 -0.3252032520325204 -0.06690279417552145 -0.2258243280687171 -0.22281103215705164 -0.2894188469553137 -1.0645500175090463 -2.599590805151041 -1.374102500618965 -0.3669495756365452 -0.46482092964185934 -0.13693514253703473 -0.20916206852303346 -0.12859513274336284 -0.23757823476816958 -0.16351017527349726 -0.3179876601803512 -1.6594694632942626 -1.4687461623480291 -4.050632911392405 -1.0866043613707164 -0.30940749091820124 -0.34641728134878813 -0.18081073199183434 -0.08253094910591471 -0.13073368646455538 -0.07035061840462953 -0.15264423076923075 -0.2605210420841683 -0.49866537248240717 -0.40364908772806796 -0.1825860141597317 -0.17262638717632553 -0.09325216940810775
-0.15188633023027928 0.02690884628321561 -0.16534465422857783 -0.01962368694447651 -0.14332706766917294 -0.05555555555555556 -0.11253822629969419 -0.05452562704471101 -0.04999359056531214 -0.06757688594676596 -0.05428607499053151 -0.08778346744696415 0.022743595882212118 -0.05660841742554763 -0.0760113372842051 -0.12100259291270528 -0.11709601873536299 -0.06886876673893635 -0.06371117600212371 -0.07553907430298036 -0.06124792650248819 0.030845157310302285 -0.11253441877169879 -0.06673021925643471 -0.22431077694235588 -0.3195654919792851 -0.19393466093973707 -0.11808496983699139 -0.0645682001614205 -0.06401862359959261 -0.2032154340836013 -0.031104199066874026 -0.30430094644782557 -0.3939319794470272 -0.6823294176455886 -2.191817572099262 -0.9254606365159128 -0.33099430689792136 -0.20546056260341974 -0.15923566878980894 -0.23273463192512014 -0.2343659357234018 -0.6287250204510926 -2.379740700351387 -0.8551504771225839 -0.9438031206393503 -0.6919700490575782 -0.33311730395333766 -0.2468480424684804 -0.24408067816427947 -0.1430509310642496 -1.0989395175387484 -4.262089416058394 -0.7744387694500534 -0.3395770392749245 -0.2671803156455822 -0.1417805594584238 -0.3353658536585366 -0.05640823822642005 -0.24106400665004157 -0.22883295194508008 -0.31025700393609634 -1.185946072137271 -2.9474064267661566 -1.4941817281505325 -0.32950574138791816 -0.47752095504191006 -0.13320054774057016 -0.2155780828949057 -0.1230641592920354 -0.2554604674926555 -0.15527584990001175 -0.30612244897959184 -1.8630475015422576 -1.6148839494043963 -4.490598500675924 -1.2610591900311525 -0.31692346235750973 -0.3661749209694415 -0.1662292213473316 -0.0875328248093035 -0.12509861377211767 -0.07602405537274481 -0.14423076923076922 -0.28409760697866326 -0.6661004610531424 -0.5298675331167207 -0.19128058626257607 -0.19482120838471023 -0.09325216940810775
-0.15433610975012252 0.03812086556788878 -0.17093062227684058 -0.01962368694447651 -0.15037593984962408 -0.054373522458628844 -0.12232415902140673 -0.049678904640736696 -0.058966799128316885 -0.05792304509722797 -0.054286074990531494 -0.08168739331870276 0.0023940627244433852 -0.04676347526458281 -0.09018294254058232 -0.10371650821089022 -0.11449388498568827 -0.07652085193215151 -0.06636580833554553 -0.07416563658838071 -0.05997192803368636 0.020974706971005556 -0.11852029211061894 -0.07983794089609152 -0.24436090225563906 -0.3801945181255526 -0.2277756084862684 -0.13733795404954435 -0.07936507936507936 -0.07274843590862796 -0.21350482315112546 -0.032300514415599946 -0.3090930873367677 -0.4465378027893321 -0.7260684828792802 -2.755197853789403 -1.273031825795645 -0.39984112273268896 -0.24544953116381688 -0.16647365373480025 -0.23399949405514797 -0.2413273001508296 -0.6988430524716607 -2.91893856779353 -0.9346709077563006 -0.9590257516174046 -0.7603924606248386 -0.3668178872326637 -0.2773722627737226 -0.24992692195264543 -0.14428412874583793 -1.2900594336324438 -4.9635036496350375 -0.7566219265946074 -0.3395770392749245 -0.23611283708214242 -0.12262102439647463 -0.33790650406504064 -0.0695264331627968 -0.23552230534774177 -0.23726363964831992 -0.3322528363047002 -1.3143457453017393 -3.278372848718257 -1.6093092349591482 -0.3057913130304543 -0.46355092710185425 -0.14689406199427363 -0.22456050301552674 -0.12168141592920352 -0.25801507216758207 -0.14351252793788966 -0.2895111532985287 -2.070326958667489 -1.7401449097384254 -4.737618286837901 -1.4093457943925232 -0.3307027433295754 -0.38856691253951525 -0.1516477107028288 -0.09378516943853946 -0.13524174461850558 -0.08737092930897539 -0.13100961538461536 -0.30885300011788286 -0.9475855374909002 -0.6523369157710572 -0.22605887467395352 -0.21701602959309496 -0.09713767646677891
-0.1567858892699657 0.04036326942482341 -0.179868171154061 -0.026549694101350572 -0.16212406015037595 -0.05910165484633569 -0.12232415902140674 -0.05089058524173028 -0.06537623381617741 -0.05240656461177769 -0.060598409291756083 -0.0963179712265301 -0.015561407708881966 -0.08122077282795964 -0.1030662200463798 -0.09877762686751451 -0.11059068436117617 -0.0918250223185818 -0.07167507300238918 -0.09064688916357642 -0.0650759219088937 0.0037014188772362734 -0.13528073745959537 -0.09175405147759771 -0.2744360902255639 -0.4420866489832007 -0.29155277886242353 -0.15915800282377102 -0.1049233252623083 -0.08293321693583587 -0.21736334405144694 -0.051441559995214735 -0.32227147478135854 -0.5395155370687547 -0.7648087978005498 -3.204560697518444 -1.7071468453378003 -0.4991394148020654 -0.2909542195256481 -0.2055587724377533 -0.23273463192512017 -0.2656920756468268 -0.7759728876942853 -3.4460196292257366 -0.9970638610227551 -0.9564886464543955 -0.8133230054221533 -0.4044069993519118 -0.3065693430656934 -0.2645425314235603 -0.16154889628807495 -1.4870061764363127 -5.61131386861314 -0.7423684523102505 -0.34199395770392743 -0.2075307568037778 -0.10473879167198877 -0.351880081300813 -0.0852682670864489 -0.24522028262676643 -0.25412501505479945 -0.37277147487844414 -1.4404108789541263 -3.6009146708388498 -1.7021539985144838 -0.29705441837244134 -0.44323088646177294 -0.17552595543383542 -0.2335429231361478 -0.15625 -0.2784519095669945 -0.1493941889189507 -0.2883246321784528 -2.2874768661320166 -1.8690900159646322 -4.849453115398796 -1.557632398753894 -0.34197670048853823 -0.4214963119072708 -0.15018955963837854 -0.11629361010378891 -0.1476389045418686 -0.10098717803245208 -0.11658653846153846 -0.3395025344807262 -1.235137102644989 -0.8797800549862534 -0.25711091789839774 -0.25154130702836003 -0.10879419764279238
-0.1580107790298873 0.02466644242628097 -0.19215730086023905 -0.048482050098118436 -0.1797462406015038 -0.07801418439716312 -0.12477064220183487 -0.06543075245365322 -0.08588642481733111 -0.07171424631085367 -0.06564827673273577 -0.10851011948305289 -0.03471390950442901 -0.09229633275904506 -0.127544447307395 -0.09383874552413879 -0.11449388498568827 -0.1109552353016197 -0.08893018316963101 -0.10850157945337177 -0.08676789587852494 -0.01850709438618137 -0.15922423081527595 -0.10367016205910393 -0.31829573934837085 -0.5355563976253631 -0.39047247169074584 -0.1912463098446926 -0.15065913370998116 -0.09602793539938892 -0.22636655948553056 -0.08254575906208876 -0.34743021444830474 -0.6545143136775142 -0.7960509872531867 -3.5077129443326625 -2.1998883305415964 -0.6169733880577255 -0.348869277440706 -0.25043427909669946 -0.24032380470528714 -0.30165912518853694 -0.8647890615870046 -3.9100932994062765 -1.0545632493271349 -0.947608778383864 -0.8468887167570358 -0.46143875567077125 -0.3424021234240212 -0.29961999415375623 -0.17758046614872364 -1.7072602260808765 -6.210082116788322 -0.7221760304074116 -0.3540785498489426 -0.20007456194855228 -0.09452037297228252 -0.3683943089430894 -0.1219992129083038 -0.2715433638126905 -0.2613513188004336 -0.41676313961565176 -1.5664760126065136 -3.8644842941388853 -1.7925229017083435 -0.2908137793310035 -0.4229108458216916 -0.19668865928046805 -0.25150776337738995 -0.18390486725663718 -0.2784519095669945 -0.16703917186213388 -0.29188419553868056 -2.4725478099938307 -1.994350976298661 -4.849453115398795 -1.673520249221184 -0.36828260052611805 -0.4425711275026343 -0.16331291921843105 -0.13380017506564962 -0.169052180773132 -0.11233405196868262 -0.10456730769230771 -0.36897324059884473 -1.5263285610288766 -1.2396900774806299 -0.31548875916035274 -0.2934648581997534 -0.13599274705349046
-0.1567858892699657 0.005606009642336585 -0.20109484973745947 -0.06579706799030358 -0.17622180451127822 -0.10874704491725769 -0.11987767584097861 -0.08481764206955048 -0.08716831175490321 -0.09102192800992966 -0.060598409291756083 -0.11216776396000976 -0.0598515681110845 -0.10337189269013045 -0.13140943055913426 -0.0790221014940116 -0.10018214936247723 -0.11478127789822726 -0.08893018316963101 -0.11536876802637 -0.09952788056654331 -0.024676125848241824 -0.16999880282533222 -0.1143946615824595 -0.3433583959899749 -0.6328154604016673 -0.5570740596121306 -0.21948402002310358 -0.18159806295399514 -0.10766768514476939 -0.2418006430868167 -0.09809785859552578 -0.3893614472265484 -0.7572791778810863 -0.8222944263934016 -3.7880617035546615 -2.7624232272473472 -0.7162716801271017 -0.4040264754550469 -0.28228141285466124 -0.25044270174550975 -0.3144216266388212 -0.9536052354797242 -4.3559917605719125 -1.0900415953021776 -0.8930610173791704 -0.8623805835269817 -0.4886584575502269 -0.37823490378234903 -0.3025431160479392 -0.18621284991984216 -1.9321757370935793 -6.71646897810219 -0.6948568713623945 -0.3492447129909365 -0.2062880576612402 -0.0676970238855537 -0.37728658536585363 -0.13249376885740521 -0.29093931837073983 -0.2709863904612791 -0.4387589719842556 -1.6948756857709817 -4.01010951979781 -1.8593711314681851 -0.254618072890664 -0.39497078994157986 -0.18424000995891945 -0.2527909662517644 -0.16731194690265488 -0.2720653978796781 -0.17880249382425598 -0.2859515899383009 -2.5527452190006166 -2.0631216996193045 -4.686002212117488 -1.730841121495327 -0.38581986721783795 -0.44388830347734454 -0.16914552347623216 -0.14130298862073276 -0.18821142792742027 -0.1077953023941904 -0.09134615384615384 -0.3748673818224685 -1.7884008735743753 -1.6895776055986005 -0.3838032542541299 -0.311960542540074 -0.15671545136640333
-0.14943655071043607 0.0011212019284673157 -0.19439168807954416 -0.07041440609488629 -0.1644736842105263 -0.12293144208037825 -0.09174311926605508 -0.10056948988246697 -0.07819510319189847 -0.10067576885946765 -0.058073475571266256 -0.10972933430870517 -0.06463969355997126 -0.10091065714988923 -0.12883277505797475 -0.07531794048647981 -0.09627894873796514 -0.12625940568805 -0.08362091850278737 -0.12086251888476855 -0.10080387903534516 -0.032078963602714373 -0.1723931521609003 -0.11796949475691135 -0.3508771929824561 -0.7477579891372994 -0.8642457373421841 -0.2567064561673726 -0.19774011299435026 -0.1149425287356322 -0.24951768488745985 -0.10766838138533316 -0.4288966095603211 -0.8686077807682896 -0.8222944263934016 -3.896713615023475 -3.243997766610832 -0.8341056533827619 -0.43712079426365136 -0.30833815865662995 -0.263091323045788 -0.3179023088525351 -1.0026878578941218 -4.727977705076941 -1.088818204061659 -0.801725231510846 -0.8223599277046217 -0.4977316915100454 -0.38752488387524886 -0.3054662379421222 -0.19854482673572577 -2.123295653187274 -7.08257299270073 -0.6283406580353961 -0.34078549848942596 -0.20753075680377778 -0.011495721037169499 -0.3912601626016259 -0.13118194936376756 -0.29925187032418954 -0.2770083102493075 -0.4619124797406807 -1.7800863779619474 -4.083523889758093 -1.880415944540728 -0.24213679480778832 -0.3327406654813309 -0.18797460475538402 -0.2322597202617734 -0.1742256637168142 -0.26823349086728826 -0.18938948359016589 -0.2420503084954912 -2.5761875385564466 -2.0815424290801916 -4.2067100897136545 -1.7445482866043611 -0.40335713390955785 -0.43993677555321387 -0.1793525809273841 -0.14130298862073276 -0.20624366054322102 -0.09871780324520593 -0.06129807692307693 -0.36543675586467056 -2.020140742538219 -2.2519370157460634 -0.45832815799279586 -0.3193588162762022 -0.18779950783577257
-0.14576188143067123 -0.005606009642336585 -0.1999776561278069 -0.06926007156874062 -0.16329887218045114 -0.13711583924349882 -0.07217125382262998 -0.11753301829637708 -0.07819510319189847 -0.11170872983036821 -0.06438580987249085 -0.11094854913435748 -0.09576250897773521 -0.09968003937976865 -0.1404277248131925 -0.06173601679219657 -0.08456934686442882 -0.13901288101007522 -0.0876028670029201 -0.13047658288696606 -0.11483986219216538 -0.04441702652683528 -0.16401292948641205 -0.11796949475691135 -0.35463659147869675 -0.8627005178729317 -1.3341142782767146 -0.32473366705172635 -0.21119182136131287 -0.12949221591735777 -0.25594855305466235 -0.10288311999042947 -0.4995806876722176 -1.0325422069977979 -0.8097975506123468 -3.90073775989269 -3.579006141820212 -0.9797431484178472 -0.4798676227247656 -0.32426172553561083 -0.27447508221603845 -0.321382991066249 -1.0552763819095479 -5.078153398764085 -1.0949351602642525 -0.6761385259419002 -0.7578104828298476 -0.4951393389500973 -0.3981420039814201 -0.30546623794212224 -0.20841040818843265 -2.3120848385969 -7.084854014598539 -0.5642000237557905 -0.32990936555891237 -0.2199577482291537 0.04342827947375144 -0.38490853658536583 -0.12462285189557916 -0.30202272097533944 -0.2818258460797302 -0.48159296133364204 -1.8396171355200193 -4.085930918281382 -1.892795246348106 -0.23714428357463802 -0.2768605537211074 -0.18175028009460975 -0.22584370588990121 -0.16869469026548672 -0.2695107932047515 -0.2046818021409246 -0.23018509729473183 -2.6020974706971005 -2.0925948667567233 -3.5811724222686494 -1.708411214953271 -0.41212576725541783 -0.4307165437302424 -0.1910177894429863 -0.14380392647242715 -0.23329200946692213 -0.09304436627709065 -0.04927884615384616 -0.3489331604385241 -2.2021354040281484 -2.861784553861535 -0.5415476338343063 -0.3181257706535142 -0.22017873332469887
-0.1531112199902009 -0.013454423141607805 -0.212266785833985 -0.07041440609488629 -0.17034774436090225 -0.1453900709219858 -0.06727828746177371 -0.11510965709438992 -0.0820407640046148 -0.11722521031581849 -0.06943567731347051 -0.12923677151914167 -0.12209719894661239 -0.10583312823037165 -0.15202267456841023 -0.07408322015063588 -0.0858704137392662 -0.16196913658972067 -0.10485797717016192 -0.15107814860596075 -0.14035983156820214 -0.0715607649599013 -0.1735903268286843 -0.1334604385128694 -0.37468671679197996 -0.9485916382468107 -1.9198229858128335 -0.4736234116288024 -0.25961797148237825 -0.17750618361705223 -0.2662379421221865 -0.1088646967340591 -0.5750569066730561 -1.2600929777342795 -0.7860534866283428 -3.8001341381623077 -3.760469011725293 -1.1611280285979082 -0.536403750689465 -0.35176606832657786 -0.29091828990640023 -0.33066481030281936 -1.1440925558022674 -5.448927662668121 -1.1022755077073647 -0.564505898769504 -0.6829331267751096 -0.4977316915100453 -0.4207033842070339 -0.3142356036246712 -0.23184116413861147 -2.521850600163151 -6.978786496350365 -0.5048105475709704 -0.3552870090634441 -0.2423263327948304 0.06514241921062716 -0.3810975609756097 -0.16266561721107176 -0.32141867553338876 -0.28303023003733585 -0.5105348460291734 -1.893311544297887 -4.066674690095078 -1.8890814558058928 -0.25087368946580135 -0.2324104648209296 -0.18424000995891945 -0.2322597202617734 -0.1769911504424779 -0.27078809554221484 -0.20232913774850023 -0.2539155196962506 -2.6440468846391116 -2.1036473044332555 -2.861005284502888 -1.6548286604361369 -0.40460979581610934 -0.4241306638566913 -0.19247594050743658 -0.168813304989371 -0.253578271159698 -0.10439124021332122 -0.05528846153846153 -0.3666155841093953 -2.3283183693278326 -3.5553611597100727 -0.6359458452366166 -0.35758323057953145 -0.26421447998963865
-0.1531112199902009 -0.012333221213140486 -0.20556362417606974 -0.06926007156874062 -0.17974624060150374 -0.1595744680851064 -0.08440366972477065 -0.11389797649339635 -0.08588642481733112 -0.11998345055854365 -0.06312334301224592 -0.13045598634479394 -0.11132391668661719 -0.11813930593157766 -0.14300438031435198 -0.10248178787504632 -0.07806401249024199 -0.1925774773625813 -0.1128218741704274 -0.16481252575195715 -0.1365318361617966 -0.07649599012954965 -0.15922423081527595 -0.12273593898951382 -0.3771929824561403 -0.9536440570923329 -2.392294676558636 -0.889487870619946 -0.3053537799300511 -0.20806052669867597 -0.26366559485530544 -0.1136499581289628 -0.6876722175631963 -1.5145583557621727 -0.7710572356910772 -3.333333333333333 -3.65857063093244 -1.2763140473983845 -0.5805295091009376 -0.37058482918355534 -0.28332911712623327 -0.3341454925165333 -1.2422578006310625 -5.3132194353568405 -1.0570100318081723 -0.5277178739058733 -0.5719080815904982 -0.47828904731043426 -0.41804910418049107 -0.33031277404267756 -0.23184116413861142 -2.726954900361263 -6.786040145985401 -0.4537355980520251 -0.3504531722054381 -0.2808500062134957 0.10218418699706219 -0.35060975609756095 -0.1757838121474485 -0.31033527292878915 -0.26978200650367334 -0.5348460291734197 -1.9166569394186994 -3.9740040919484896 -1.8593711314681856 -0.2758362456315527 -0.2044704089408179 -0.17303622556952572 -0.23739253175927116 -0.18113938053097348 -0.25673776983011876 -0.20468180214092463 -0.26578073089701 -2.7365823565700187 -2.1429448606164803 -2.1531276883372246 -1.5065420560747662 -0.39458850056369793 -0.40042149631190727 -0.19539224263633712 -0.17631611854445414 -0.2749915473909613 -0.08964030409622148 -0.05048076923076923 -0.3736885535777438 -2.342877942247027 -4.316420894776306 -0.7676065085082598 -0.3847102342786683 -0.30047921253723614
-0.14576188143067126 -0.005606009642336583 -0.19550888168919672 -0.07156874062103198 -0.1762218045112782 -0.14539007092198583 -0.09051987767584098 -0.09208772567551193 -0.07306755544161006 -0.1130878499517308 -0.058073475571266256 -0.13655206047305535 -0.11252094804883887 -0.11690868816145705 -0.1455810358155115 -0.12100259291270529 -0.07676294561540463 -0.22446116566764437 -0.11547650650384922 -0.1661859634665568 -0.14546382544340947 -0.06292412091301666 -0.15323835747635578 -0.1024785510009533 -0.3771929824561403 -0.932171276998863 -2.7215931276844985 -1.4311384931331024 -0.3631961259079903 -0.21388040157136623 -0.25723472668810293 -0.12680942696494796 -0.8338325146759316 -1.760459995106435 -0.7510622344413896 -2.779342723004695 -3.524567280848688 -1.3491327949159273 -0.6191395477109762 -0.38506079907353796 -0.2770048064760941 -0.3480682213713888 -1.3684702582680848 -5.091481885375015 -1.006850990946905 -0.49854116453126973 -0.46733798089336426 -0.46921581335061563 -0.41539482415394835 -0.34200526161940953 -0.2281415710938463 -2.9134133550868198 -6.611541970802921 -0.4074118066278656 -0.34803625377643505 -0.30321859077917235 0.12900753608379106 -0.3023373983739837 -0.17971927062836154 -0.2881684677195899 -0.2637600867156449 -0.5533688353785597 -1.9516750320999179 -3.8921651221566975 -1.8445159692993314 -0.2758362456315526 -0.17526035052070105 -0.1319556828084153 -0.2322597202617734 -0.15763274336283187 -0.24268744411802276 -0.20115280555228793 -0.27408637873754155 -2.850092535471931 -2.1982070489991403 -1.5165294334521322 -1.3595015576323985 -0.36452461480646375 -0.3925184404636459 -0.1910177894429863 -0.17881705639614853 -0.2964048236222247 -0.06921593101100647 -0.06850961538461539 -0.377225038311918 -2.3149720941519045 -5.056235941014746 -0.947708359210036 -0.40320591861898886 -0.33674394508483363
-0.14943655071043607 -0.01009081735620585 -0.20444643056641718 -0.0900380930393628 -0.18209586466165412 -0.1619385342789598 -0.10397553516819573 -0.11268629589240278 -0.0807588770670427 -0.14204937250034477 -0.06943567731347053 -0.14996342355523043 -0.1089298539621738 -0.13536795471326607 -0.16361762432362795 -0.1568094826521793 -0.11189175123601354 -0.2614462441015177 -0.14733209450491108 -0.19365471775854964 -0.156947811662626 -0.07402837754472548 -0.14725248413743566 -0.11320305052430886 -0.3872180451127819 -0.9220664393078186 -2.9662892099440326 -2.1666024900526244 -0.46946462200699485 -0.26189436927106063 -0.264951768488746 -0.1351836344060294 -1.014735833233497 -1.9623195497920236 -0.7498125468632841 -2.2025486250838364 -3.3207705192629815 -1.392824043426453 -0.6825703254274683 -0.4270411117544876 -0.27068049582595494 -0.36199095022624433 -1.4946827159051073 -4.79825517993457 -0.949351602642525 -0.4845870861347203 -0.3769687580686806 -0.457550226830849 -0.4207033842070339 -0.38000584624378836 -0.23184116413861142 -3.1161869246008624 -6.41993613138686 -0.4014728590093835 -0.33595166163141993 -0.3454703616254505 0.1545535828330566 -0.2667682926829268 -0.17840745113472387 -0.2923247436963148 -0.2601469348428279 -0.5927297985644825 -1.9878603945371771 -3.8199542664580575 -1.8197573656845756 -0.3132800798801797 -0.14224028448056897 -0.12697622307979586 -0.22584370588990121 -0.1783738938053097 -0.2388555371056329 -0.21056346312198562 -0.2895111532985287 -3.0166563849475634 -2.271889966842687 -1.0839375691286715 -1.213707165109034 -0.3645246148064638 -0.39910432033719706 -0.22747156605424323 -0.18882080780292607 -0.3257072016229009 -0.04879155792579144 -0.09495192307692309 -0.37604621006719324 -2.2094151904877455 -5.746063484128968 -1.1538939262203454 -0.43649815043156587 -0.3885507058671157
-0.16536011758941696 -0.02130283664087902 -0.2111495922243325 -0.09811843472238255 -0.19266917293233082 -0.17257683215130024 -0.13577981651376145 -0.12359142130134497 -0.10126906806819638 -0.1641152944421459 -0.07827294533518495 -0.15971714216044866 -0.11611204213550394 -0.1550578390351957 -0.1700592630765267 -0.1876774910482776 -0.1444184231069477 -0.28695319474556824 -0.17387841783912927 -0.21425628347754427 -0.1773637871634554 -0.0690931523750771 -0.16042140548306 -0.10128693994280266 -0.3884711779448621 -0.8955412403688264 -3.130287648054146 -2.8815299704787574 -0.6093623890234059 -0.29390368107085696 -0.2610932475884244 -0.15552099533437014 -1.196837187013298 -2.145828235869831 -0.738565358660335 -1.6579476861167002 -3.00251256281407 -1.380908248378128 -0.7377275234418091 -0.4530978575564563 -0.27447508221603845 -0.37939436129481374 -1.5799929881967982 -4.460196292257361 -0.8832884756545143 -0.4642902448306483 -0.2904725019364833 -0.41218405703175626 -0.41539482415394824 -0.3843905290850628 -0.2565051177703786 -3.318960494114905 -6.232892335766424 -0.3955339113909015 -0.3395770392749245 -0.37778053933142786 0.14688976880827692 -0.21976626016260165 -0.18365472910927458 -0.2950955943474647 -0.27098639046127904 -0.6378791386895115 -2.0217112174623555 -3.6887712119388616 -1.7987125526120327 -0.3332501248127808 -0.14478028956057915 -0.09958919457238889 -0.24124214038239447 -0.18805309734513273 -0.25418316515519224 -0.2223267850841077 -0.3179876601803512 -3.154842689697717 -2.3676777600392978 -0.8221703330465775 -1.0903426791277258 -0.34448202430164104 -0.41886195995785036 -0.23913677456984545 -0.2038264349130924 -0.34824749239265185 -0.03744468398956088 -0.11658653846153846 -0.3748673818224685 -1.9995146809026931 -6.418395401149712 -1.3700161470624768 -0.4771886559802712 -0.4222251003755991
-0.16168544830965212 -0.034757259782486824 -0.21896994749190032 -0.0946554311439455 -0.19266917293233082 -0.1773049645390071 -0.145565749235474 -0.12601478250333212 -0.10383284194334061 -0.16687353468487104 -0.07701047847494004 -0.15484028285783957 -0.11611204213550394 -0.14890475018459268 -0.17778922958000515 -0.20372885541424873 -0.1873536299765808 -0.2831271521489606 -0.20440668967348025 -0.2087625326191457 -0.17991578410105907 -0.06045650832819247 -0.14964683347300373 -0.10367016205910391 -0.3784461152882205 -0.8728053555639761 -3.207080567486659 -3.674752920035939 -0.7936507936507937 -0.32300305543430813 -0.25852090032154346 -0.1591099413805479 -1.3861267521265126 -2.2901884022510393 -0.7323169207698076 -1.2193158953722332 -2.586543830262423 -1.334569045412419 -0.7832322118036403 -0.4545454545454546 -0.2782696686061219 -0.37823413389024246 -1.6127147364730632 -4.14515933599903 -0.8331294347932469 -0.4427248509450716 -0.2233410792667183 -0.3577446532728451 -0.40743198407431985 -0.37708272434960544 -0.2589715131335554 -3.505418948840462 -6.036724452554743 -0.3800926475828483 -0.3250755287009064 -0.39890642475456695 0.1545535828330566 -0.16514227642276422 -0.16791289518562247 -0.286783042394015 -0.26978200650367334 -0.6679786987728641 -2.0462238823392083 -3.5515705861114455 -1.7405298341173558 -0.33449825262106836 -0.13716027432054861 -0.06348811153989793 -0.23995893750802 -0.175608407079646 -0.23246902541831654 -0.22232678508410775 -0.3168011390602753 -3.342381246144355 -2.426624094314135 -0.6796116504854369 -0.9420560747663549 -0.30439684329199557 -0.3964699683877766 -0.23767862350539515 -0.21257971739402276 -0.36289868139299 -0.017020310904345855 -0.13822115384615383 -0.372509725333019 -1.7665615141955837 -6.934516370907273 -1.6221587380449634 -0.5141800246609124 -0.46496567802098177
-0.16291033806957372 -0.05381769256643121 -0.20444643056641718 -0.09234676209165417 -0.1762218045112782 -0.1784869976359338 -0.1565749235474006 -0.12601478250333212 -0.08845019869247533 -0.16963177492759618 -0.07574801161469512 -0.16459400146305783 -0.10773282259995212 -0.15628845680531628 -0.17134759082710643 -0.22471910112359553 -0.22898776997137654 -0.2882285422777707 -0.22564374834085482 -0.2183765966213432 -0.1901237718514738 -0.054287476866132015 -0.13887226146294745 -0.09771210676835082 -0.3558897243107769 -0.8184918529746117 -3.2096837172979304 -4.458991143627262 -1.0357815442561207 -0.35501236723410445 -0.2598070739549839 -0.1591099413805479 -1.66047681801845 -2.520185955468558 -0.7235691077230693 -0.94299128101945 -2.1021775544388612 -1.2485105256189595 -0.8025372311086596 -0.4719166184134337 -0.2770048064760941 -0.37475345167652857 -1.6103774687390442 -3.84345086635163 -0.7707364815267923 -0.44018774578206266 -0.16782855667441263 -0.2955281918340894 -0.3769077637690777 -0.3785442852966968 -0.2663706992230855 -3.6918774035660187 -5.810903284671532 -0.3682147523458843 -0.2948640483383686 -0.4100907170374053 0.1647720015327628 -0.09400406504065043 -0.13249376885740521 -0.2798559157661402 -0.2758039262917018 -0.7119703635100718 -2.0613983891677363 -3.368636418341558 -1.661302302550136 -0.3432351472790814 -0.14859029718059436 -0.032366488236026406 -0.23482612601052227 -0.1825221238938053 -0.24524204879294928 -0.22232678508410775 -0.3049359278595159 -3.518815545959284 -2.511359449834214 -0.5972717217647782 -0.8323987538940809 -0.25930101465614436 -0.3885669125395153 -0.24496937882764652 -0.22758534450418905 -0.38431195762425335 -3.4694469519536144e-19 -0.16586538461538458 -0.36543675586467056 -1.542101431691337 -7.271932016995751 -1.859396348279717 -0.532675709001233 -0.5038207486076933
-0.16780989710926017 -0.05718129835183315 -0.21338397944363757 -0.08657508946092579 -0.19736842105263158 -0.17494089834515364 -0.18960244648318042 -0.11753301829637705 -0.11152416356877323 -0.1641152944421459 -0.08206034591591971 -0.1658132162887101 -0.10653579123773042 -0.16613339896628107 -0.18809585158464312 -0.24323990616125446 -0.28363257871454595 -0.2984313225353909 -0.27077249800902575 -0.22936409833814034 -0.19267576878907747 -0.024676125848241828 -0.1412666107985155 -0.08341277407054339 -0.35087719298245607 -0.7490210938486802 -3.106859299752701 -5.211141060197663 -1.3559322033898304 -0.3884766477520733 -0.2752411575562701 -0.14116521114965902 -2.017491314244639 -2.7893320283826766 -0.7435641089727568 -0.647887323943662 -1.5619765494137352 -1.1465642790943997 -0.8328736900165472 -0.4704690214244354 -0.26941563369592714 -0.3631511776308156 -1.5951852284679213 -3.5187204652853503 -0.7352581355517496 -0.4249651148040086 -0.1471727343144849 -0.2255346727154893 -0.37558062375580625 -0.3639286758257819 -0.2688370945862622 -3.8643514741871576 -5.579379562043796 -0.3444589618719563 -0.2827794561933535 -0.4125761153224804 0.16221739685783626 -0.041920731707317097 -0.12462285189557917 -0.2687725131615406 -0.2938696856557871 -0.7571197036351008 -2.0742383564841838 -3.1520038512456376 -1.5895023520673432 -0.3557164253619571 -0.17399034798069596 -0.01493837918585834 -0.25150776337739 -0.18390486725663716 -0.24651935113041254 -0.1952711445712269 -0.30137636449928806 -3.7951881554595928 -2.6108313889230015 -0.5431977387243456 -0.7538940809968847 -0.21295252411374171 -0.39778714436248686 -0.24934383202099739 -0.2388395648368138 -0.3831849430857658 -0.013616248723476682 -0.19831730769230765 -0.3901921490038901 -1.3516136859985441 -7.471882029492628 -2.135138492112781 -0.5709001233045623 -0.5413806501748478
-0.16658500734933854 -0.06278730799416975 -0.222321528320858 -0.0911924275655085 -0.19971804511278196 -0.1773049645390071 -0.22752293577981653 -0.12480310190233854 -0.1230611460069222 -0.17101089504895875 -0.08837268021714431 -0.16825164594001465 -0.11850610485994732 -0.1833620477479695 -0.19324916258696212 -0.2506482281763181 -0.32656778558417904 -0.34434383369468186 -0.3145739315104858 -0.2485922263425353 -0.2156437412275105 -0.004935225169648366 -0.17119597749311624 -0.07983794089609152 -0.3746867167919799 -0.6593406593406594 -2.875178966549525 -5.9183673469387745 -1.772935162765671 -0.44376545904263054 -0.2816720257234726 -0.13996889580093314 -2.42482328980472 -3.0327868852459012 -0.7498125468632842 -0.5016767270288398 -1.0734226689000559 -1.0366741692042896 -0.8673469387755102 -0.48204979733642156 -0.2706804958259549 -0.36083072282167306 -1.5706439172607223 -3.2121652732339756 -0.7058967457793003 -0.42496511480400867 -0.15879163439194421 -0.1931302657161374 -0.37159920371599203 -0.3610055539315989 -0.2898014551732643 -4.061298216991026 -5.2862682481751815 -0.3064496971136714 -0.29123867069486403 -0.40387722132471726 0.09962958232213565 0.007621951219512207 -0.14036468581923128 -0.25353283458021614 -0.3083222931470552 -0.8277379022921973 -2.08707832380063 -2.899265856300398 -1.4929437979697944 -0.36819770344483277 -0.21082042164084328 -0.009958919457238891 -0.2669061978698832 -0.194966814159292 -0.25418316515519224 -0.17762616162804376 -0.31442809682012335 -4.108574953732264 -2.677146014982193 -0.4842079390438737 -0.7127725856697819 -0.18539396216961043 -0.40569020021074814 -0.24934383202099739 -0.2688508190571464 -0.38769300123971595 -0.0499262453194145 -0.23557692307692304 -0.4338087940587057 -1.1623392380490174 -7.514371407148213 -2.4692584772078 -0.6300863131935882 -0.5776453827224453
-0.17760901518863303 -0.06502971185110439 -0.22790749636912078 -0.09465543114394552 -0.20441729323308272 -0.17494089834515364 -0.26911314984709483 -0.12843814370531928 -0.13203435456992693 -0.17101089504895878 -0.10478474940032825 -0.16947086076566692 -0.12449126167105577 -0.2079744031503815 -0.2061324400927596 -0.2716384738856649 -0.38641686182669793 -0.40428516770820055 -0.3743031590124768 -0.2595797280593325 -0.219471736633916 0.017273288093769275 -0.20232251885550104 -0.09652049571020019 -0.37844611528822053 -0.5709233295440193 -2.4404529480671613 -6.530612244897959 -2.2370191014258816 -0.4975993016150152 -0.2803858520900321 -0.15073573393946646 -2.8752845333652806 -3.2016148764374845 -0.7373156710822294 -0.46411804158283027 -0.710496929089894 -0.8923606513967959 -0.8618312189740761 -0.5081065431383902 -0.2820642549962054 -0.3689523146536721 -1.5133808577772583 -2.8595662183448445 -0.6704183998042574 -0.42750221996701765 -0.18977536793183578 -0.16850291639662993 -0.35832780358327804 -0.3595439929845074 -0.3169318041682082 -4.2815522666355905 -4.907618613138686 -0.2826939066397434 -0.2960725075528701 -0.3914502298993414 0.02937795376165538 0.05843495934959351 -0.14298832480650664 -0.23552230534774177 -0.32518366855353487 -0.9400324149108592 -2.0730710867281426 -2.6068118907209055 -1.3716266402574893 -0.36195706440339487 -0.24384048768097535 0.009958919457238891 -0.2733222122417554 -0.19773230088495572 -0.27206539787967815 -0.1705681684507705 -0.3298528713811105 -4.444170265268353 -2.7004789389659827 -0.4436524517635492 -0.6903426791277257 -0.160340724038582 -0.4149104320337197 -0.24351122776319625 -0.30886582468425655 -0.39783613208610386 -0.09644842845795983 -0.30408653846153844 -0.4998231757632913 -1.0046105314244116 -7.3969007748063 -2.8021363805738417 -0.7040690505548706 -0.6087294391918145
-0.19843214110730034 -0.0728781253503756 -0.24243101329460398 -0.09580976567009121 -0.22321428571428573 -0.17375886524822695 -0.31681957186544346 -0.15267175572519084 -0.15382643250865272 -0.1751482554130465 -0.12624668602449185 -0.1755669348939283 -0.13885563801771605 -0.2128968742308639 -0.22932233960319506 -0.2778120755648846 -0.44626593806921677 -0.5611529141691111 -0.46721529068224055 -0.26919379206153005 -0.22967972438433076 0.04071560764959901 -0.24781515623129416 -0.09532888465204957 -0.3947368421052631 -0.4976632562839459 -1.915918261095926 -6.9208060582723645 -2.7643260694108154 -0.5485232067510548 -0.2868167202572347 -0.1662878334729035 -3.4635198274829277 -3.160019574259848 -0.7323169207698075 -0.42387659289067736 -0.5039084310441094 -0.6924400900304513 -0.8356315499172642 -0.506658946149392 -0.28459397925626106 -0.380554588699385 -1.4292392193525767 -2.4282079243911308 -0.6202593589429899 -0.42496511480400867 -0.21430415698424995 -0.1646143875567077 -0.3344392833443928 -0.35808243203741597 -0.35146133925268225 -4.536767276541196 -4.413777372262773 -0.2351823256918874 -0.28277945619335354 -0.37778053933142786 -0.024268744411802278 0.08765243902439025 -0.12855831037649218 -0.20642837351066778 -0.36251957123931106 -1.2109284556610327 -2.0123730594140303 -2.2529786977975688 -1.2589749938103487 -0.3432351472790814 -0.28575057150114297 0.042325407693265274 -0.2681894007442577 -0.17422566371681414 -0.298888746966407 -0.15174685331137513 -0.3642619838633127 -4.95003084515731 -2.7090752793810635 -0.4129285977633034 -0.6542056074766354 -0.13152950018789927 -0.42017913593256057 -0.24788568095654712 -0.3513817681630611 -0.42263045193282994 -0.15658686031998184 -0.45072115384615385 -0.5823411528940232 -0.8857073525843242 -6.997000749812547 -3.136256365668861 -0.781750924784217 -0.6346328195829556
-0.2070063694267516 -0.09193855813431998 -0.24689978773321414 -0.09927276924852824 -0.21968984962406016 -0.16903073286052006 -0.32415902140672787 -0.1817520901490367 -0.15895398025894114 -0.18480209626258448 -0.14013382148718595 -0.18532065349914653 -0.14723485755326787 -0.20551316761014027 -0.2396289616078331 -0.27657735522904064 -0.5022118136872236 -0.714194618033414 -0.5627820546854261 -0.2801812937783271 -0.24371570754115096 0.054287476866132015 -0.2873219202681671 -0.1024785510009533 -0.4022556390977444 -0.4774535809018568 -1.4707796433684757 -7.031189834424336 -3.29163303739575 -0.603812018041612 -0.28681672025723476 -0.20456992463213303 -4.06133940337846 -3.069488622461463 -0.7048237940514871 -0.42790073775989274 -0.44667783361250696 -0.5547464583609161 -0.7818532818532817 -0.5153445280833815 -0.292183152036428 -0.38287504350852763 -1.3182190019866777 -2.053798618684115 -0.5835576217274285 -0.4211594570594951 -0.25561580170410536 -0.18146467919637072 -0.3278035832780358 -0.3668517977199649 -0.41065482796892344 -4.673115021559259 -3.9028284671532845 -0.20311200855208456 -0.27915407854984897 -0.35789735305082643 -0.08941116362242943 0.09908536585365853 -0.12593467138921685 -0.20504294818509283 -0.4070817776707214 -1.529289187311878 -1.9224932881989027 -1.9701528463112286 -1.1413716266402576 -0.3320019970044933 -0.31242062484124966 0.05228432715050417 -0.26177338637238545 -0.18252212389380532 -0.321880189040746 -0.12704387719091872 -0.40341718082581873 -5.363355953115362 -2.6587252855213066 -0.39941010200319527 -0.6566978193146416 -0.1139922334961794 -0.4386195995785037 -0.26100904053659957 -0.39889958734525444 -0.44629775724106835 -0.220129354362873 -0.6526442307692307 -0.6672167865142048 -0.860228099975734 -6.415896025993502 -3.383430629735437 -0.8569667077681874 -0.669602383110996
-0.21803037726604607 -0.1053929812759278 -0.26589207909730755 -0.10850744545769364 -0.23496240601503762 -0.17494089834515364 -0.3522935779816514 -0.21325578577486973 -0.19228304063581592 -0.19997241759757273 -0.1426587552076758 -0.1926359424530602 -0.1460378261910462 -0.22397243416194929 -0.23705230610667355 -0.29262871959501174 -0.5451470205568565 -0.8825404922841475 -0.6702946641890098 -0.32001098750171686 -0.22840372591552893 0.05058605798889574 -0.3280258589728241 -0.12750238322211632 -0.4072681704260651 -0.46734874321081216 -1.1610048158271504 -6.991400333718393 -3.8054882970137216 -0.689655172413793 -0.2829581993569132 -0.25960043067352556 -4.6459805918294 -2.9532664546121845 -0.6823294176455886 -0.4346076458752515 -0.4201563372417644 -0.43558850787766434 -0.7225592939878654 -0.5196873190503764 -0.29724260055653934 -0.38287504350852763 -1.1756456702115228 -1.7411850236277722 -0.5444091020308295 -0.42877077254852214 -0.29176349083397884 -0.19442644199611148 -0.311877903118779 -0.37269804150833086 -0.4932790726353435 -4.722060365924717 -3.355383211678832 -0.16985390188858535 -0.283987915407855 -0.35044115819560095 -0.14944437348320347 0.09908536585365857 -0.13511740784468057 -0.19395954558049322 -0.4685053595086114 -1.9448946515397083 -1.8209408194233685 -1.6801059092550243 -1.023768259470166 -0.335746380429356 -0.3479806959613919 0.04357027262542014 -0.27075580649300657 -0.194966814159292 -0.335930514752842 -0.10704622985531116 -0.45325106786900804 -5.659469463294263 -2.567849686847599 -0.3834336979230675 -0.6492211838006229 -0.09520230489790807 -0.4425711275026343 -0.2551764362787985 -0.43766412404651744 -0.47221909162628195 -0.28594122319301035 -0.9254807692307694 -0.7532712483791111 -0.8444552293132735 -5.796050987253187 -3.52627002856788 -0.9272503082614059 -0.6851444113456806
-0.21925526702596768 -0.11660500056060097 -0.2603061110490448 -0.10042710377467393 -0.2361372180451128 -0.16666666666666666 -0.3620795107033639 -0.22779595298679264 -0.20253813613639277 -0.18204385601985934 -0.12372175230400202 -0.19263594245306023 -0.1448407948288245 -0.21781934531134625 -0.22159237309971655 -0.2889245585874799 -0.5477491543065314 -1.0649151893891085 -0.7592248473586409 -0.31726411207251753 -0.2079877504146995 0.05798889574336828 -0.38549024302645757 -0.13703527168732127 -0.3884711779448621 -0.44840217254010356 -0.9071977092281663 -6.734693877551021 -4.219800914716169 -0.7216644842135893 -0.27266881028938905 -0.31223830601746616 -5.221037498502456 -2.867629067775874 -0.6498375406148463 -0.4399731723675385 -0.37130094919039636 -0.3429101019462465 -0.6246552675124104 -0.5008685581933989 -0.3010371869466228 -0.3817148161039564 -1.0143741965642163 -1.4915788198230946 -0.5052605823342305 -0.42877077254852214 -0.3020914020139427 -0.21257290991574856 -0.2760451227604512 -0.355159310143233 -0.5944012825255889 -4.743036942081343 -2.809078467153284 -0.12590568951181852 -0.283987915407855 -0.3367714676276874 -0.1864861412696385 0.09146341463414634 -0.12855831037649218 -0.171792740371294 -0.5479947007105865 -2.344292660338041 -1.6890393369907781 -1.3828378866289566 -0.9074028224808123 -0.32076884672990513 -0.3835407670815342 0.05228432715050417 -0.2758886179905043 -0.1797566371681416 -0.34870353812747473 -0.07999058934243028 -0.4935927859515898 -5.927205428747688 -2.4327643374677637 -0.35639670640285115 -0.6417445482866043 -0.06764374295377677 -0.4280821917808219 -0.23184601924759404 -0.47392772289608603 -0.4992674405499831 -0.37217746510836264 -1.1899038461538463 -0.8522928209359897 -0.8505217180296045 -5.148712821794551 -3.6554465283815665 -0.9815043156596795 -0.6968009325216941
-0.20088192062714358 -0.12221101020293754 -0.2502513685621718 -0.0900380930393628 -0.2302631578947368 -0.1524822695035461 -0.35107033639143725 -0.2423361201987156 -0.1974105883861043 -0.17101089504895878 -0.11867188486302234 -0.19385515727871253 -0.13526454393105097 -0.20674378538026086 -0.2151507343468178 -0.28645511791579203 -0.5581576893052305 -1.2600433618160949 -0.9052296256968411 -0.32138442521631644 -0.1901237718514738 0.04318322023442319 -0.439363103076739 -0.15848427073403243 -0.39348370927318294 -0.4370342301376784 -0.7627228947025901 -6.42792966243101 -4.605864944847996 -0.7696784519132839 -0.25594855305466235 -0.3923914343821031 -5.796094405175512 -2.7440665524834835 -0.6310922269432643 -0.431924882629108 -0.35315466219988834 -0.2886270356149874 -0.5529509100937673 -0.5037637521713955 -0.299772324816595 -0.38287504350852763 -0.8881617389271941 -1.306191687871077 -0.47589919256178137 -0.43257643029303566 -0.31371030209140205 -0.2514581983149708 -0.272063702720637 -0.36831335866705645 -0.7374522135898385 -4.620673581167696 -2.257071167883211 -0.08908421427723007 -0.26586102719033233 -0.32558717534484904 -0.20181376931919787 0.054623983739837415 -0.11412829594647775 -0.17040731504571904 -0.6551848729374925 -2.7494790460754803 -1.536126998949457 -1.1132506920207004 -0.7761822233226047 -0.30204692960559165 -0.3848107696215392 0.044815137557575005 -0.2463749518798922 -0.17560840707964603 -0.34870353812747473 -0.07175626396894481 -0.5280018984337922 -6.078963602714374 -2.25960948053543 -0.3441071648027529 -0.6255451713395639 -0.08768633345859952 -0.4135932560590095 -0.24059492563429571 -0.506439914968113 -0.5229347458582215 -0.459548394417338 -1.5649038461538463 -0.956029706471767 -0.859014802232468 -4.485128717820546 -3.716308533101478 -1.0234278668310728 -0.7265898199715063
-0.23762861342479175 -0.12445341405987217 -0.26254049826834985 -0.11658778714071338 -0.2572838345864662 -0.16430260047281323 -0.38409785932721713 -0.2835332606324973 -0.229457761825407 -0.20135153771893535 -0.1287716197449817 -0.1999512314069739 -0.1460378261910462 -0.20797440315038146 -0.21386240659623806 -0.2975676009383875 -0.5646630236794172 -1.5036347404667771 -1.1494558003716484 -0.37357505837110294 -0.20288375653949217 0.003701418877236279 -0.524362504489405 -0.194232602478551 -0.41353383458646614 -0.4370342301376784 -0.6898346999869842 -5.960723912206392 -4.9475383373688455 -0.8511567001309471 -0.2803858520900321 -0.5299676994855844 -6.330418114292561 -2.6205040371910933 -0.6260934766308424 -0.4319248826291079 -0.36711334450027916 -0.24361180987687012 -0.48676227247655823 -0.5124493341053851 -0.3149506703769289 -0.39099663534052675 -0.815706439172607 -1.1329213619289953 -0.4661120626376315 -0.4427248509450717 -0.3395300800413117 -0.2942320155541153 -0.28002654280026545 -0.3902367728734288 -0.9261314588728574 -4.402750262207202 -1.783759124087591 -0.07007958189808763 -0.286404833836858 -0.32682987448738665 -0.26056967684250865 -0.005081300813008116 -0.14167650531286893 -0.1856469936270435 -0.8466819221967963 -3.1535077564250984 -1.4030582467608264 -0.8617162113371044 -0.7019064124783363 -0.298302546180729 -0.41783083566167123 0.028631893439561806 -0.24894135762864109 -0.18943584070796465 -0.3946864222761527 -0.07999058934243031 -0.6074988134788799 -6.001233806292412 -2.098735109910353 -0.33427553152267425 -0.6479750778816199 -0.14029813353375925 -0.4531085353003161 -0.2668416447944007 -0.5677128923346254 -0.5499830947819226 -0.5764211959605129 -2.001201923076923 -1.070376046210067 -0.8747876728949284 -3.8652836790802296 -3.6616569370264562 -1.0764488286066585 -0.7550835384017616
-0.2596766291033807 -0.13005942370220874 -0.2971735001675791 -0.13390280503289853 -0.28078007518796994 -0.1796690307328605 -0.39755351681957185 -0.3259420816672725 -0.28457890014100756 -0.2165218590539236 -0.14644615578841055 -0.2194586686174104 -0.17117548479770167 -0.2141274920009845 -0.22159237309971655 -0.30868008396098284 -0.5594587561800676 -1.7204438209412065 -1.4932306875497745 -0.41203131437989293 -0.21309174428990688 -0.059222702035780374 -0.5997845085597988 -0.22521448999046711 -0.43609022556390975 -0.4231400783124921 -0.6468827281010021 -5.366448466178924 -5.108958837772397 -0.9326349483486105 -0.29967845659163983 -0.7225744706304582 -6.6443033425182705 -2.406410570100318 -0.617345663584104 -0.43326626425217973 -0.364321608040201 -0.22507612869058655 -0.4274682846111418 -0.5023161551823973 -0.33012901593726285 -0.4107205012182388 -0.7526002103540961 -1.0020598570216888 -0.45999510643503794 -0.43638208803754913 -0.34985799122127553 -0.3292287751134154 -0.28533510285335106 -0.3902367728734288 -1.0556172154396353 -4.086936254515791 -1.370894160583942 -0.09027200380092648 -0.3093655589123867 -0.32807257362992426 -0.30527525865372335 -0.09400406504065041 -0.17709563164108616 -0.18703241895261846 -1.0502228110321572 -3.469553137300301 -1.2828294618886424 -0.6691539294740643 -0.6474374845258728 -0.2970544183724414 -0.43561087122174247 -0.004979459728619448 -0.26049018349801106 -0.18528761061946905 -0.427896283050198 -0.11410422303258441 -0.6893687707641196 -5.719925971622454 -1.8899668426869702 -0.3269018065626152 -0.6554517133956386 -0.1954152574220218 -0.49262381454162274 -0.26829979585885094 -0.6077278979617355 -0.5725233855516736 -0.6910246227164416 -2.314903846153846 -1.1576093363196982 -0.8857073525843242 -3.2629342664333914 -3.541175009315613 -1.129469790382244 -0.769330397616889
-0.28417442430181283 -0.1468774526292185 -0.3150485979220199 -0.15121782292508368 -0.2878289473684211 -0.19030732860520094 -0.40611620795107034 -0.3622924996970799 -0.3243173952057429 -0.2303130602675493 -0.16538315869208434 -0.25847354303828335 -0.19032798659324873 -0.23135614078267291 -0.22674568410203558 -0.32226200765526614 -0.5555555555555555 -1.8543553118224714 -1.8250597292275021 -0.47246257382227713 -0.22967972438433076 -0.1542257865515114 -0.6368969232611039 -0.2585795996186845 -0.4523809523809524 -0.4244031830238727 -0.6403748535728231 -4.682325760492876 -5.207156308851223 -1.030117852466172 -0.31639871382636653 -0.9379112334011245 -6.540074278183779 -2.1274773672620504 -0.5836040989752562 -0.4466800804828973 -0.36152987158012284 -0.23037203760095326 -0.34611141753998903 -0.5037637521713955 -0.3503668100177081 -0.43276482190509347 -0.6754703751314712 -0.8796801163213376 -0.42818693418155124 -0.4249651148040086 -0.3408210689388071 -0.3577446532728451 -0.23755806237558064 -0.3975445776088863 -1.1172770995190529 -3.7000349609602616 -1.0002281021897814 -0.10214989903789048 -0.3093655589123867 -0.3069466882067851 -0.33337591007791545 -0.13719512195121955 -0.18496654860291223 -0.17317816569686895 -1.1513910634710345 -3.580689974531141 -1.1345862028714835 -0.5271392466000722 -0.5805892547660313 -0.2745881178232651 -0.429260858521717 -0.0161832441180132 -0.2438085461311433 -0.17975663716814164 -0.4636607484991697 -0.18938948359016589 -0.7498813478879924 -5.2757557063541025 -1.6443571165418152 -0.31707017328253656 -0.6467289719626168 -0.2430164098709758 -0.4952581664910432 -0.2755905511811023 -0.6239839939977492 -0.6040797926293249 -0.7738568024509247 -2.4759615384615383 -1.1811859012141932 -0.8760009706381947 -2.650587353161709 -3.2964849087069927 -1.124537607891492 -0.7615593834995468
-0.2964233219010289 -0.14463504877228386 -0.33068930845715566 -0.16045249913424908 -0.2972274436090226 -0.1773049645390071 -0.4048929663608562 -0.364715860899067 -0.33585437764389187 -0.224796579782099 -0.17927029415477844 -0.2670080468178493 -0.21426861383768253 -0.2325867585527935 -0.22545735635145578 -0.3099148042968268 -0.5334374186833203 -1.8696594822089019 -2.0228298380674277 -0.5026782035434694 -0.23861171366594358 -0.19494139420111042 -0.6560517179456483 -0.28479504289799806 -0.4348370927318296 -0.4004041935076418 -0.6039307562150202 -3.9763830060326013 -4.94215765402206 -1.0373926960570348 -0.3434083601286173 -1.0431869840890058 -6.379537558404218 -1.7983851235625152 -0.5586103474131467 -0.4332662642521797 -0.3559463986599665 -0.22242817423540315 -0.26751241036955326 -0.47915460335842497 -0.35922084492790285 -0.42232277526395173 -0.6030150753768845 -0.7669938204289348 -0.3951553706875459 -0.40720537866294554 -0.3214562354763749 -0.3577446532728451 -0.19641672196416723 -0.3931598947676119 -1.1604390183746456 -3.2560307656450305 -0.7162408759124087 -0.1365957952250861 -0.2936555891238671 -0.30197589163663474 -0.3308213054029888 -0.1702235772357724 -0.1770956316410862 -0.1856469936270435 -1.2561724677827293 -3.5413290113452183 -0.9945138321466093 -0.4152124202671802 -0.5409754889824215 -0.25212181727408883 -0.4229108458216917 -0.023652433710942368 -0.23225972026177338 -0.17422566371681417 -0.48792949291097204 -0.21291612751441008 -0.79734219269103 -4.764959901295496 -1.429448606164804 -0.2863463192822907 -0.6168224299065419 -0.24051108605787297 -0.4913066385669126 -0.268299795858851 -0.6214830561460547 -0.6119688943987377 -0.838533983887439 -2.545673076923077 -1.1870800424378167 -0.83596214511041 -2.0694826293426645 -2.942491615948329 -1.099876695437731 -0.7343608340888488
-0.29397354238118567 -0.1536046642000224 -0.3340408892861133 -0.16737850629112314 -0.29370300751879697 -0.18203309692671396 -0.3877675840978593 -0.3792560281109899 -0.34354569926932443 -0.23307130051027442 -0.17422042671379875 -0.29504998780785174 -0.2214508020110127 -0.2288949052424317 -0.21901571759855706 -0.31361896530435857 -0.49830861306271146 -1.8594567019512815 -2.048048845234935 -0.5260266446916633 -0.24243970907234913 -0.23565700185070942 -0.6608404166167845 -0.2883698760724499 -0.431077694235589 -0.38903625110521656 -0.5778992581023038 -3.3397509947375177 -4.522464352972827 -1.0213880401571367 -0.35627009646302243 -1.0826653905969612 -5.9338684557326 -1.453388793736237 -0.5323669082729318 -0.42119382964453395 -0.34477945281965383 -0.22110419700781145 -0.22752344180915612 -0.451650260567458 -0.3516316721477359 -0.43044436709595085 -0.551595185228468 -0.674906094753423 -0.3584536334719844 -0.39832551059241406 -0.2840175574490059 -0.36811406351263776 -0.17518248175182477 -0.39462145571470336 -1.165371809100999 -2.752592937886027 -0.5120894160583941 -0.14728590093835373 -0.28277945619335343 -0.30570398906424756 -0.31293907267850296 -0.2108739837398374 -0.17184835366653547 -0.19811582155721807 -1.291099602553294 -3.4105116925214167 -0.8474378428854908 -0.3478156216151162 -0.49764793265659824 -0.24962556165751368 -0.4025908051816104 -0.03734594796464584 -0.21044527139740793 -0.17560840707964603 -0.4917613999233619 -0.24702976120456416 -0.8092074038917894 -4.202344231955583 -1.2403291170330346 -0.27405677768219244 -0.5644859813084111 -0.2655643241889014 -0.47813487881981037 -0.2872557596967046 -0.6077278979617355 -0.6266200833990758 -0.8669011687280154 -2.5528846153846154 -1.1635034775433222 -0.8080562970152874 -1.5758560359910023 -2.582287914544777 -1.0567200986436496 -0.71622846781505
-0.27192552670259673 -0.14351384684381654 -0.3184001787509776 -0.16506983723883178 -0.2666823308270676 -0.17375886524822698 -0.3437308868501529 -0.36108081909608625 -0.31278041276759394 -0.2220383395393739 -0.16033329125110468 -0.2804194099000244 -0.20469236293990903 -0.22151119862170807 -0.19711414583870138 -0.2963328806025436 -0.44756700494405416 -1.6860094375717385 -1.9538093973984605 -0.5040516412580689 -0.22457573050912338 -0.24305983960518196 -0.6201364779121276 -0.27883698760724496 -0.39598997493734334 -0.36124794745484395 -0.5375504360275933 -2.8096521627518927 -3.9790153349475377 -0.9399097919394734 -0.3485530546623794 -1.0479722454839095 -5.266562836947407 -1.2233912405187177 -0.4886278430392402 -0.386317907444668 -0.30988274706867674 -0.19462465245597774 -0.19167126309983454 -0.4198031268094963 -0.33771818871742976 -0.38751595312681286 -0.48264578707490946 -0.611898703501757 -0.3193051137753854 -0.36407459089179245 -0.25948876839659174 -0.3331173039533377 -0.15527538155275378 -0.3800058462437884 -1.1148107041558761 -2.167579536184594 -0.3832116788321168 -0.16866611236488893 -0.2537764350453172 -0.30073319249409713 -0.2861157235917741 -0.22357723577235772 -0.15479470024924571 -0.20088667220836798 -1.2573768517403348 -3.068997453114147 -0.7202054394770632 -0.3225418221205922 -0.45432037633077493 -0.22591113330004992 -0.3835407670815341 -0.02987675837171667 -0.19889644552803798 -0.16592920353982304 -0.47132456252394944 -0.26349841195153506 -0.7724252491694352 -3.4275138803207903 -1.0389291415940072 -0.2494776944819958 -0.5208722741433021 -0.27308029562820996 -0.4570600632244468 -0.28142315543890345 -0.5614605477053896 -0.5849205454750366 -0.8249177351639624 -2.423076923076923 -1.0680183897206177 -0.7437515166221791 -1.2771807048237944 -2.166190535337225 -0.9630086313193587 -0.6618313689936537
-0.2290543851053405 -0.12221101020293754 -0.29382191933862145 -0.15121782292508368 -0.2302631578947368 -0.15011820330969267 -0.29724770642201837 -0.3210953592632982 -0.26663248301499803 -0.19721417735484764 -0.13255902032571643 -0.2706656912948061 -0.19272204931769213 -0.22151119862170812 -0.16748260757536718 -0.28275095690826035 -0.3786104605776737 -1.5100114781277898 -1.8210777807273693 -0.48894382639747286 -0.21053974735230313 -0.25169648365206665 -0.5878127618819587 -0.27883698760724496 -0.3684210526315789 -0.34482758620689646 -0.49069373942470396 -2.2911051212938003 -3.4032822168415384 -0.8642514185945002 -0.3176848874598071 -1.0001196315348726 -4.523780999161376 -1.0068509909469048 -0.43739065233691565 -0.34205231388329976 -0.2763819095477387 -0.16814510790414405 -0.13789299503585217 -0.37637521713954836 -0.30483177333670625 -0.35386935839424527 -0.4113591211873319 -0.5416212286441294 -0.26792268167359923 -0.32855511860966635 -0.21043119029176344 -0.29423201555411543 -0.1048440610484406 -0.3493130663548671 -1.028486866444691 -1.654818785689314 -0.28512773722627743 -0.18410737617294215 -0.21631419939577037 -0.29327699763887166 -0.23502363009324304 -0.23246951219512196 -0.11806375442739081 -0.1856469936270435 -1.1851138142839936 -2.6858068997453115 -0.6046457336290416 -0.28763990853291616 -0.3924238672938846 -0.19470793809286074 -0.33401066802133605 -0.014938379185858339 -0.14885153342743487 -0.1341261061946903 -0.42406437603780817 -0.28937772026820374 -0.7261509254864738 -2.6847624922887108 -0.8399852634164315 -0.2224407029617795 -0.4623052959501558 -0.2755856194413128 -0.39646996838777654 -0.2624671916010499 -0.5001875703388771 -0.5432210075509973 -0.7783955520254171 -2.230769230769231 -0.9524932217375927 -0.6770201407425381 -1.049737565608598 -1.793566016643895 -0.848335388409371 -0.6009584250744722
-0.21680548750612444 -0.10875658706132973 -0.2725952407552229 -0.14082881218977258 -0.20089285714285712 -0.14893617021276598 -0.25565749235474006 -0.3114019144553496 -0.23202153570055115 -0.19445593711212247 -0.13129655346547153 -0.25847354303828335 -0.18673689250658368 -0.20059069652965786 -0.1468693635660912 -0.25929127052722556 -0.32786885245901637 -1.3097819155719934 -1.6989646933899654 -0.45872819667628073 -0.219471736633916 -0.25169648365206665 -0.5495031725128698 -0.26096282173498564 -0.3521303258145363 -0.32714412024756845 -0.4490433424443577 -1.7674239507123601 -2.830239440408932 -0.7653135457587662 -0.3112540192926045 -0.9331259720062206 -3.773810950041932 -0.8404697822363592 -0.3936515871032241 -0.31388329979879276 -0.2526521496370743 -0.1734410168145108 -0.11996690568119142 -0.35176606832657786 -0.29218315203642803 -0.32254321847082024 -0.36227649877293444 -0.48346055979643776 -0.2361145094201126 -0.2917670937460358 -0.18202943454686288 -0.25793907971484126 -0.08891838088918383 -0.33469745688395214 -0.9310642495992107 -1.2271297051625685 -0.22354014598540148 -0.19836085045729895 -0.1824773413897281 -0.2820927053560333 -0.20181376931919784 -0.25406504065040647 -0.1023219205037387 -0.19395954558049322 -1.115259544742864 -2.2192637184533455 -0.5135986926578733 -0.26597665182332414 -0.34290666006437237 -0.18222666000998505 -0.29972059944119883 -0.039835677828955564 -0.1296034903118183 -0.1438053097345133 -0.40745944565078557 -0.3058463710151747 -0.6715709539629806 -2.025909932140654 -0.6913913790986121 -0.20031952808160253 -0.42616822429906537 -0.2843542527871728 -0.3674920969441517 -0.25663458734324884 -0.4601725647117669 -0.4981404260114955 -0.7250652445251334 -1.954326923076923 -0.8381468819992927 -0.6236350400388255 -0.8572856785803549 -1.4755930940255868 -0.7385943279901358 -0.5633985235073176
-0.20333170014698676 -0.09081735620585267 -0.2580717238297397 -0.13621147408518988 -0.17152255639097744 -0.14066193853427897 -0.21529051987767586 -0.2750514964255422 -0.21022945776182533 -0.18204385601985934 -0.13634642090645122 -0.25115825408436965 -0.17716064160881015 -0.17843957666748705 -0.13527441381087352 -0.24817878750463018 -0.29143897996357004 -1.0840454023721464 -1.5728696575524292 -0.42851256695508866 -0.2347837182595381 -0.24552745219000616 -0.49682748713037234 -0.23951382268827448 -0.3483709273182957 -0.3069344448654793 -0.4347260184823637 -1.2796816839943523 -2.3042776432606944 -0.6838352975411028 -0.29967845659163983 -0.8637396817801172 -3.010662513477896 -0.6716417910447762 -0.35991002249437637 -0.27766599597585506 -0.248464544946957 -0.15225738117304383 -0.11583011583011585 -0.30833815865663 -0.26941563369592714 -0.2854159415245388 -0.31786841182657477 -0.4168181267417908 -0.2067531196476633 -0.25751617404541416 -0.16266460108443068 -0.2151652624756967 -0.08228268082282682 -0.30400467699503075 -0.8077444814403749 -0.7936137979256496 -0.18476277372262773 -0.2066753771231738 -0.17885196374622356 -0.2696657139306574 -0.20309107165666113 -0.2553353658536585 -0.11675193493375316 -0.1856469936270435 -1.0189088281344092 -1.74345913405881 -0.46107155363604535 -0.23709230954386812 -0.3082446150037138 -0.15601597603594614 -0.26924053848107693 -0.0385908128968007 -0.11548825869369947 -0.1299778761061947 -0.37808149188913015 -0.31878602517350896 -0.6122448979591837 -1.362122146822949 -0.5612182242416799 -0.16836671992134694 -0.39003115264797505 -0.2755856194413128 -0.35300316122233927 -0.23330417031204428 -0.4014005251969489 -0.44629775724106846 -0.6535799387268808 -1.665865384615385 -0.7037604621006721 -0.5581169619024509 -0.6873281679580104 -1.1327785368277234 -0.62268803945746 -0.5012304105685791
-0.19843214110730034 -0.07736293306424488 -0.24913417495251924 -0.11197044903613067 -0.1456766917293233 -0.13002364066193856 -0.18348623853211007 -0.23627771719374774 -0.1871554928855275 -0.1558405737139705 -0.1376088877666961 -0.25115825408436965 -0.1615992338999282 -0.15628845680531625 -0.1185261530533368 -0.2321274231386591 -0.2563101743429612 -0.8583088891722996 -1.3936819750464562 -0.39142974866089825 -0.2347837182595381 -0.23195558297347313 -0.4261941817311146 -0.20376549094375593 -0.3157894736842105 -0.28293545534924835 -0.38396459716256676 -0.8432807085098188 -1.7635189669087974 -0.5790775498326786 -0.2932475884244373 -0.75726761574351 -2.228345513358092 -0.5211646684609738 -0.3186703324168957 -0.23876592890677398 -0.22194304857621439 -0.1363696544419436 -0.0827357970215113 -0.25622466705269253 -0.24538325322539842 -0.24828866457825732 -0.2606053523431109 -0.350175693687144 -0.17616833863469533 -0.22326525434479255 -0.1265169119545572 -0.17239144523655217 -0.050431320504313204 -0.2689272142648348 -0.6252312245652978 -0.49178417433865523 -0.15282846715328463 -0.21142653521795934 -0.15468277945619333 -0.25351062507766875 -0.17882232724485883 -0.23628048780487804 -0.11019283746556474 -0.1662510390689942 -0.8816090569673612 -1.2468163926834914 -0.4038753355900549 -0.2082079672644121 -0.28101015102748206 -0.12730903644533204 -0.24511049022098033 -0.02987675837171667 -0.1090722443218273 -0.10232300884955751 -0.35636735215225446 -0.3140806963886601 -0.5517323208353109 -0.8019740900678591 -0.4592901878914405 -0.13764286592110114 -0.34890965732087226 -0.2455217336840787 -0.32270811380400416 -0.20122484689413822 -0.3463798924596723 -0.4023441902400541 -0.5718824463860207 -1.2692307692307692 -0.5693740422020512 -0.4780393108468818 -0.5486128467883029 -0.8210160228543041 -0.5166461159062886 -0.4170444242973709
-0.16291033806957372 -0.06054490413723512 -0.22567310914981564 -0.08657508946092576 -0.1151315789473684 -0.11111111111111112 -0.14311926605504585 -0.186598812553011 -0.15254454557108063 -0.12136257067990619 -0.12750915288473677 -0.22189709826871495 -0.14244673210438114 -0.129214865862663 -0.1056428755475393 -0.19138165205580931 -0.21207390059849077 -0.5777324320877438 -1.1189275285372975 -0.3186375497871171 -0.21564374122751045 -0.1714990746452807 -0.3376032563150964 -0.15014299332697806 -0.26942355889724307 -0.23114816218264492 -0.31888585188077584 -0.4813246053138237 -1.2119989238633306 -0.442310490324458 -0.25080385852090037 -0.5861945208757029 -1.4711872529052354 -0.38536824076339615 -0.2636840789802549 -0.19047619047619052 -0.17448352875488554 -0.10062226929696808 -0.04826254826254827 -0.1910828025477707 -0.20743738932456363 -0.18795683954054995 -0.19516185579058082 -0.255664606809645 -0.12723268901394663 -0.16110617785107192 -0.07229537825974697 -0.09721322099805571 -0.0106171201061712 -0.2046185325928091 -0.41188802565051186 -0.273860855378161 -0.10492700729927003 -0.19360969236251335 -0.10755287009063445 -0.2112588542313906 -0.12517562907140117 -0.1930894308943089 -0.08002098911189821 -0.12745912995289554 -0.6660243285559436 -0.7397545728177819 -0.33850822925178015 -0.16849199663016007 -0.23396880415944538 -0.07988017973040439 -0.20066040132080265 -0.0012448649321548627 -0.09624021557808289 -0.05669247787610619 -0.31293907267850296 -0.28114339489471823 -0.4579971523493119 -0.41826033312769895 -0.36227434606410425 -0.08356888288066855 -0.29158878504672897 -0.1828886383565076 -0.26870389884088514 -0.147273257509478 -0.26384894335375764 -0.3302152597768511 -0.46635651877907636 -0.8016826923076922 -0.4267358245903572 -0.37976219364231983 -0.424893776555861 -0.5688734318718172 -0.40690505548705297 -0.31343090273280666
