-0.022058823529411763 0.04261522933722105 0.03691688108289518 0.020782819535850365 0.03408957329258259 0.02958229795290499 0.07100881488736532 0.1007770762506071 0.10645119917917148 0.0870285951098218 0.02399292840005051 0.03296703296703296 0.07669263031755542 -0.05658056580565807 0.04510309278350515 -0.032158317872603585 0.04301916308173641 -0.0051039938752073495 0.09707446808510638 -0.01237113402061856 -0.03573707721761328 0.03086038760646833 -0.052726183343319355 -0.05835417410980113 -0.09270859433725884 -0.06950587640591432 -0.06115810019518543 -0.03498768951665155 -0.05128205128205128 0.0014560279557367494 -0.023169005019951085 -0.03354498622259494 -0.1684717208182912 -0.7176742488748328 -0.2746566791510612 -0.30006697923643666 -0.6441717791411044 -0.9364238410596026 -0.19572708476912476 -0.09995654063450674 -0.006324310650139141 -0.11944798793923228 -0.28254524226503214 -1.1534289502229722 -0.38903841448495224 -0.4795647222573707 -1.0085117358782563 -1.1439305609534913 -0.21121147715196603 -0.2763966071950863 -0.014805675508945099 -0.14843384759233286 -1.0217317100921606 -1.0747221565381886 -0.2137164936005796 -0.22128294380905023 -0.05116398055768738 -0.16524723528664037 -0.003941145559642669 -0.07765913188184717 0.018096272167933407 -0.012744757270304713 -0.1993704092339979 -0.5249879865449303 -0.9417151342655613 -0.20469296055916125 -0.048303038006864106 -0.006223549912870301 0.008990495761623427 0.022151460611934105 -0.02812939521800281 -0.054168629298162976 -0.0892325996430696 -0.3694581280788177 -0.8772145669291339 -0.2532579296778953 -0.16417910447761191 -0.08144342814183686 0.08184818481848186 -0.08021000437509115 -0.05251969488558209 0.013550135501355014 -0.060179402747814234 -0.10223719028145298 -0.13207547169811323 -0.1630765486187173 -0.33877195167517754 -0.12170889220069547 -0.14054987054617185 -0.009073233959818528
-0.039215686274509796 0.041493775933609964 0.01901778722452176 0.012700611938575222 0.01057952274597391 0.015382794935510587 0.06856023506366307 0.09106362311801848 0.08849557522123894 0.06907031357922365 0.030306856926379595 0.028083028083028077 0.08987417615338526 -0.06150061500615006 0.04510309278350515 -0.04452690166975881 0.06257332811888933 -0.003827995406405512 0.09441489361702127 -0.030240549828178698 -0.038289725590299944 0.023453894580915936 -0.05392450569203115 -0.07979040133380969 -0.10273114507642193 -0.08467079489447746 -0.0767729342875732 -0.05312945445121161 -0.06747638326585695 -0.016016307513104254 -0.051486677822113525 -0.055109620222834554 -0.18892900120336945 -0.9366257146332563 -0.3258426966292135 -0.33087742799732084 -0.9132738427216955 -1.3298013245033113 -0.29634734665747764 -0.13472403302911778 -0.02529724260055654 -0.13916270439522208 -0.31523642732049034 -1.4390743642280341 -0.502813799853193 -0.5137289636846767 -1.2096982202734072 -1.4302370773416246 -0.28958554729011693 -0.32319391634980993 -0.0283775447254781 -0.20219728845254795 -1.5428376379565365 -1.3537479309529439 -0.1654189809224825 -0.2511188463451019 -0.02046559222307496 -0.18050082623617641 -0.001313715186547558 -0.11371515739841906 -0.0012064181445288953 -0.03939288610821458 -0.2564999417045587 -0.6523306102835176 -1.3216186115579756 -0.26085871193210186 -0.04830303800686411 -0.02240477968633308 0.007706139224248651 -0.0027689325764917658 -0.026850786344457228 -0.07654262835609985 -0.08923259964306961 -0.4421182266009852 -1.265994094488189 -0.32210474551266294 -0.22761194029850745 -0.12905650920937226 0.07788778877887789 -0.11375236984103836 -0.05752157058897086 -0.012420957542908763 -0.06472124446463041 -0.123887418811643 -0.14150943396226418 -0.22757697456492637 -0.5505044214721634 -0.21236959761549926 -0.1738379977807915 -0.042773817239144515
-0.03553921568627451 0.03364360210833241 0.026848640787560128 0.006927606511950121 -0.012930527800634768 0.004733167672464793 0.07223310479921645 0.0825643516270034 0.09234320892651021 0.05801906340654787 0.03409521404217704 0.01953601953601953 0.09346914319952068 -0.07503075030750309 0.02577319587628867 -0.059369202226345084 0.06518055012384305 -0.014035983156820211 0.08909574468085105 -0.046735395189003444 -0.02935545628589662 -0.0012344155042587346 -0.0695026962252846 -0.10837203763248779 -0.12402906539714356 -0.10362694300518135 -0.08978529603122967 -0.09200466502526888 -0.07827260458839405 -0.039312754804892255 -0.06178401338653623 -0.07787228944530969 -0.20818291215403129 -1.2042330616713295 -0.34956304619225975 -0.3616878767582049 -1.1991076408254322 -1.8304635761589405 -0.41212956581667815 -0.17238881645661305 -0.04427017455097395 -0.1553983532413313 -0.35960303561004087 -1.740388092081475 -0.6080254465378028 -0.5415664937365557 -1.3515604849110137 -1.6854514833527658 -0.3772582359192349 -0.35975431412693776 -0.028377544725478106 -0.24777933613838243 -2.1390374331550803 -1.6351383305746041 -0.10746196570876601 -0.26852312282446544 0.019186492709132762 -0.1741451633405364 -0.013137151865475566 -0.12342254888364998 0.0036192544335866828 -0.06140655775692272 -0.3112976565232599 -0.7808745795290726 -1.6804850884791485 -0.3020469296055916 -0.0394051099529681 -0.023649489668907144 0.0077061392242486525 -0.008306797729475287 -0.021736350850274904 -0.10598210080075365 -0.10113027959547889 -0.520935960591133 -1.6646161417322833 -0.3934103761986722 -0.32338308457711445 -0.1741636386417742 0.06996699669966998 -0.14729473530698556 -0.05752157058897086 -0.03952122854561879 -0.059043942318610196 -0.14313206639403414 -0.13089622641509432 -0.2896434221735426 -1.0150703699090795 -0.30303030303030304 -0.205893231414129 -0.06869734283862605
-0.05024509803921569 0.026914881686665927 0.02125517395681844 0.003463803255975062 -0.028212060655930404 0.0059164595905809945 0.05264446620959844 0.09349198640116561 0.06669231755803515 0.0718331261223926 0.027781285515847957 0.01221001221001221 0.08747753145596165 -0.08610086100861007 0.02061855670103093 -0.06679035250463822 0.07039499413375049 -0.012759984688018375 0.07978723404255318 -0.05360824742268041 -0.02297383535417996 -0.0111097395383286 -0.07908927501497903 -0.13457187090627604 -0.13906289150588824 -0.10362694300518135 -0.11190631099544568 -0.09977970714008036 -0.10796221322537111 -0.043680838672102505 -0.08366585146093447 -0.08865460644542951 -0.22743682310469318 -1.5338766573409561 -0.37453183520599254 -0.3804420629604822 -1.4863357501394312 -2.405298013245033 -0.5596140592694694 -0.1970157902361292 -0.056918795851252216 -0.1739533804940276 -0.3992994746059545 -2.0248282511751237 -0.7022265720577441 -0.5516892319372391 -1.4444157854010835 -1.8745951548127997 -0.47954303931987247 -0.3743784732377889 -0.033312769895126465 -0.2968676951846657 -2.8012288087381956 -1.862142350437456 -0.04950495049504954 -0.2759820984584784 0.04860578152980301 -0.15253590949536036 -0.026274303730951132 -0.11510192761059493 -0.015683435878875617 -0.0845788437029313 -0.3754226419493995 -0.9178279673234023 -2.0393515654003216 -0.3307538691962057 -0.052116435744248124 -0.002489419965148121 -0.014127921911122531 0.004153398864737638 -0.035801048459276306 -0.12364578426754591 -0.11421772754312909 -0.5923645320197044 -2.073080708661417 -0.4487337103516106 -0.4601990049751244 -0.1979701791755419 0.036963696369636964 -0.15750328131836083 -0.07002625984744279 -0.06887985546522131 -0.05904394231861021 -0.16117392350252585 -0.09316037735849059 -0.35049288061336253 -1.6477768090671319 -0.4048683556880278 -0.24164714585131303 -0.10110174983797797
-0.05759803921568628 0.021307614668610524 0.007830853563038373 -0.005773005426625103 -0.045844598565886914 -0.0023665838362324013 0.03060724779627816 0.0886352598348713 0.03206361421059382 0.06078187594971681 0.03283242833691123 0.004884004884004886 0.08388256440982625 -0.1008610086100861 0.015463917525773196 -0.08658008658008658 0.06648416112631991 -0.017863978563225726 0.07313829787234043 -0.06597938144329897 -0.026802807913209957 -0.020985063572398467 -0.09107249850209707 -0.16910801476717877 -0.15159107992984214 -0.121319347908505 -0.13532856213402736 -0.11273811066476609 -0.13630229419703105 -0.0728013977868375 -0.11584502509975544 -0.11501138133461124 -0.2539109506618532 -1.9219073105461626 -0.45068664169787764 -0.41795043536503684 -1.77356385945343 -3.0622516556291393 -0.737422467263956 -0.25206431986093003 -0.07336200354161396 -0.19946654296648497 -0.44833625218914186 -2.2827528022176686 -0.7939809150966478 -0.5820574465392889 -1.4960020634511222 -2.048192771084337 -0.5672157279489904 -0.41532611874817205 -0.040715607649599014 -0.35647498831229546 -3.51234497667539 -2.033577677938047 -0.015696691620381585 -0.29587270014917955 0.08058326937835762 -0.14490911402059234 -0.032842879663688915 -0.13174317015670503 -0.02533478103510677 -0.1100683582435407 -0.4663635303719249 -1.0740028832292168 -2.378418512560326 -0.37943085371942087 -0.05465870090250411 -0.01120238984316654 -0.030824556896994603 -0.013844662882458813 -0.03707965733282188 -0.15073009891662742 -0.12611540749553835 -0.6995073891625616 -2.4913877952755903 -0.5102040816326531 -0.599502487562189 -0.23681242952011025 0.011881188118811881 -0.17792037334111127 -0.08003001125422034 -0.09823848238482384 -0.05109571931418191 -0.18041857108491702 -0.06603773584905662 -0.4125593282219788 -2.3900859384730353 -0.5265772478887233 -0.2737023794846505 -0.13480233311730394
-0.06617647058823531 0.020186161264999444 -0.003356080098445017 -0.008082207597275144 -0.05759962383919126 -0.011832919181161994 0.023261508325171404 0.08499271491015056 0.014107990252661285 0.0511120320486255 0.045460285389569394 0.0012210012210012195 0.09586578789694429 -0.1020910209102091 0.02448453608247423 -0.09523809523809523 0.07821666014861164 -0.011483986219216535 0.07845744680851062 -0.06872852233676977 -0.043395022335673265 -0.034563634119244534 -0.10665068903535053 -0.20007145409074667 -0.17038336256577297 -0.14153923922658918 -0.15484710474951208 -0.13735907736166902 -0.1673414304993252 -0.08299359347699475 -0.13772686317415367 -0.1341799448903798 -0.2791817087845969 -2.3658922272229654 -0.5343320848938826 -0.4407233757535164 -1.9799219185722254 -3.75364238410596 -0.9262577532736044 -0.2984209763870781 -0.0796863141917531 -0.21918125942247477 -0.4693520140105079 -2.4876461371580088 -0.8820650844139954 -0.6023029229406555 -1.497291720402373 -2.141469102215313 -0.6389479277364506 -0.4445744369698743 -0.059222702035780395 -0.4324450677886863 -4.231425645693481 -2.1447150626625677 0.01086694035257182 -0.31576330183988066 0.12151445382450751 -0.14618024659972034 -0.04729374671571203 -0.14561087227846345 -0.026541199179635665 -0.14019232997335188 -0.5911157747464147 -1.219365689572321 -2.6741739883677758 -0.4243634548177734 -0.0483030380068641 -0.019915359721184963 -0.03981505265861803 -0.027689325764917627 -0.03963687507991305 -0.17663683466792274 -0.1284949434860202 -0.8054187192118227 -2.901082677165354 -0.5704450454880747 -0.7176616915422886 -0.2794136073173788 -0.02112211221122112 -0.20854601137523696 -0.09003376266099787 -0.12759710930442636 -0.04201203588054957 -0.1888381044022131 -0.0400943396226415 -0.48071072167457707 -3.1946693237015813 -0.654495777446597 -0.30205893231414127 -0.15294880103694103
-0.08578431372549021 0.006728720421666485 -0.011186933661483387 -0.021937420621175385 -0.06935464911249559 -0.03076558987102118 0.0012242899118511286 0.08013598834385624 -0.0038476337052712564 0.033153750518027346 0.03914635686324031 -0.0012210012210012214 0.08867585380467347 -0.11439114391143909 0.01288659793814433 -0.10018552875695733 0.05605527310650502 -0.010207987750414699 0.0824468085106383 -0.0852233676975945 -0.053605615826419914 -0.04320454264905567 -0.11623726782504495 -0.2298439919018697 -0.20045101478326233 -0.1655503601668141 -0.19258295380611584 -0.2410263055591551 -0.19703103913630227 -0.11648223645894003 -0.16733170292186897 -0.14735833233497067 -0.33814681107099875 -2.9740907432185866 -0.6429463171036204 -0.4581379772270596 -2.092861126603458 -4.519205298013245 -1.1729841488628532 -0.3491235694625525 -0.08601062484189223 -0.2539719355212803 -0.48803269118505543 -2.557550922020007 -0.9273305603131881 -0.6048336074908263 -1.4457054423523343 -2.1388780930172304 -0.6588735387885228 -0.4738227551915766 -0.08266502159161013 -0.600748013090229 -4.8458300147912166 -2.154173563490187 0.03984544795943007 -0.3306812531079066 0.17267843438219493 -0.13982458370408035 -0.026274303730951132 -0.1608653446123977 -0.044637471347569076 -0.1958058162437724 -0.7846566398507637 -1.3875540605478136 -2.846182403167925 -0.454318522216675 -0.039405109952968094 -0.034851879512073684 -0.03981505265861803 -0.053994185241589374 -0.06393044367727911 -0.20372114931700422 -0.12611540749553835 -1.0258620689655173 -3.2750984251968505 -0.5999508237029751 -0.7935323383084578 -0.30697907530384666 -0.04092409240924092 -0.23333819454571972 -0.1187945479554833 -0.14679313459801263 -0.03974111502214148 -0.1936492662978109 -0.05424528301886792 -0.5500791042959717 -4.034126292190808 -0.8258817685047193 -0.3291825915423499 -0.19442644199611148
-0.08823529411764708 -0.01457889424694404 -0.022373867322966774 -0.03694723473040065 -0.07640766427647819 -0.049698260560880364 -0.006121449559255629 0.07163671685284119 -0.007695267410542515 0.02762812543168946 0.03409521404217704 -0.014652014652014652 0.08388256440982625 -0.1328413284132841 0.010309278350515469 -0.11873840445269015 0.05214444009907444 -0.015311981625622051 0.08643617021276596 -0.10034364261168385 -0.07530312699425655 -0.0666584372299716 -0.14260035949670463 -0.27509824937477667 -0.22425457278877473 -0.1984076835587009 -0.24593363695510737 -0.4289231566670987 -0.24156545209176788 -0.14269073966220153 -0.19307504183292573 -0.16652689589073918 -0.4091456077015644 -3.610266390950006 -0.7378277153558053 -0.47823174815807096 -2.147239263803681 -5.189403973509934 -1.447277739490007 -0.40127480805446913 -0.09486465975208702 -0.3073176388727821 -0.4973730297723292 -2.5900928046281786 -0.9469048201614877 -0.6162216879665949 -1.3696156822285275 -2.1000129550459903 -0.6801275239107333 -0.4869844983913426 -0.10240592227020358 -0.838008415147265 -5.44316759585846 -2.121068810593521 0.07727602028495532 -0.3543013426156142 0.2264006139677667 -0.13982458370408032 -0.005254860746190221 -0.1830536680072112 -0.061527325370973586 -0.2792260456494033 -1.0166724962107963 -1.561749159058145 -2.9402301695334736 -0.4855217174238642 -0.024151519003432053 -0.04729897933781428 -0.033393269971744154 -0.06091651668281878 -0.08055235903337168 -0.2378709373528026 -0.12849494348602022 -1.312807881773399 -3.5912893700787407 -0.6208507499385296 -0.8358208955223881 -0.3270266883849141 -0.05544554455445544 -0.2581303777162024 -0.14130298862073276 -0.17953929539295393 -0.03633473373452935 -0.1960548472456098 -0.0625 -0.6255324327613484 -4.887283596961016 -1.0158966716343765 -0.347675995561583 -0.23460790667530787
-0.09436274509803924 -0.032522148704721324 -0.0346794943505985 -0.054266251010275955 -0.09286469965910427 -0.057981303987693765 -0.034280117531831536 0.06920835356969404 -0.02052071309478004 0.034535156789611825 0.030306856926379595 -0.04151404151404152 0.058717795086878376 -0.1463714637146371 -0.02190721649484536 -0.13976499690785404 0.020857776039629773 -0.043383947939262466 0.07047872340425533 -0.10996563573883163 -0.08423739629865987 -0.09258116281940501 -0.1725584182144997 -0.3274979159223532 -0.2643447757454272 -0.2325287501579679 -0.3083929733246585 -0.6220033691849165 -0.3144399460188933 -0.1790914385556203 -0.22010554768953533 -0.17970528333533003 -0.5174488567990373 -4.222114098041601 -0.8302122347066169 -0.478231748158071 -2.124930284439487 -5.790728476821192 -1.7339765678842176 -0.4490801100970593 -0.09992410827219833 -0.3293517337353589 -0.506713368359603 -2.556345667108593 -0.9554685588451187 -0.6098949765911679 -1.2445189579571836 -1.9691669905428166 -0.6814558979808714 -0.4899093302135128 -0.1147439851943245 -1.1079943899018232 -5.9619979519854365 -2.0182076140931664 0.10987684134267081 -0.37046245648930876 0.2570990023023792 -0.13219778822931233 0.007882291119285342 -0.2052419914020247 -0.07359150681626252 -0.34990151778472944 -1.2545178967004782 -1.7215281114848628 -3.009528523697562 -0.4855217174238642 -0.020338121266048052 -0.03609658949464774 -0.03981505265861803 -0.07060778070053995 -0.08950262114819076 -0.2567121997173811 -0.12968471148126118 -1.6428571428571428 -3.8890255905511815 -0.6085566756823211 -0.869402985074627 -0.33329156747274774 -0.07128712871287128 -0.25229692285255945 -0.16381142928598222 -0.21906052393857273 -0.030657431588509136 -0.19485205677171033 -0.0849056603773585 -0.6961178045515395 -5.770332544526093 -1.2382016890213612 -0.37479965478979166 -0.27867790019442645
-0.09068627450980393 -0.025793428283054837 -0.06600290860275199 -0.054266251010275955 -0.09639120724109555 -0.05443142823334517 -0.036728697355533794 0.08742107819329772 -0.007695267410542517 0.034535156789611825 0.04546028538956939 -0.036630036630036625 0.03834631515877771 -0.16236162361623613 -0.025773195876288662 -0.14347557204700062 0.006518055012384299 -0.05869592956488452 0.07446808510638299 -0.11821305841924398 -0.07657945118059986 -0.09628440933218121 -0.20251647693229477 -0.3322615219721329 -0.295665246805312 -0.2451661822317705 -0.3214053350683149 -0.9317092134249061 -0.40620782726045884 -0.2052999417588818 -0.23426438409061653 -0.159338684557326 -0.6979542719614921 -4.747597615861817 -0.8764044943820224 -0.4634963161419961 -1.9673731176798666 -6.082119205298014 -1.9903514817367334 -0.4881935390409966 -0.07336200354161397 -0.33051142293865243 -0.4635143023934618 -2.2996263709774616 -0.8881820406165893 -0.5782614197140327 -0.9491875161207123 -1.7178390983287994 -0.6190223166843782 -0.47967241883591705 -0.10240592227020358 -1.3592800374006544 -6.199795198543635 -1.695436273350674 0.17024873219029218 -0.37046245648930876 0.32233307751343054 -0.10804626922588026 0.06174461376773516 -0.2052419914020247 -0.09048136083966704 -0.4078322326497509 -1.4702110294974933 -1.8260451705910619 -2.861032050488801 -0.4692960559161258 0.0012711325791280024 -0.0124470998257406 -0.03210891343436938 -0.07199224698878584 -0.08566679452755403 -0.2720207253886011 -0.09042236763831053 -1.9507389162561577 -3.9628444881889764 -0.5851979345955249 -0.855721393034826 -0.32953264002004756 -0.05544554455445544 -0.25375528656847013 -0.1675628360635238 -0.2416440831074978 -0.032928352446917226 -0.18643252345441422 -0.08962264150943396 -0.7508823171473774 -6.589861751152074 -1.418281172379533 -0.3674022931820984 -0.30848995463383017
-0.08455882352941177 -0.02691488168666592 -0.06824029533504866 -0.05888465535157603 -0.09756670976842599 -0.055614720151461364 -0.05754162585700293 0.09713453132588636 -0.016673079389508783 0.04973062577704103 0.023992928400050517 -0.02564102564102564 0.02156980227681246 -0.17220172201722014 -0.05154639175257732 -0.14471243042671614 -0.036501108069352105 -0.05741993109608268 0.03856382978723404 -0.11271477663230242 -0.09444798978940652 -0.10122207134921615 -0.25404433792690234 -0.32630701440990834 -0.32949135554998754 -0.2565398710981928 -0.35133376707872477 -1.381365815731502 -0.6275303643724696 -0.23005241700640658 -0.23812588492727507 -0.15694261411285493 -0.9265944645006016 -5.2134776791144635 -0.9088639200998753 -0.4527796383121233 -1.7122141662018966 -6.037086092715232 -2.208132322536182 -0.525858322468492 -0.09233493549203138 -0.33978893656500064 -0.4670169293636895 -2.0404965650235023 -0.8000978712992414 -0.5618119701379223 -0.6886768119680163 -1.447078637129162 -0.5658873538788521 -0.4548113483474701 -0.12338062924120914 -1.660822814399252 -6.117874615997271 -1.3714826200047292 0.1388553489495291 -0.35181501740427645 0.31721667945766185 -0.07626795474768018 0.07619548081975827 -0.18166689779503536 -0.10616479671854266 -0.48082493337967785 -1.6614200769499825 -1.901729937530034 -2.5912634574928846 -0.44308537194208686 0.0012711325791280009 0.004978839930296243 -0.039815052658618025 -0.0526097189533435 -0.10356731875719219 -0.27319830428638725 -0.10945865556216539 -2.327586206896552 -3.8742618110236213 -0.5556921563806246 -0.8470149253731345 -0.3132439543916802 -0.07392739273927393 -0.2391716494093627 -0.1838189320995373 -0.2551942186088528 -0.019302827296468712 -0.16117392350252582 -0.10849056603773585 -0.7922599488864549 -7.3695354340515635 -1.5697963238946846 -0.3834299099987671 -0.3201555411535969
-0.09191176470588236 -0.03140069530111024 -0.07718984226423536 -0.06119385752222607 -0.10109321735041729 -0.048514968642764174 -0.08447600391772772 0.10927634774162213 -0.023085802231627546 0.06354468849288576 0.0050511428210632675 -0.01465201465201465 -0.00958657878969443 -0.18204182041820416 -0.07216494845360824 -0.13605442176870747 -0.09125277017338027 -0.049763940283271656 -5.551115123125783e-18 -0.10171821305841924 -0.11231652839821316 -0.09504999382792248 -0.31276213301378075 -0.3251161128974634 -0.35955900776747685 -0.252748641476052 -0.36694860117111255 -1.8971102760139948 -0.9865047233468285 -0.25626092020966806 -0.24456171965503928 -0.15574457889061938 -1.246690734055355 -5.6586789928232575 -0.9538077403245943 -0.43804420629604823 -1.4472950362520915 -5.843708609271523 -2.348725017229497 -0.549036650731566 -0.09359979762205921 -0.3525455178012294 -0.47402218330414475 -1.7669037001325782 -0.7181306581844875 -0.536505124636214 -0.49006964147536747 -1.1724316621324007 -0.5074388947927735 -0.4226381983035976 -0.15052436767427516 -2.0137914913510984 -5.950620093298442 -1.0794514069519983 0.08210577155276502 -0.33316757831924415 0.3018674852903556 -0.05338756832337612 0.06962690488702049 -0.15670503397587016 -0.14115092290988057 -0.5851002201367164 -1.8596245773580506 -1.9870254685247477 -2.322732335107041 -0.4131303045431851 -0.015253590949536036 0.017425939756036842 -0.07063960955561263 -0.04153398864737644 -0.12786088735455825 -0.26142251530852567 -0.1403926234384295 -2.8103448275862073 -3.7438484251968505 -0.5089746742070322 -0.8283582089552238 -0.2819195589525122 -0.09768976897689768 -0.21292110252296928 -0.21007877954232837 -0.2506775067750678 -0.02725105030089701 -0.13711811402453689 -0.15330188679245285 -0.8178167214311791 -8.086934861128409 -1.6890213611525087 -0.4191838244359512 -0.32793259883344134
-0.10171568627450982 -0.03252214870472132 -0.09732632285490547 -0.05888465535157603 -0.10461972493240859 -0.04496509288841558 -0.12120470127326151 0.1177756192326372 -0.04745414903167884 0.06354468849288578 -0.003788357115797452 -0.014652014652014652 -0.023966446974236066 -0.20541205412054123 -0.06572164948453608 -0.14223871366728508 -0.12905748924520924 -0.04593594487686615 -0.023936170212765957 -0.10859106529209621 -0.1263560944479898 -0.08394025428959387 -0.3630916716596765 -0.3334524234845778 -0.37083437734903535 -0.2565398710981929 -0.36564736499674694 -2.3960088117143967 -1.4885290148448043 -0.31450203843913804 -0.25099755438280347 -0.14017012100155743 -1.6233453670276776 -5.979807809268946 -1.0112359550561798 -0.41125251172136634 -1.150306748466258 -5.433112582781456 -2.370778773259821 -0.5693176879617557 -0.09486465975208704 -0.3502261393946423 -0.475189725627554 -1.4800530312161022 -0.6496207487154392 -0.5010755409338226 -0.36755223110652574 -0.8964891825365979 -0.4476620616365568 -0.38169055279321445 -0.19247378161628625 -2.411173445535297 -5.661622482648766 -0.7767793804681957 0.004829751267809712 -0.29835902536051717 0.2686108979278588 -0.01652472352866404 0.07882291119285338 -0.1248093190958258 -0.15804077693328505 -0.7229753215154674 -2.0100268159029957 -2.047092743873138 -2.0282143299096647 -0.37319021467798297 -0.01144019321215203 0.039830719442369926 -0.06550218340611354 -0.029073792053163506 -0.14959723820483314 -0.24964672633066418 -0.16894705532421178 -3.37807881773399 -3.5765255905511806 -0.4647160068846817 -0.7748756218905472 -0.24057135697281046 -0.10825082508250825 -0.19687910164795103 -0.24259097161435536 -0.251806684733514 -0.03179289201771318 -0.12148183786384407 -0.21344339622641512 -0.8531094073262748 -8.535309503051439 -1.8293591654247394 -0.4278140796449266 -0.34219053791315623
-0.09926470588235295 -0.03588650891555457 -0.10180109631949881 -0.05773005426625102 -0.10814623251439989 -0.04969826056088038 -0.14201762977473065 0.10563380281690142 -0.03975888162113633 0.04834921950545655 -0.0037883571157974485 -0.004884004884004878 -0.0323547034152187 -0.22140221402214025 -0.0747422680412371 -0.15337043908472475 -0.16816581931951508 -0.054867934158479 -0.05053191489361701 -0.12783505154639174 -0.1429483088704531 -0.0629551907171954 -0.41701617735170765 -0.345361438609027 -0.3946379353545478 -0.27296853279413624 -0.3630448926480156 -2.8469612543734613 -1.9851551956815114 -0.3945835760046593 -0.25357188827390914 -0.14735833233497067 -1.9927797833935021 -6.175647731419535 -1.066167290886392 -0.4179504353650369 -0.8575013943112102 -4.924503311258277 -2.372157133011716 -0.6040851803563668 -0.09486465975208702 -0.35370520700452285 -0.47402218330414475 -1.2112811859708328 -0.589674577930022 -0.49095280273313924 -0.2850141862264638 -0.6969814742842336 -0.39054197662061635 -0.37291605732670374 -0.22825416409623692 -2.8564749883122955 -5.296393218796222 -0.5154882951052258 -0.06761651774933591 -0.2834410740924913 0.24047070862113068 -0.00508453031651201 0.09064634787178139 -0.11648869782277076 -0.17372421281216072 -0.8898157803267293 -2.1277836073219074 -2.0735223450264297 -1.7324588541022152 -0.34697953070394405 -0.01144019321215203 0.034851879512073684 -0.05522733110711533 -0.03184272462965527 -0.1662191535609257 -0.23080546396608576 -0.2093991671624033 -4.023399014778325 -3.372293307086614 -0.41308089500860595 -0.6865671641791044 -0.2029820824458088 -0.10693069306930694 -0.1808371007729328 -0.2613480055020633 -0.23373983739837395 -0.03179289201771318 -0.10103439980755353 -0.3042452830188679 -0.8920530607277597 -8.806825258438161 -1.9684550422255342 -0.4364443348539021 -0.35126377187297475
-0.10784313725490195 -0.02691488168666592 -0.11075064324868553 0.005773005426625105 -0.12460326789702598 -0.04023192521595078 -0.1579333986287953 0.11170471102476931 -0.04104142618956008 0.05801906340654787 -0.012627857052658167 -0.003663003663003663 -0.05152786099460756 -0.22140221402214025 -0.08505154639175257 -0.15213358070500926 -0.19554165037152912 -0.06379992344009186 -0.09042553191489362 -0.13883161512027492 -0.14677728142948307 -0.060486359708677925 -0.49131216297183944 -0.33107062045968794 -0.41217739914808316 -0.2818147352457981 -0.3422251138581652 -3.2240507969418166 -2.5937921727395414 -0.4790331974373908 -0.2484232204916978 -0.13178387444590872 -2.4187725631768955 -6.164700158131614 -1.0649188514357055 -0.39785666443402545 -0.5660903513664252 -4.3112582781456945 -2.2922122674017915 -0.6069824713892511 -0.0986592461421705 -0.3548648962078163 -0.4600116754232341 -0.9569723996625286 -0.519941277220455 -0.46438061495634564 -0.234717565127676 -0.5182018396165305 -0.3227948990435706 -0.33781807546066106 -0.2800740283775447 -3.3450210378681624 -4.832176584366822 -0.31567746512177824 -0.1255735329630524 -0.2722526106414719 0.2084932207725761 0.003813397737384003 0.09852863899106673 -0.09291360421578146 -0.19785257570273856 -1.1215386397868148 -2.2327154016555903 -1.9858241230177804 -1.4552654374458607 -0.31452820768846723 -0.013982458370408036 0.03360716952949963 -0.05522733110711533 -0.02492039318842586 -0.20074159314665643 -0.19076778144135656 -0.25936942296252236 -4.629310344827585 -3.165600393700787 -0.3577575608556676 -0.6019900497512436 -0.1603809046485403 -0.12145214521452145 -0.15604491760245007 -0.2876078529448543 -0.22470641373080397 -0.04882479845577382 -0.07818138080346403 -0.3903301886792453 -0.9419496166484119 -8.982438659858015 -2.1174863387978142 -0.4611022068795464 -0.36941023979261184
-0.11642156862745097 -0.04037232252999888 -0.11186933661483386 0.004618404341300085 -0.13400728811566948 -0.042598509052183174 -0.17507345739471109 0.10441962117532784 -0.03206361421059382 0.05940046967813234 -0.02525571410531633 -0.015873015873015872 -0.07908927501497905 -0.2423124231242313 -0.10438144329896906 -0.15831787260358687 -0.23073914743840435 -0.08676789587852493 -0.14228723404255322 -0.15257731958762882 -0.14550095724313974 -0.06295519071719541 -0.59796285200719 -0.3489341431463618 -0.4272112252568279 -0.2982433969417414 -0.3148991541964866 -3.496177270960218 -3.2564102564102564 -0.605707629586488 -0.23555155103616937 -0.1353779801126153 -2.877256317689531 -6.073470380732271 -1.0099875156054932 -0.39517749497655724 -0.29838259899609587 -3.6476821192052973 -2.13921433494142 -0.6055338258728089 -0.11004300531242095 -0.3664617882407515 -0.4611792177466433 -0.7569000843678437 -0.44286762906777577 -0.44793116538023536 -0.20763476915140572 -0.41715248089130724 -0.24840595111583422 -0.3144194208832992 -0.3220234423195558 -3.8382421692379616 -4.296279440209352 -0.16670607708678178 -0.15575947838686308 -0.25609149676777726 0.17907393195190582 0.016524723528664034 0.11297950604308984 -0.07072528082096798 -0.24007721076124983 -1.3938129996524156 -2.271190392911274 -1.9317635752042288 -1.1966340799406017 -0.28956565152271585 -0.01144019321215203 0.03734129947722181 -0.04623683534549191 -0.016613595458950577 -0.23014959723820483 -0.16132830899670278 -0.32599643069601425 -5.35960591133005 -2.940452755905512 -0.3134988935333169 -0.527363184079602 -0.12153865430397193 -0.1188118811881188 -0.1210441884205921 -0.3188695760910341 -0.211156278229449 -0.07834676961507892 -0.09141207601635795 -0.4764150943396226 -0.9808932700498966 -9.058413251961639 -2.2727272727272725 -0.48452718530390826 -0.3823720025923526
-0.11151960784313726 -0.03364360210833239 -0.11634411007942722 0.012700611938575235 -0.13165628306100857 -0.026032422198556383 -0.17507345739471109 0.10199125789218069 -0.057714505579068875 0.07459593866556155 -0.022730142694784697 -0.019536019536019533 -0.0970641102456561 -0.24477244772447726 -0.10567010309278349 -0.16573902288188003 -0.23725720245078868 -0.1301518438177874 -0.4295212765957447 -0.19518900343642615 -0.14167198468410977 -0.07036168374274782 -0.848412222887957 -0.39895200666904845 -0.4171886745176647 -0.29571591052698093 -0.26545217957059203 -3.493585590255281 -3.8016194331983804 -0.7862550960978452 -0.2162440468528768 -0.1461602971127351 -3.273164861612515 -5.674492154239143 -0.916354556803995 -0.3817816476892163 -0.1464026770775237 -2.894039735099338 -1.878704341833219 -0.583804143126177 -0.1176321780925879 -0.3595036530209904 -0.4448336252189142 -0.6713269856574665 -0.38169806704184 -0.43907376945463755 -0.19989682744389994 -0.38346936131623277 -0.19659936238044634 -0.2968704299502779 -0.40222085132634183 -4.121084618980833 -3.7194220047787008 -0.0957673208796406 -0.16421154310553004 -0.2237692690203878 0.1445382450754668 0.029236049319944068 0.11560693641618495 -0.03605602551657191 -0.29557244540957894 -1.7842660178426601 -2.1720881427072403 -1.7815953868332535 -1.009776017819577 -0.2646030953569645 -0.02796491674081607 0.039830719442369926 -0.05008990495761624 -0.0013844662882458825 -0.2493287303413886 -0.12482336316533209 -0.44497323022010715 -5.975369458128079 -2.6820866141732282 -0.28768133759527903 -0.47512437810945285 -0.11026187194587145 -0.13333333333333333 -0.10500218754557389 -0.337626609978742 -0.2088979223125565 -0.12149426592483252 -0.17681019966321868 -0.5294811320754718 -0.9930631617378605 -8.871590484493712 -2.401887729756582 -0.5252126741462212 -0.39662994167206744
-0.10906862745098037 -0.02915778849388808 -0.11075064324868553 0.005773005426625103 -0.13283178558833902 -0.029582297952904978 -0.18364348677766895 0.07892180670228265 -0.0705399512633064 0.05801906340654787 -0.017678999873721433 -0.013431013431013428 -0.10904733373277413 -0.24600246002460024 -0.10824742268041236 -0.16573902288188003 -0.23204275844088124 -0.1671557994130407 -0.7992021276595744 -0.31615120274914094 -0.12380344607530314 -0.0888779163066288 -1.1803475134811265 -0.46445158985351914 -0.40841894262089706 -0.28813345128269935 -0.19128171763175014 -3.365297395360892 -4.106612685560053 -1.0250436808386723 -0.18663920710516152 -0.16173475500179704 -3.604091456077016 -5.180634959250698 -0.8352059925093634 -0.3750837240455459 -0.04461795872838818 -2.223841059602649 -1.5658166781529979 -0.5417934231493553 -0.11257272957247659 -0.33051142293865243 -0.42848803269118496 -0.6050379655297096 -0.33031563494005384 -0.41503226622801465 -0.18184163012638638 -0.34978624174115824 -0.12353878852284803 -0.27639660719508635 -0.5083281924737817 -4.348994857410005 -3.119808851974058 -0.05202175455190352 -0.16541898092248247 -0.20139234211834908 0.11767715528268097 0.029236049319944068 0.1326852338413032 -0.008320621273055048 -0.35106768005790806 -2.1561812072760977 -2.011192724728926 -1.6134070158577607 -0.8538547209503775 -0.23714428357463807 -0.03050718189907208 0.04605426935524022 -0.03082455689699461 0.008306797729475285 -0.24677151259429744 -0.09067357512953367 -0.5746579417013683 -6.525862068965518 -2.4101870078740157 -0.2680108187853455 -0.4340796019900498 -0.11652675103370505 -0.12145214521452144 -0.10354382382966314 -0.35763411279229707 -0.20325203252032523 -0.17031906438060634 -0.2742362280490739 -0.5801886792452831 -1.0027990750882316 -8.5838834225931 -2.5198708395429703 -0.5609665885834053 -0.41218405703175626
-0.12254901960784315 -0.03364360210833239 -0.12193757691016893 0.006927606511950124 -0.14576231338897377 -0.03786534137971838 -0.19833496571988246 0.04492472073822242 -0.09875593176862896 0.015195468987429201 -0.03283242833691123 -0.020757020757020753 -0.11503894547633316 -0.25092250922509224 -0.11211340206185565 -0.17439703153988867 -0.2307391474384044 -0.21947173663391606 -1.2460106382978724 -0.5594501718213059 -0.13273771537970647 -0.12714479693864955 -1.598562013181546 -0.5442419911873289 -0.40466048609371086 -0.271704789586756 -0.13793103448275862 -3.22145911623688 -4.260458839406207 -1.2507280139778685 -0.17376753764963315 -0.17970528333533006 -3.8279181708784606 -4.646636662206544 -0.7602996254681649 -0.37642330877428 -0.011154489682097046 -1.5708609271523177 -1.2419021364576153 -0.514269158336955 -0.14672400708322791 -0.33746955815841356 -0.4144775248102743 -0.54115945522478 -0.29973085392708587 -0.3935214475515627 -0.18442094402888834 -0.3238761497603317 -0.08368756641870352 -0.26762211172857564 -0.6724244293645898 -4.506778868630201 -2.564569348048697 -0.029557815086308826 -0.1750784834581019 -0.1902038786673297 0.08186236889229981 0.012711325791280028 0.1287440882816605 0.006933851060879209 -0.44999396790927737 -2.565172054223149 -1.8421359449691033 -1.4175876982220088 -0.7387699542135875 -0.22466300549176238 -0.036862844794712094 0.027383619616629308 -0.02183406113537118 0.012460196594212929 -0.2723436900652091 -0.07772020725388598 -0.7376561570493754 -6.966748768472906 -2.154281496062992 -0.2630931890828621 -0.4092039800995025 -0.13908031574990604 -0.1254125412541254 -0.10500218754557386 -0.39139677379017124 -0.22018970189701897 -0.24412399227886908 -0.384892951647823 -0.6367924528301887 -1.01010101010101 -8.194046581143356 -2.622950819672131 -0.6139810134385403 -0.43551523007128967
-0.1286764705882353 -0.07401592463833127 -0.12529365700861395 -0.012700611938575222 -0.15163982602562592 -0.06034788782392616 -0.21792360430950047 -0.02064108790675086 -0.12440682313710401 -0.037297969332780775 -0.060613713852759175 -0.04884004884004883 -0.1378070701018574 -0.25584255842558423 -0.13144329896907217 -0.18800247371675943 -0.25420414548298786 -0.27816766619880057 -1.6835106382978722 -0.9209621993127147 -0.14167198468410974 -0.21602271324527839 -2.0335530257639305 -0.6561867333571514 -0.4096717614632924 -0.28813345128269935 -0.11060507482108 -2.946740961513542 -4.260458839406207 -1.4531158998252767 -0.16990603681297464 -0.22642865700251588 -3.9338146811071004 -4.053034910594818 -0.7066167290886393 -0.3804420629604822 -0.03625209146681539 -1.0847682119205297 -0.93039283252929 -0.4679125018108069 -0.1834050088540349 -0.3409486257682941 -0.41214244016345586 -0.505001807882367 -0.3009542451676046 -0.3922561052764772 -0.22568996646891928 -0.3264671589584143 -0.07571732199787459 -0.2690845276396608 -0.8611967921036399 -4.5780738662926606 -2.0923882125384 -0.024828564672499408 -0.20888674233276988 -0.18896071606166087 0.006395497569710929 -0.01652472352866404 0.08407777193904362 0.002773540424351681 -0.5706357823621667 -2.9834318155486037 -1.6719132563833505 -1.2385872176838058 -0.6608093057789877 -0.2234148776834748 -0.0813524850641922 -0.008712969878018423 -0.05008990495761624 0.012460196594212932 -0.2864083876742105 -0.08360810174281677 -0.9054134443783463 -7.332512315270935 -1.9279035433070866 -0.2630931890828621 -0.40920398009950254 -0.1741636386417742 -0.14917491749174916 -0.1268776432842351 -0.43266224834312866 -0.24954832881662145 -0.3292835244691722 -0.5364445513591533 -0.6945754716981132 -1.025921869295363 -7.741935483870966 -2.7347242921013413 -0.7015164591295772 -0.4808813998703824
-0.14215686274509803 -0.0942020859033307 -0.13871797740239403 -0.03579263364507562 -0.16339485129893028 -0.07099751508697197 -0.2350636630754163 -0.05706653715395823 -0.14749262536873156 -0.07321453239397709 -0.06440207096855663 -0.09645909645909645 -0.1390053924505692 -0.27921279212792127 -0.125 -0.21521335807050096 -0.252900534480511 -0.33558759729488324 -2.089095744680851 -1.318213058419244 -0.13401403956604976 -0.338229848166893 -2.4433792690233673 -0.7859949982136477 -0.3971435730393385 -0.31214457222292424 -0.06766428106701367 -2.5204094855513803 -4.136302294197031 -1.5725101921956903 -0.18406487321405587 -0.25757757278063975 -3.947051744885679 -3.4642987471110573 -0.6654182272159799 -0.36972538513060954 -0.07250418293363078 -0.776158940397351 -0.6381805651274984 -0.40127480805446913 -0.18087528459397925 -0.33630986895512 -0.3841214244016345 -0.4845124743883331 -0.26914607291411796 -0.3783373402505377 -0.22568996646891928 -0.3303536727555383 -0.04250797024442083 -0.2515355367066394 -0.9636027143738433 -4.4822346891070595 -1.704403231311867 -0.041380941120832355 -0.2137164936005796 -0.2026355047240179 -0.024302890764901507 -0.06482776153552815 0.06831318970047294 -0.006933851060879214 -0.6900711786705271 -3.315954118873827 -1.5075201119272474 -1.0631907736665065 -0.6001732458854102 -0.21717423864203694 -0.11440193212152028 -0.03360716952949963 -0.06807089648086309 0.012460196594212932 -0.29791586753612076 -0.10480452190296749 -1.0315288518738848 -7.4371921182266 -1.7064468503937007 -0.2729284484878289 -0.39925373134328357 -0.2067410098985089 -0.14917491749174916 -0.15021146273880706 -0.4726772539702388 -0.28003613369467023 -0.41557851708867943 -0.7120519605484725 -0.7452830188679245 -1.0332238043081414 -7.152821023788765 -2.8191753601589666 -0.7779558624090741 -0.5223590408295529
-0.1482843137254902 -0.09756644611416396 -0.15214229779617408 -0.04387484124235077 -0.16339485129893025 -0.07454739084132055 -0.24118511263467193 -0.08499271491015056 -0.15518789277927408 -0.0980798452824976 -0.06945321378961991 -0.12454212454212452 -0.13421210305572198 -0.2742927429274292 -0.12242268041237114 -0.22139764996907854 -0.23464998044583493 -0.38407553910935305 -2.327127659574468 -1.5395189003436425 -0.14550095724313977 -0.4505616590544377 -2.8028759736369087 -0.857449088960343 -0.39714357303933845 -0.3146720586376849 -0.049446974625894605 -2.0098483866787613 -3.832658569500675 -1.6074548631333723 -0.1853520401596087 -0.2935186294477058 -3.87725631768953 -2.8852937598832264 -0.6067415730337078 -0.3710649698593437 -0.09063022866703849 -0.6251655629139072 -0.39696760854583046 -0.3433289873967841 -0.18972931950417404 -0.33283080134523946 -0.35843549328663155 -0.4724599252741955 -0.25201859554685585 -0.3631532329495128 -0.23600722207892705 -0.33035367275553823 -0.014612114771519663 -0.2252120503071074 -1.0623072177668107 -4.159654043945769 -1.3824098304699053 -0.0626625679829747 -0.21492393141753202 -0.1964196916956738 -0.055001279099513946 -0.0889792805389602 0.05780346820809249 -0.005547080848703375 -0.782965375799252 -3.3657745336577456 -1.3361315145155648 -0.8781835655934647 -0.5333498329414678 -0.21967049425861207 -0.12202872759628829 -0.06099078914612895 -0.05394297456974055 -0.005537865152983529 -0.3068661296509398 -0.14719736222326896 -1.142177275431291 -7.0899014778325125 -1.5243602362204725 -0.2876813375952791 -0.39303482587064675 -0.24683623606064403 -0.14521452145214522 -0.18375382820475425 -0.4864324121545579 -0.2868112014453478 -0.4825706824117179 -0.8154919413038249 -0.7629716981132075 -1.0052330534258245 -6.375638311122182 -2.794336810730253 -0.8309702872642092 -0.5392093324692159
-0.15931372549019607 -0.09868789951777503 -0.1644479248238058 -0.06119385752222607 -0.15163982602562592 -0.07691397467755294 -0.2350636630754163 -0.10441962117532784 -0.16288316018981658 -0.11051250172675783 -0.09092057077913877 -0.13797313797313798 -0.14859197124026363 -0.2656826568265682 -0.1365979381443299 -0.21521335807050096 -0.2450788684656498 -0.4249074901110118 -2.4361702127659575 -1.613745704467354 -0.16592214422463308 -0.4863597086779411 -2.861593768723787 -0.8634035965225676 -0.39338511651215236 -0.300770883356502 -0.0468445022771633 -1.496695607101205 -3.3576248313090415 -1.5841584158415842 -0.19564937572403146 -0.3378459326704205 -3.614921780986762 -2.3306167132952202 -0.5593008739076154 -0.3724045545880777 -0.13106525376464026 -0.5721854304635762 -0.2660234321157823 -0.285383166739099 -0.204907665064508 -0.3258726661254784 -0.31640396964389955 -0.45799686633723036 -0.22999755321751897 -0.354295837023915 -0.23084859427392318 -0.3394222049488275 0.01859723698193411 -0.21351272301842644 -1.080814312152992 -3.7529219261337077 -1.1047900785072247 -0.09458500827618824 -0.2052644288819126 -0.21258080556936848 -0.06907137375287797 -0.1347400533875683 0.052548607461902264 -0.03050894466786854 -0.8408734467366388 -3.2672923183872085 -1.1705724612335318 -0.7039884670831331 -0.48508847914862024 -0.21967049425861207 -0.14363798144146436 -0.08837440876275827 -0.06036475725661443 -0.009691264017721172 -0.3349955248689426 -0.17074894017899198 -1.2147531231409876 -6.52832512315271 -1.3582677165354329 -0.2827637078927957 -0.39800995024875624 -0.2819195589525122 -0.16369636963696368 -0.202712556511594 -0.5001875703388771 -0.2901987353206865 -0.5552401498807766 -0.8804426268943949 -0.7841981132075472 -0.9492515516611901 -5.615892390085938 -2.663934426229509 -0.8913820737270374 -0.5495787427090084
-0.1678921568627451 -0.09532353930694179 -0.1644479248238058 -0.06465766077820115 -0.14811331844363462 -0.08164714235001774 -0.21914789422135167 -0.11534725594949005 -0.17699115044247787 -0.12708937698577152 -0.09092057077913877 -0.1538461538461538 -0.14499700419412825 -0.2583025830258302 -0.1327319587628866 -0.20902906617192332 -0.23073914743840435 -0.4504274594870486 -2.4587765957446805 -1.627491408934708 -0.17740906190172304 -0.5209233427971856 -2.829239065308568 -0.8455400738358938 -0.3783512904034076 -0.2893971944900796 -0.03253090435914119 -1.0587015679668264 -2.8609986504723346 -1.533197437390798 -0.20079804350624278 -0.34503414400383375 -3.2683513838748497 -1.808782386570977 -0.50187265917603 -0.34561286001339586 -0.1519799219185722 -0.5403973509933775 -0.14886285320468637 -0.23757786469650877 -0.20237794080445232 -0.3073176388727821 -0.2790426152948044 -0.4399180426660238 -0.20063616344506968 -0.3378463874478046 -0.21537271085891155 -0.3368311957507449 0.05313496280552603 -0.1959637320854051 -1.0610734114743985 -3.2748948106591866 -0.8135168961201502 -0.13596594939702059 -0.1931900507123883 -0.2150671307807061 -0.07290867229470453 -0.15634930723274437 0.0486074619022596 -0.04021633615309943 -0.8589697189045722 -3.102769088170548 -1.0061793167774282 -0.5526189332051898 -0.4417770077960649 -0.2184223664503245 -0.1538070420744884 -0.10580034851879512 -0.06807089648086309 -0.024920393188425864 -0.3349955248689426 -0.19312293923692886 -1.2147531231409876 -5.848522167487685 -1.1872539370078738 -0.2901401524465208 -0.3855721393034826 -0.3107380027565468 -0.16897689768976898 -0.2275047396820767 -0.4851819432287107 -0.30826558265582654 -0.5858975814692857 -0.9285542458503727 -0.7676886792452831 -0.8847511257149812 -4.782662847178975 -2.4726775956284155 -0.9074096905437061 -0.5443940375891121
-0.17279411764705882 -0.09420208590333072 -0.16332923145765746 -0.114305507447177 -0.14106030327965205 -0.07454739084132053 -0.21547502448579822 -0.11291889266634288 -0.19109914069513917 -0.12708937698577152 -0.09470892789493623 -0.15018315018315015 -0.14379868184541644 -0.24723247232472328 -0.13402061855670105 -0.19418676561533704 -0.2268283144309738 -0.44787546254944505 -2.449468085106383 -1.6137457044673535 -0.17996171027440971 -0.5196889272929268 -2.7621330137807067 -0.8276765511492199 -0.3670759208218491 -0.26285858713509413 -0.05465191932335719 -0.6738369832836595 -2.26855600539811 -1.434187536400699 -0.20852104517955977 -0.3402420031148916 -2.838748495788207 -1.4195353363337795 -0.44444444444444436 -0.3228399196249163 -0.18544339096486334 -0.5178807947019868 -0.0771881461061337 -0.18687527162103432 -0.2011130786744245 -0.28992230082337933 -0.25685931115002913 -0.42907074846329996 -0.17005138243210177 -0.31886625332152346 -0.20247614134640188 -0.33424018655266224 0.0730605738575983 -0.18865165252997954 -1.0314620604565081 -2.733754090696588 -0.5723062919558539 -0.15961220146606764 -0.1799082347259116 -0.20139234211834908 -0.08058326937835764 -0.17160289818228042 0.03678402522333159 -0.05824434891138538 -0.8553504644709855 -2.8525083999536553 -0.8301270840620264 -0.4817395482940894 -0.3935156540032175 -0.19845232151772338 -0.16906063302402444 -0.09957679860592483 -0.07706139224248651 -0.022151460611934105 -0.3311596982483058 -0.21785209609043804 -1.1826293872694824 -5.15024630541872 -0.9965551181102361 -0.2827637078927957 -0.36815920398009955 -0.31574990602681363 -0.17425742574257427 -0.23917164940936267 -0.47392772289608603 -0.30149051490514905 -0.6131486317701828 -0.9441905220110656 -0.7452830188679245 -0.7813070463672872 -3.9369784531074847 -2.2168405365126675 -0.9111083713475528 -0.5029163966299416
-0.16911764705882354 -0.07738028484916451 -0.15214229779617405 -0.11199630527652697 -0.1293052780063477 -0.05679801206957756 -0.20200783545543585 -0.0995628946090335 -0.19879440810568166 -0.11880093935626468 -0.0921833564844046 -0.14407814407814404 -0.1294188136608748 -0.23616236162361623 -0.12113402061855671 -0.1867656153370439 -0.21509581540868208 -0.4465994640806432 -2.410904255319149 -1.6082474226804124 -0.1876196553924697 -0.509813603258857 -2.662672258837627 -0.7788495891389783 -0.3608118266098722 -0.2274737773284468 -0.08718282368249837 -0.37838538292082413 -1.6180836707152497 -1.3016889924286548 -0.20980821212511264 -0.3246675452258297 -2.353790613718412 -1.0485342415764507 -0.39700374531835203 -0.2866711319490958 -0.21890686001115447 -0.4927152317880795 -0.035837353549276356 -0.13472403302911778 -0.19225904376422973 -0.25629131392786736 -0.2311733800350262 -0.3977341207665421 -0.13824321017861513 -0.29988611919524233 -0.18828991488264124 -0.321285140562249 0.07571732199787459 -0.17841474115238376 -0.9895126465144972 -2.1645628798503975 -0.37888269427693705 -0.1797115157247576 -0.1666264187394349 -0.18150174042764794 -0.08697876694806855 -0.16778950044489643 0.028901734104046246 -0.05685757869920953 -0.826396429002292 -2.554744525547445 -0.6680657572577824 -0.3820278712157616 -0.346491770820443 -0.17723414877683474 -0.17287403076140845 -0.09335324869305452 -0.07963010531723606 -0.013844662882458813 -0.31837360951285 -0.22962788506829956 -1.1326591314693635 -4.323891625615763 -0.8132381889763778 -0.27046963363658716 -0.3482587064676617 -0.32577371256734744 -0.1716171617161716 -0.261047105148024 -0.4501688133049894 -0.30036133694670275 -0.6131486317701829 -0.9357709886937693 -0.7016509433962265 -0.6815139345259827 -3.0875576036866357 -1.949826130153999 -0.8852176057206262 -0.4821775761503565
-0.1691176470588235 -0.08298755186721991 -0.14543013759928403 -0.11430550744717702 -0.12225226284236512 -0.057981303987693765 -0.18609206660137123 -0.1007770762506071 -0.16160061562139286 -0.12570797071418705 -0.08208107084227807 -0.13797313797313798 -0.09586578789694429 -0.22386223862238622 -0.09536082474226804 -0.1818181818181818 -0.1929344283665754 -0.42107949470460626 -2.118351063829787 -1.5670103092783505 -0.17740906190172306 -0.4937662017034935 -2.389454763331336 -0.6966773847802787 -0.32698571786519665 -0.20219891318084166 -0.0936890045543266 -0.28508487754308665 -1.0350877192982457 -1.1036691904484568 -0.207233878234007 -0.30909308733676777 -1.8808664259927803 -0.8101204233061672 -0.348314606741573 -0.2705961152042867 -0.22866703848298936 -0.48741721854304637 -0.03170227429359063 -0.10575112270027524 -0.1720212496837845 -0.2272990838455294 -0.2054874489200233 -0.35916596360130165 -0.11377538536824076 -0.2733139314184487 -0.16636574671137477 -0.29667055318046376 0.0810308182784272 -0.1608657502193624 -0.8883405305367058 -1.6947171575502569 -0.28217089543747864 -0.18680539134547172 -0.14247766240038634 -0.16534062655395326 -0.06523407521105141 -0.1525359094953604 0.04072517078297425 -0.05547080848703369 -0.7600434310532029 -2.101726335302977 -0.5444794217092224 -0.32676597789524264 -0.2908055933671575 -0.1472790813779331 -0.14872251175797635 -0.0746825989544436 -0.05522733110711533 -0.004153398864737645 -0.28512977880066487 -0.2390485162505888 -1.0101130279595476 -3.472906403940887 -0.658218503937008 -0.24465207769854933 -0.3146766169154229 -0.30948502693898006 -0.1438943894389439 -0.26250546886393467 -0.4164061523071152 -0.2664859981933152 -0.5756784376064494 -0.8515756555208082 -0.6356132075471698 -0.593890714372642 -2.432432432432432 -1.6554893194237454 -0.8161755640488225 -0.4458846403110823
-0.1715686274509804 -0.07065156442749801 -0.14095536413469065 -0.1027594965939268 -0.11167274009639121 -0.04733167672464796 -0.16650342801175316 -0.08620689655172416 -0.13723226882134157 -0.11327531426992679 -0.08586942795807552 -0.12332112332112329 -0.07070101857399641 -0.21279212792127922 -0.09149484536082474 -0.16450216450216448 -0.18511276235171423 -0.38662753604695677 -1.7406914893617018 -1.4419243986254293 -0.18251435864709636 -0.44562399703740285 -2.0251647693229478 -0.5811599380731214 -0.305687797544475 -0.1693415897889549 -0.11060507482108002 -0.21381365815731498 -0.6828609986504722 -0.8241118229470008 -0.2213927146350882 -0.2755481011141728 -1.4620938628158844 -0.6191460892835423 -0.30711610486891383 -0.245144005358339 -0.23842721695482433 -0.4794701986754967 -0.05926946933149552 -0.09126466753585397 -0.1581077662534784 -0.19714716455989792 -0.17162872154115588 -0.32300831625888876 -0.0893075605578664 -0.24294571681639887 -0.1457312354913593 -0.27982899339292655 0.06641870350690754 -0.15209125475285173 -0.7476866132017272 -1.2131837307152877 -0.22300603026510407 -0.19153464175928112 -0.1316107220478145 -0.1516658378915962 -0.06779227423893577 -0.14109571628320836 0.01576458223857068 -0.05685757869920952 -0.6864519242369405 -1.6394392306801067 -0.44770898915704793 -0.2703027390677558 -0.25120653384482117 -0.11108337493759361 -0.14618024659972034 -0.05352252925068458 -0.07320832263036219 0.005537865152983523 -0.2685078634445723 -0.2260951483749411 -0.8530636525877453 -2.6046798029556655 -0.516732283464567 -0.20531104007868212 -0.27487562189054726 -0.28442551058764565 -0.1188118811881188 -0.261047105148024 -0.38014255345754655 -0.22244805781391142 -0.5336664017258997 -0.7481356747654561 -0.5648584905660377 -0.4855786783497626 -1.8482999128160416 -1.3251366120218577 -0.7606953519911233 -0.3823720025923526
-0.1519607843137255 -0.05607267018055397 -0.11410672334713054 -0.10622329984990186 -0.08346067944046079 -0.03076558987102117 -0.12855044074436828 -0.06070908207867898 -0.09234320892651023 -0.08012156375189944 -0.07071599949488572 -0.1001221001221001 -0.043139604553624936 -0.20541205412054117 -0.059278350515463915 -0.137291280148423 -0.1564333202972233 -0.3317596018884777 -1.2792553191489362 -1.1821305841924397 -0.1671984684109764 -0.37032465127762004 -1.5733972438585977 -0.4430153626295107 -0.26559759458782256 -0.1301655503601668 -0.10279765777488614 -0.14772580018141765 -0.45344129554655865 -0.5430984274898079 -0.2213927146350882 -0.23002276266922253 -1.1119133574007218 -0.4549324899647245 -0.2534332084893883 -0.19022103148024114 -0.21890686001115447 -0.43841059602649 -0.057891109579600274 -0.04056207446037955 -0.11257272957247662 -0.15539835324133128 -0.13426736719206073 -0.28202964927082075 -0.04159530217763641 -0.20118942173858026 -0.10575187000257932 -0.2383728462236041 0.08235919234856534 -0.11114360924246858 -0.5564466378778532 -0.7608695652173914 -0.15929002161793154 -0.1773468905178529 -0.10142477662400384 -0.11934361014420687 -0.04732668201586083 -0.11313079954239229 0.017078297425118235 -0.03882956594092357 -0.5754614549402823 -1.1481867686247251 -0.3521044654308033 -0.23906775588659293 -0.19180794456131667 -0.07488766849725412 -0.12838439049192832 -0.031117749564351493 -0.06807089648086309 0.027689325764917627 -0.24165707710011505 -0.20960904380593498 -0.6745984533016062 -1.785714285714286 -0.40231299212598437 -0.16597000245881482 -0.2537313432835821 -0.24433028442551055 -0.09768976897689768 -0.23187983082980898 -0.32762285857196444 -0.16034327009936766 -0.4644033155444533 -0.6218426750060141 -0.47995283018867924 -0.3663137398077157 -1.3426329555361813 -0.9960258320914057 -0.676858587103933 -0.29941672067401165
-0.14705882352941174 -0.002242906807222153 -0.09397024275646047 -0.07389446946080129 -0.07053015163982602 0.01774937877174299 -0.10039177277179234 0.014570179698882954 -0.0654097729896114 5.551115123125783e-18 -0.058088142442227556 -0.0537240537240537 -0.017974835230677055 -0.17589175891758918 -0.0425257731958763 -0.08781694495980209 -0.13818276626254725 -0.2322317213219344 -0.8444148936170212 -0.7780068728522335 -0.1582641991065731 -0.2567584248858166 -1.108448172558418 -0.29415267357389546 -0.2392883988975194 -0.07456084923543535 -0.10540013012361744 -0.06997537903330311 -0.3549257759784076 -0.2941176470588235 -0.19822370961513713 -0.1677249311129747 -0.8158844765342959 -0.32477800754166164 -0.1947565543071161 -0.13797722705961152 -0.1798661461238148 -0.37748344370860926 -0.055134390075809794 -0.010140518615094886 -0.07968631419175311 -0.10553171749971005 -0.09690601284296559 -0.2374352175485115 0.002446782481037435 -0.13665696570922434 -0.06577250451379932 -0.1515740380878352 0.09564293304994685 -0.04241006142146827 -0.35040098704503386 -0.37985039738195414 -0.10240072818295598 -0.15251832584535346 -0.06278676648152623 -0.07210343112879165 -0.003837298541826553 -0.06737002669378414 0.035470310036784025 0.004160310636527523 -0.43189769574134396 -0.6337620206233343 -0.26116357700827797 -0.17539644401729937 -0.12374706100730108 -0.016225661507738392 -0.08008135248506419 0.03360716952949963 -0.04238376573336757 0.06506991554755641 -0.2109704641350211 -0.16132830899670275 -0.4830458060678168 -1.0270935960591134 -0.28297244094488183 -0.09097614949594293 -0.20149253731343286 -0.15912792883097354 -0.05544554455445545 -0.15604491760245004 -0.2713517569088408 -0.08242999096657636 -0.3917338480753946 -0.45585758960789047 -0.3903301886792453 -0.23487890957770471 -0.9092041350105866 -0.6495280675608545 -0.5720626309949451 -0.1892417368762152
