-0.061297045482407754 0.1032200157073937 -0.045851040035786175 0.03926096997690531 -0.03173110823833588 0.11480648597467154 -0.11007827788649707 0.11174541479412123 -0.11270491803278689 0.05382279878553685 -0.09967196568256372 0.1516077760117374 0.011977482333213557 0.03694581280788178 -0.07978381160725775 0.08048538880633976 -0.11972930765226444 0.07811499551799206 -0.06114581948690682 0.016540317022742935 -0.025546046749265548 0.13471758744283774 -0.008392279103225032 0.07391511683357177 -0.06266449429753101 0.14171833480956603 -0.028552887735236863 0.19268071899650846 0.008112493239588967 0.09625200525010938 -0.15828078754343072 0.014378145219266714 -0.172268401397422 -0.12181751735899622 -0.40124610591900306 -0.07780013413816231 -0.6006131549609811 -0.173727114793532 -0.3292918159272527 -0.001448855404230656 -0.21298046628859485 -0.048644892286309936 -0.3098066620079199 -0.31600530695935347 -0.7058393270754602 -0.22666835507154617 -1.0039697784607504 -0.5114890302479553 -0.49490538573508014 -0.09074941451990633 -0.028374043918085373 -0.13361217613570348 -0.45624363183516364 -0.305532617671346 -0.187929165160824 -0.10057114477278373 -0.1697294538029607 -0.10423287148849625 -0.16524590163934424 -0.09146341463414634 -0.09284939105269505 0.06731662024141133 -0.1775493517112487 -0.1656265002400384 -0.24975272007912955 -0.007482229704451923 -0.1751269035532995 0.05226480836236933 -0.08082103912764592 0.07475083056478404 -0.09709978280311742 0.03536067892503536 -0.21987164250059427 -0.14899642901120552 -0.18923568444335218 -0.05525540275049116 -0.20441030723488604 0.07768450068913671 -0.18815789473684208 0.00875018229546449 -0.0912614076759595 0.045167118337850046 0.04549073126350506 -0.06740491092922485 -0.17701203681850367 -0.0632295719844358 -0.2662685081498071 0.15294702810246208 -0.15530629853321828 0.08554763447828903
-0.06374892730170406 0.09985414562997869 -0.034667859539252964 0.04387990762124712 -0.037607239393583264 0.10652148183216947 -0.11252446183953033 0.1105307907202721 -0.11398565573770494 0.05382279878553685 -0.08074690890739337 0.15283041936667077 0.034734698766319315 0.03694581280788177 -0.06305494788315531 0.07305596830113917 -0.09109838625715774 0.0768344218209758 -0.06114581948690682 0.011026878015161952 -0.014050325712096051 0.12977382276603633 -0.0011988970147464317 0.07391511683357177 -0.07269081338513597 0.12400354295837027 -0.04023361453601557 0.17845596792965213 -0.01352082206598161 0.08604345923873413 -0.1621412945566851 -0.01317996645099449 -0.1710637272617757 -0.20221707881593373 -0.5420560747663552 -0.14755197853789404 -0.794314381270903 -0.28464519577709474 -0.3582254064480573 -0.034772529701535784 -0.20793950850661624 -0.08454945564049107 -0.4134637782436525 -0.5041611385840068 -1.1203218334755578 -0.3330378624794226 -1.531566141631451 -0.9113332467869661 -0.5835649067090116 -0.14197892271662765 -0.02467308166790032 -0.19518996165911467 -1.1026831201177403 -0.4447328064173647 -0.19395253583905553 -0.14651105040973428 -0.16845329249617153 -0.14745137917884835 -0.1757377049180328 -0.11917960088691797 -0.10129024478475823 0.0383008356545961 -0.24880270996378934 -0.2760441670667307 -0.3053907022749752 -0.0411522633744856 -0.19035532994923857 0.03359880537580885 -0.0949326491340603 0.06644518272425247 -0.09326689663983646 0.01885902876001886 -0.26622296173044924 -0.24504371382834625 -0.23347259768985013 -0.1043713163064833 -0.23042616451932604 0.060142839243202614 -0.1986842105263158 -0.0029167274318214974 -0.08126015751968997 0.03839205058717254 0.07164790174002048 -0.08425613866153106 -0.17347179608213356 -0.11065175097276266 -0.27746671643648124 0.12932106441183785 -0.15037593984962408 0.07128969539857419
-0.06865269094029668 0.11556153932458209 -0.031312905390293 0.05080831408775982 -0.0458338230109296 0.11480648597467154 -0.1076320939334638 0.12267703145876352 -0.10886270491803278 0.06486337289539056 -0.08705526116578349 0.16383420956107106 0.035932446999640676 0.046798029556650245 -0.07463646892291853 0.0866765725606736 -0.07938573659552317 0.09732360097323602 -0.06779210421374451 0.03032391454169538 -0.022991442074338994 0.12977382276603633 0.0 0.08583690987124465 -0.09023687178844467 0.10249272428191825 -0.05580791693705386 0.1642312168627958 -0.018929150892374257 0.07729327694326964 -0.1569939518723459 -0.021567217828900077 -0.16504035658354416 -0.2679985381897917 -0.681619937694704 -0.20120724346076463 -0.9963768115942029 -0.38353601496725914 -0.3761366767704602 -0.05070993914807302 -0.22432262129804661 -0.11813759555246699 -0.5334265082692756 -0.7019659872150525 -1.539680604656833 -0.40141826009877174 -2.047637341529005 -1.2891081396858368 -0.6603149397909224 -0.1683255269320843 -0.055514433752775726 -0.2579295921924015 -1.8544096003622776 -0.5780346820809249 -0.21202264787375014 -0.16637695555003726 -0.1761102603369066 -0.1627049701283844 -0.1901639344262295 -0.1385809312638581 -0.11334860725913423 0.039461467038068715 -0.314215629015302 -0.4824771963514163 -0.3684470820969337 -0.05861079935154009 -0.20431472081218277 0.028621204579392732 -0.11032713277742143 0.0650609080841639 -0.10859844129296028 0.0165016501650165 -0.31376277632517235 -0.4506834133727374 -0.31334480216269356 -0.15839882121807466 -0.27254707631318137 0.055130935972935724 -0.21052631578947373 -0.001458363715910748 -0.09876234529316166 0.039521228545618785 0.06254975548731946 -0.10471834376504574 -0.2112343639367477 -0.1507782101167315 -0.3297250217742939 0.12683412086545637 -0.1639344262295082 0.0699935191186001
-0.06987863184994483 0.12229327947941208 -0.025721315142026392 0.041570438799076216 -0.06228699024562229 0.10178719375073972 -0.11619373776908024 0.11296003886797035 -0.11142418032786885 0.067623516422854 -0.09462528387585163 0.16016627949627096 0.034734698766319315 0.043103448275862065 -0.09393900398919057 0.07677067855373948 -0.08068714211348257 0.09604302727621974 -0.08108467366741991 0.027567195037904897 -0.03065525609911866 0.12730194042763562 -0.0071933820884786 0.08822126847877923 -0.11906253916530893 0.08477793243072249 -0.07787151200519143 0.1409543514806673 -0.029745808545159548 0.07437654951144815 -0.1544202805301763 -0.031152647975077885 -0.1710637272617757 -0.36667072725057864 -0.8311526479750778 -0.25486250838363517 -1.20958751393534 -0.5051449953227316 -0.39267015706806285 -0.06809620399884092 -0.2394454946439823 -0.16678248783877692 -0.6673654786862334 -0.9311301411168736 -1.9639156406192857 -0.4875269089527669 -2.5739531310026895 -1.670777619109438 -0.7502977371973005 -0.20930913348946137 -0.06415001233654084 -0.3334495178343209 -2.640099626400996 -0.681844992332193 -0.2072039513311649 -0.19120933697541592 -0.16334864726901482 -0.18939875429007244 -0.19540983606557377 -0.14966740576496673 -0.135053659713011 0.02901578458681523 -0.39130942646887046 -0.8965434469515123 -0.45004945598417406 -0.07606933532859458 -0.22588832487309643 0.02364360378297661 -0.1372674791533034 0.06090808416389811 -0.13287338699373963 0.0 -0.3565486094604231 -0.8607314370151459 -0.41042025067584176 -0.2725933202357564 -0.3431615460852329 0.03132439543916802 -0.24078947368421053 -0.011666909727285985 -0.11751468933616702 0.02710027100271003 0.05003980438985558 -0.13962445835339432 -0.2607977342459287 -0.23711089494163423 -0.3969142714943387 0.08331260880378018 -0.19351657833107358 0.047958522359040835
-0.06987863184994485 0.1178054527095254 -0.030194587340639678 0.04387990762124711 -0.0611117640145728 0.09942004971002485 -0.1039628180039139 0.09959917405562979 -0.1127049180327869 0.04830251173060998 -0.10976532929598788 0.16261156620613765 0.016768475266498984 0.04310344827586207 -0.110667867713293 0.07429420505200596 -0.0702758979698074 0.09604302727621974 -0.0943772431210953 0.026188835286009647 -0.03704176778643505 0.12730194042763565 -0.016784558206450063 0.07868383404864092 -0.14914149642812383 0.08604327470580792 -0.09733939000648928 0.1344885555411871 -0.052731206057328284 0.06562636721598367 -0.1595676232145155 -0.03834172058471125 -0.17708709794000724 -0.4738701425264953 -0.9806853582554517 -0.29376257545271633 -1.4450947603121516 -0.6534812241079782 -0.42022595756406717 -0.08693132425383947 -0.2470069313169502 -0.21542738012508686 -0.7966457023060798 -1.1458207695091063 -2.3515786907229064 -0.5457768772951753 -3.0336790882315277 -1.999221082695054 -0.8296943231441049 -0.25322014051522246 -0.07155193683691094 -0.4380155687231323 -3.4303181252122728 -0.7549840745546773 -0.2072039513311649 -0.19493419418922275 -0.15441551812149057 -0.2097368755561205 -0.21114754098360655 -0.17738359201773835 -0.1483178584348246 0.02089136490250697 -0.4672351360822334 -1.3910225636101776 -0.5254698318496538 -0.08479860331712183 -0.24746192893401014 0.021154803384768543 -0.16420782552918536 0.055370985603543754 -0.14181678804139516 -0.012965582272512965 -0.3981459472308058 -1.3224972294052457 -0.49029245514868514 -0.4383595284872298 -0.39643211100099107 0.020047613081067533 -0.2618421052631579 -0.020417092022750473 -0.13251656457057132 0.035004516711833786 0.028431707039690658 -0.1576793452094367 -0.30800094406419637 -0.3125 -0.4591265397536394 0.07585177816463566 -0.20954024405275487 0.04536616979909267
-0.0760083363981856 0.11219566924716706 -0.04696935808543949 0.04849884526558892 -0.07874015748031496 0.10060362173038229 -0.11374755381604698 0.09474067776023322 -0.1255122950819672 0.04554236820314656 -0.11481201110269997 0.16138892285120426 -0.0071864893999281365 0.025862068965517244 -0.13383090979281945 0.06810302129767212 -0.06767308693388861 0.10628761685234984 -0.11830386813771102 0.030323914541695383 -0.03831907012389833 0.12359411692003461 -0.02637573432442153 0.06080114449213161 -0.1729540042611856 0.08351259015563708 -0.12848799480856588 0.10991853097116255 -0.07706868577609519 0.035000729181857954 -0.16471496589885473 -0.05271986580397795 -0.1698590531261294 -0.5908149591911316 -1.1264797507788162 -0.3071763916834339 -1.761426978818283 -0.9301082453561407 -0.4588040782584734 -0.10866415531729934 -0.2545683679899181 -0.2675469075747047 -0.9212671791288145 -1.3725726691593294 -2.7038888211629897 -0.5533746992528809 -3.3243693174542193 -2.2458782292613266 -0.8852719333068679 -0.2912763466042155 -0.07278559092030595 -0.5774369699082141 -4.201290614740179 -0.7797569895010028 -0.19997590651728706 -0.19120933697541592 -0.1365492598264421 -0.22626159908478455 -0.22557377049180327 -0.2106430155210643 -0.16881707464126372 -0.005803156917363045 -0.5384884943347741 -1.8759001440230438 -0.5909990108803165 -0.09352787130564909 -0.2512690355329949 0.031110004977600792 -0.19114817190506733 0.053986710963455156 -0.15714833269451894 -0.02593116454502593 -0.43974328500118853 -1.7707178918852358 -0.5763086753502089 -0.8177799607072691 -0.46580773042616447 0.018794637263500807 -0.28947368421052627 -0.017500364590928977 -0.1387673459182398 0.01693766937669377 0.01819629250540202 -0.1853635050553683 -0.3445834316733538 -0.5070525291828794 -0.51511758118701 0.04973887092762995 -0.22433132010353757 0.02073882047958522
-0.08826774549466716 0.10658588578480872 -0.0782822634757325 0.04041570438799076 -0.10341990833235397 0.10297076577109716 -0.12964774951076324 0.0910968055386858 -0.14344262295081966 0.04554236820314656 -0.1274287156194802 0.16261156620613765 -0.022757216433105763 0.007389162561576355 -0.14798610217475228 0.06067360079247151 -0.06376887038001042 0.1075681905493661 -0.1276086667552838 0.035837353549276356 -0.04853748882360455 0.11370658756643184 -0.03716580745713943 0.047687172150691466 -0.19425993232234615 0.07338985195495382 -0.17131732641142117 0.09698693909220225 -0.10411032990805842 0.024792183170482714 -0.17629648693861794 -0.07548526240115025 -0.1710637272617757 -0.7296869289803873 -1.2685358255451713 -0.29912810194500333 -2.229654403567447 -1.3417078711746626 -0.537338109672086 -0.13184584178498987 -0.2734719596723377 -0.34977993977299054 -1.0633589564407175 -1.6234471113255338 -3.0171888333536514 -0.5685703431682918 -3.4703547189140735 -2.4094508633000133 -0.950112478496758 -0.33811475409836067 -0.08882309400444116 -0.764494016498199 -4.930374731121929 -0.783295977350478 -0.19997590651728708 -0.17755152719145767 -0.13910158244002044 -0.2478708529299606 -0.24 -0.23697339246119734 -0.1869046183528277 -0.04990714948932219 -0.6447844877934822 -2.35597695631301 -0.6528189910979229 -0.10101010101010102 -0.27284263959390864 0.018666002986560477 -0.22578576010262985 0.04291251384274641 -0.18908905072186022 -0.04479019330504479 -0.5146184929878773 -2.194311045437754 -0.6819857458835095 -1.3420923379174852 -0.5562438057482656 0.008770830722967044 -0.32763157894736844 -0.027708910602304217 -0.16627078384798102 0.009033423667570007 -0.006823609689525767 -0.19258545979778527 -0.3906065612461648 -0.8207684824902725 -0.5847953216374269 0.023625963690624228 -0.24282016516701593 0.00777705767984446
-0.09439745004290792 0.10546392909233704 -0.1095951688660255 0.03926096997690531 -0.11987307556704667 0.09586933364895253 -0.14065557729941291 0.08988218146483665 -0.1485655737704918 0.040022081148219715 -0.14635377239465053 0.1601662794962709 -0.0407234399329261 0.001231527093596057 -0.17114914425427874 0.053244180287270924 -0.061166059344091625 0.10244589576130106 -0.12627940980991625 0.019297036526533425 -0.058755907523310766 0.11865035224323324 -0.0611437477520681 0.035765379113018594 -0.22057901992730916 0.07592053650512463 -0.20895522388059704 0.10215957584378636 -0.12033531638723635 0.024792183170482714 -0.19559902200489 -0.07548526240115025 -0.18672449102517769 -0.9172859057132415 -1.4205607476635511 -0.2749832327297116 -2.7285395763656632 -1.8575437658693037 -0.6268944612841003 -0.15502752825268037 -0.2948960302457467 -0.41811443131804493 -1.1996273002562312 -1.8405499939693644 -3.2695355357795934 -0.5356464480182348 -3.539505698552952 -2.453589510580293 -1.0175995765515418 -0.3542154566744731 -0.10979521342215644 -1.0003485535029626 -5.572285746631949 -0.7703196885690693 -0.19515720997470185 -0.15023590762354108 -0.12761613067891783 -0.23643065971780858 -0.2308196721311475 -0.25221729490022177 -0.1989629808272037 -0.06847725162488393 -0.7814507650975354 -2.8060489678348537 -0.7059841740850643 -0.08604564160119717 -0.28553299492385786 0.022399203583872575 -0.24374599101988453 0.04706533776301219 -0.2197521400281078 -0.06247053276756247 -0.5930591870691704 -2.5821943110454377 -0.7876628164168101 -1.9020137524557956 -0.6578295341922695 0.006264879087833605 -0.36578947368421055 -0.04666763890914394 -0.19377422177772224 -6.938893903907229e-19 -0.0341180484476288 -0.19258545979778527 -0.447250413028086 -1.2305447470817121 -0.6631827796441458 -0.0037304153195722458 -0.2588438308886972 -0.012961762799740767
-0.0894936864043153 0.10209805901492204 -0.12413330351151868 0.05080831408775981 -0.12457398049124455 0.08285004142502071 -0.14799412915851273 0.0910968055386858 -0.15368852459016394 0.034501794093292855 -0.1614938178147868 0.15649834943147084 -0.05988741166606779 0.004926108374384235 -0.18401750096512673 0.052005943536404156 -0.0663716814159292 0.10628761685234984 -0.1435597500996943 0.013783597518952445 -0.06769702388555371 0.11865035224323321 -0.0755305119290253 0.028612303290414875 -0.2406316581025191 0.058205744653928894 -0.26865671641791045 0.07888271046165783 -0.159545700378583 0.0014583637159107474 -0.208467378715738 -0.09225976515696142 -0.18551981688953137 -1.1865026190766232 -1.568847352024922 -0.2562038900067069 -3.1856187290969897 -2.376052385406923 -0.744006613392119 -0.18400463633729355 -0.3163201008191556 -0.5015056752374335 -1.3289075238760772 -2.080569292003377 -3.475557722784348 -0.5014562492085602 -3.533102830067871 -2.462676879137998 -1.0705306338494112 -0.39227166276346603 -0.13076733283987169 -1.307075636110143 -6.1224951884976795 -0.7243128465258938 -0.18070112034694616 -0.11795381177054878 -0.10974987238386932 -0.2326172619804246 -0.22426229508196727 -0.27300443458980045 -0.21584468829133008 -0.09168987929433611 -0.9519915897675506 -3.2237157945271244 -0.7542037586547973 -0.06858710562414266 -0.30710659898477155 0.029865604778496764 -0.2719692110327133 0.03737541528239202 -0.2529704867765427 -0.07307873644507308 -0.7035892560019017 -2.9269794360300456 -0.8884246743671665 -2.4742141453831046 -0.7680872150644202 0.0075178549054003285 -0.41052631578947374 -0.06854309464780516 -0.22002750343792976 -0.005645889792231256 -0.05800068236096896 -0.1661049590755898 -0.5204153882464008 -1.6938229571984433 -0.770187881050143 -0.036060681422531715 -0.30075187969924816 -0.04277381723914453
-0.08581586367537085 0.08975653539773365 -0.12636993961082532 0.04849884526558891 -0.11869784933599718 0.0733814652621612 -0.14310176125244617 0.09595530183408237 -0.1408811475409836 0.03174165056582943 -0.16401715871814285 0.15405306272160407 -0.08623787279913762 0.008620689655172417 -0.20718054304465316 0.049529470034670633 -0.07548152004164498 0.121654501216545 -0.15685231955336967 0.03583735354927636 -0.07152893089794354 0.11123470522803114 -0.09231507013547535 0.025035765379113013 -0.26068429627772904 0.04049095280273314 -0.436080467229072 0.0025863183757920518 -0.18658734451054623 -0.008750182295464492 -0.22004889975550124 -0.08866522885214474 -0.19997590651728708 -1.5592642221951516 -1.6947040498442365 -0.2052313883299799 -3.3890746934225198 -3.05091540825872 -0.8900523560209423 -0.2129817444219067 -0.3289224952741021 -0.6126940004632847 -1.4034474726298627 -2.3000844288988063 -3.579178349384372 -0.4659997467392681 -3.4703547189140735 -2.4029598857587953 -1.091703056768559 -0.39227166276346603 -0.14063656550703182 -1.7450912048332754 -6.492697837654251 -0.6665093783178012 -0.15660763763402002 -0.08567171591755648 -0.06508422664624809 -0.2148214058726325 -0.20459016393442622 -0.2799334811529933 -0.22066803328108048 -0.11838440111420612 -1.2405092862983298 -3.56697071531445 -0.7628585558852621 -0.05362264621523881 -0.30710659898477155 0.03484320557491289 -0.2668377164849262 0.03599114064230343 -0.2746901750351348 -0.08486562942008487 -0.8533396719752794 -3.2114271641423473 -1.01499139837798 -3.0611493123772107 -0.867195242814668 0.015035709810800654 -0.43289473684210533 -0.07000145836371592 -0.2287785973246656 -2.7755575615628915e-18 -0.07847151142954624 -0.14684641309581128 -0.6065612461647392 -2.210603112840467 -0.8535523205176061 -0.04973887092762994 -0.31800813509182796 -0.04536616979909268
-0.0980752727718524 0.10097610232245036 -0.15209125475285173 0.04272517321016166 -0.12574920672229403 0.08640075748609304 -0.15288649706457927 0.1190331592372161 -0.13703893442622953 0.04416229643941485 -0.171587181428211 0.16261156620613765 -0.11737932686549288 4.163336342344337e-18 -0.2316304207952644 0.0433382862803368 -0.10020822488287351 0.11525163273146369 -0.16881563206167752 0.03308063404548588 -0.08685655894750287 0.12112223458163392 -0.11749190744515044 0.0035765379113018607 -0.29577641308434643 0.0354295837023915 -0.6255678131083712 -0.19397387818440448 -0.21903731746890212 -0.02479218317048272 -0.23935143482177326 -0.0503235082674335 -0.22647873750150582 -1.961262029479839 -1.7383177570093458 -0.12072434607645874 -3.4810479375696763 -3.6135239877054657 -1.0209424083769634 -0.22891915386844394 -0.35160680529300564 -0.6914523974982627 -1.419753086419753 -2.415872632975516 -3.41826161160551 -0.3760921869064201 -3.0208733512613652 -2.103076723354537 -1.0718539102818576 -0.3761709601873537 -0.17394522575869725 -2.199372603694667 -6.571946111174006 -0.559160080217058 -0.14456089627755692 -0.016141047926496142 -0.05359877488514547 -0.1627049701283844 -0.19278688524590162 -0.2549889135254989 -0.2291088870131436 -0.12070566388115136 -1.567573881555893 -3.8406144983197317 -0.7640949554896144 -0.01995261254520515 -0.315989847715736 0.05102040816326531 -0.2771007055805003 0.03737541528239203 -0.28874409096716497 -0.06247053276756247 -0.9912051342999764 -3.4355374953823428 -1.1317276972229051 -3.6222986247544204 -0.9551536174430127 0.03633629870943491 -0.45131578947368417 -0.059792912352340674 -0.23877984748093511 0.029358626919602525 -0.11486409644035027 -0.1456427539720751 -0.6997875855558178 -2.7127918287937747 -0.938161005350255 -0.05968664511315593 -0.329101442129915 -0.03629293583927414
-0.09439745004290793 0.10770784247728038 -0.16774770744799822 0.03810623556581985 -0.12457398049124455 0.08403361344537816 -0.16267123287671237 0.13482327219725496 -0.14088114754098363 0.04416229643941485 -0.1829422154933132 0.16750213962587113 -0.14133429153191998 -0.004926108374384234 -0.24835928451936687 0.0396235760277365 -0.1301405517959396 0.09092073248815469 -0.17679117373388276 0.028945554789800133 -0.0906884659598927 0.14089729328883943 -0.12228749550413617 -0.0011921793037672883 -0.3083093119438526 0.058205744653928894 -0.8215444516547695 -0.5896805896805897 -0.25419145484045436 -0.03500072918185796 -0.2509329558615365 -0.003594536304816687 -0.27827972533429707 -2.3985869167986356 -1.7470404984423673 -0.01073105298457413 -3.4030100334448163 -3.9516236803421085 -1.1711215210801875 -0.23761228629382786 -0.385633270321361 -0.7945332406763956 -1.4220824598183088 -2.425521649981908 -3.1232475923442644 -0.2722552868177789 -2.5099244461518757 -1.7240036349474228 -1.0321556173084556 -0.3483606557377049 -0.2146558105107328 -2.7129080980597187 -6.26174572625382 -0.4069836026896308 -0.1541982893627274 0.057114477278371004 -0.05997958141909136 -0.10931740180500826 -0.19278688524590165 -0.24113082039911307 -0.24599059447727 -0.1265088207985144 -1.9180002336175683 -4.054248679788766 -0.7393669634025718 0.018705574261129825 -0.3210659898477157 0.06595321055251369 -0.27966645285439384 0.048449612403100764 -0.3066308930624761 -0.05186232909005186 -1.1457095317328263 -3.6054673069818994 -1.223887933153109 -4.18835952848723 -1.023290386521308 0.04260117779726852 -0.4513157894736842 -0.0758349132273589 -0.2587823477934742 0.04065040650406503 -0.1512566814511543 -0.13721714010592198 -0.7953740854378097 -3.2076848249027234 -1.0128157272614158 -0.07585177816463566 -0.35128805620608905 -0.04277381723914452
-0.09930121368150055 0.095366318860092 -0.18452247819279805 0.03233256351039261 -0.12339875426019509 0.07574860930287608 -0.17734833659491198 0.13725252034495322 -0.14856557377049182 0.042782224675683135 -0.1829422154933132 0.16261156620613768 -0.14971852916516948 -0.03078817733990148 -0.25221979153262125 0.012382367508667657 -0.14705882352941177 0.061467537456780644 -0.19141300013292567 0.009648518263266705 -0.08941116362242943 0.1693239401804474 -0.11869080445989688 -0.02145922746781116 -0.3020428625140995 0.07718587878021005 -0.9759896171317326 -1.1909996120522437 -0.35289345592212007 -0.05833454863642993 -0.27152232659889336 0.01437814521926671 -0.35056017347307555 -2.9662565476915583 -1.7420560747663554 0.059020791415157606 -3.253901895206243 -4.050514499532273 -1.348856434279416 -0.2854245146334396 -0.3982356647763075 -0.9010887190178364 -1.3848124854414163 -2.3676275479435533 -2.7880043886383032 -0.18867924528301888 -1.9874503777692407 -1.3137738543424637 -0.9726081778483525 -0.3161592505854801 -0.231926967678263 -3.272917392819798 -5.74436771198913 -0.23475286068184492 -0.13612817732803278 0.13037000248323816 -0.048494129657988765 -0.05084530316512015 -0.1744262295081967 -0.20509977827051 -0.25201977571445794 -0.1508820798514392 -2.2660904099988324 -4.135861737878061 -0.7035113748763602 0.048634493078937524 -0.3134517766497462 0.06346441015430562 -0.26683771648492627 0.03737541528239202 -0.3104637792257571 -0.05304101838755304 -1.308533396719753 -3.6522595739440957 -1.2902433030228557 -4.726178781925344 -1.071605550049554 0.056383911790502436 -0.4421052631578948 -0.07729327694326965 -0.26628328541067636 0.06210478771454381 -0.16376663254861823 -0.1251805488685604 -0.8661789001652112 -3.714737354085603 -1.0625855418688563 -0.0870430241233524 -0.3660791322568717 -0.047958522359040835
-0.10175309550079688 0.08302479524290363 -0.19235070454037131 0.03926096997690531 -0.12104830179809616 0.06391288909930169 -0.19080234833659496 0.13117939997570752 -0.14088114754098363 0.03036157880209771 -0.17915720413827907 0.16383420956107106 -0.1604982632650617 -0.038177339901477834 -0.25350662720370604 -0.0012382367508667654 -0.17829255596043728 0.03713663721347164 -0.21135185431343878 -0.002756719503790496 -0.08941116362242943 0.18909899888765294 -0.11389521640091116 -0.046494992846924176 -0.3058027321719513 0.08098190560546628 -1.0694354315379624 -1.8349928876244666 -0.5827474310438074 -0.11375236984103836 -0.28181701196757175 0.031152647975077875 -0.4613901939525359 -3.5424534047996104 -1.7258566978193144 0.12072434607645877 -3.0880713489409137 -3.9917145529867697 -1.49903554698264 -0.34048101999420455 -0.41335853812224316 -1.0157516794069956 -1.3254134637782435 -2.2313351827282597 -2.4295989272217478 -0.11143472204634672 -1.4790626200537844 -0.9217188108529143 -0.909090909090909 -0.2898126463700234 -0.26400197384653346 -3.8898570930637852 -5.109249405637947 -0.0990916597853014 -0.13010480664980123 0.1787931462627266 -0.053598774885145486 -0.020338121266048063 -0.15081967213114755 -0.2023281596452328 -0.24599059447726995 -0.16597028783658313 -2.6480551337460576 -4.01344215074412 -0.6491097922848665 0.06983414390821799 -0.29949238578680204 0.060975609756097573 -0.23476587556125725 0.02353266888150609 -0.3091861505046634 -0.03653936822253654 -1.5070121226527218 -3.4921807659155277 -1.3479970508724504 -5.216110019646366 -1.1174430128840436 0.06640771833103622 -0.42105263157894746 -0.08312673180691266 -0.26378297287160896 0.09033423667570009 -0.16717843739338106 -0.08786711603273953 -0.9358036346471559 -4.193822957198444 -1.107378375015553 -0.06590400397910967 -0.3734746702822631 -0.0440699935191186
-0.10665685913938949 0.07068327162571525 -0.20241556698725122 0.02655889145496536 -0.1339757903396404 0.05562788495679962 -0.21526418786692764 0.11053079072027208 -0.14088114754098363 0.033121722329561135 -0.18925056775170326 0.15405306272160413 -0.1688825008983112 -0.04679802955665025 -0.2728091622699781 -0.027241208519068843 -0.24986985944820406 -0.03969778460750416 -0.2738269307457132 -0.03445899379738112 -0.0906884659598927 0.1977505870720554 -0.11869080445989688 -0.0631855030996662 -0.31457576137360566 0.07971656333038087 -1.1239454899415964 -2.383292383292383 -1.0370470524607895 -0.21292110252296922 -0.29082486166516536 0.06709801102324467 -0.6167931574509096 -4.18443172128152 -1.6947040498442365 0.1864520456069752 -2.883221850613155 -3.8554055859949217 -1.587214108569854 -0.3868443929295856 -0.4373030875866414 -1.123465369469539 -1.2485441416259027 -2.0685080207453863 -2.0846031939534315 -0.05445105736355578 -1.0180560891279293 -0.5776970011683761 -0.8349874288738917 -0.2605386416861827 -0.3281519861830743 -4.513767863367027 -4.426582135174911 0.015335614014391884 -0.13974219973497168 0.2383908616836355 -0.0638080653394589 0.043218507690352105 -0.13245901639344265 -0.15521064301552107 -0.24599059447726995 -0.17061281337047354 -3.0673986683798624 -3.7866058569371104 -0.6008902077151335 0.10225713929417632 -0.29441624365482233 0.0696864111498258 -0.2065426555484285 0.020764119601328908 -0.32835058132106815 -0.014144271570014143 -1.7518421678155456 -3.2532939293190495 -1.4266404521995577 -5.629911591355599 -1.1818632309217045 0.05137200852023556 -0.4118421052631579 -0.0933352778182879 -0.2762845355669458 0.0948509485094851 -0.1694529739565563 -0.08184882041405873 -1.019589332074581 -4.677772373540856 -1.1646136618141099 -0.054712758020392924 -0.3981264637002342 -0.04925469863901491
-0.09930121368150055 0.0572197913160552 -0.20800715723551783 0.011547344110854502 -0.12457398049124457 0.04024144869215292 -0.22015655577299414 0.08380906109559091 -0.1408811475409836 0.027601435274634285 -0.19808226091344938 0.15160777601173742 -0.17846448676488205 -0.04064039408866996 -0.29597220434950455 -0.03838533927686973 -0.3136387298282145 -0.10756819054936613 -0.3509238335770304 -0.049620951068228815 -0.09196576829735598 0.2113459399332592 -0.13067977460736122 -0.07510729613733906 -0.3220955006893094 0.07338985195495382 -1.144711226476314 -3.104875210138368 -1.6346673877771771 -0.2902143794662389 -0.3075537253892678 0.11262880421758925 -0.8372485242741838 -4.800828359118041 -1.6610591900311527 0.2334004024144869 -2.5947603121516165 -3.5814512895897375 -1.6257922292642601 -0.4172703564184294 -0.4902331442974165 -1.2311790595320826 -1.1821569997670627 -1.8453745024725605 -1.7700841155674756 -0.02532607319235152 -0.7248047125112048 -0.2959885758795274 -0.7741167129813418 -0.22101873536299768 -0.4219096965210955 -5.106308818403625 -3.7224046190422277 0.11088828595021824 -0.1541982893627274 0.2793642910355103 -0.09954058192955591 0.07372568958942419 -0.11672131147540983 -0.12472283813747229 -0.25201977571445794 -0.17061281337047354 -3.5252891017404506 -3.5357657225156025 -0.5625618199802177 0.11223344556677892 -0.31345177664974616 0.049776007964161276 -0.18986529826812062 0.013842746400885935 -0.34368212597419195 0.015322960867515324 -2.00261468980271 -3.0020933382588355 -1.4843942000491521 -5.81655206286837 -1.2289395441030724 0.041348201979701786 -0.3934210526315789 -0.0904185503864664 -0.28128516064508063 0.11856368563685638 -0.17627658364608206 -0.06259027443428021 -1.1092754307292894 -5.079036964980545 -1.2268259300734106 -0.05595622979358368 -0.41908048810550974 -0.0388852883992223
-0.08826774549466716 0.04824413777628184 -0.18340416014314473 0.009237875288683606 -0.1081208132565519 0.01775358030536158 -0.21281800391389433 0.0473703388801166 -0.14216188524590162 0.001380071763731712 -0.1867272268483472 0.1467172025920039 -0.1569050185650976 -0.03694581280788178 -0.2959722043495046 -0.053244180287270924 -0.3461738677771994 -0.2484312972211551 -0.4851787850591519 -0.08132322536181943 -0.07663814024779667 0.23359288097886538 -0.1234863925188826 -0.08583690987124463 -0.3246020804612107 0.07718587878021003 -1.1421155094094744 -3.5096340359498255 -2.289075175770687 -0.4287589324777599 -0.3114142324025222 0.1605559549484783 -1.0817973738103843 -5.384334267267633 -1.6137071651090342 0.26827632461435275 -2.1362876254180607 -3.1698516637712144 -1.581702948470653 -0.4534917415241959 -0.5267800882167611 -1.314570303451471 -1.0773351968320521 -1.608973585815945 -1.4677556991344631 0.007597821957705459 -0.5557689845050583 -0.10125924964299622 -0.6841339155749636 -0.1829625292740047 -0.5107327905255367 -5.6512141280353205 -3.0261519302615194 0.1781290550902442 -0.1554029634983737 0.3128880059597715 -0.11230219499744769 0.10423287148849625 -0.10098360655737706 -0.09977827050997783 -0.24237308573495722 -0.16597028783658313 -3.936456021492816 -3.272923667786846 -0.5118694362017805 0.12595086669160743 -0.28807106598984766 0.04604280736684918 -0.1411161000641437 0.008305647840531562 -0.32707295259997443 0.04950495049504951 -2.2153553601140956 -2.76443787710873 -1.5114278692553453 -5.863212180746562 -1.2450445986124876 0.033830347074301464 -0.3526315789473684 -0.08604345923873416 -0.2725340667583448 0.13775971093044262 -0.14557034004321617 -0.05777563793933558 -1.1777200849657776 -5.368433852140077 -1.2691302724897349 -0.05595622979358368 -0.42031307777640825 -0.034996759559300074
-0.08091210003677823 0.05048805116122518 -0.156564526951465 0.010392609699769054 -0.0916676460218592 0.013019292223931828 -0.2018101761252446 0.026721729624681168 -0.14728483606557377 -0.004140215291195143 -0.17789553368660105 0.150385132656804 -0.14492753623188406 -0.0332512315270936 -0.29211169733625014 -0.07305596830113917 -0.3761061946902655 -0.44435907286464343 -0.7656520005317027 -0.12818745692625774 -0.07536083791033338 0.2447163515016685 -0.12708308356312192 -0.0989508822126848 -0.3271086602331119 0.09236998608123496 -1.135626216742375 -3.763093236777448 -2.9137371552190374 -0.6081376695347819 -0.3088405610603525 0.18571770908219504 -1.381761233586315 -5.913022292605676 -1.5501557632398755 0.2924211938296445 -1.640189520624303 -2.6232794333823333 -1.482502066685037 -0.4694291509707331 -0.5935727788279772 -1.3747973129488071 -0.9841602608898207 -1.3786033047883246 -1.232475923442643 0.0025326073192351527 -0.45588423613778967 -0.0012981955082435493 -0.591504565303692 -0.1683255269320843 -0.6587712805329385 -6.126408737074475 -2.4238650515113775 0.23711218591482836 -0.17588242380436095 0.33151229202880556 -0.15186319550791222 0.11694419727977627 -0.10229508196721311 -0.07067627494456764 -0.24719643072470757 -0.17757660167130918 -4.340614414203948 -3.0316850696111377 -0.477250247279921 0.12220975183938147 -0.2817258883248731 0.03608760577401692 -0.09878127004490059 0.005537098560354374 -0.31557429411013166 0.0884016973125884 -2.4447349655336343 -2.545253047654229 -1.5323175227328583 -5.869351669941061 -1.25 0.016288685628367376 -0.2986842105263158 -0.08021000437509115 -0.2662832854106763 0.1524390243902439 -0.12168770612987603 -0.06138661531054405 -1.2343639367476986 -5.567850194552529 -1.3039691427149434 -0.05844317333996518 -0.4079871810674226 -0.028515878159429693
-0.08458992276572269 0.05497587793111186 -0.15209125475285173 0.008083140877598153 -0.09754377717710658 0.015386436264646702 -0.2079256360078278 0.007287744443094868 -0.1536885245901639 -0.015180789401048856 -0.17284885187988897 0.15283041936667074 -0.11977482333213559 -0.0332512315270936 -0.29983271136275896 -0.08172362555720654 -0.40864133263925045 -0.6787040594186194 -1.1697461119234347 -0.19986216402481047 -0.07408353557287009 0.24595229267086888 -0.16304999400551493 -0.13590844062947066 -0.3371349793207169 0.11135012020751614 -1.0902011680726802 -3.951894478210268 -3.462682531097891 -0.8400175003645909 -0.32685626045553984 0.20009585430146176 -1.7672569569931333 -6.310147399196003 -1.4953271028037383 0.3165660630449363 -1.1998327759197323 -2.0954162768942934 -1.3557453844034169 -0.4737757171834251 -0.6880907372400756 -1.4083854528607829 -0.8863265781504774 -1.1168737184899287 -1.0447397293673046 0.007597821957705459 -0.42771161480343195 0.07140075295339478 -0.5134312557893344 -0.12880562060889927 -0.8327165062916357 -6.4970372952248185 -1.887241027963319 0.279580040108529 -0.19515720997470182 0.36006953066799113 -0.17866258295048493 0.1360111859666963 -0.07737704918032787 -0.038802660753880266 -0.25201977571445794 -0.18337975858867223 -4.724915313631586 -2.821651464234278 -0.44634025717111775 0.11846863698715551 -0.2703045685279188 0.02115480338476854 -0.0333547145606158 0.009689922480620155 -0.2989651207359142 0.11197548326261197 -2.6491561682909435 -2.3691663588228047 -1.5605799950847874 -5.852161100196463 -1.2722993062438057 0.005011903270266889 -0.23289473684210527 -0.06562636721598367 -0.24878109763720468 0.16034327009936766 -0.08984419424542249 -0.08545979778526722 -1.2815671465659666 -5.716196498054474 -1.3350752768445937 -0.07087789107187267 -0.38210279797855295 -0.02592352559948154
-0.06374892730170405 0.04936609446875351 -0.14538134645493178 0.004618937644341802 -0.09871900340815606 0.016570008285004142 -0.2079256360078278 -0.02064860925543544 -0.16393442622950816 -0.028981507038365995 -0.1640171587181428 0.16750213962587115 -0.08743562103245897 -0.025862068965517238 -0.2908248616651653 -0.07057949479940565 -0.4320666319625195 -0.9476245357920348 -1.6336567858567062 -0.2866988283942109 -0.06258781453570061 0.26449141020887407 -0.2122047716101187 -0.18359561278016215 -0.34089484897856875 0.13792230798430977 -0.9383517196625568 -4.039829302987198 -3.9480800432666308 -1.058772057751203 -0.306266889718183 0.19051042415528396 -2.157571376942537 -6.491655500060908 -1.4006230529595016 0.31656606304493634 -0.9657190635451502 -1.388480555926767 -1.1724993111049875 -0.4520428861199653 -0.782608695652174 -1.399119759091962 -0.8176100628930817 -0.8575563864431311 -0.9167377788613923 0.02405976953273395 -0.41490587783326927 0.13111774633259768 -0.4485907105994443 -0.09514051522248243 -1.010362694300518 -6.708493087022191 -1.4785463602400089 0.29491565412292087 -0.1891338392964703 0.38241867395083196 -0.19142419601837674 0.15889157239100038 -0.032786885245901634 -0.004157427937915748 -0.23634390449776918 -0.20543175487465182 -4.965541408713936 -2.689630340854537 -0.41913946587537093 0.11472752213492957 -0.24746192893401017 0.016177202588352414 0.019243104554201397 0.011074197120708748 -0.2785230611984158 0.13083451202263083 -2.8084145471832658 -2.253417066863687 -1.5470631604816907 -5.80795677799607 -1.2970763131813676 -0.017541661445934092 -0.1855263157894737 -0.07000145836371592 -0.23627953494186776 0.17163504968383017 -0.06709882861366998 -0.10712566201251805 -1.2980882700023604 -5.797665369649804 -1.369914147069802 -0.06466053220591893 -0.3525206458769875 -0.01166558651976669
-0.04781169547627804 0.028048917311791766 -0.13643480205770522 0.012702078521939952 -0.10577036079445293 0.016570008285004142 -0.22015655577299414 -0.05465808332321147 -0.19339139344262296 -0.046922439966878275 -0.12616704516780214 0.1479398459469373 -0.03593244699964067 -0.03571428571428571 -0.27795650495431734 -0.06934125804853888 -0.4398750650702759 -1.1960558330131899 -2.283663432141433 -0.472777394900069 -0.04087367479882488 0.21134593993325917 -0.323702193981537 -0.2682403433476395 -0.34340142875047 0.1315955966088827 -0.7787151200519142 -3.9182723393249708 -4.236073553272039 -1.2483593408196003 -0.28567751898082616 0.11502516175413371 -2.5298156848572466 -6.2833475453770244 -1.2934579439252336 0.2803487592219987 -0.7288182831661093 -0.745690231190699 -0.9906310278313587 -0.4332077658649668 -0.9250157529930687 -1.3342599027102153 -0.7232704402515723 -0.633216741044506 -0.7814214311837132 0.025326073192351528 -0.39441669868100915 0.1492924834480073 -0.37316395394998014 -0.07611241217798595 -1.2928694793979767 -6.663181131637041 -1.1411751386844788 0.279580040108529 -0.18792916516082397 0.3600695306679911 -0.20163348647269014 0.1309266556501843 0.003934426229508209 0.0027716186252771625 -0.2351380682503316 -0.2657845868152275 -5.212007942997314 -2.5396063370139226 -0.40677546983184965 0.11348048385085423 -0.25 0.0024888003982080687 0.05003207184092366 0.02491694352159468 -0.25041522933435545 0.09311645450259312 -3.029474685048728 -2.147518778475557 -1.5224870975669698 -5.701129666011788 -1.3131813676907829 -0.052624984337802286 -0.15394736842105267 -0.07000145836371592 -0.20877609701212654 0.13437217705510388 -0.04207892641874218 -0.12999518536350504 -1.3311305168751473 -5.9046692607003886 -1.4109742441209405 -0.08082566525739866 -0.33526439048440776 -0.01555411535968892
-0.051489518205222504 0.01682935038707506 -0.12860657571013198 0.012702078521939952 -0.1116464919497003 0.02722215646822109 -0.2287181996086106 -0.08988218146483665 -0.23949795081967212 -0.06624344465912227 -0.10093363613424175 0.11737376207360317 0.002395496466642705 -0.05172413793103449 -0.2740959979410629 -0.06686478454680535 -0.4593961478396668 -1.3599692662312717 -3.1051442243785723 -0.7980702963473467 -0.03193255843658193 0.13595352861203805 -0.5442992446948807 -0.3731521220791607 -0.3496678781802231 0.11388080475768694 -0.5944192083062946 -3.5484288115867066 -4.349648458626285 -1.4029458947061397 -0.27280916226997814 0.03354900551162232 -2.885194554872907 -5.927640394688757 -1.1825545171339562 0.24413145539906106 -0.6243032329988851 -0.2980088199919818 -0.781206944061725 -0.4100260793972762 -1.097668557025835 -1.2462358119064165 -0.6324248777078966 -0.4571221806778434 -0.6668292088260392 0.015195643915410917 -0.379049814316814 0.16357263403868624 -0.30435357946274977 -0.06586651053864168 -1.6654330125832715 -6.441268734750783 -0.7868221442318578 0.25834611301167865 -0.17829177207565353 0.35386143531164643 -0.21184277692700357 0.11185966696326426 0.032786885245901655 0.02771618625277162 -0.21946219703364284 -0.3435468895078923 -5.412919051512674 -2.389582333173308 -0.4055390702274975 0.09851602444195037 -0.24746192893401017 -0.0273768043802887 0.0782552918537524 0.01661129568106312 -0.22741791235466974 0.04596888260254597 -3.2327073924411693 -2.049008742765669 -1.4991398377979845 -5.5599214145383105 -1.3391972249752229 -0.0839493797769703 -0.13947368421052633 -0.061251276068251426 -0.17752219027378421 0.1084010840108401 -0.02388263391334016 -0.1576793452094367 -1.3653528439933915 -6.01045719844358 -1.4594998133631951 -0.08455608057697091 -0.3254036731172193 -0.006480881399870383
-0.05271545911487067 -0.0011219566924716706 -0.12525162156117203 -0.006928406466512703 -0.12809965918439298 0.015386436264646702 -0.24584148727984342 -0.1639742499696344 -0.3278688524590164 -0.1366271046094397 -0.06560686348725714 0.09047560826506909 0.031141454066355247 -0.06403940886699508 -0.2779565049543173 -0.06686478454680535 -0.4841228526808953 -1.4905877833269305 -3.962514954140636 -1.2929014472777396 -0.0076638140247796555 0.0234828822148066 -0.8440234983814889 -0.4768717215069146 -0.36094748715377867 0.08224724788055168 -0.4399740428293316 -2.989784042415621 -4.314494321254733 -1.5181566282630887 -0.2470724488482821 -0.051521687035705734 -3.2140705939043492 -5.426970398343282 -1.080373831775701 0.2253521126760564 -0.568561872909699 -0.10958171856207403 -0.551116009920088 -0.35641842944074187 -1.3093887838689349 -1.144313180449386 -0.5602143023526672 -0.3377155952237366 -0.587589906131903 0.007597821957705457 -0.3739275195287489 0.13631052836557186 -0.2553923514622205 -0.061475409836065566 -2.1120157907722676 -6.074125711630069 -0.5094531869127137 0.22177657190043645 -0.17347307553306832 0.33027067295753665 -0.21567126084737112 0.061014363798144164 0.06426229508196722 0.023558758314855873 -0.20016881707464126 -0.4375580315691737 -5.597476930265156 -2.270763322131541 -0.39812067260138473 0.08479860331712183 -0.2512690355329949 -0.049776007964161276 0.11161000641436818 0.024916943521594685 -0.2095311102593586 -0.01885902876001886 -3.4739719515093888 -1.9677379633050118 -1.4807077906119437 -5.412573673870334 -1.3738850346878095 -0.15035709810800651 -0.13157894736842107 -0.07291818579553741 -0.12876609576197023 0.07678410117434503 -0.003411804844762881 -0.18536350505536833 -1.4101958933207457 -6.150291828793775 -1.5067811372402637 -0.11812981845312112 -0.30691482805374093 -0.005184705119896307
-0.03923010910874096 -0.01570739369460339 -0.10847685081637219 -0.025404157043879903 -0.1328005641085909 0.0213042963664339 -0.2482876712328767 -0.21620308514514758 -0.48283811475409844 -0.19044990339497653 -0.027756749936916476 0.07091331458613524 0.07066714576595998 -0.08004926108374384 -0.2805301762964869 -0.05819712729073799 -0.49583550234252993 -1.6096811371494428 -4.76006912136116 -1.7780840799448654 0.007663814024779667 -0.08280805833642317 -1.173720177436758 -0.5603242727706247 -0.3709738062413836 0.06706314057952675 -0.3426346528228423 -2.384585542480279 -4.122498647917793 -1.6012833600700016 -0.221335735426586 -0.12580877066858376 -3.447777376219733 -4.884882446095748 -0.9781931464174454 0.22132796780684108 -0.5225752508361204 -0.06548175865294667 -0.3416919261504547 -0.2955665024630542 -1.5097668557025834 -1.018068102849201 -0.4716981132075471 -0.2677602219273912 -0.5278556625624772 0.02532607319235152 -0.34191317710334235 0.1324159418408412 -0.19319835913722377 -0.03220140515222482 -2.616580310880829 -5.590798187521784 -0.30001132118193136 0.1887460186386693 -0.1578123117696663 0.3265458157437298 -0.18759571209800918 0.040676242532096105 0.11803278688524592 0.04988913525498891 -0.1724345833835765 -0.5396935933147632 -5.7049410115640695 -2.1351416226596256 -0.3869930761622156 0.08479860331712184 -0.24492385786802032 -0.07341961174713788 0.13983322642719692 0.04706533776301218 -0.15970359013670626 -0.0884016973125884 -3.6867126218207744 -1.8766161802733656 -1.4303268616367657 -5.202603143418468 -1.3726461843409314 -0.17541661445934092 -0.1118421052631579 -0.046667638909143945 -0.10126265783222899 0.04855465221318879 0.014784487660639148 -0.2202696196437169 -1.4680198253481236 -6.293774319066149 -1.5739703869603086 -0.14424272569012686 -0.3007518796992481 0.01944264419961115
-0.018389113644722323 -0.010097610232245036 -0.0928203981212257 -0.023094688221709007 -0.11282171818074979 0.029589300508935972 -0.23361056751467707 -0.24413943884367786 -0.6582991803278688 -0.2428926304167817 0.027756749936916476 0.057464237681868216 0.12696131273206374 -0.08866995073891625 -0.25865396988804534 -0.024764735017335317 -0.4580947423217074 -1.6365731847867846 -5.383490628738535 -2.299104066161268 0.029377953761655383 -0.20516623408725745 -1.4722455341086202 -0.6294706723891274 -0.3634540669256799 0.055675060103758056 -0.27774172615184944 -1.864735548946075 -3.683071930773391 -1.6042000875018227 -0.18787800797838114 -0.23124850227653967 -3.6055896879893994 -4.239249604093069 -0.8722741433021804 0.1891348088531187 -0.4793756967670011 -0.0681544834959241 -0.18186828327362908 -0.23616343088959724 -1.6761184625078767 -0.896455872133426 -0.38085255066387147 -0.22795802677602223 -0.4595879556259905 0.036722806128909706 -0.30477653988987075 0.1259249642996235 -0.1323276432446738 -0.00731850117096019 -3.1236121391561804 -5.0679679330777265 -0.14830748330125662 0.14155951397900202 -0.1240814359715697 0.30543829153215796 -0.15058703420112302 -0.0012711325791279926 0.16918032786885245 0.0512749445676275 -0.14349451344507416 -0.6580779944289693 -5.782034809017638 -2.029524723955833 -0.36968348170128584 0.062351914203766054 -0.2233502538071066 -0.1132404181184669 0.18088518280949326 0.053986710963455156 -0.07921298070780629 -0.1661951909476662 -3.86260993582125 -1.8027336534909495 -1.3357090194150898 -5.0061394891945 -1.3367195242814667 -0.18919934845257486 -0.06315789473684211 -0.020417092022750476 -0.052506563320415055 0.020325203252032513 0.03298078016604117 -0.24795377948964856 -1.4845409487845171 -6.406857976653697 -1.5988552942640288 -0.1865207659786123 -0.2526808825342043 0.03110823071937784
-0.03923010910874096 -0.01682935038707506 -0.09282039812122568 -0.03579676674364896 -0.10929603948760136 0.0213042963664339 -0.2287181996086105 -0.2720757925422082 -0.7684426229508197 -0.29809550096605025 0.03406510219530658 0.04401516077760118 0.13654329859863457 -0.09729064039408866 -0.2367777634796037 0.0012382367508667626 -0.44247787610619466 -1.658342937636061 -5.758341087332181 -2.7773949000689178 0.00894111636224294 -0.32381658633049065 -1.586140750509531 -0.6855030996661899 -0.3521744579521243 0.03796026825256231 -0.24140168721609348 -1.1560843139790506 -3.0854515954570036 -1.5837829954790725 -0.19173851499163555 -0.3354900551162233 -3.5212624984941576 -3.5850895358752597 -0.7601246105919002 0.12877263581488935 -0.44314381270903 -0.0694908459174128 -0.0537338109672086 -0.17241379310344832 -1.7668557025834908 -0.769052582812138 -0.32261821569997673 -0.224339645398625 -0.3998537120565647 0.025326073192351518 -0.2753233448584967 0.11424120472543164 -0.07807330951435756 0.011709601873536302 -3.5233160621761654 -4.518415243406529 -0.0758519189403374 0.06488144390704256 -0.10842067220816771 0.26818971939408986 -0.12251148545176109 -0.03177831447820008 0.1940983606557377 0.05958980044345898 -0.13987700470276138 -0.7683379758588672 -5.761009227893938 -1.9263082093134904 -0.35361028684470824 0.05736376106746477 -0.19923857868020303 -0.12568442010950723 0.20910840282232201 0.0678294573643411 -0.028107831864060313 -0.264026402640264 -3.9980984074162107 -1.7436276320650166 -1.2484639960678299 -4.7531925343811405 -1.2983151635282457 -0.215511840621476 -0.043421052631578944 -0.010208546011375238 -0.07000875109388674 -0.010162601626016263 0.02274536563175253 -0.2852672123254695 -1.4786405475572337 -6.496838521400778 -1.626228692298121 -0.2064163143496643 -0.23542462714162457 0.050550874918988985
-0.05026357729557436 -0.03365870077415012 -0.093938716170879 -0.041570438799076216 -0.10341990833235397 -0.005917860101787192 -0.23361056751467713 -0.2842220332806996 -0.8145491803278689 -0.31879657742202594 0.008831693161746151 0.025675510453600687 0.09342436219906575 -0.10960591133004927 -0.22519624243984043 0.011144130757800895 -0.43466944299843835 -1.5968754001792804 -5.8101821082015155 -2.9841488628532042 -0.02043683739941244 -0.40538870349771355 -1.6532789833353312 -0.7057701478302337 -0.3383882692066675 0.02657218777679362 -0.21933809214795588 -0.7720160351739298 -2.4378042184964843 -1.5006562636721599 -0.21361472140007715 -0.42535346273664026 -3.3526081195036745 -2.8882933365818007 -0.6728971962616822 0.05231388329979878 -0.44035674470457076 -0.05078177201657089 -0.022044640396803532 -0.08838017965807017 -1.7857592942659104 -0.6404910817697475 -0.319124155602143 -0.21589675551803156 -0.3742533219553822 -0.017728251234646067 -0.27532334485849663 0.10515383616772686 -0.07145692735212386 0.038056206088992975 -3.583765112262521 -3.927036133379807 -0.05320955507755011 -0.012976288781408519 -0.10480664980122878 0.1825180034765334 -0.11102603369065853 -0.052116435744248124 0.19147540983606556 0.05543237250554324 -0.16158205715663815 -0.840297121634169 -5.47482770704357 -1.8026884301488242 -0.34866468842729975 0.04738745479486219 -0.20558375634517767 -0.12692882030861127 0.18473380372033354 0.08305647840531563 -0.03449597546952856 -0.35714285714285715 -3.884002852388876 -1.674670607068095 -1.1538461538461537 -4.362721021611002 -1.236372646184341 -0.25435409096604433 -0.05657894736842105 -0.030625638034125713 -0.09376172021502689 -0.05081300813008129 -0.0034118048447628778 -0.32258064516129037 -1.4255369365116826 -6.3715953307393 -1.6013437849944008 -0.2312857498134792 -0.22433132010353757 0.046662346079066754
-0.05761922275346328 -0.060585661393470214 -0.09282039812122568 -0.05427251732101616 -0.11047126571865082 -0.024855012427506214 -0.24461839530332682 -0.31215838697922993 -0.8337602459016393 -0.34777808446039193 0.010093363613424175 -0.008558503484533565 0.08863336926578033 -0.1354679802955665 -0.21618839274224683 0.001238236750866767 -0.4190525767829256 -1.496990651812012 -5.637378705303735 -3.0585802894555476 -0.02043683739941244 -0.45235446792732664 -1.6472844982615993 -0.7010014306151646 -0.30705602205790206 0.0075920536505124595 -0.190785204412719 -0.5379542221647483 -1.819902650081125 -1.3664868018083711 -0.22004889975550124 -0.4924514737598849 -3.0586676304059752 -2.186624436593982 -0.5769470404984423 0.0026827632461435156 -0.42224080267558534 -0.05879994654550315 -0.011022320198401768 -0.05940307157345696 -1.726528040327662 -0.5293027565438961 -0.27603074772886094 -0.20986611988903628 -0.3401194684871389 -0.026592376851969097 -0.26379818158535023 0.10515383616772685 -0.0688103744872304 0.054156908665105384 -3.4752035529237597 -3.263622632740792 -0.01471753651081172 -0.07667807007195943 -0.08191784122394892 0.1278867643407003 -0.0765696784073507 -0.07118342443116818 0.1901639344262295 0.038802660753880266 -0.16399372965151332 -0.8785979572887651 -4.997079780399487 -1.634661545847336 -0.32517309594460925 0.016211497692979165 -0.19035532994923857 -0.13190642110502737 0.16420782552918536 0.07336655592469546 -0.028107831864060306 -0.4243281471004243 -3.626099358212503 -1.5478389360916145 -1.0579995084787417 -3.8715618860510808 -1.1583250743310207 -0.27941360731737874 -0.08947368421052633 -0.059792912352340674 -0.10001250156269532 -0.08130081300813008 -0.01819629250540202 -0.34906114588348586 -1.3500118008024544 -5.914396887159534 -1.531666044543984 -0.252424769957722 -0.22679649944533464 0.029812054439403757
-0.05761922275346328 -0.08526870862784697 -0.08946544397226572 -0.0669745958429561 -0.10812081325655187 -0.033140016570008285 -0.24461839530332682 -0.3279484999392688 -0.8465676229508196 -0.3615788020977091 0.011355034065102198 -0.03301137058320088 0.07066714576596 -0.1477832512315271 -0.2007463646892292 -0.007429420505200591 -0.40083289953149404 -1.3381995133819953 -5.328991093978467 -3.061337008959338 -0.01788223272448588 -0.48448893832653567 -1.6137153818486993 -0.6831187410586553 -0.27196390525128467 -0.021510818676451982 -0.17391304347826086 -0.36467089098668043 -1.2628447809626826 -1.1710660638763308 -0.20203320036031397 -0.5367840881859572 -2.6840139742199733 -1.5324643683761723 -0.47476635514018684 -0.0523138832997988 -0.379041248606466 -0.06280903380996926 -0.019289060347203086 -0.053607649956534345 -1.6332703213610582 -0.4273801250868658 -0.24691358024691362 -0.19539259437944756 -0.3084237474094843 -0.034190198809674555 -0.2471507235241388 0.10255744515123977 -0.07410348021701733 0.04537470725995317 -3.307426597582038 -2.5978854420820263 0.019246009283369187 -0.12622389996461014 -0.056619684375376456 0.08070523963248076 -0.05104645227156712 -0.07626795474768018 0.1757377049180328 0.0360310421286031 -0.15193536717713735 -0.8867223769730735 -4.456255110384301 -1.4234277484397502 -0.30291790306627103 0.0024940765681506377 -0.1763959390862944 -0.12941762070681934 0.12059012187299549 0.07613510520487264 -0.030663089306247615 -0.46676096181046667 -3.332541003090088 -1.3717522472601897 -0.9510936347997051 -3.3361984282907655 -1.0505450941526262 -0.2894374138579125 -0.13026315789473686 -0.07729327694326965 -0.09501187648456058 -0.11404697380307136 -0.0386671215739793 -0.3635050553683197 -1.2544253009204627 -5.3660019455252925 -1.4171954709468708 -0.2449639393185775 -0.22802908911623318 0.031108230719377832
-0.07478239548853746 -0.0572197913160552 -0.08722880787295909 -0.0531177829099307 -0.11282171818074979 -0.013019292223931828 -0.24951076320939336 -0.3012267703145876 -0.861936475409836 -0.34225779740546514 0.006308352258390107 -0.04523780413253454 0.05270092226613965 -0.145320197044335 -0.1994595290181444 -0.012382367508667657 -0.3904216553878188 -1.1089768216160842 -4.927555496477471 -3.0144727773949 -0.021714139736875714 -0.49190458534173775 -1.5645606042440954 -0.6080114449213162 -0.2456448176463216 -0.02024547640136657 -0.1557430240103829 -0.1978533557480926 -0.7882639264467278 -0.9421029604783433 -0.21104105005790758 -0.5200095854301461 -2.2756294422358754 -0.9355585333170909 -0.40996884735202493 -0.0563380281690141 -0.3595317725752509 -0.03608178538019512 -0.04546707081840728 -0.03332367429730512 -1.5337114051669816 -0.30808431781329626 -0.2259492196599115 -0.16403328910867204 -0.29257588687065705 -0.013929340255793338 -0.23434498655397618 0.12332857328313644 -0.07807330951435756 0.0658665105386417 -3.1223784850727854 -1.9333100964331358 0.027170836635344718 -0.14155951397900202 -0.04939163956149861 0.057114477278371004 -0.04211332312404287 -0.06991229185204018 0.13901639344262293 0.04018847006651885 -0.15555287591945013 -0.8368152274837511 -3.9259432309309665 -1.1713874219875178 -0.293026706231454 0.01371742112482853 -0.17385786802030453 -0.10826281732205076 0.07440667094291209 0.09413067552602436 -0.0332183467484349 -0.4632248939179632 -3.024720703589256 -1.168575298608546 -0.8491029737036125 -2.7713654223968565 -0.9353320118929632 -0.2518481393309109 -0.16052631578947368 -0.04666763890914395 -0.08626078259782473 -0.12082204155374887 -0.03752985329239167 -0.3442465093885412 -1.1541184800566435 -4.7714007782101175 -1.3014806519845714 -0.222581447401144 -0.24651793417971155 0.033700583279325985
-0.07600833639818562 -0.03590261415909346 -0.0782822634757325 -0.048498845265588904 -0.0916676460218592 -0.010652148183216947 -0.22871819960861056 -0.28665128142839785 -0.8337602459016393 -0.3312172232956113 -0.02018672722684834 -0.025675510453600687 0.023954964666427114 -0.11699507389162563 -0.18530433663621154 -0.0012382367508667654 -0.3709005726184279 -0.8618260980919453 -4.272231822411273 -2.8201240523776705 -0.037041767786435045 -0.44493882091212467 -1.443472005754706 -0.4995231282784931 -0.20679283118185238 -2.7755575615628915e-18 -0.13497728747566518 -0.12672960041381093 -0.46917252568956186 -0.7335569491031064 -0.2058937073735684 -0.47208243469925704 -1.8672449102517767 -0.6760872213424289 -0.34018691588785044 -0.05365526492287056 -0.33862876254180607 -0.03207269811572898 -0.04822265086800771 -0.01883512025499855 -1.3534971644612477 -0.25480657864257583 -0.20498485907290945 -0.14835363647328428 -0.26575643057418014 -0.020260858553881222 -0.22281982328082978 0.1220303777748929 -0.08601296810903798 0.06440281030444965 -2.8114976560572407 -1.4848379226211226 0.022642363862787264 -0.13802052612952695 -0.031321527526804 0.03973181028060592 -0.03190403266972945 -0.06355662895640016 0.10491803278688525 0.026330376940133036 -0.14228867719763655 -0.7590529247910863 -3.301016236420979 -0.9661545847335573 -0.24727992087042533 0.006235191420376606 -0.14593908629441624 -0.09457441513190643 0.060295060936497745 0.08859357696566998 -0.040884119074996804 -0.4231494578029231 -2.6111243166151654 -0.9887944834380005 -0.7286802654214795 -2.2777504911591357 -0.8114469772051537 -0.2318005262498434 -0.16578947368421054 -0.0481260026250547 -0.09876234529316164 -0.09936766034327009 -0.04094165813715455 -0.30693307655272023 -1.0172291715836677 -4.13545719844358 -1.1658579071792956 -0.1827903506590401 -0.23419203747072595 0.050550874918988985
-0.07846021821748192 -0.023561090541905083 -0.06598076492954597 -0.04965357967667436 -0.0810906099424139 -0.016570008285004146 -0.22749510763209396 -0.2769342888376047 -0.7902151639344261 -0.31741650565829416 -0.05046681806712087 0.007335860129600191 0.0023954964666427167 -0.09113300492610839 -0.18530433663621157 0.012382367508667657 -0.36048932847475273 -0.6851069279037008 -3.453409544064867 -2.4824259131633353 -0.058755907523310766 -0.3806698801137066 -1.225272749070855 -0.38626609442060084 -0.1917533525504449 0.015184107301024926 -0.1336794289422453 -0.09181430234061813 -0.319091400757166 -0.5527198483301736 -0.20975421438682282 -0.4145698538221903 -1.4540416817250934 -0.5055426970398342 -0.29906542056074764 -0.054996646545942315 -0.34280936454849503 -0.03741814780168381 -0.07302287131441168 -0.0072442770211532895 -1.1442974165091369 -0.1945795691452398 -0.1910086186815747 -0.12543722108310218 -0.2547848348165306 -0.005065214638470306 -0.22281982328082978 0.1285213553161106 -0.10850866746063255 0.07464871194379392 -2.4031581544534903 -1.135122574648542 0.015849654703951093 -0.12504423734811843 -0.021684134441633536 0.01862428606903403 -0.021694742215416028 -0.05720096606076014 0.09442622950819671 0.011086474501108645 -0.13746533220788618 -0.6557567316620241 -2.6749211540707862 -0.7909265482477196 -0.21266073194856583 0.011223344556677891 -0.13705583756345177 -0.0696864111498258 0.039769082745349564 0.09136212624584718 -0.052382777564839667 -0.3736445073078737 -2.2022819111005467 -0.8336411771949269 -0.621774391742443 -1.81483300589391 -0.7036669970267593 -0.20924696153364244 -0.17894736842105263 -0.042292547761411704 -0.11126390798849857 -0.07565492321589881 -0.03639258501080405 -0.26961964371689934 -0.8827000236016049 -3.4861381322957206 -1.025258180913276 -0.13802536682417307 -0.21693578207814618 0.0712896953985742
-0.07233051366924116 -0.023561090541905083 -0.05815253858197271 -0.03695150115473442 -0.05641085909037489 -0.01775358030536158 -0.18957925636007827 -0.22470545366209152 -0.6851946721311476 -0.26773392216395253 -0.07191521574564723 0.013449076904267023 -0.007186489399928125 -0.07389162561576354 -0.1595676232145155 0.012382367508667657 -0.3162415408641332 -0.5621718529901395 -2.5734414462315565 -1.9931082012405237 -0.06003320986077405 -0.3015696452848844 -0.9087639371777965 -0.28016213638531234 -0.14663491665622258 0.030368214602049852 -0.09863724853990913 -0.05819216345532134 -0.2298539751216874 -0.42000875018229544 -0.21104105005790758 -0.34747184279894566 -1.0432478014697026 -0.3654525520769888 -0.25171339563862927 -0.05767940979208584 -0.33166109253065784 -0.033409060537217684 -0.08817856158721411 -0.011590843233845264 -0.894770006301197 -0.15404215890664813 -0.16072676450034945 -0.10252080569292006 -0.22918444471534802 -0.0037989109788527293 -0.2125752337046997 0.14150331039854605 -0.12438798464999339 0.0658665105386417 -1.9035282506785092 -0.871383757406762 -0.005660590965696821 -0.11914592426566 0.007228044813877848 -0.007449714427613609 0.006380806533945893 -0.049574170585992124 0.07737704918032788 -1.3877787807814458e-18 -0.12299529723863496 -0.5478180129990714 -2.072187828524705 -0.6240998559769564 -0.17927794263105837 0.009976306272602566 -0.10406091370558375 -0.04355400696864112 0.021808851828094934 0.09274640088593576 -0.04727226268046506 -0.31706742102781704 -1.7435227002614695 -0.6710996182736115 -0.4927500614401573 -1.3850687622789786 -0.5611992071357781 -0.16413983210124045 -0.17105263157894737 -0.03500072918185796 -0.12626578322290288 -0.05871725383920505 -0.02388263391334016 -0.2395281656234954 -0.722209110219495 -2.811284046692607 -0.8597735473435361 -0.09450385476249687 -0.19351657833107364 0.07517822423849643
-0.09317150913325979 0.0011219566924716706 -0.062625810780586 -0.02078521939953811 -0.044658596779880134 -0.0023671440407148775 -0.18590998043052837 -0.15668650552653954 -0.5417520491803278 -0.20701076455975712 -0.1223820338127681 0.03056608387333415 -0.04192118816624746 -0.05788177339901478 -0.1518466091880067 0.02352649826646855 -0.3006246746486204 -0.4289921885004482 -1.7718995081749302 -1.4982770503101306 -0.07025162856048026 -0.21258188110245949 -0.575470567078288 -0.170481640438722 -0.10778293019175336 0.05314437555358724 -0.08955223880597016 -0.00517263675158412 -0.1852352623039481 -0.27417237859122057 -0.22648307811092522 -0.26959022286125095 -0.6902782797253343 -0.2143988305518334 -0.21059190031152647 -0.042924211938296465 -0.3316610925306578 -0.006681812107443541 -0.11022320198401762 0.004346566212691974 -0.6540642722117201 -0.11234653694695391 -0.15839739110179366 -0.08081051742853698 -0.20602218700475436 2.7755575615628915e-18 -0.21641695479574846 0.1479942879397637 -0.15482334259626834 0.06001170960187354 -1.361954108068098 -0.6494713605205066 -0.046416845918713916 -0.09319334670284297 0.0012046741356463078 -0.01862428606903402 -0.01786625829504849 -0.02415151900343206 0.017049180327868847 -0.008314855875831483 -0.14108284095019896 -0.4085422469823584 -1.5009928746641747 -0.4548727796447432 -0.15702274975272007 0.023693727397431103 -0.10913705583756343 -0.002488800398208063 -0.014111610006414366 0.09551495016611296 -0.08560112431327457 -0.24516737388024518 -1.2835749940575227 -0.515946312030538 -0.4042762349471614 -0.9958251473477407 -0.4682854311199206 -0.12279163012153867 -0.19605263157894737 -0.04812600262505469 -0.15001875234404305 -0.039521228545618806 -0.023882633913340157 -0.20823302840635532 -0.5522775548737313 -2.11454280155642 -0.7005101405997262 -0.05098234270082068 -0.181190681622088 0.06740116655865197
-0.10175309550079688 -0.0011219566924716706 -0.05815253858197271 -0.019630484988452664 -0.044658596779880134 -0.0035507160610723175 -0.18346379647749508 -0.10445767035102635 -0.3637295081967214 -0.15594810930168362 -0.16780217007317694 0.03912458735786771 -0.0814468798658522 -0.045566502463054194 -0.15313344485909147 0.006191183754333829 -0.3032274856845392 -0.34959661928543995 -1.1046125216004257 -0.9731219848380427 -0.07791544258525993 -0.1174144110740329 -0.2649562402589617 -0.08822126847877922 -0.08021055270083968 0.04681766417816019 -0.08695652173913043 0.01163843269106427 -0.16495402920497565 -0.18667055563657572 -0.23549092780851882 -0.19410496046010062 -0.36501626310083124 -0.10476306492873673 -0.17694704049844237 -0.02816901408450705 -0.3330546265328875 0.014699986636375784 -0.14466795260402315 0.004346566212691974 -0.43478260869565216 -0.06485985638174659 -0.17237363149312837 -0.05306959353515861 -0.19992685602828228 0.008864125617323032 -0.2330644128569599 0.1622744385304427 -0.19584491200211723 0.04683840749414521 -0.7735011102886752 -0.44614848379226213 -0.06792709158836181 -0.08729503362038457 0.0012046741356463108 -0.04345666749441272 -0.038284839203675335 -0.013982458370408032 -0.02754098360655738 -0.03187361419068736 -0.14711202218738695 -0.27971216341689875 -0.916948954561383 -0.29164666346615464 -0.12982195845697328 0.03242299538595835 -0.10913705583756343 0.03484320557491289 -0.05516356638871071 0.09413067552602436 -0.12520761466717772 -0.18387553041018384 -0.8081768481102924 -0.3632557566802118 -0.3317768493487343 -0.6078094302554027 -0.38032705649157583 -0.08394937977697031 -0.23157894736842105 -0.06854309464780518 -0.1712714089261158 -0.03839205058717253 -0.019333560786989657 -0.19378911892152142 -0.4083077649280152 -1.4591439688715953 -0.5561776782381485 -0.022382491917433474 -0.19351657833107364 0.0388852883992223
