0.07000736919675754 0.00672796591163938 0.12544802867383514 0.005772338951743251 0.0823335685721007 0.015380974917179371 0.08208772359715756 0.0194339851815863 0.021800461656835086 0.062180461517203266 -0.19293820933165198 -0.021978021978021976 -0.0407234399329261 -0.011085109003571866 -0.126012601260126 -0.01608711793094914 -0.14322916666666666 -0.05889130713096915 -0.10778443113772455 -0.07856650585802896 -0.23827726809378186 -0.04075583549462765 -0.16053671977956152 -0.009526077637532743 -0.2773613193403298 0.002527486414760527 -0.3446495417580999 0.03843689942344651 -0.2584923534984436 0.06127808578932009 -0.011587485515643108 0.0047869794159885095 -0.04343105320304017 -0.17339638656481146 -0.3189772868313268 -0.11375802997858672 -0.2847173761339847 -0.15092827567784156 -0.13394090030378347 0.02321869104629226 -0.18499874150515985 -0.0796398891966759 -0.2244991941054571 -0.6656272487407053 -1.4517889630078837 -0.25699168556311414 -0.7393691737964501 -0.4653567735263702 -0.37071362372567196 -0.05853944094833895 -0.18381445842585736 -0.07922637772340672 -0.7901290468643876 -0.4775380261761585 -0.29662543533085145 -0.04468718967229394 -0.3627800407331976 -0.08764130572843896 -0.3964411880151773 -0.019422863485016647 -0.07718282682103232 0.01743172574084835 -0.14418004923221192 -0.23943493355680595 -0.41569014431972373 -0.1219967633511764 -0.14707746925320148 -0.07954262987820035 -0.11797896896640163 -0.03321799307958477 -0.044734151329243355 -0.06597549481621112 -0.10830754582242323 -0.14560710760118462 -0.36594381468703796 -0.11298047402677147 -0.08927464352138872 0.08148426726839662 -0.0816756685548676 0.13298260996638903 -0.1325 -0.06997742663656885 -0.060282074613284796 -0.03014227152158187 -0.1551581191519602 -0.23487890957770477 -0.18075292944402893 -0.0521415270018622 -0.1307834669956817 -0.006480881399870386
0.06386637189879636 -0.013455931823278764 0.114247311827957 0.0034634033710459525 0.07880498706186778 0.010648367250354947 0.08086253369272237 0.018219361107737152 0.02308284175429598 0.06770761365206578 -0.19798234552332916 -0.01953601953601954 -0.03353695053299797 -0.01354846655992117 -0.13244181561013244 -0.018562059151095163 -0.140625 -0.049929586480604284 -0.1051230871590153 -0.06891798759476224 -0.23827726809378186 -0.048165987402741764 -0.17491314244638795 -0.010716837342224337 -0.2823588205897052 -0.016428661695943376 -0.35884858654963214 0.015374759769378608 -0.2571389903911219 0.042311059235482916 -0.03733745332818334 -0.025131641933939686 -0.06997225238267583 -0.24372499090578392 -0.40337594638202806 -0.16595289079229122 -0.4061409630146546 -0.337919059703486 -0.1891742612537973 -0.020316354665505732 -0.202617669267556 -0.11311172668513389 -0.2717015887635275 -1.0350203885823936 -2.026682838083687 -0.3388762912572436 -0.9679478993742816 -0.8634953464322648 -0.47927975638819015 -0.11415190984926094 -0.19738465334320257 -0.12583012932541068 -1.2848086936834955 -0.8477773847423652 -0.31824186381650055 -0.08440913604766634 -0.3665987780040733 -0.11685507430458528 -0.40167473505168133 -0.04716981132075472 -0.10612638687891947 -0.006972690296339334 -0.20044543429844097 -0.402250688375434 -0.6179844578759097 -0.15560811651935763 -0.1686319259541017 -0.08948545861297538 -0.13336753013593228 -0.045674740484429065 -0.06007157464212679 -0.07775683317624882 -0.13925255891454416 -0.30231984205330703 -0.6690487925086249 -0.15964632199435097 -0.11903285802851829 0.09025949605114704 -0.08694506652614939 0.14905743095133714 -0.14375 -0.08690744920993228 -0.07734303912647862 -0.05184470701712081 -0.19661257846736943 -0.34075696726299143 -0.24183495387683868 -0.08193668528864059 -0.14065391733497842 -0.02721970187945561
0.05895357406042741 -0.005606638259699486 0.09744623655913978 -0.013853613484183786 0.06939543636791343 0.008282063416942742 0.06616025483950012 0.02186323332928459 0.015388561169530652 0.06079867348348764 -0.2118537200504414 -0.0024420024420024446 -0.05389867049946101 -0.017243502894445126 -0.13887102996013886 -0.019799529761168173 -0.15104166666666666 -0.04480860325182436 -0.11842980705256154 -0.07029634734665749 -0.24974515800203873 -0.03581573422255156 -0.18210135377980113 -0.020242914979757082 -0.2923538230884558 -0.03285732339188677 -0.3678843423260617 0.010249839846252409 -0.2571389903911219 0.04085205719288007 -0.04892493884382645 -0.03231211105792246 -0.0965134515623115 -0.327391778828665 -0.48777460593272937 -0.208779443254818 -0.5233775296580601 -0.6023774542540403 -0.24578845622756146 -0.07400957771005659 -0.2227535867102945 -0.1327331486611265 -0.3269629288510246 -1.4032142000479735 -2.608853850818678 -0.4069035021415973 -1.2105733622781254 -1.3055842812823162 -0.6010856613266251 -0.16244694863164055 -0.2121885023439428 -0.15262728649656299 -1.7840163006565544 -1.2404197618205401 -0.33865737960850245 -0.11544190665342602 -0.37932790224032586 -0.137177695922774 -0.4160669894020673 -0.06798002219755826 -0.11456825856246984 -0.02556653108657757 -0.25671081936467 -0.6009816832275829 -0.8067102504008881 -0.19544379434831322 -0.19018638265500193 -0.10439970171513795 -0.1500384714029238 -0.06089965397923876 -0.081799591002045 -0.07186616399622997 -0.17376815044037133 -0.48371174728529115 -1.034992607195663 -0.2026280240697532 -0.1686298822070676 0.0940203083866115 -0.11592675536819919 0.14175069413999708 -0.1625 -0.08803611738148984 -0.09895359417652412 -0.0856040511212925 -0.2510955821390501 -0.4782767433369843 -0.33158813263525305 -0.11545623836126628 -0.1739666872301049 -0.05184705119896306
0.051584377302873984 -0.01121327651939897 0.07952508960573476 -0.001154467790348647 0.051752528816749 0.011831519167061053 0.045332026464101935 0.018219361107737156 -0.005129520389843548 0.056653309382340755 -0.21941992433795715 0.008547008547008548 -0.05868966343274644 -0.02586525434166769 -0.15172945866015172 -0.018562059151095163 -0.16015625 -0.04352835744462937 -0.13306719893546243 -0.06616126809097175 -0.25484199796126406 -0.035815734222551555 -0.18449742422427218 -0.021433674684448675 -0.3085957021489255 -0.05054972829521041 -0.37692009810249133 0.005124919923126206 -0.27202598457166055 0.03793405310767435 -0.05922492596884253 -0.04308281474389661 -0.10857763300760044 -0.3868073238753486 -0.5659674816929379 -0.2221627408993576 -0.6713189113747383 -0.9162548417256579 -0.3217343275338304 -0.0914235959947758 -0.2340800402718349 -0.16274238227146814 -0.37186276767211607 -1.7594147277524588 -3.169193450576107 -0.4661123708742757 -1.4187204699272127 -1.7528438469493277 -0.7374553157685687 -0.21805941753256258 -0.2245250431778929 -0.18524991261796578 -2.295675798052977 -1.611838226624219 -0.35306833193226855 -0.11668321747765639 -0.3767820773930754 -0.12828654896481645 -0.43569279078895723 -0.07075471698113207 -0.11939218523878439 -0.05345729227193492 -0.2918766850310632 -0.7829522327307555 -1.01763907734057 -0.22532055272002988 -0.196525928743502 -0.10315684812329107 -0.1615798922800718 -0.062283737024221464 -0.09713701431492842 -0.07422243166823751 -0.19757200666507974 -0.6675715695952615 -1.389847215377033 -0.23455728846862334 -0.19714817110973343 0.0940203083866115 -0.12119615333948097 0.14613473622680112 -0.18750000000000003 -0.09932279909706546 -0.11146496815286625 -0.1048951048951049 -0.30913182518062304 -0.6717780211756116 -0.4275741710296684 -0.14276846679081318 -0.21098087600246762 -0.06740116655865198
0.041758781626136075 -0.028033191298497424 0.07056451612903224 -0.03232509812976218 0.032933427428840256 -0.009465215333648839 0.03430531732418525 2.7755575615628915e-18 -0.010259040779687098 0.03730827691032196 -0.2383354350567466 -0.01343101343101343 -0.07665588693256678 -0.06281561768690724 -0.1825896875401826 -0.05073629501299344 -0.18489583333333331 -0.06785302778133402 -0.15834996673320026 -0.08959338387319091 -0.2752293577981651 -0.07286649376312214 -0.2000718821133341 -0.070254822576804 -0.33608195902048976 -0.0985719701756603 -0.40273654317800434 -0.02178090967328635 -0.29367979428880775 0.02042602859644003 -0.08111239860950174 -0.07898516036381045 -0.12184823259741825 -0.5117012246877652 -0.6540896115179348 -0.24759100642398288 -0.8709002093510119 -1.5707225858154135 -0.4694835680751174 -0.14511681903932666 -0.25044047319405993 -0.20891043397968606 -0.4340317752705503 -2.1384024946030222 -3.590054578532444 -0.5190224237843285 -1.5106627506065637 -2.0243019648397107 -0.9069244009003045 -0.275135372457193 -0.24056254626202814 -0.2656413841314226 -2.971473851030111 -1.885390873717722 -0.36027380809415155 -0.13902681231380337 -0.3602342158859471 -0.12447605741140608 -0.4435431113437132 -0.09988901220865705 -0.12301013024602026 -0.10342823939570019 -0.3446254835306529 -1.0379504369687538 -1.2409029233995312 -0.2651562305489854 -0.20413338404970202 -0.11061396967437236 -0.16927417286483715 -0.08304498269896195 -0.11247443762781187 -0.11545711592836945 -0.22018567007855272 -0.9501480750246791 -1.7693445046821092 -0.3057841090507184 -0.23434593924364538 0.08148426726839665 -0.14095639573178764 0.11398509425690487 -0.2325 -0.1523702031602709 -0.1376251137397634 -0.15191704846877263 -0.37545896008527774 -1.309480345624924 -0.7853403141361257 -0.19615145872129114 -0.27637260950030845 -0.11665586519766688
0.036845983787767135 -0.04709576138147567 0.07168458781362005 -0.04502424382359732 0.022347682898141596 -0.02602934216753431 0.025728987993138948 -0.0072877444430948625 -0.015388561169530648 0.03316291280917508 -0.24085750315258517 -0.031746031746031744 -0.08504012456581626 -0.08129079935952703 -0.1915905876301916 -0.07301076599430764 -0.18098958333333331 -0.07169376520291897 -0.16367265469061876 -0.09372846312887666 -0.2803261977573904 -0.09756700012350253 -0.21325026955792503 -0.08811621814717789 -0.35982008995502246 -0.1175281182863642 -0.41822641022331214 -0.033311979500320305 -0.32345378264988495 0.018967026553837175 -0.10299987125016094 -0.11249401627573004 -0.12546748703100494 -0.6208318176306535 -0.7434528981010302 -0.2676659528907923 -1.0355896720167481 -2.2265259783624947 -0.655896161281414 -0.19155420113191118 -0.26931789579662724 -0.2504616805170822 -0.4766290582546627 -2.4958023506836176 -3.968465736810188 -0.5568153187200806 -1.5668496999106116 -2.2854188210961737 -1.0658016682113067 -0.33221132738182346 -0.24549716259560822 -0.33671210532447865 -3.6687797147385104 -2.129465864874425 -0.35306833193226855 -0.15392254220456802 -0.33859470468431774 -0.1270163851136797 -0.4513934318984692 -0.129023307436182 -0.14230583695127835 -0.1336432306798373 -0.38096354471925925 -1.2630192745121511 -1.4493647465153572 -0.2863189343956181 -0.21300874857360214 -0.10688540889883172 -0.17568607335214154 -0.08858131487889274 -0.1150306748466258 -0.13901979264844486 -0.22851701975720068 -1.2055774925962486 -2.098324297683588 -0.3512219083875721 -0.2467451952882827 0.08900589193932557 -0.1422737452246081 0.1052170100832968 -0.26375000000000004 -0.19413092550790068 -0.15354868061874433 -0.17844224740776465 -0.4216510718938766 -1.9374467567238653 -1.169284467713787 -0.2420856610800745 -0.3294262800740284 -0.15683732987686325
0.03684598378776713 -0.05270239964117516 0.07280465949820787 -0.05425998614638651 0.011761938367442952 -0.03312825366777094 0.01837784856652782 -0.007287744443094865 -0.016670941266991535 0.035926488876606336 -0.2370744010088272 -0.03907203907203907 -0.09342436219906576 -0.09607094469762285 -0.19801980198019803 -0.09281029575547581 -0.18489583333333334 -0.06657278197413904 -0.16367265469061879 -0.10062026188835285 -0.2726809378185525 -0.11238730393973076 -0.21684437522463162 -0.11074065253631818 -0.3823088455772114 -0.13901175281182862 -0.4324254550148444 -0.038436899423446504 -0.33969413993774533 0.0029180040852057193 -0.12874983906270115 -0.13044518908568695 -0.1327059958981783 -0.7505759670183096 -0.8464689090232097 -0.27703426124197006 -1.179344033496162 -2.9638039268064644 -0.8754487710577188 -0.23944275141488897 -0.2819028441983388 -0.28047091412742386 -0.5284365645866912 -2.847205564883665 -4.302001212856277 -0.5794910556815318 -1.5860043417188099 -2.4547569803516027 -1.195551436515292 -0.38343333821162007 -0.23809523809523814 -0.3868111382966329 -4.383065429024225 -2.2839287819832568 -0.34826468115767983 -0.15143992055610725 -0.3284114052953157 -0.1193954020068589 -0.45793536569409926 -0.14983351831298558 -0.14833574529667148 -0.15804764671702498 -0.42902356112999646 -1.497665509397821 -1.6282225237449115 -0.30125731358147645 -0.21681247622670216 -0.09818543375590355 -0.1833803539369069 -0.09411764705882354 -0.11247443762781187 -0.16022620169651275 -0.24160914068079026 -1.4943237907206317 -2.3804829965500245 -0.3966597077244258 -0.2665840049597024 0.08649868371568259 -0.1462257937030694 0.07160602075113252 -0.27 -0.2167042889390519 -0.14217470427661508 -0.1989389920424403 -0.4571834655927988 -2.560545211147621 -1.5756669159810521 -0.2867783985102421 -0.3713756940160395 -0.20349967595593
0.03316138540899041 -0.06952231442027361 0.06496415770609318 -0.07388593858231354 0.004704775346977172 -0.048509228584950305 0.01470227885322226 -0.020648609255435442 -0.023082841754295973 0.030399336741743815 -0.24337957124842374 -0.047619047619047616 -0.10779734099892202 -0.10838773247936936 -0.20959238781020958 -0.11384729612671698 -0.19921875 -0.07041351939572398 -0.16899534264803728 -0.10475534114403859 -0.2854230377166157 -0.12967765839199705 -0.23840900922487124 -0.13217432722076686 -0.4122938530734633 -0.1680778465815746 -0.4724409448818897 -0.04484304932735426 -0.3816483962647178 -0.026262036766851477 -0.15192481009398737 -0.1412158927716611 -0.14477017734346725 -0.9082090457135928 -0.9482437631872905 -0.2623126338329765 -1.286810886252617 -3.715774008281021 -1.1543772438552886 -0.27136845160354084 -0.2932292977598792 -0.3139427516158818 -0.5733364034077827 -3.2034060925881507 -4.577319587628866 -0.5971277399848828 -1.5821734133571703 -2.547828335056877 -1.2948497285846685 -0.4536806673496268 -0.25166543301258326 -0.47069789118024 -5.220738057505094 -2.3841528121683764 -0.33265281614026665 -0.1551638530287984 -0.32331975560081466 -0.11685507430458533 -0.46447729948972916 -0.1748057713651498 -0.1640135069946937 -0.1871005229517722 -0.48997772828507796 -1.7478750149646831 -1.7885777722955467 -0.3112162330387153 -0.24724229745150245 -0.08948545861297538 -0.21543985637342908 -0.09273356401384084 -0.12908997955010224 -0.18261074458058438 -0.2725541537729112 -1.8065153010858837 -2.63676688023657 -0.41999263170821566 -0.29510229386236825 0.07897705904475368 -0.16203398761691476 0.04530176823030835 -0.30875 -0.2528216704288939 -0.1444494995450409 -0.22184711839884255 -0.5081132298945873 -3.187294633077766 -2.0144602343555222 -0.33519553072625696 -0.419494139420111 -0.24886584575502266
0.004912797838368949 -0.08746355685131195 0.03920250896057348 -0.09928422996998383 -0.03410962126558457 -0.07335541883577852 -0.01470227885322225 -0.02307785740313373 -0.050012823800974604 0.011054304269725024 -0.25598991172761665 -0.05128205128205128 -0.13175230566534915 -0.12439955659563987 -0.24559598817024558 -0.12250959039722806 -0.24088541666666666 -0.05120983228779926 -0.19827012641383898 -0.10199862164024812 -0.28797145769622834 -0.14202791157218722 -0.25757757278063975 -0.15718028101929032 -0.44602698650674666 -0.18071527865537723 -0.5085839679876081 -0.025624599615631006 -0.420895926377047 -0.05690107966151152 -0.1892622634221707 -0.15916706558161803 -0.15924719507781399 -1.113132048017461 -1.048777460593273 -0.24491434689507502 -1.3733426378227493 -4.4557232536396425 -1.4899199116266224 -0.3381221883616311 -0.31588220488296 -0.3358725761772853 -0.6182362422288741 -3.5152314703765897 -4.768950879320801 -0.5757117661879566 -1.5783424849955305 -2.5517063081695968 -1.3782602939229445 -0.4741694716815454 -0.2578337034295584 -0.5860421763951998 -6.042562825447137 -2.418346893055064 -0.30383091149273456 -0.14275074478649455 -0.30168024439918534 -0.09653245268639656 -0.4566269789349732 -0.20255271920088794 -0.18330921369995176 -0.20220801859384077 -0.5403821357402415 -2.0088590925416017 -1.894658936721352 -0.3062367733100958 -0.2637251172816026 -0.07208550832711905 -0.2295460374454988 -0.08858131487889273 -0.15337423312883436 -0.20499528746465598 -0.2904070459414425 -2.174234945705824 -2.8585510103499265 -0.43718531253837645 -0.34965902045877245 0.09025949605114705 -0.20550652087998947 0.03507233669443227 -0.35375000000000006 -0.2866817155756208 -0.15923566878980894 -0.2375210995900651 -0.5768091910458368 -3.8116100766703176 -2.4607329842931938 -0.3786468032278088 -0.4774830351634793 -0.2838626053143227
-0.012281994595922382 -0.10316214397847052 0.007840501792114696 -0.1293003925190487 -0.05410491649023759 -0.10056791292001892 -0.039206076941925995 -0.03643872221547431 -0.058989484483200814 -0.015199668370871907 -0.2622950819672131 -0.0647130647130647 -0.16528925619834714 -0.1588865623845301 -0.26874115983026875 -0.1373592377181042 -0.2747395833333333 -0.05505056970938421 -0.2155688622754491 -0.11164713990351482 -0.29561671763506625 -0.14573298752624428 -0.2779441715586438 -0.1762324362943558 -0.48350824587706154 -0.19335271072917984 -0.5447269910933266 -0.032030749519538756 -0.4587900933820544 -0.07149110008754013 -0.21501223123471097 -0.1974629009095261 -0.16769212208951623 -1.345943979628956 -1.100906044433412 -0.24759100642398288 -1.423586880669923 -5.243755843462002 -1.8102734051367027 -0.4077782615005078 -0.31588220488296 -0.3716528162511542 -0.6309002993322589 -3.751499160470137 -4.537295330503336 -0.5442176870748299 -1.4940620610394586 -2.5206825232678387 -1.42195154243347 -0.5005122201082979 -0.2664692820133234 -0.753815682162414 -6.694589087616029 -2.372361749793656 -0.26420079260237783 -0.1353028798411122 -0.29022403258655805 -0.09399212498412295 -0.4422347245845872 -0.2205882352941176 -0.1917510853835022 -0.2335851249273678 -0.580236783495487 -2.290195139470849 -1.9390650055507586 -0.30748163824225067 -0.2649930264993026 -0.06835694755157842 -0.2256988971531161 -0.08996539792387544 -0.16487730061349698 -0.22031102733270497 -0.29873839562009047 -2.596248766041461 -2.9657466732380486 -0.44086945843055386 -0.3856168629882207 0.0852450796038611 -0.22263206428665522 0.014613473622680112 -0.3825 -0.3137697516930022 -0.1819836214740673 -0.25078369905956116 -0.6324766078408148 -4.389679931848606 -2.8783345799052604 -0.4208566108007449 -0.5194324491054905 -0.305897602073882
-0.022107590272660283 -0.08409957389549227 -0.0022401433691756267 -0.13738166705148927 -0.0741002117148906 -0.08755324183625177 -0.05145797598627788 -0.0024292481476982817 -0.05642472428827905 0.011054304269725024 -0.257250945775536 -0.042735042735042736 -0.1820577314648461 -0.16504495627540336 -0.29188633149029186 -0.12374706100730108 -0.29166666666666663 -0.044808603251824355 -0.22355289421157684 -0.09786354238456238 -0.2956167176350663 -0.13461775966407313 -0.2815382772253504 -0.1905215527506549 -0.5172413793103449 -0.17439656261847594 -0.5666709694075126 -0.06406149903907751 -0.4939775341724185 -0.06857309600233441 -0.22788721514098106 -0.18190521780756347 -0.1688985402340451 -1.58845640839093 -1.1592404120640438 -0.18870449678800857 -1.3831123517096997 -5.878188860691866 -2.123722728528031 -0.4353504571179799 -0.31336521520261773 -0.376269621421976 -0.6481694681096017 -3.753897817222356 -4.214675560946029 -0.48500881834215176 -1.2795300727876389 -2.3061013443640124 -1.3888521117436778 -0.48734084589492166 -0.2763385146804836 -0.9518816264709308 -7.08625764093276 -2.0740478717132413 -0.24258436411672873 -0.08565044687189673 -0.280040733197556 -0.03302426012955671 -0.4239173099568233 -0.19006659267480575 -0.20622286541244575 -0.2347472399767577 -0.6259524088617981 -2.545193343708847 -1.934130997903047 -0.2738702850740694 -0.27006466337010265 -0.026099925428784487 -0.22826365734803794 -0.05813148788927336 -0.18916155419222908 -0.21913289349670123 -0.320161866222328 -3.0145607107601182 -2.9521931986200096 -0.4027999508780547 -0.4203347799132052 0.10279553716936192 -0.25161375312870504 0.033610989332164255 -0.40875000000000006 -0.3115124153498871 -0.21041856232939038 -0.26042922594646734 -0.6905128508823879 -4.888645491055129 -3.268511593118923 -0.45934202358783366 -0.5613818630475015 -0.3123784834737524
-0.02824858757062147 -0.0695223144202736 -0.029121863799283155 -0.13507273147079193 -0.09056692542931075 -0.089919545669664 -0.0698358245528057 0.020648609255435442 -0.06027186458066171 0.008290728202293767 -0.257250945775536 -0.0647130647130647 -0.20241945143130913 -0.17982510161349918 -0.2983155458402983 -0.14354659076846923 -0.30078125 -0.07425425681730893 -0.2248835662009315 -0.11853893866299103 -0.3007135575942915 -0.13214770902803505 -0.29112255900323475 -0.18218623481781376 -0.5434782608695652 -0.17692404903323644 -0.5976507034981282 -0.2895579756566304 -0.5589389633238598 -0.08462211847096587 -0.2304622119222351 -0.18669219722355196 -0.19182048498009413 -1.8661331393233902 -1.2126101526622812 -0.173982869379015 -1.316120027913468 -6.306932015493523 -2.517260425296879 -0.5006530256856769 -0.3058142461615908 -0.40397045244690677 -0.6769514160718398 -3.6759414727752464 -3.795027289266222 -0.4333585285966238 -1.0573362278125402 -1.922182006204757 -1.3213292731365018 -0.4595346114444608 -0.2837404391808537 -1.2594663870441571 -7.342087389630971 -1.6755099634477066 -0.22457067371202113 -0.05834160873882821 -0.2584012219959267 -0.00635081925568398 -0.3925160277377993 -0.18174250832408437 -0.2206946454413893 -0.27077280650784424 -0.6822177939280272 -2.776248054591165 -1.8403848525965216 -0.27387028507406946 -0.2802079371117028 -0.048471290082028336 -0.23980507822518587 -0.07612456747404844 -0.1981083844580777 -0.22973609802073516 -0.3546774577481552 -3.4624876604146095 -2.7759980285855104 -0.36350239469482987 -0.4190948543087415 0.10780995361664787 -0.2595178500856277 0.030688294607628237 -0.43000000000000005 -0.32505643340857787 -0.2263421292083713 -0.23631540872920181 -0.728414070827905 -5.332846537665814 -3.6125654450261786 -0.5102420856610801 -0.5934608266502159 -0.33830200907323393
-0.0356177843281749 -0.08297824624355236 -0.04704301075268817 -0.14546294158392978 -0.10820983298047518 -0.10411736867013725 -0.09433962264150944 0.03158022592007773 -0.0807899461400359 0.005527152134862512 -0.257250945775536 -0.0879120879120879 -0.2155946819978441 -0.19706860450794433 -0.31503150315031503 -0.16458359113971044 -0.32291666666666663 -0.09601843553962361 -0.2501663339986694 -0.1447277739490007 -0.2968909276248726 -0.15067308879832036 -0.2887264885587637 -0.16789711836151466 -0.5609695152423788 -0.1819790218627575 -0.6273396153349684 -0.7341447789878284 -0.6969820002706726 -0.13714619200466882 -0.2304622119222351 -0.1842987075155577 -0.24249004705030766 -2.193524918152055 -1.2572917959538292 -0.14186295503211993 -1.2393579902302858 -6.405770001335649 -2.932891466445733 -0.5528950805398345 -0.3020387616410773 -0.44436749769159745 -0.710338475708036 -3.556008635164308 -3.3353547604608855 -0.40186444948349714 -0.8389733111990806 -1.5085315408479834 -1.2432146167085925 -0.447826723254793 -0.30347890451517395 -1.6614237446114413 -7.46887027394159 -1.2309869119207641 -0.21136063408190223 -0.028550148957298915 -0.24439918533604885 0.024133113171599135 -0.3611147455187753 -0.17480577136514983 -0.24722624216111916 -0.28588030214991283 -0.757238307349666 -2.9582186040943377 -1.7441717034661401 -0.24399352670235283 -0.29795866615950295 -0.028585632612478255 -0.26032315978456017 -0.06505190311418683 -0.20833333333333334 -0.2756833176248822 -0.40942632706498455 -3.915350444225074 -2.5209462789551504 -0.346309713864669 -0.42529448233106015 0.09151310016296854 -0.2753260439994731 0.0029226947245360223 -0.45875000000000005 -0.37020316027088035 -0.2513648771610555 -0.22064142753797925 -0.7615776382802322 -5.734452963368626 -3.9279481426078293 -0.5698324022346368 -0.6255397902529303 -0.3810758263123784
-0.04421518054532056 -0.08185691859161247 -0.06720430107526881 -0.16393442622950816 -0.1258527405316396 -0.11949834358731662 -0.11639304092134281 0.04858496295396575 -0.09361374711464476 0.005527152134862512 -0.2723833543505675 -0.09768009768009768 -0.24793388429752067 -0.19583692572976966 -0.34846341777034845 -0.17943323846058656 -0.3567708333333333 -0.10754064780437844 -0.29008649367930806 -0.16126809097174363 -0.31218144750254845 -0.14202791157218722 -0.29471666466994134 -0.14527268397237442 -0.5847076461769116 -0.18324276507013776 -0.6776816832322189 -1.238949391415759 -0.9838949790228719 -0.20280128392179747 -0.2536371829535213 -0.18429870751555769 -0.34503558933526357 -2.636110100642658 -1.3230731041330521 -0.14052462526766593 -1.1416608513607813 -6.301589421664218 -3.2919083126208237 -0.6269046582498912 -0.31965768940347344 -0.47668513388735 -0.7725074833064702 -3.4180858719117295 -2.895087932080048 -0.3766691861929957 -0.6665815349252969 -1.0780765253360909 -1.1558321196875414 -0.4185570027806234 -0.31704909943251913 -2.1344518233717813 -7.46887027394159 -0.7841056479188777 -0.20775789600096067 -0.016137040714995037 -0.24058044806517306 0.036834751682967105 -0.33494701033625535 -0.1692563817980022 -0.2653159671972986 -0.30331202789076117 -0.8615637088266321 -3.1078654375673413 -1.5998519797705686 -0.2315448773808042 -0.305566121465703 -0.03604275416355954 -0.25904077968709927 -0.08166089965397924 -0.22239263803680984 -0.2909990574929312 -0.5094025232087598 -4.290473840078973 -2.256037456875308 -0.31438044946579885 -0.43273403595784254 0.09025949605114705 -0.29903833487024106 -0.0029226947245360236 -0.48375 -0.3871331828442438 -0.287761601455869 -0.19652761032071378 -0.8101385763354259 -6.03018133138615 -4.2395911244078786 -0.6281812538795779 -0.6711906230721777 -0.42255346727154885
-0.047899778924097275 -0.07400762502803318 -0.0739247311827957 -0.15816208727776493 -0.12114796518466245 -0.11949834358731662 -0.11884342073021317 0.07287744443094862 -0.08976660682226212 0.016581456404587535 -0.2597730138713746 -0.08302808302808302 -0.2467361360641993 -0.17366670772262588 -0.3356049890703356 -0.16705853235985646 -0.34895833333333337 -0.09473818973242862 -0.2994011976047904 -0.15437629221226742 -0.3109072375127421 -0.11485735457576882 -0.30190487600335447 -0.09764229578471066 -0.588455772113943 -0.1668141033741944 -0.6789725054859945 -1.7335041639974373 -1.4318581675463526 -0.2567843594981033 -0.2639371700785374 -0.16156055528961227 -0.49583785740137526 -3.0168546137989565 -1.3677547474245997 -0.12981798715203424 -0.9797627355198884 -5.854147188459997 -3.4589892294946147 -0.6704397039616892 -0.3360181223256985 -0.49399815327793173 -0.8128022104536037 -3.253777884384745 -2.579745300181928 -0.35777273872511967 -0.6052866811390627 -0.814374353671148 -1.0234343969283732 -0.3746524220693693 -0.33185294843325935 -2.6599091226843763 -7.22209644555128 -0.4209409267775026 -0.20775789600096067 0.012413108242303874 -0.24058044806517306 0.05207671789660866 -0.3140128221902394 -0.13873473917869034 -0.2870236372407139 -0.3137710633352701 -0.9893330207478608 -3.1449778522686462 -1.4345627235722216 -0.215361633262791 -0.308101939901103 -0.047228436490181464 -0.2577583995896383 -0.07058823529411765 -0.2275051124744376 -0.30395852968897275 -0.6427041180671269 -4.523692003948668 -1.9418432725480534 -0.27017069875967087 -0.42529448233106015 0.08273787138021814 -0.29640363588460017 0.004384042086804034 -0.48250000000000004 -0.3769751693002258 -0.3116469517743403 -0.1543284301904992 -0.8350112519246714 -5.871972739442619 -4.279481426078285 -0.6741154562383612 -0.6896977174583591 -0.43810758263123784
-0.057725374600835176 -0.05830903790087464 -0.09632616487455196 -0.14661740937427847 -0.1270289343683839 -0.11476573592049218 -0.1274197500612595 0.07044819628325034 -0.09746088740702744 0.0345447008428907 -0.27994955863808324 -0.07448107448107447 -0.26590010779734097 -0.16873999260992728 -0.3638935322103639 -0.16210864991956442 -0.3854166666666667 -0.12674433491230316 -0.38988689288090483 -0.1654031702274294 -0.31218144750254845 -0.07410151908114118 -0.2887264885587636 -0.06906406287211245 -0.5934532733633183 -0.13774800960444838 -0.6854266167548728 -2.089686098654709 -2.1843280552172146 -0.43040560256784366 -0.2755246555941805 -0.13164193393968407 -0.8420798648811678 -3.4946040984600457 -1.381407471763684 -0.11911134903640255 -0.829030006978367 -5.254441031120608 -3.3333333333333335 -0.6849513858656218 -0.36748049332997734 -0.5355493998153278 -0.8450379921713103 -2.975533701127369 -2.257125530624621 -0.33635676492819344 -0.5605925169199336 -0.5532574974146847 -0.8738249702105124 -0.32928435533440664 -0.4071058475203554 -3.3461493650238845 -6.6164817749603815 -0.10258224266006359 -0.21616428485649092 0.06951340615690169 -0.25330957230142565 0.0723993395147974 -0.2930786340442234 -0.09017758046614871 -0.30270139893873615 -0.3172574084834398 -1.2917594654788418 -3.13420328025859 -1.252004440606883 -0.19917838914477778 -0.2916191200710029 -0.057171265224956504 -0.23467555783534239 -0.05674740484429066 -0.25178936605316976 -0.3086710650329878 -0.9950011901928113 -4.693978282329714 -1.6559881715130609 -0.21736460763846246 -0.43521388716677 0.0676946220383603 -0.30694243182716374 0.02192021043402017 -0.5087499999999999 -0.3600451467268623 -0.3412192902638763 -0.16035688449481553 -0.8847566031031624 -5.728368017524644 -4.31189229618549 -0.7212911235257604 -0.7069710055521283 -0.4536616979909268
-0.06018177352001965 -0.07512895267997309 -0.11424731182795697 -0.14892634495497575 -0.135262291225594 -0.1407950780880265 -0.13967164910561136 0.03158022592007775 -0.1128494485765581 0.024872184606881308 -0.2900378310214376 -0.07936507936507936 -0.2790753383638759 -0.1712033501662766 -0.3831811752603832 -0.16210864991956442 -0.4166666666666667 -0.206119574958392 -0.4790419161676646 -0.1998621640248105 -0.3198267074413863 -0.049401012720760765 -0.285132382892057 -0.0559657061205049 -0.6009495252373813 -0.11879186149374447 -0.6931715502775267 -2.3587443946188342 -2.946271484639329 -0.6857309600233441 -0.2819621475473156 -0.11847774054571565 -1.1810833634937867 -3.9105129137868317 -1.3789251582474868 -0.13115631691648824 -0.7076064200976973 -4.582609857085615 -3.1759182546257936 -0.6951095631983746 -0.4014598540145985 -0.5886426592797784 -0.8369790467418834 -2.681698248980571 -1.957550030321407 -0.3376165280927185 -0.5363299706295492 -0.390382626680455 -0.7401032702237522 -0.29416069076540324 -0.5230693313594867 -4.075498077595246 -5.935023771790808 0.13441811107180754 -0.2197670229374324 0.10178748758689175 -0.2609470468431772 0.0736695033659342 -0.23943477692005755 -0.05688124306326303 -0.31837916063675836 -0.33120278907611855 -1.6141132340874456 -3.0707530228660365 -1.0965831997039595 -0.19046433461969375 -0.2916191200710029 -0.07208550832711906 -0.20518081559374202 -0.05536332179930796 -0.2645705521472393 -0.3263430725730443 -1.3794334682218519 -4.8013326752221115 -1.3984721537703302 -0.1964877809161243 -0.4302541847489151 0.02131126990096528 -0.2858648399420366 0.01607482098494812 -0.5262499999999999 -0.3510158013544018 -0.38557779799818015 -0.18447070171208105 -0.9262110624185714 -5.5835463064378725 -4.294440289204688 -0.7945375543140907 -0.7045033929673041 -0.4808813998703824
-0.06509457135838861 -0.07625028033191297 -0.12880824372759855 -0.13160932809974601 -0.1529051987767584 -0.14907714150496926 -0.16907620681205587 0.018219361107737166 -0.13208515003847138 0.02210860853945005 -0.2900378310214376 -0.0647130647130647 -0.2790753383638759 -0.1588865623845301 -0.3986112897003986 -0.1484964732087613 -0.4466145833333333 -0.2842145691972859 -0.6573519627411842 -0.25775327360441075 -0.3249235474006116 -0.008645177226133139 -0.2935186294477058 -0.0547749464158133 -0.618440779610195 -0.08846202451661825 -0.6905899057699754 -2.500960922485586 -3.6324265800514284 -1.0081704114385759 -0.2819621475473155 -0.10531354715174723 -1.5526601520086862 -4.2451800654783565 -1.354102023085516 -0.1498929336188437 -0.6224703419399861 -3.869373580873514 -2.910798122065727 -0.6965607313887678 -0.4366977095393909 -0.6232686980609419 -0.8312226571494359 -2.3470856320460545 -1.6895087932080053 -0.32879818594104304 -0.5299450900268164 -0.281799379524302 -0.6209453197405005 -0.23562124981706417 -0.6439674315321984 -4.7361062565536525 -5.136970794657008 0.32307510906732706 -0.24138345142308149 0.14275074478649455 -0.28258655804480654 0.09653245268639654 -0.20410833442365567 0.004162042175360703 -0.3449107573564882 -0.33004067402672865 -1.6527956863204782 -2.96779600143661 -0.9695325027753793 -0.17801568529814513 -0.30049448459490297 -0.06959980114342529 -0.17568607335214156 -0.03183391003460208 -0.29013292433537835 -0.30749293119698395 -1.8067126874553678 -4.800098716683118 -1.176688023656974 -0.16455851651725412 -0.42901425914445135 0.005014416447285952 -0.275326043999473 0.030688294607628237 -0.5499999999999999 -0.33860045146726864 -0.43448589626933576 -0.21340728237279963 -0.9700343479805756 -5.368139223560911 -4.225878833208677 -0.8553693358162633 -0.7143738433066009 -0.5029163966299416
-0.06632277081798084 -0.08073559093967257 -0.1310483870967742 -0.11660124682521358 -0.1587861679604799 -0.15735920492191197 -0.19848076451850036 -0.02064860925543543 -0.15516799179276736 0.006908940168578137 -0.2925598991172762 -0.06349206349206349 -0.2682956042639837 -0.15765488360635543 -0.38961038961038963 -0.15344635564905335 -0.44791666666666663 -0.43016259121751366 -0.9673985362608117 -0.3928325292901447 -0.31982670744138636 0.008645177226133137 -0.3102911225590032 -0.07501786139557037 -0.6246876561719141 -0.0834070516870972 -0.6789725054859945 -2.6342088404868678 -4.168358370550819 -1.4137729792821712 -0.27423715720355346 -0.11249401627573001 -1.985764265894559 -4.496180429247 -1.3094203797939679 -0.16461456102783728 -0.5429169574319609 -3.169493789234674 -2.5683512841756415 -0.658830358438543 -0.4895544928265794 -0.6590489381348108 -0.8093483766981351 -2.0172703286159748 -1.4396604002425712 -0.32123960695389264 -0.49418975865151316 -0.24560496380558425 -0.5070832781676156 -0.1975706132006439 -0.8092770787071306 -5.281370150297099 -4.27892234548336 0.45277679518924663 -0.23898162603578718 0.17130089374379345 -0.2813136456211812 0.08891146957957576 -0.15700641109511976 0.06381798002219756 -0.3690303907380608 -0.3625798954096456 -1.9915601922400654 -2.820543517299174 -0.8622178364376467 -0.17926055023030002 -0.29669075694180297 -0.10067114093959731 -0.13977943062323675 -0.027681660899653977 -0.30930470347648265 -0.31220546654099907 -2.2387526779338254 -4.7235932872655475 -0.9894036471168063 -0.14736583568709322 -0.4190948543087415 -0.05265137269650244 -0.25161375312870504 0.018997515709484145 -0.56125 -0.3476297968397291 -0.46974522292993626 -0.2531950807812877 -0.9925381973232262 -5.138128270658392 -4.136125654450263 -0.9385474860335196 -0.7119062307217767 -0.5353208036292937
-0.05895357406042741 -0.09979816102265082 -0.12880824372759858 -0.11891018240591086 -0.1576099741237356 -0.16209181258873642 -0.2033815241362411 -0.052228835175513175 -0.1718389330597589 -0.009672516236009388 -0.28121059268600257 -0.07814407814407814 -0.24314289136423523 -0.141643059490085 -0.3806094895203806 -0.15097141442890732 -0.4505208333333333 -0.5479452054794519 -1.4397870924817033 -0.6092350103376981 -0.30963302752293576 -0.020995430406323328 -0.34024200311489156 -0.12383900928792571 -0.6346826586706646 -0.08846202451661822 -0.6660642829482379 -2.7046764894298523 -4.578427392069292 -1.8295885614239857 -0.2613621732972834 -0.13164193393968407 -2.451441669682712 -4.631987389353705 -1.2548094824376317 -0.17130620985010708 -0.45638520586182835 -2.4175237077601177 -2.230046948356807 -0.6036859672035988 -0.5738736471180468 -0.7029085872576177 -0.7782638728989179 -1.6742624130486927 -1.1873862947240752 -0.3237591332829428 -0.45971140339675653 -0.20811789038262668 -0.4011650999602807 -0.16830089272647447 -1.0523069331359487 -5.675171851334032 -3.4333257867330764 0.5329560193373423 -0.23778071334214004 0.19860973187686196 -0.2774949083503055 0.10288327194208051 -0.13345544943085177 0.10405105438401777 -0.3822961890979257 -0.40906449738524114 -2.330324698159653 -2.626601221118161 -0.779573208338473 -0.19170919955184865 -0.2890833016356029 -0.13671389510315685 -0.11541420877147987 -0.03460207612456747 -0.3182515337423313 -0.34872761545711595 -2.7172101880504647 -4.552073050345507 -0.8600295712173484 -0.13385730074910968 -0.3992560446373217 -0.08775228782750408 -0.23712290870768013 0.013152126260412103 -0.575 -0.3679458239277652 -0.5004549590536851 -0.3038340969375452 -1.0185952860357692 -4.923938176950225 -4.075043630017452 -1.0043451272501551 -0.7501542257865516 -0.5742060920285159
-0.06877916973716532 -0.12446736936532857 -0.13552867383512543 -0.13276379589009468 -0.17054810632792283 -0.1774727875059158 -0.22911051212938008 -0.11174541479412121 -0.22826365734803797 -0.06079867348348763 -0.28121059268600257 -0.10622710622710622 -0.20960594083123726 -0.15149648971548219 -0.38575286100038575 -0.15468382625912636 -0.4687499999999999 -0.6529253616694405 -2.090485695276114 -0.9813921433494143 -0.3070846075433232 -0.06916141780906508 -0.408530010782317 -0.20361990950226244 -0.6421789105447276 -0.11247314545684317 -0.65057441590293 -2.722613709160794 -4.858573555284884 -2.203093084330318 -0.24977468778164025 -0.19626615605552894 -2.973820726263723 -4.692615496544198 -1.2014397418393943 -0.208779443254818 -0.39916259595254716 -1.7310004006945374 -1.8572217619442135 -0.555797416920621 -0.6883966775736219 -0.7386888273314867 -0.7448768132627217 -1.3780283041496761 -0.9836264402668282 -0.32123960695389264 -0.4341718809858256 -0.18872802481902792 -0.3256983979875547 -0.14195814429972195 -1.392795460152973 -5.903530234183853 -2.5752773375594296 0.5600754627991982 -0.23537888795484568 0.19736842105263158 -0.27367617107942976 0.0723993395147974 -0.10990448776658379 0.11237513873473919 -0.3991799324650266 -0.4671702498547356 -2.6901887234790762 -2.3991380342391957 -0.706796595534723 -0.21660649819494587 -0.2827437555471028 -0.17772806363410393 -0.09361374711464479 -0.05674740484429066 -0.32719836400818 -0.3970311027332705 -3.2337538681266365 -4.264560710760118 -0.7380482996550024 -0.1326292521183839 -0.3868567885926844 -0.13538924407672054 -0.23448820972203926 -0.007306736811340054 -0.5725 -0.41986455981941306 -0.501592356687898 -0.38461538461538464 -1.037545896008528 -4.754776682487526 -3.9990027424582393 -1.0875232774674115 -0.7785317705120296 -0.626053143227479
-0.07983296487349545 -0.13792330118860732 -0.1209677419354839 -0.15354421611637034 -0.17995765702187722 -0.18457169900615242 -0.2438127909826023 -0.1554718814526904 -0.2744293408566299 -0.09948873842752523 -0.2837326607818411 -0.10256410256410256 -0.17726673853156066 -0.15272816849365686 -0.4101838755304102 -0.13735923771810418 -0.5065104166666666 -0.7207783894507747 -2.7624750499001998 -1.335630599586492 -0.322375127420999 -0.10127207607755957 -0.5235413921169283 -0.2988806858775899 -0.6721639180409795 -0.11879186149374447 -0.6454111268878274 -2.5393978219090325 -4.9560156990120445 -2.550335570469798 -0.2510621861722673 -0.23934897079942558 -3.5130896368681386 -4.630774827209895 -1.1517934715154523 -0.2047644539614561 -0.3712491277041172 -1.17804193936156 -1.3974040320353496 -0.45131330721230595 -0.8520010067958722 -0.7433056325023084 -0.708035919871057 -1.1405612856800191 -0.8684050939963613 -0.3250188964474679 -0.46098837951730304 -0.19131334022750776 -0.29657089898053757 -0.1273232840626372 -1.8134715025906736 -5.891879296283351 -1.7896762508489925 0.5388515505247022 -0.23537888795484568 0.2097815292949355 -0.27876782077393075 0.05080655404547187 -0.1020541672118278 0.14012208657047726 -0.4136517124939701 -0.5229517722254503 -3.0160590786543198 -2.1381539566622765 -0.6586900209695324 -0.2116270384663264 -0.2802079371117028 -0.18021377081779769 -0.07566042575019234 -0.035986159169550176 -0.32847648261758694 -0.4594721960414703 -3.7300642704118068 -3.8647581441263568 -0.657959586002957 -0.1535060788407221 -0.3893366398016119 -0.1892942208850445 -0.23053616124357795 -0.040917726143504314 -0.5725 -0.4571106094808126 -0.5209281164695176 -0.4702194357366771 -1.0588653322278812 -4.574662285505659 -3.925454998753428 -1.1409062693978895 -0.8143121529919803 -0.6480881399870382
-0.07983296487349545 -0.16595649248710473 -0.11872759856630824 -0.177788039713692 -0.1811338508586215 -0.2094178892569806 -0.24993874050477824 -0.22227620551439328 -0.3205950243652218 -0.16028741191101287 -0.257250945775536 -0.11599511599511599 -0.1521140256318122 -0.16997167138810199 -0.41532724701041535 -0.1398341789382502 -0.5078125 -0.8027141211112534 -3.2055888223552893 -1.8428669882839421 -0.29689092762487257 -0.15067308879832036 -0.6661075835629566 -0.39890450107168374 -0.6809095452273863 -0.1339567799823076 -0.6170130373047631 -2.1511851377322224 -4.88022736500203 -2.7910709074992703 -0.22659971675035404 -0.3111536620392532 -3.984799131378936 -4.508306050685098 -1.083529849820032 -0.22617773019271947 -0.34333565945568745 -0.8882062241218109 -0.9113504556752279 -0.3656943839791032 -0.9891769443745282 -0.7490766389658357 -0.6562284135390284 -0.9450707603741904 -0.7762280169799878 -0.326278659611993 -0.46098837951730304 -0.1938986556359876 -0.25155567324242023 -0.10683447973071858 -2.2575869726128794 -5.811487824769895 -1.1353860086031244 0.4881499823134064 -0.22937432448660983 0.20854021847070509 -0.28640529531568226 0.016512130064778363 -0.1046709407300798 0.15677025527192007 -0.40641582247949837 -0.6042998256827425 -3.2973860039854648 -1.896324673769903 -0.604415936844702 -0.2315448773808042 -0.26372511728160253 -0.22247079294059163 -0.05129520389843549 -0.044290657439446365 -0.2837423312883436 -0.51248821866164 -4.17876696024756 -3.4452122408687074 -0.5963528831936915 -0.17069875967088297 -0.3781773093614383 -0.2381847812460825 -0.21604531682255304 -0.05845389449072045 -0.5237499999999999 -0.49435665914221216 -0.530027297543221 -0.5473836508319267 -1.0636029847210708 -4.368991115979068 -3.8095238095238093 -1.1843575418994414 -0.8241826033312771 -0.6532728451069346
-0.10071235568656349 -0.19511101143754206 -0.12544802867383514 -0.1916416531978758 -0.17407668783815575 -0.23189777567439665 -0.2536143102180838 -0.2817927851330013 -0.3552192869966658 -0.1962139007876192 -0.2597730138713745 -0.14163614163614163 -0.1593005150317403 -0.20199531962064293 -0.3921820753503922 -0.15592129686919934 -0.49088541666666663 -0.8795288695429523 -3.3918829008649367 -2.248104755341144 -0.3058103975535168 -0.21489440533530937 -0.7954953875643943 -0.509645153608002 -0.6784107946026986 -0.1465942120561102 -0.5757067251839422 -1.6796925048046127 -4.636622005684124 -2.8815290341406476 -0.23561220548474315 -0.3925323121110579 -4.232114851007359 -4.2257790711773975 -0.99168424972074 -0.26498929336188437 -0.3098394975575715 -0.7479631361025778 -0.4708644020988677 -0.2699172834131476 -1.077271583186509 -0.7675438596491229 -0.5940594059405941 -0.7867594147277523 -0.6828380836870831 -0.3426555807508188 -0.44183373770910483 -0.22492244053774563 -0.19065272077320267 -0.10098053563588469 -2.6128793486306443 -5.557497378538973 -0.645234321937967 0.4067916519278388 -0.23297706256755135 0.19116186693147966 -0.29658859470468435 -0.006350819255683984 -0.11382964804396181 0.1650943396226415 -0.42812349252291365 -0.6856478791400349 -3.493142656195053 -1.6676643122231536 -0.5698778833107191 -0.2477281214988174 -0.25738557119310257 -0.25229927914491673 -0.04744806360605284 -0.047058823529411764 -0.25817995910020447 -0.5902450518378888 -4.445370149964295 -3.031836130306022 -0.5532281912272056 -0.20508412133120474 -0.379417234965902 -0.283314529271656 -0.21736266631537346 -0.0774514102002046 -0.54375 -0.5395033860045146 -0.56073703366697 -0.6341933928140825 -1.0434679616250147 -4.201046610685165 -3.6025928696085763 -1.2265673494723774 -0.8204811844540407 -0.6545690213869084
-0.10439695406534022 -0.2130522538685804 -0.12768817204301075 -0.200877395520665 -0.17525288167490005 -0.23663038334122102 -0.2536143102180838 -0.3243046277177214 -0.3924083098230315 -0.22799502556307863 -0.27994955863808324 -0.1684981684981685 -0.17247574559827525 -0.2278605739623106 -0.39475376109039473 -0.16705853235985643 -0.5 -0.9345794392523364 -3.498336660013307 -2.4314266023432114 -0.3134556574923547 -0.27417562060022227 -0.8553971486761711 -0.600142891164563 -0.6771614192903549 -0.1529129280930115 -0.5589260358848587 -1.1979500320307492 -4.219786168629042 -2.918004085205719 -0.24719969100038627 -0.4523695548109144 -4.19833514296055 -3.853522493027768 -0.9010798063795458 -0.29577087794432544 -0.29867411025819957 -0.5956992119674103 -0.17260425296879317 -0.18429836017994486 -1.1213189025924994 -0.7663896583564174 -0.5457057333640342 -0.6056608299352362 -0.6015767131594907 -0.3338372385991434 -0.4214021197803601 -0.22880041365046538 -0.15490533562822717 -0.07171081516171522 -2.7226745620528003 -5.0891296749388335 -0.23884989812089655 0.28298549699327913 -0.22937432448660983 0.17130089374379348 -0.3067718940936863 -0.019052457767051948 -0.12691351563522177 0.17064372918978912 -0.4389773275446213 -0.7344567112144103 -3.47321533231743 -1.4737220160421405 -0.5489083508079438 -0.2539524461595917 -0.2599213896285026 -0.25602783992045736 -0.05257758399589638 -0.051211072664359855 -0.26201431492842536 -0.6149858623939679 -4.438228993096882 -2.6159921026653508 -0.5174963035978315 -0.2210487535306398 -0.379417234965902 -0.3121474238435502 -0.2331708602292188 -0.0920648838228847 -0.5462499999999999 -0.5632054176072235 -0.5527752502274795 -0.7077405353267421 -1.0162264597891746 -3.906535231836437 -3.3283470456245325 -1.2302917442582249 -0.8081431215299197 -0.646791963707064
-0.10316875460574797 -0.206324287956941 -0.11536738351254479 -0.19510505656892171 -0.1646671371442014 -0.22479886417415998 -0.24136241117373194 -0.3194461314223248 -0.3962554501154142 -0.23352217769794112 -0.2723833543505675 -0.16117216117216115 -0.1628937597317044 -0.21923882251508803 -0.3728944323003729 -0.15963370869941837 -0.4817708333333333 -0.9294584560235565 -3.458416500332669 -2.4424534803583735 -0.32237512742099894 -0.29146597505248856 -0.8805558883431173 -0.6191950464396284 -0.6734132933533233 -0.1592316441299128 -0.5537627468697561 -0.8417680973734785 -3.4862633644606844 -2.766267872775022 -0.24076219904725119 -0.46792723791287705 -3.8798407528049226 -3.26906753971141 -0.8179223035869431 -0.2944325481798715 -0.28053035589672015 -0.5796714304794978 -0.1284175642087821 -0.1248004643738209 -1.0873395419078782 -0.7006001846722069 -0.48008289201013127 -0.5097145598464861 -0.5312310491206792 -0.30612244897959184 -0.3920316690077895 -0.21199586349534644 -0.1522573811730438 -0.04244109468754574 -2.6437207007155195 -4.321332867295817 -0.1233869141951551 0.22874661006956729 -0.19815059445178335 0.14895729890764647 -0.2889511201629328 -0.02794360472500953 -0.12691351563522177 0.1595449500554939 -0.41847563917028463 -0.705403834979663 -3.1450005860977615 -1.2594277505087992 -0.5143702972739608 -0.24274866177019794 -0.25611766197540253 -0.25105642555306984 -0.05514234419081816 -0.04705882352941176 -0.23773006134969327 -0.5961357210179076 -4.091882885027374 -2.1779368213228034 -0.4632824051256777 -0.21982070489991404 -0.3583384996900186 -0.3046257991726213 -0.2186800158081939 -0.09498757854742072 -0.49625 -0.5474040632054177 -0.5118289353958143 -0.6920665541355197 -0.9262110624185717 -3.461117196056956 -2.929444028920469 -1.170701427684668 -0.7489204194941395 -0.6117952041477641
-0.08720216163104887 -0.1749271137026239 -0.0907258064516129 -0.1731701685522974 -0.14584803575629265 -0.17747278750591575 -0.2278853222249449 -0.2830074092068505 -0.3847140292382662 -0.20726820505734417 -0.2509457755359395 -0.14407814407814407 -0.14133429153191995 -0.19091021061707109 -0.33174746046033177 -0.12498453161737406 -0.44661458333333337 -0.8539239533990525 -3.3759148369926812 -2.39421088904204 -0.3198267074413863 -0.30999135482277385 -0.8721696417874686 -0.6013336508692546 -0.647176411794103 -0.14153923922658915 -0.5382728798244483 -0.5739910313901344 -2.7351468398971446 -2.506565509191713 -0.221449723187846 -0.4655337482048828 -3.539630836047775 -2.6967382078331514 -0.7186297629390592 -0.2636509635974304 -0.2735519888346126 -0.5409376252170428 -0.07732670533001934 -0.05804672761573067 -1.0521016863830857 -0.6244228993536474 -0.43403177527055037 -0.4317582153993764 -0.4608853850818678 -0.25699168556311414 -0.362661218235219 -0.17967942088934852 -0.12312988216602674 -0.0043904580711254335 -2.5289908709597833 -3.509262495630898 -0.04980756169345712 0.18629878552057544 -0.1705296024978984 0.14275074478649458 -0.2685845213849287 -0.03302426012955671 -0.15569802433599372 0.1567702552719201 -0.3931500241196334 -0.6647298082510168 -2.7745868010784203 -1.053513707649946 -0.47613173800419395 -0.215361633262791 -0.23963484214530242 -0.23489932885906034 -0.06796614516542704 -0.03044982698961938 -0.2160020449897751 -0.5619698397737982 -3.6895977148298025 -1.7719644619940769 -0.41276490882207983 -0.18666339187031805 -0.3397396156230626 -0.26200325937069074 -0.227901462257937 -0.06868332602659652 -0.45874999999999994 -0.525959367945824 -0.47202001819836215 -0.6450446105618519 -0.8444865569110505 -2.9889253985639526 -2.5517327349788084 -1.0713842333954067 -0.7094386181369525 -0.543097861309138
-0.08597396217145663 -0.1468939224041265 -0.08064516129032258 -0.17201570076194875 -0.13761467889908258 -0.14789398958826314 -0.21808380298946334 -0.2599295518037168 -0.38599640933572715 -0.20726820505734417 -0.25598991172761665 -0.13064713064713063 -0.1389387950652773 -0.1748983865008006 -0.31503150315031503 -0.10889741368642494 -0.42708333333333337 -0.7783894507745488 -3.2295409181636723 -2.341833218470021 -0.3211009174311926 -0.3248116586390021 -0.8625853600095843 -0.5810907358894974 -0.6196901549225389 -0.14280298243396944 -0.520201368271589 -0.4394618834080716 -2.050345107592367 -2.182667055733878 -0.21243723445345694 -0.45356629966491147 -3.1692604656774033 -2.180186734570147 -0.6379545736626537 -0.24089935760171305 -0.25540823447313327 -0.5262454921864566 -0.07594587130626898 -0.03192570018865186 -1.021897810218978 -0.554016620498615 -0.3845268247755008 -0.370592468217798 -0.4014554275318375 -0.2166792642983119 -0.3294598391010088 -0.16158221302998965 -0.12577783662121012 0.014634860237084735 -2.413027387120652 -2.7181638121868814 0.016979850577314923 0.13559721730927962 -0.14410952323766063 0.13778550148957297 -0.2443991853360489 -0.0381049155341039 -0.19102446683239566 0.1331853496115427 -0.37023637240713947 -0.6368390470656595 -2.6878443324346506 -0.8930923021668861 -0.4465276921179228 -0.20664757873770698 -0.2294915684037023 -0.23862788963460102 -0.09617850730956655 -0.04982698961937716 -0.19555214723926384 -0.5490103675777569 -3.251606760295169 -1.4215202369200393 -0.37210448496796455 -0.16210241925580252 -0.3236205827650341 -0.239438385357904 -0.2371229087076801 -0.07452871547566856 -0.41125 -0.4920993227990971 -0.4265241128298453 -0.6028454304316373 -0.7532867464171502 -2.5775830595107703 -2.198952879581152 -0.9807572936064558 -0.6699568167797656 -0.49384316267012307
-0.07737656595431097 -0.13568064588472753 -0.066084229390681 -0.18356037866543523 -0.11291460832745237 -0.1159488878371983 -0.18745405537858367 -0.23199319810518645 -0.3565016670941267 -0.1962139007876192 -0.2345523329129886 -0.1294261294261294 -0.1281590609653851 -0.1748983865008006 -0.2906004886202906 -0.1014725900259869 -0.3893229166666667 -0.6785302778133403 -2.892880904856953 -2.2370778773259823 -0.3249235474006116 -0.321106582684945 -0.8278423385647538 -0.5513217432722077 -0.5809595202398801 -0.13774800960444838 -0.49954821221117857 -0.3587443946188341 -1.4927595073758284 -1.797490516486723 -0.18797476503154373 -0.4284346577309718 -2.718060079623597 -1.707287498484297 -0.5374208762566713 -0.23554603854389716 -0.2260990928122819 -0.5168959529851743 -0.07594587130626898 -0.030474531998258596 -0.94764661464888 -0.4893813481071099 -0.3350218742804513 -0.32381866154953226 -0.346876895087932 -0.19400352733686071 -0.30264334056953135 -0.14607032057911065 -0.12180590493843504 0.008780916142250843 -2.2477177399457196 -2.016777350576722 0.04641159157799412 0.08607475533545572 -0.13450222168848322 0.11295928500496524 -0.24058044806517312 -0.04191540708751429 -0.22765929608792357 0.08879023307436182 -0.3400868306801737 -0.5915165601394538 -2.2787480951822765 -0.7554172153717229 -0.41322314049586784 -0.20540271380555214 -0.21808038544440217 -0.23987074322644789 -0.12054372916132343 -0.07197231833910035 -0.16232106339468305 -0.5219132893496702 -2.8005236848369437 -1.1105626850937806 -0.3203548546081814 -0.1412255925334643 -0.296342219466832 -0.20559107433872384 -0.2331708602292188 -0.0774514102002046 -0.37499999999999994 -0.44920993227990974 -0.3776160145586898 -0.5642633228840125 -0.6703778277863317 -2.1917974930023116 -1.8486661680378957 -0.8826815642458102 -0.6304750154225787 -0.4536616979909267
-0.08106116433308769 -0.1154967481498094 -0.05376344086021506 -0.18356037866543526 -0.10115266996000942 -0.10648367250354947 -0.176427346238667 -0.22227620551439334 -0.34239548602205694 -0.18515959651789418 -0.2383354350567465 -0.11599511599511599 -0.1353455503653132 -0.18352013794802316 -0.27645621705027645 -0.09899764880584086 -0.37109375 -0.5901933171168865 -2.4178310046573515 -2.0413507925568575 -0.3389398572884811 -0.29640607632456467 -0.7883071762309812 -0.5072636341986188 -0.5397301349325337 -0.13269303677492733 -0.4788950561507681 -0.3113388853299167 -1.0542698606036 -1.4137729792821712 -0.17509978112527363 -0.37936811871708953 -2.2391120762456262 -1.301079180307991 -0.46543378428695553 -0.22082441113490364 -0.22051639916259594 -0.500868171497262 -0.0883733775200221 -0.036279204759831665 -0.8608104706770702 -0.40858725761772857 -0.3050886483997237 -0.281842168385704 -0.31534263189811995 -0.15873015873015878 -0.29881241220789173 -0.12150982419855223 -0.13636965444194357 0.017561832284501682 -1.9923513446829513 -1.435395549341722 0.05320353180892007 0.05423888692371183 -0.10928305512189265 0.09433962264150944 -0.22785132382892054 -0.043185570938651094 -0.2355096166426796 0.07491675915649278 -0.309937288953208 -0.5171411969785009 -1.8555855116633455 -0.6129534299054233 -0.37745158504995685 -0.17801568529814515 -0.2104729301382021 -0.20631369624658213 -0.14362657091561942 -0.05536332179930796 -0.13420245398773006 -0.4806786050895382 -2.289930968816949 -0.8156465942744321 -0.2735337604731395 -0.11789266854967455 -0.27526348419094854 -0.17425097154318664 -0.2292188117507575 -0.04822446295484438 -0.33749999999999997 -0.40970654627539504 -0.3298453139217471 -0.5075958524234386 -0.5590429941963756 -1.8011439698186684 -1.4784343056594365 -0.77715704531347 -0.5404071560764959 -0.3862605314322748
-0.07983296487349545 -0.1065261269342902 -0.045922939068100355 -0.16970676518125147 -0.09056692542931075 -0.09346900141978229 -0.14947316834109287 -0.202842220332807 -0.3039240830982303 -0.14646953157385656 -0.23707440100882726 -0.10134310134310134 -0.1652892561983471 -0.1613499199408794 -0.252025202520252 -0.08909788392525678 -0.33072916666666663 -0.49289463577006776 -1.7618097139055215 -1.6691936595451413 -0.32874617737003053 -0.25935531678399404 -0.6972564993410806 -0.42271969516551555 -0.4935032483758121 -0.11120940224946292 -0.4414612107912741 -0.25624599615631005 -0.7321694410610367 -1.0475634665888534 -0.1725247843440196 -0.3303015797032073 -1.687778984195922 -0.9542864071783683 -0.389723222042944 -0.20208779443254818 -0.19958129797627355 -0.47682649926539333 -0.10494338580502624 -0.03192570018865186 -0.72992700729927 -0.3474145891043398 -0.270550310845038 -0.23266970496521946 -0.2741055184960582 -0.12345679012345682 -0.2681649853147746 -0.10082730093071353 -0.13107374553157686 0.04097760866383726 -1.6321243523316056 -0.9670278457415821 0.04414761150101878 0.04362693078646386 -0.07685841239341899 0.08689175769612711 -0.1960285132382892 -0.03175409627841992 -0.2355096166426796 0.06798002219755826 -0.27375783888084904 -0.44392794886693787 -1.4089790177001524 -0.47168681910690785 -0.3231775009251264 -0.15187352172289306 -0.18638265500190188 -0.18518518518518523 -0.1461913311105412 -0.040138408304498274 -0.11119631901840492 -0.4264844486333648 -1.7376815044037133 -0.5676209279368214 -0.22178413011335635 -0.09578779319661057 -0.23806571605703658 -0.14541807697129244 -0.20287182189434855 -0.0248429051585562 -0.29374999999999996 -0.3510158013544017 -0.2923111919927207 -0.42560887388473584 -0.45244581309960913 -1.405622489959839 -1.1094490152081775 -0.6505276225946617 -0.4528069093152373 -0.30589760207388206
-0.057725374600835176 -0.097555505718771 -0.025761648745519727 -0.14892634495497575 -0.06116207951070337 -0.07217226691907241 -0.1090419014947317 -0.16761812219118183 -0.23980507822518599 -0.09534337432637834 -0.2408575031525851 -0.09523809523809526 -0.18205773146484605 -0.1490331321591329 -0.2353092452102353 -0.0915728251454028 -0.296875 -0.40327742926641913 -1.108449767132402 -1.3080634045485875 -0.2892456676860346 -0.2371248610596517 -0.5582844135617588 -0.3417480352464872 -0.4272863568215891 -0.09604448376089977 -0.3833742093713696 -0.204996796925048 -0.553525510894573 -0.6798949518529325 -0.15707480365649545 -0.2608903781713739 -1.108698274822053 -0.6632714926639991 -0.3189772868313267 -0.17799785867237683 -0.19539427773900908 -0.44744223320422066 -0.1408450704225352 -0.029023363807865334 -0.5688396677573622 -0.29547553093259465 -0.24522219663826847 -0.17989925641640678 -0.2389326864766525 -0.08692365835222979 -0.2349636061805644 -0.0749741468459152 -0.12577783662121012 0.04683155275867115 -1.18060695780903 -0.6174997087265525 0.0350916911931175 0.05423888692371183 -0.046835595052239706 0.09806355511420059 -0.16165987780040733 -0.005080655404547191 -0.22111736229229365 0.06104328523862375 -0.231548480463097 -0.33236490412550845 -0.9764388700035166 -0.3411947803184485 -0.26150240532872815 -0.11701730362255694 -0.1508811969063015 -0.14417101665423812 -0.1333675301359323 -0.020761245674740487 -0.09585889570552147 -0.353440150801131 -1.1913830040466553 -0.35661401776900303 -0.17865943814687035 -0.050349993859756845 -0.20954742715437075 -0.09402030838661149 -0.192333025951785 0.008768084173608071 -0.25125 -0.29119638826185096 -0.22520473157415832 -0.3460332770677599 -0.3328200876465711 -1.0466106851649017 -0.7491897282473198 -0.5226567349472376 -0.3429981492905614 -0.23979261179520414
