-0.06678809957498483 -0.04557581147176524 -0.011208249271463798 0.11537116886143806 -0.029868578255675033 -0.010548523206751056 -0.0171990171990172 -0.07484662576687116 -0.03353540564942603 -0.08499372997073987 -0.036049954937556326 -0.046262478694911124 -0.11920529801324505 0.033378662381011254 -0.04656430908633275 -0.013511853580641197 0.13633355393778954 -0.04887459807073955 0.14071419089340237 0.015365274479675933 0.020317460317460317 0.07688552599463021 -0.004778401624656553 0.14578313253012049 -0.05725190839694656 0.0969264124473919 -0.09549071618037133 0.012815583749839802 -0.056127221702525744 0.08257279443720121 -0.08865476037517667 0.11507889429351051 -0.16017212526894575 0.10267194458189015 -0.14397418393943157 0.12416677558489086 -0.05592688582730869 0.06386375731772219 0.001378549765646543 0.19371881420604636 -0.1219665535018232 -0.003409090909090909 -0.17451205510907003 -0.08100592431386773 -0.1307269395235186 -0.12803151544995692 -0.2034587995930824 -0.3821901943121863 -0.3048861669551325 -0.007483909594372099 0.02124203423716107 0.0023282887077997693 -0.1600721451921993 -0.07169722614010343 -0.1733081820325395 -0.06733197066249849 -0.39208364451082894 -1.2245671679514722 -0.6810412831974757 -0.1623605816744317 0.042280744141096886 -0.00934688631849515 -0.09831460674157304 -0.05138623326959848 -0.13390663390663388 -0.08046817849305048 -0.16986706056129983 -0.25866336633663367 -0.21655561250640698 0.013877324451845682 -0.1578813343519226 -0.01065845570819517 -0.13495915709719428 0.0012406947890818872 -0.10385756676557863 -0.029200632680374743 -0.10305391479200703 -0.05923125393824826 -0.07272246463043765 0.0341296928327645 0.0667325753830944 0.0011295606009262423 -0.01803629804982527 0.02770416767044086 -0.0188124632569077 0.022646007151370683 0.007407407407407407 -0.08363500187242542 0.03690506490201069 -0.011840547296408368
-0.05585913782635095 -0.05446865273454869 0.0 0.11187507283533389 -0.026284348864994027 -0.015236755743084857 -0.020884520884520884 -0.0736196319018405 -0.03869469882626081 -0.09056708931308347 -0.029612462984421273 -0.060871682493304116 -0.10596026490066227 0.029669922116454438 -0.037754845205134654 -0.01596855423166687 0.14295168762409 -0.03987138263665595 0.14071419089340237 0.015365274479675933 0.016507936507936506 0.07078350012204052 -0.003583801218492414 0.14698795180722893 -0.059796437659033086 0.09310036985078433 -0.10212201591511938 0.005126233499935922 -0.06280903380996926 0.08402143995364333 -0.08223050237697546 0.11389251393996913 -0.15539086779823091 0.09896091044037607 -0.15017996772992429 0.12808783165599266 -0.0709316600736598 0.0665247472059606 -0.013785497656465404 0.19225124743175817 -0.11693700490380987 0.003409090909090908 -0.16303099885189437 -0.07496070608148954 -0.112400733048259 -0.11941400960236367 -0.20473041709053916 -0.44653197786642645 -0.30355478631340704 -0.017961383026493038 0.021242034237161065 -0.008149010477299181 -0.15669033930785708 -0.07874941231781853 -0.17448714925725062 -0.0757484669953108 -0.4717450833955688 -1.6643498041198028 -0.7454641072837234 -0.1736552308343922 0.04590480792461948 -0.023367215796237878 -0.09363295880149813 -0.06572657743785851 -0.13144963144963145 -0.08656425262131187 -0.19448547513540126 -0.2908415841584158 -0.23577652485904665 0.005550929780738268 -0.15278838808250572 -0.007105637138796778 -0.1302237480762401 0.009925558312655092 -0.09643916913946587 -0.01703370239688527 -0.11185120020108082 -0.05545053560176434 -0.07140023800079334 0.03822525597269625 0.07414730598121601 -0.009036484807409918 -0.016909029421711193 0.03493134184533848 -0.015285126396237508 0.03218116805721096 0.013580246913580247 -0.07864186743228062 0.030542122677526096 -0.003946849098802789
-0.05221615057680632 -0.05002223210315696 0.019054023761488455 0.11420580351940332 -0.022700119474313028 -0.017580872011251754 -0.019656019656019656 -0.0834355828220859 -0.0399845221204695 -0.09753378849101295 -0.015449980687524142 -0.06817628439250059 -0.08187838651414811 0.019779948077636292 -0.018877422602567327 -0.023338656184743886 0.14692256783587027 -0.04115755627009646 0.14071419089340237 0.023746333286771896 0.010158730158730157 0.06468147424945082 0.004778401624656552 0.13132530120481928 -0.05470737913486005 0.09820175997959443 -0.09151193633952254 0.00256311674996796 -0.053454496859548305 0.08981602201941184 -0.08480020557625595 0.10796061217226242 -0.15658618216590964 0.09401286491835727 -0.15142112448802283 0.1307018690367272 -0.07638794161778747 0.06918573709419903 -0.02205679625034464 0.19371881420604636 -0.11190745630579654 0.010227272727272727 -0.15958668197474166 -0.07254261878853827 -0.10384850335980453 -0.10956543149082851 -0.23016276703967448 -0.4992922403809034 -0.32086273465583814 -0.0029935638377488393 0.008746719980007497 -0.029103608847497086 -0.15894487656408524 -0.10108133521391631 -0.18863475595378448 -0.09017674642298905 -0.6223549912870301 -2.096549981043852 -0.7809623981067577 -0.1807143865593675 0.03986470161874849 -0.024535576586049768 -0.08426966292134833 -0.0752868068833652 -0.12653562653562656 -0.09509875640087784 -0.2141802067946824 -0.318069306930693 -0.24090210148641722 0.0055509297807382705 -0.15278838808250572 -0.00947418285172904 -0.11364981650290044 -0.00248138957816377 -0.09272997032640949 -0.04015086993551527 -0.11813497549327634 -0.06931316950220542 -0.06478910485257174 0.028668941979522182 0.07909045971329708 -0.015813848412967353 0.012399954909254874 0.025295109612141653 -0.003527336860670194 0.023837902264600717 0.023456790123456788 -0.09362127075271504 0.044540595571392214 -0.0065780818313379815
-0.04978749241044324 -0.04224099599822144 0.02689979825151311 0.11420580351940332 -0.02389486260454002 -0.02812939521800281 -0.0257985257985258 -0.09938650306748467 -0.056752224945182506 -0.10450048766894246 -0.025749967812540235 -0.05965424884343802 -0.09271523178807949 0.0061812337742613395 -0.02516989680342311 -0.04053556074192359 0.14295168762409002 -0.059163987138263666 0.12743926722421345 0.016762117614191923 0.008888888888888887 0.05369782767878937 0.009556803249313106 0.13012048192771083 -0.054707379134860054 0.08927432725417675 -0.09416445623342176 -0.015378700499807768 -0.07617265802485633 0.07388092133854846 -0.08736990877553644 0.11626527464705186 -0.15778149653358836 0.09524987629886197 -0.1514211244880228 0.12416677558489084 -0.08184422316191516 0.04390633315593401 -0.044113592500689275 0.18491341356031699 -0.1093926820067899 0.007954545454545455 -0.1687715269804822 -0.06649740055616007 -0.11240073304825901 -0.115720792810538 -0.30391658189216686 -0.561060352592974 -0.348821728132073 -0.005987127675497679 0.011245782831438211 -0.03725261932479627 -0.15781760793597113 -0.11165961448048896 -0.20160339542560712 -0.11903330527834555 -0.9198406771222306 -2.495892834576014 -0.8164606889297923 -0.1877735422843428 0.03382459531287751 -0.018693772636990298 -0.10299625468164794 -0.08006692160611854 -0.14373464373464376 -0.10607168983174838 -0.258493353028065 -0.34405940594059403 -0.26652998462327016 0.002775464890369137 -0.15533486121721415 -0.011842728564661297 -0.1254883390552859 -0.01116625310173697 -0.09396636993076163 -0.05110110719065579 -0.148297096895815 -0.07309388783868938 -0.07272246463043766 0.020477815699658702 0.07291151754819576 -0.014684287812041119 0.013527223537368955 0.026499638641291255 -0.0047031158142269245 0.025029797377830752 0.0345679012345679 -0.10610410685307703 0.04072283023670146 -0.013156163662675963
-0.04978749241044324 -0.03445975989328591 0.023537323470073975 0.1211979955716117 -0.02270011947431302 -0.022269104547585558 -0.012285012285012286 -0.1116564417177914 -0.06578098800464335 -0.11146718684687196 -0.020599974250032186 -0.06330654979303627 -0.08428657435279954 0.00988997403881815 -0.022652907123080802 -0.04299226139294927 0.15486432825943086 -0.07459807073954984 0.11814682065578122 -4.163336342344337e-18 0.005079365079365081 0.04515499145716378 0.021502807310954487 0.12771084337349398 -0.058524173027989825 0.08672363218977171 -0.09151193633952255 -0.02691272587466359 -0.08419083255378859 0.07243227582210633 -0.08993961197481691 0.11982441570767588 -0.15778149653358836 0.09772389905987136 -0.15514459476231846 0.12024571951378904 -0.07911608238985132 0.027940393826503457 -0.046870692031982346 0.17464044614029942 -0.1295108763988432 0.0022727272727272744 -0.19173363949483352 -0.05803409503083061 -0.13805742211362246 -0.12680044318601502 -0.39420142421159715 -0.6138206151074508 -0.35681001198242573 -0.01197425535099536 0.00749718855429214 -0.05355064027939464 -0.17359936872956827 -0.12223789374706158 -0.2181089365715633 -0.14428279427678248 -1.40403286034354 -2.8232023252875016 -0.8164606889297923 -0.1835380488493576 0.02174438270113554 -0.014020329477742727 -0.11352996254681649 -0.07528680688336521 -0.1609336609336609 -0.1146061936113143 -0.29665189561792216 -0.37623762376237624 -0.27293695540748336 -0.011101859561476548 -0.16297428062133945 -0.015395547134059686 -0.12075293003433171 -0.006203473945409426 -0.09520276953511375 -0.060834651417447386 -0.16966193288927986 -0.0882167611846251 -0.07801137114901494 0.010921501706484643 0.07291151754819575 -0.013554727211114875 0.02029083530605343 0.025295109612141653 -0.0023515579071134622 0.023837902264600717 0.04938271604938271 -0.11609037573336663 0.03435988801221685 -0.013156163662675963
-0.05343047965998786 -0.03557136505113384 0.020174848688634835 0.12119799557161168 -0.019115890083632014 -0.008204406938584152 -0.020884520884520884 -0.10429447852760736 -0.06578098800464335 -0.09614044865542708 -0.012874983906270121 -0.06574141709276843 -0.06863335340156533 0.002472493509704536 -0.003775484520513467 -0.036850509765385085 0.15089344804765056 -0.07717041800643086 0.12611177485729458 0.001396843134515996 0.00761904761904762 0.04759580180619966 0.02628120893561104 0.13132530120481928 -0.04834605597964377 0.08927432725417676 -0.08090185676392572 -0.030757400999615537 -0.06949084591741281 0.06374040272345358 -0.10535783117049982 0.11626527464705186 -0.16853932584269665 0.09648688767936667 -0.15514459476231846 0.12939485034635995 -0.0913927158641386 0.027940393826503457 -0.03170664460987042 0.18344584678602877 -0.1295108763988432 -0.015909090909090907 -0.1894374282433984 -0.0640793132632088 -0.12706169822846672 -0.16127046657638802 -0.47431332655137337 -0.6176811221207053 -0.31287445080548526 -0.004490345756623259 0.008746719980007497 -0.08149010477299186 -0.17585390598579642 -0.14221908791725435 -0.23933034661636404 -0.27774437898280635 -2.1720189195917348 -2.8510046758498673 -0.7638706284512227 -0.1905972045743329 0.01449625513409036 -0.024535576586049768 -0.12055243445692884 -0.08365200764818356 -0.15724815724815724 -0.13533284564740308 -0.33604135893648446 -0.37004950495049505 -0.26652998462327016 0.0 -0.16297428062133945 -0.016579819990525817 -0.11364981650290043 3.469446951953614e-18 -0.08407517309594462 -0.05961795838909843 -0.15960789242176698 -0.06931316950220542 -0.060822424963638766 0.032764505119453925 0.07538309441423628 -0.012425166610188635 0.029308984330966063 0.02770416767044086 0.0047031158142269245 0.030989272943980933 0.05185185185185185 -0.12233179378354764 0.048358360906082976 -0.019734245494013952
-0.04735883424408015 -0.02779012894619831 0.02802062317865949 0.12819018762382006 -0.017921146953405014 0.007032348804500705 -0.039312039312039304 -0.10429447852760738 -0.06965045788726945 -0.08778040964191168 -0.001287498390627011 -0.054784514243973695 -0.05177603853100542 -0.00865372728396588 0.003775484520513462 -0.03807886009089792 0.13500992720052946 -0.090032154340836 0.1380592061595646 -0.00698421567257997 0.01015873015873016 0.05003661215523554 0.02867040974793932 0.11325301204819276 -0.05343511450381679 0.07397015686774647 -0.10344827586206898 -0.03332051774958349 -0.07349993318187893 0.06808633927277995 -0.09379416677373763 0.09965594969747302 -0.15897681090126703 0.08040573973280554 -0.15390343800421993 0.11371062606195267 -0.11048970126858546 -0.002660989888238424 -0.026192445547284254 0.1570296448488406 -0.13328303784735324 -0.024999999999999998 -0.19058553386911595 -0.05198887679845242 -0.13927916921197311 -0.2203619352455989 -0.5824008138351984 -0.6086732724231116 -0.28757821861270133 0.0029935638377488407 0.01249531425715357 -0.11059371362048895 -0.17472663735768232 -0.16925246826516221 -0.26998349445885406 -0.5494769748707466 -2.8939507094846904 -2.8459497030203464 -0.7020773073889035 -0.19483269800931807 0.01087219135056777 -0.03621918448416871 -0.12406367041198503 -0.09679732313575526 -0.17076167076167076 -0.1816630090221897 -0.37789266371245694 -0.3787128712871287 -0.24859046642747312 -0.00971412711629198 -0.16042780748663105 -0.004737091425864519 -0.11009825973718479 0.01861042183622829 -0.08654797230464886 -0.06205134444579633 -0.16463491265552344 -0.06175173282923756 -0.05553351844506148 0.04232081911262799 0.08156203657933761 -0.010166045408336155 0.03607259609965054 0.021681522524692846 0.005878894767783655 0.04648390941597139 0.0345679012345679 -0.12108351017351142 0.053448714685670654 -0.003946849098802791
-0.04250151791135398 -0.017785682525566917 0.020174848688634832 0.13168628364992427 -0.026284348864994027 0.02812939521800281 -0.06756756756756757 -0.09570552147239263 -0.07609957435831291 -0.08638706980632578 0.010299987125016095 -0.05721938154370586 -0.05177603853100541 -0.0197799480776363 0.0012584948401711503 -0.01596855423166687 0.11118464592984775 -0.08745980707395498 0.14469666799415906 -0.001396843134515996 0.007619047619047618 0.06956309494752258 0.027475809341775174 0.11686746987951806 -0.06106870229007633 0.09437571738298686 -0.1286472148541114 -0.02434960912469563 -0.07349993318187892 0.08402143995364333 -0.08094565077733522 0.10914699252580377 -0.15300023906287355 0.08287976249381493 -0.14397418393943157 0.1307018690367272 -0.11185377165461738 0.0013304949441192108 -0.020678246484698102 0.15702964484884063 -0.1332830378473532 -0.043181818181818175 -0.19402985074626863 -0.05924313867730626 -0.14538790470372634 -0.29545734334605445 -0.6625127161749746 -0.5855102303435852 -0.24763679936093727 0.0029935638377488407 0.013744845682868925 -0.12339930151338767 -0.19389020403562168 -0.17395392571697227 -0.307710445649611 -0.9823253577010942 -3.492656211102813 -2.7587514217111084 -0.6402839863265842 -0.17506706197938726 0.004832085044696787 -0.03388246290454493 -0.12406367041198503 -0.09560229445506692 -0.18181818181818182 -0.20970495001219214 -0.41482028557360906 -0.35891089108910895 -0.22552537160430547 -0.005550929780738274 -0.15533486121721415 -0.013027001421127426 -0.13140760033147864 0.017369727047146406 -0.09149357072205737 -0.06205134444579633 -0.1608646474802061 -0.04410838059231254 -0.04627793203755125 0.051877133105802054 0.07909045971329706 -0.004518242403704959 0.03156352158719423 0.019272464466393642 0.0035273368606701925 0.07270560190703218 0.014814814814814814 -0.11858694295343904 0.055993891575464506 0.0065780818313379815
-0.05343047965998786 -0.022232103156958647 0.015691548980049312 0.1211979955716117 -0.03106332138590203 0.04219409282700422 -0.09213759213759214 -0.0883435582822086 -0.0786792209467303 -0.08638706980632578 0.010299987125016093 -0.05721938154370587 -0.05659241420830825 -0.017307454567931757 0.005033979360684618 -0.004913401302051345 0.09265387160820646 -0.08102893890675242 0.14735165272799683 -0.00279368626903199 0.01650793650793651 0.08542836221625581 0.03703261259108829 0.11325301204819274 -0.05343511450381679 0.08927432725417676 -0.1246684350132626 -0.030757400999615537 -0.06013630896699185 0.07822685788787484 -0.09379416677373763 0.10677423181872107 -0.14582835285680135 0.08164275111331024 -0.1501799677299243 0.13331590641746177 -0.14049924976128766 -0.0013304949441192136 -0.012406947890818866 0.15409451130026416 -0.14711429649188984 -0.045454545454545456 -0.19288174512055106 -0.04715270221254987 -0.16371411117898596 -0.3951741967253478 -0.7324516785350966 -0.5430446531977866 -0.22367194780987884 0.0014967819188744205 -0.004998125702861425 -0.12223515715948778 -0.22094465111035957 -0.20098730606488013 -0.3713746757840132 -1.6448238547553202 -3.924570575056012 -2.6374320738026036 -0.5811201682881936 -0.17083156854440212 -0.007248127567045182 -0.0373875452739806 -0.13576779026217228 -0.124282982791587 -0.20515970515970516 -0.25481589856132647 -0.4542097488921713 -0.33787128712871295 -0.21271143003587906 -0.009714127116291979 -0.16806722689075632 -0.017764092846991944 -0.1456138273943412 0.004962779156327544 -0.10509396636993076 -0.0742182747292858 -0.16337815759708435 -0.02646502835538752 -0.05156683855612852 0.053242320819112635 0.07909045971329706 -0.007906924206483677 0.02705444707473791 0.008431703204047219 0.009406231628453849 0.06197854588796187 0.009876543209876548 -0.13106977905380104 0.0687197760244337 0.0013156163662675954
-0.05343047965998786 -0.03223654957759004 0.010087424344317416 0.11187507283533386 -0.031063321385902027 0.03750586029067042 -0.10073710073710074 -0.10797546012269939 -0.07738939765252159 -0.10032046816218476 0.02059997425003219 -0.0547845142439737 -0.0650210716435882 -0.030906168871306712 0.018877422602567334 -6.938893903907229e-19 0.09662475181998678 -0.08102893890675242 0.1500066374618346 -1.3877787807814458e-18 0.03047619047619048 0.0854283622162558 0.03225421096643173 0.11927710843373493 -0.05089058524173028 0.07907154699655657 -0.1326259946949602 -0.0461361014994233 -0.06548175865294667 0.0767782123714327 -0.0925093151740974 0.10084233005101435 -0.14582835285680132 0.07793171697179616 -0.14893881097182574 0.13985099986929814 -0.14595553130541536 -0.006652474720596062 -0.009649848359525787 0.14088641033167013 -0.14837168364139317 -0.04318181818181818 -0.2032146957520092 -0.04110748398017169 -0.17470983506414173 -0.4998153391604087 -0.7591556459816887 -0.4954317333676489 -0.19305019305019305 0.0029935638377488402 -0.013744845682868923 -0.1350407450523865 -0.2423627550445271 -0.21039022096850024 -0.4480075453902382 -2.435974510039678 -4.156086631814787 -2.4428156198660433 -0.5206415987378386 -0.1708315685444021 -0.01449625513409036 -0.0385559060637925 -0.14161985018726592 -0.13384321223709367 -0.2285012285012285 -0.2840770543769812 -0.47267355982274734 -0.3019801980198021 -0.19349051768323935 0.005550929780738274 -0.1655207537560479 -0.014211274277593559 -0.15863620220196523 0.007444168734491316 -0.10262116716122652 -0.08516851198442632 -0.14075656654518037 -0.016383112791430367 -0.047600158667195566 0.05460750853242322 0.08279782501235787 -0.010166045408336157 0.025927178446623834 0.01806793543724404 0.01998824221046443 0.07032181168057212 0.006172839506172834 -0.13481462988390963 0.0687197760244337 0.0065780818313379815
-0.048573163327261686 -0.024455313472654512 -0.0022416498542927633 0.11886726488754222 -0.03225806451612903 0.05157055789967182 -0.10810810810810811 -0.11411042944785277 -0.07094028118147813 -0.09753378849101298 0.019312475859405175 -0.038957876795714635 -0.07465382299819386 -0.013598714303374948 0.021394412282909645 0.01965360520820538 0.09265387160820651 -0.08360128617363345 0.1513341298287535 -0.0027936862690319877 0.03301587301587302 0.0854283622162558 0.03822721299725242 0.11445783132530121 -0.04961832061068703 0.06886876673893635 -0.14986737400530503 -0.05767012687427912 -0.07349993318187893 0.062291757207011446 -0.09507901837337787 0.1044014711116384 -0.15539086779823091 0.08040573973280554 -0.14769765421372721 0.14507907463076725 -0.15277588323557495 -0.009313464608834488 -0.002757099531293079 0.13354857646022897 -0.1445995221928832 -0.03749999999999999 -0.21699196326061995 -0.026598960222464035 -0.20158827122785583 -0.6266157823464238 -0.7858596134282808 -0.4259426071290696 -0.16908534149913462 -0.0029935638377488402 -0.03498687992002999 -0.14435389988358557 -0.26828993349115093 -0.2338975082275505 -0.5717991039849093 -3.229529878561982 -4.270599950211601 -2.130671047643119 -0.4851433079148041 -0.1807143865593675 -0.015704276395264557 -0.04206098843322818 -0.15332397003745318 -0.1374282982791587 -0.24815724815724818 -0.3194342843208974 -0.47021171836533726 -0.2747524752475248 -0.15504869297796003 0.005550929780738274 -0.15915457091927682 -0.008289909995262908 -0.16929087249911212 0.014888337468982632 -0.1162215628090999 -0.09368536318286896 -0.13824305642830215 -0.0012602394454946468 -0.055533518445061505 0.04914675767918089 0.08774097874443894 -0.007906924206483677 0.021418103934167515 0.024090580582992054 0.01998824221046443 0.07866507747318237 -0.00987654320987653 -0.14480089876419922 0.05726648002036141 -3.4694469519536144e-19
-0.05707346690953248 -0.024455313472654512 -0.013449899125756556 0.12352872625568115 -0.046594982078853056 0.05039849976558838 -0.1117936117936118 -0.12024539877300615 -0.06578098800464335 -0.09335376898425526 0.006437491953135058 -0.03774044314584855 -0.0830824804334738 -0.011126220793670417 0.012584948401711555 0.03807886009089793 0.07677035076108538 -0.0797427652733119 0.14336917562724016 0.00838105880709596 0.0380952380952381 0.08908957773980962 0.03583801218492414 0.11686746987951808 -0.04834605597964377 0.075245504399949 -0.143236074270557 -0.047417659874407284 -0.06548175865294668 0.05794582065768507 -0.10921238596942054 0.10084233005101435 -0.15897681090126706 0.08287976249381494 -0.16135037855281123 0.13462292510782908 -0.15686809439367072 -0.007982969664715274 0.0027570995312930775 0.1306134429116525 -0.15591600653841317 -0.0590909090909091 -0.23191733639494833 -0.04715270221254988 -0.26145387904703726 -0.7657269481718577 -0.7973041709053917 -0.3603139879037447 -0.16375981893223274 0.0029935638377488393 -0.05123078845432962 -0.1408614668218859 -0.29759891782211706 -0.2468265162200282 -0.7580759254892715 -4.053144162558615 -4.283047050037341 -1.6908884114747884 -0.44964501709176974 -0.16800790625441198 -0.039864701618748485 -0.045566070802663866 -0.17205056179775283 -0.14101338432122373 -0.30098280098280095 -0.35357229943916124 -0.4788281634662728 -0.24381188118811883 -0.14864172219374683 0.005550929780738274 -0.16806722689075632 -0.020132638559924206 -0.17402628152006633 0.013647642679900745 -0.1434223541048467 -0.1095023725514053 -0.1344727912529848 -0.008821676118462508 -0.06082242496363879 0.04095563139931741 0.09515570934256054 -0.005647803004631198 0.028181715702851988 0.02529510961214166 0.023515579071134628 0.0703218116805721 -0.016049382716049387 -0.14480089876419922 0.054721303130567577 -0.001315616366267597
-0.06800242865816637 -0.031124944419742107 -0.02353732347007398 0.11653653420347279 -0.04181600955794504 0.030473511486169703 -0.10933660933660931 -0.1177914110429448 -0.05417257835676512 -0.09335376898425526 -0.0038624951718810364 -0.04382761139517896 -0.10355207706201082 -0.009889974038818144 0.005033979360684624 0.02456700651025672 0.07015221707478492 -0.09131832797427653 0.1473516527279968 -0.004190529403547983 0.04063492063492064 0.09519160361239931 0.017919006092462064 0.13614457831325302 -0.06361323155216285 0.06631807167453133 -0.16047745358090185 -0.05382545174932718 -0.08285447013229988 0.042010719976821674 -0.11178208916870103 0.1020287104045557 -0.15658618216590964 0.08659079663532906 -0.16135037855281123 0.11501764475231997 -0.15277588323557495 -0.010643959552953698 0.0055141990625861585 0.13354857646022894 -0.1798063623789765 -0.0784090909090909 -0.2583237657864524 -0.06649740055616007 -0.3176542455711667 -0.899913824941524 -0.7820447609359105 -0.28439068330974143 -0.14512048994807614 0.01347103726986978 -0.06622516556291391 -0.13969732246798602 -0.3336715139217676 -0.26798307475317346 -1.010374911577458 -4.83587832151016 -4.192183221309435 -1.2637432073802601 -0.4312384959242704 -0.1750670619793873 -0.05798502053636144 -0.053744596331347115 -0.1931179775280899 -0.1469885277246654 -0.34398034398034394 -0.396244818336991 -0.4714426390940424 -0.22029702970297033 -0.14095335725269093 -0.0013877324451845683 -0.17952635599694425 -0.03434391283751777 -0.19888717888007576 0.014888337468982629 -0.1669139465875371 -0.1095023725514053 -0.12567550584391102 0.0025204788909892893 -0.05288906518577284 0.043686006825938574 0.08403361344537816 -0.005647803004631198 1.3877787807814458e-18 0.027704167670440864 0.005878894767783656 0.05840286054827174 -0.043209876543209874 -0.14105604793409063 0.03308729956731993 -0.007893698197605577
-0.07407407407407408 -0.04335260115606936 -0.03026227303295225 0.11070970749329914 -0.03584229390681003 0.018752930145335214 -0.11670761670761669 -0.11533742331288344 -0.04643363859151296 -0.09196042914866935 -0.007724990343762073 -0.05965424884343803 -0.10596026490066227 -0.009889974038818144 -0.002516989680342309 0.0135118535806412 0.05029781601588353 -0.09517684887459807 0.14602416036107793 -0.01815896074870792 0.02412698412698413 0.0793263363436661 -0.001194600406164141 0.136144578313253 -0.08778625954198474 0.05611529141691111 -0.1896551724137931 -0.05510701012431116 -0.07750902044634504 0.04056207446037955 -0.11563664396762174 0.09372404792976628 -0.16136743963662442 0.09648688767936667 -0.16879731910140253 0.1084825513004836 -0.16096030555176646 0.005321979776476848 0.016542597187758478 0.13354857646022894 -0.19489500817301647 -0.09090909090909091 -0.25947187141216993 -0.083424011606819 -0.37996334758704947 -1.0328696294472486 -0.7375381485249236 -0.21618839274224683 -0.11849287711356675 0.0074839095943721 -0.09496438835436712 -0.15250291036088476 -0.36748957276519 -0.2950164551010813 -1.3711388823390709 -5.487555608993628 -3.9519541946726404 -0.8365980032857323 -0.4154614777806994 -0.16377241281942678 -0.06281710558105823 -0.06542820422946606 -0.18726591760299627 -0.1589388145315488 -0.3746928746928747 -0.4291636186296025 -0.4554406696208765 -0.1967821782178218 -0.1307022039979498 -0.009714127116291977 -0.18843901196842378 -0.04381809568924681 -0.2000710311353143 0.01116625310173697 -0.18793273986152326 -0.09733544226791581 -0.11436471031795903 0.015122873345935728 -0.04760015866719555 0.051877133105802054 0.07909045971329708 -0.016943409013893594 -0.010145417653026716 0.03131775475788967 -0.007054673721340388 0.048867699642431456 -0.08518518518518518 -0.13855948071401822 0.020361415118350722 -0.011840547296408366
-0.08378870673952642 -0.044464206313917294 -0.03586639766868416 0.1083789768092297 -0.04062126642771803 0.01289263947491796 -0.14619164619164618 -0.10184049079754602 -0.05159293176834774 -0.09753378849101298 -0.02446246942191322 -0.0413927440954468 -0.12161348585189644 -0.017307454567931757 -0.017618927762396173 0.02456700651025672 0.022501654533421574 -0.07588424437299036 0.14602416036107793 -0.0069842156725799685 0.008888888888888887 0.08542836221625578 -0.01791900609246207 0.13132530120481928 -0.10178117048346055 0.051013901288101 -0.21220159151193635 -0.0461361014994233 -0.07483629560336763 0.03766478342749529 -0.12848515996402415 0.08423300510143553 -0.16375806837198184 0.09153884215734785 -0.181208886682388 0.09933342046791271 -0.18824171327240485 0.019957424161788185 0.0041356492969396195 0.14235397710595835 -0.19489500817301647 -0.09204545454545454 -0.25028702640642936 -0.10639584088985614 -0.4324984728161271 -1.1498214945217284 -0.6688708036622584 -0.1505597735169219 -0.09452802556250832 1.3877787807814458e-18 -0.12495314257153567 -0.14668218859138532 -0.3934167512118138 -0.3291020216267043 -1.726008016977128 -6.026211374293615 -3.5088374408762752 -0.4701124731454569 -0.3996844596371286 -0.15671325709445147 -0.073689296931626 -0.077111812127585 -0.19194756554307119 -0.17686424474187384 -0.41277641277641275 -0.44867105584003897 -0.4431314623338256 -0.15717821782178218 -0.12045105074320858 0.008326394671107412 -0.19989814107461165 -0.03908100426338229 -0.20717414466674558 -0.002481389578163773 -0.21018793273986153 -0.08760189804112423 -0.10305391479200703 0.03276622558286075 -0.04760015866719555 0.06689419795221843 0.05808205635195255 -0.009036484807409918 -0.014654492165483035 0.02649963864129125 -0.015285126396237508 0.04648390941597139 -0.10864197530864197 -0.12607664461365622 0.030542122677526085 -0.01447178002894356
-0.08136004857316334 -0.054468652734548685 -0.03922887245012329 0.10371751544109079 -0.04659498207885304 0.0035161744022503445 -0.14373464373464373 -0.09693251533742332 -0.05159293176834774 -0.09335376898425526 -0.020599974250032186 -0.0547845142439737 -0.1324503311258278 -0.034614909135863514 -0.03523785552479235 0.012283503255128362 0.019854401058901388 -0.07459807073954984 0.132749236691889 -0.0069842156725799685 0.003809523809523807 0.07200390529655845 -0.023892008123282762 0.11807228915662651 -0.11195928753180662 0.04463716362708838 -0.23342175066312998 -0.035883634499551446 -0.09220900708272083 0.036216137911053166 -0.12720030836438392 0.07118282121248072 -0.1721252689457327 0.08040573973280554 -0.1973439245376691 0.08103515880277089 -0.17050879825398987 0.025279403938265034 0.0041356492969396195 0.14235397710595835 -0.19112284672450647 -0.0943181818181818 -0.2663605051664753 -0.13904001934469834 -0.5424557116676848 -1.2470762033731382 -0.5836724313326551 -0.12739673143739544 -0.10784183197976302 -0.011974255350995357 -0.13494939397725852 -0.15133876600698487 -0.41596212377409536 -0.39139633286318765 -2.2447535958500353 -6.270289767945173 -2.743340801593229 -0.37027675976241625 -0.3970549566132001 -0.1468304390794861 -0.07852138197632279 -0.08879542002570393 -0.19897003745318353 -0.1923996175908222 -0.44963144963144963 -0.4547671299683003 -0.40743476120137867 -0.14356435643564355 -0.11660686827268067 0.004163197335553704 -0.19353195823784058 -0.05092373282804358 -0.2130934059429383 -0.021091811414392057 -0.22626112759643915 -0.09003528409782212 -0.10431066985044615 0.028985507246376812 -0.06478910485257174 0.05733788395904438 0.05931784478497282 -0.020332090816672317 -0.02254537256228159 0.012045290291496024 -0.02469135802469136 0.03456495828367104 -0.11481481481481479 -0.11609037573336663 0.02163400356324765 -0.019734245494013945
-0.07893139040680025 -0.061138283681636284 -0.05043712172158708 0.09555995804684769 -0.07168458781362007 -0.015236755743084859 -0.13882063882063883 -0.10306748466257669 -0.05546240165097381 -0.10171380799777066 -0.032187459765675296 -0.056001947893839776 -0.16014449127031907 -0.019779948077636295 -0.06544173168890008 0.01965360520820538 0.022501654533421577 -0.0630225080385852 0.1194743130227001 0.0027936862690319886 -0.003809523809523808 0.06834268977300463 -0.032254210966431725 0.11204819277108435 -0.13486005089058523 0.04336181609488586 -0.2294429708222812 -0.03716519287453543 -0.09755445676867566 0.030421555845284658 -0.1361942695618656 0.0676236801518567 -0.1852737269901984 0.08164275111331025 -0.22464937321583717 0.06796497189909816 -0.16232437593779842 0.03459286854709952 -0.00551419906258616 0.1511593777516877 -0.19866716962152647 -0.09772727272727272 -0.296211251435132 -0.17168419779954056 -0.6658521686010996 -1.3123230333620584 -0.4857578840284843 -0.11324153905546261 -0.10651045133803756 -0.004490345756623259 -0.14244658253155068 -0.15366705471478465 -0.44527110810506143 -0.4278326281147156 -2.7576043385993865 -6.335217025369724 -2.002738361961663 -0.29571591052698093 -0.37207467788587956 -0.13694762106452069 -0.0761053394539744 -0.09113214160532773 -0.20014044943820225 -0.1947896749521989 -0.488943488943489 -0.44013655206047303 -0.3766617429837519 -0.125 -0.11916965658636595 0.009714127116291979 -0.19862490450725745 -0.055660824253908094 -0.2284834852610394 -0.034739454094292806 -0.2571711177052423 -0.09003528409782212 -0.10682417996732436 0.01638311279143037 -0.06478910485257174 0.04914675767918089 0.06055363321799308 -0.0225912120185248 -0.023672641190395673 0.01445434834979523 -0.03527336860670194 0.016686531585220495 -0.10246913580246912 -0.106104106853077 0.024179180453041488 -0.017103012761478752
-0.07650273224043716 -0.0644730991551801 -0.04595382201300157 0.08973313133667406 -0.07407407407407407 -0.03867791842475386 -0.11916461916461914 -0.10797546012269939 -0.04901328517993035 -0.09474710881984116 -0.04506244367194541 -0.05965424884343802 -0.15291992775436483 -0.018543701322784024 -0.07173420588975585 0.00982680260410269 0.027796161482461945 -0.04758842443729904 0.10221691225275456 0.019555803883223914 0.005079365079365081 0.05491823285330729 -0.025086608529446896 0.10120481927710842 -0.13231552162849872 0.02933299324065808 -0.21750663129973483 -0.03460207612456746 -0.10022718161165307 0.023178328263074026 -0.13876397276114608 0.05101435520227786 -0.1960315562993067 0.07174666006927265 -0.24450788134541393 0.035289504639916355 -0.15413995362160687 0.022618414050026608 -0.0027570995312930805 0.15556207807455238 -0.20746887966804978 -0.09659090909090909 -0.3157290470723306 -0.18740176520372387 -0.790470372632865 -1.350486273544257 -0.41073245167853517 -0.10037318234461459 -0.1171614964718413 0.004490345756623262 -0.14369611395726603 -0.16880093131548313 -0.4520347198737459 -0.4830747531734838 -3.284602688045272 -6.225802573043165 -1.3791386606920586 -0.24390243902439024 -0.3352616355508809 -0.13553578991952558 -0.07852138197632279 -0.08879542002570394 -0.20950374531835206 -0.19359464627151052 -0.5147420147420146 -0.4340404779322117 -0.34096504185130483 -0.11509900990099012 -0.11788826242952333 0.018040521787399393 -0.20753756047873698 -0.05092373282804359 -0.2178288149638925 -0.033498759305210915 -0.26335311572700293 -0.07300158170093686 -0.11059444514264172 0.02268431001890359 -0.06611133148221605 0.05460750853242321 0.05931784478497282 -0.029368575624082238 -0.01578176079359711 0.00481811611659841 -0.04232804232804233 -0.013110846245530394 -0.08641975308641975 -0.09861440519285981 0.025451768897938404 -0.017103012761478756
-0.06193078324225866 -0.0644730991551801 -0.04259134723156243 0.08856776599463932 -0.062126642771804075 -0.06094702297233943 -0.09336609336609339 -0.10674846625766872 -0.0386946988262608 -0.08778040964191167 -0.03733745332818334 -0.05721938154370587 -0.14208308248043347 -0.013598714303374951 -0.06040775232821546 0.0036850509765385085 0.056915949702183985 -0.04115755627009647 0.11814682065578122 0.027936862690319874 2.0816681711721684e-18 0.05247742250427142 -0.019113606498626208 0.0975903614457831 -0.13740458015267173 0.035709730901670705 -0.22281167108753314 -0.026912725874663583 -0.11492716824802889 0.02607561929595828 -0.12848515996402415 0.05101435520227785 -0.2055940712407363 0.07916872835230085 -0.24823135161970952 0.026140373807345442 -0.13640703860319192 0.031931878658861094 0.009649848359525778 0.1614323451717053 -0.1961523953225198 -0.09659090909090909 -0.3203214695752009 -0.20795550719380973 -0.8894318875992668 -1.3492552012803152 -0.3217192268565615 -0.08364431862051214 -0.0958594062042338 0.005987127675497683 -0.11870548544295889 -0.18160651920838183 -0.42948934731146426 -0.533615420780442 -3.777410987974534 -5.849464951304557 -0.9098829972616379 -0.1958801971439404 -0.29318958716802523 -0.12706480304955525 -0.06160908431988403 -0.08762705923589206 -0.19077715355805244 -0.18283938814531547 -0.5085995085995086 -0.41087539624481845 -0.2892663712456918 -0.0952970297029703 -0.09610456176319836 0.02914238134887594 -0.18971224853577798 -0.05092373282804358 -0.2130934059429383 -0.02481389578163772 -0.2522255192878339 -0.05475118627570265 -0.10556742490888527 0.02646502835538752 -0.048922385296839885 0.05460750853242321 0.06302521008403361 -0.031627696825934706 0.001127268628114081 0.00602264514574801 -0.0376249265138154 -0.0166865315852205 -0.07037037037037035 -0.07989015104231681 0.022906592008144565 -0.0065780818313379815
-0.05221615057680631 -0.0644730991551801 -0.03138309796009863 0.08973313133667406 -0.06690561529271208 -0.06680731364275669 -0.085995085995086 -0.09079754601226993 -0.045143815297304275 -0.08499372997073987 -0.04119994850006438 -0.06330654979303629 -0.1288380493678507 -0.021016194832488563 -0.072992700729927 -0.009826802604102689 0.06353408338848444 -0.03858520900321543 0.1194743130227001 0.027936862690319874 -0.00507936507936508 0.048816206980717605 -0.009556803249313104 0.09277108433734937 -0.14758269720101783 0.04591251115929091 -0.20822281167108753 -0.00768935024990388 -0.09621809434718695 0.028972910328842534 -0.12463060516510341 0.04626883378811248 -0.19603155629930671 0.07916872835230084 -0.26064291920069504 0.01699124297477454 -0.12413040512890465 0.051889302820649276 0.004135649296939619 0.1717053125917229 -0.1923802338740098 -0.10568181818181817 -0.3145809414466131 -0.23818159835570066 -1.0238240684178375 -1.329558045057245 -0.27085452695829093 -0.06820229056749452 -0.0825455997869791 0.01047747343212094 -0.10496063976008999 -0.19091967403958093 -0.41483485514598134 -0.5865068171133052 -4.28318792737562 -5.257905494769749 -0.6260891212347521 -0.1668141033741944 -0.25111753878516957 -0.12847663419455033 -0.055568978014013046 -0.08879542002570394 -0.1849250936329588 -0.19239961759082216 -0.5282555282555282 -0.3889295293830773 -0.27080256031511574 -0.08663366336633663 -0.10379292670425422 0.03330557868442965 -0.1935319582378406 -0.06276646139270488 -0.20599029241150704 -0.04590570719602978 -0.2707715133531157 -0.048667721133957904 -0.12316199572703282 0.027725267800882164 -0.04627793203755124 0.057337883959044364 0.059317844784972804 -0.03727549983056591 0.004509074512456318 -0.0012045290291496015 -0.047031158142269255 -0.03218116805721097 -0.05802469135802468 -0.07614530021220822 0.03054212267752609 -0.011840547296408368
-0.059502125075895564 -0.06891951978657182 -0.02465814839722035 0.08274093928446569 -0.07526881720430108 -0.07735583684950773 -0.0773955773955774 -0.08834355828220856 -0.04643363859151296 -0.08220705029956807 -0.04248744689069138 -0.07548088629169711 -0.11679711017459363 -0.0432686364198294 -0.08306065945129625 -0.03316545878884658 0.062210456651224356 -0.042443729903536974 0.120801805389619 0.03631792149741584 -0.00888888888888889 0.04759580180619966 -0.0023892008123282808 0.09518072289156626 -0.14376590330788802 0.04973855375589849 -0.19098143236074275 0.007689350249903884 -0.08018174528932245 0.03766478342749529 -0.1272003083643839 0.04152331237394709 -0.182883098254841 0.07298367144977733 -0.27429564353977903 0.002614037380734544 -0.11594598281271314 0.06386375731772219 0.001378549765646539 0.19078368065746992 -0.20243933107003645 -0.11704545454545452 -0.2973593570608496 -0.27324386410349416 -1.1606597434331092 -1.2704665763880338 -0.22889114954221773 -0.056620769527731304 -0.07588869657835176 0.0224517287831163 -0.08996626265150569 -0.2072176949941793 -0.4001803629804983 -0.6452750352609309 -4.784248997877858 -4.637489479379584 -0.4605426935524021 -0.14785795526349046 -0.2182487509860636 -0.12706480304955525 -0.05436095675283885 -0.09230050239513962 -0.175561797752809 -0.19837476099426385 -0.5466830466830468 -0.36698366252133624 -0.258493353028065 -0.07673267326732672 -0.12045105074320858 0.04024424091035249 -0.20626432391138275 -0.07460918995736618 -0.2000710311353143 -0.07196029776674938 -0.27695351137487634 -0.05475118627570265 -0.1269322609023501 0.011342155009451793 -0.04627793203755125 0.050511945392491465 0.058082056351952537 -0.037275499830565904 0.019163566677939354 0.003613587087448809 -0.0411522633744856 -0.04290822407628129 -0.04567901234567901 -0.06740731494195482 0.04581318401628914 -0.007893698197605579
-0.05707346690953248 -0.06558470431302803 -0.021295673615781215 0.06759118983801422 -0.07765830346475507 -0.07618377871542428 -0.07248157248157247 -0.08834355828220859 -0.05288275506255643 -0.08360039013515397 -0.033474958156302304 -0.06939371804236669 -0.10836845273931366 -0.03585115589071579 -0.08180216461112509 -0.04544896204397494 0.06882859033752481 -0.042443729903536974 0.12743926722421345 0.02933370582483587 -0.010158730158730162 0.04759580180619966 0.0035838012184924188 0.08313253012048191 -0.13740458015267176 0.038260425966075755 -0.1830238726790451 0.007689350249903884 -0.0694908459174128 0.034767492394611035 -0.11692149556726199 0.043896073081029774 -0.1721252689457327 0.06308758040573974 -0.2767779570559762 -0.003921056071101816 -0.11731005319874506 0.07184672698243746 -0.0013785497656465424 0.19225124743175814 -0.1961523953225198 -0.10909090909090909 -0.3019517795637198 -0.29379760609357997 -1.2889431887599268 -1.1953711682875785 -0.2009155645981689 -0.045039248487968093 -0.06656903208627346 0.023948510701990722 -0.08246907409721355 -0.2211874272409779 -0.39567128846804195 -0.7087447108603667 -5.264088658335298 -3.9244920043284837 -0.34478466517301465 -0.14533046884872997 -0.18669471469892193 -0.13412395877453054 -0.043488765402271076 -0.08879542002570394 -0.1661985018726592 -0.20793499043977057 -0.5343980343980343 -0.35357229943916113 -0.23018217626784834 -0.07673267326732672 -0.10891850333162482 0.04995836802664446 -0.20626432391138277 -0.07579346281383231 -0.2000710311353143 -0.0880893300248139 -0.25964391691394656 -0.060834651417447386 -0.11687822043483724 0.008821676118462504 -0.03702234563004099 0.04641638225255972 0.04078101828966881 -0.03388681802778719 0.006763611768684477 0.012045290291496025 -0.05055849500293944 -0.041716328963051254 -0.046913580246913576 -0.06740731494195482 0.052176126240773744 -0.011840547296408363
-0.044930176077717064 -0.0511338372610049 -0.011208249271463798 0.08390630462650041 -0.07885304659498207 -0.05391467416783872 -0.06756756756756757 -0.07116564417177915 -0.04901328517993035 -0.06827365194370907 -0.042487446890691394 -0.05721938154370586 -0.1131848284166165 -0.022252441587340827 -0.0868361439718097 -0.031937108463333745 0.07412309728656519 -0.020578778135048232 0.13938669852648347 0.04330213716999581 -0.00761904761904762 0.05613863802782524 0.015529805280133794 0.0783132530120482 -0.13231552162849872 0.05866598648131616 -0.1724137931034483 0.03716519287453544 -0.052118134438059606 0.07822685788787484 -0.1143517923679815 0.0522007355558192 -0.16017212526894575 0.06927263730826325 -0.2929129949112573 0.019605280355509087 -0.1282226162870004 0.09978712080894092 -0.006892748828232702 0.21132961549750515 -0.18357852382748646 -0.1 -0.288174512055109 -0.30105186797243383 -1.4074526572999388 -1.0981164594361688 -0.17548321464903355 -0.03603139879037447 -0.05325522566901877 0.023948510701990722 -0.07122329126577535 -0.23282887077997677 -0.38439860218690114 -0.7722143864598026 -5.669653383635935 -3.204280389563544 -0.26512322628827484 -0.11879186149374446 -0.15777018143570867 -0.11012282930961456 -0.036240637835225895 -0.06893328659890173 -0.15215355805243447 -0.20434990439770556 -0.5331695331695332 -0.30480370641307003 -0.22279665189561787 -0.042079207920792075 -0.10891850333162481 0.08881487649181238 -0.18716577540106955 -0.053292278540975846 -0.18823250858292884 -0.06823821339950373 -0.2460435212660732 -0.03163401873707263 -0.10054040467512881 0.03150598613736609 -0.03305566574110803 0.0764505119453925 0.04448838358872961 -0.024850333220377267 0.01803629804982527 0.022886051553842452 -0.0411522633744856 -0.01907032181168057 -0.02839506172839506 -0.051179628011484214 0.06744718757953679 0.017103012761478752
-0.035215543412264724 -0.03668297020898177 -0.010087424344317418 0.09672532338888241 -0.0967741935483871 -0.026957337083919362 -0.06265356265356266 -0.05766871165644173 -0.045143815297304275 -0.05991361293019366 -0.03476245654692932 -0.04747991234477721 -0.10475617098133654 -0.0234886883421931 -0.08306065945129625 -0.009826802604102689 0.09397749834546656 -2.0816681711721684e-18 0.1526616221956724 0.06006425478418773 0.006349206349206349 0.0732243104710764 0.031059610560267587 0.0927710843373494 -0.11704834605597962 0.07141946180334141 -0.14588859416445624 0.0525438933743432 -0.034745422958706404 0.09561060408518035 -0.10407297957085956 0.04982797484873651 -0.15060961032751613 0.053191489361702114 -0.2966364651855529 0.028754411188079993 -0.10776156049652161 0.11442256519425227 -0.00551419906258616 0.22600528324038743 -0.17100465233245316 -0.09545454545454546 -0.28587830080367393 -0.3361141337202273 -1.529627367135003 -0.9934753170011078 -0.15132248219735503 -0.030884056106035257 -0.04926108374384237 0.023948510701990725 -0.04373359990003749 -0.2479627473806752 -0.36636230413707593 -0.8356840620592385 -5.985616599858525 -2.5742455212215942 -0.20039830719442367 -0.12384683432326551 -0.13673415724428084 -0.10729916701962446 -0.026576467745832322 -0.07711181212758499 -0.14161985018726592 -0.20315487571701724 -0.5294840294840294 -0.27188490612045846 -0.20187099950763168 -0.02351485148514852 -0.09610456176319836 0.10130446849847352 -0.16934046345811052 -0.03671245855045003 -0.17876169054102048 -0.0707196029776675 -0.23491592482690407 -0.021900474510281053 -0.08043232374010305 0.03780718336483931 -0.02247785270395345 0.07781569965870307 0.04695996045477015 -0.013554727211114873 0.025927178446623827 0.032522283787039266 -0.03292181069958847 -0.005959475566150179 -0.007407407407407407 -0.03744850830108601 0.07635530669381523 0.030259176424154717
-0.027929568913175475 -0.040017785682525564 -0.005604124635731898 0.0920638620207435 -0.10991636798088408 -0.03164556962025317 -0.06142506142506142 -0.06503067484662577 -0.055462401650973825 -0.06688031210812317 -0.03862495171881035 -0.0681762843925006 -0.10234798314268514 -0.03337866238101125 -0.09438711301283664 -0.03807886009089793 0.08735936465916612 -0.020578778135048235 0.1393866985264835 0.04888950970805979 0.008888888888888889 0.06590187942396876 0.033448811372595866 0.09518072289156625 -0.1272264631043257 0.06376737661012626 -0.14323607427055704 0.05126233499935921 -0.040090872644661234 0.10140518615094887 -0.10150327637157908 0.04270969272748843 -0.14702366722448007 0.034636318654131616 -0.30532456249224277 0.019605280355509087 -0.10503341972445779 0.09845662586482172 -0.015164047422111943 0.2069269151746404 -0.16974726518294983 -0.10681818181818181 -0.29161882893226176 -0.36996735582154516 -1.654245571166768 -0.8925273913578726 -0.14114954221770093 -0.030884056106035264 -0.06390627080282253 0.0374195479718605 -0.028739222791453207 -0.2735739231664726 -0.3652350355089618 -0.96262341325811 -6.299221881631691 -2.053625105206204 -0.15060990789146128 -0.14533046884872994 -0.13016039968445964 -0.12141747846957504 -0.03140855279052911 -0.08762705923589205 -0.14513108614232212 -0.2198852772466539 -0.5294840294840295 -0.2779809802487198 -0.19202363367799116 -0.04455445544554455 -0.0999487442337263 0.07077435470441298 -0.160427807486631 -0.052108005684509705 -0.1692908724991121 -0.08684863523573202 -0.22378832838773496 -0.04380094902056212 -0.0741485484479075 0.028985507246376812 -0.025122305963242098 0.07508532423208192 0.04448838358872961 -0.02372077261945103 0.020290835306053433 0.03493134184533848 -0.05055849500293944 -0.016686531585220505 -0.013580246913580247 -0.047434777181375606 0.06744718757953679 0.032890409156689907
-0.03400121432908318 -0.03668297020898177 -0.011208249271463798 0.09905605407295187 -0.1182795698924731 -0.03633380215658697 -0.052825552825552825 -0.07484662576687116 -0.047723461885721664 -0.07802703079281037 -0.04506244367194541 -0.0620891161431702 -0.09993979530403371 -0.028433675361602174 -0.10571356657437705 -0.03930721041641076 0.09397749834546658 -0.023151125401929262 0.15531660692951016 0.05308003911160777 0.007619047619047618 0.07932633634366609 0.02986501015410345 0.10120481927710842 -0.13486005089058523 0.05866598648131616 -0.14058355437665782 0.05126233499935921 -0.028063610851262865 0.10430247718383312 -0.10407297957085956 0.05220073555581919 -0.15060961032751613 0.04205838693715982 -0.30904803276653836 0.02091229904587636 -0.11048970126858546 0.09313464608834486 -0.02619244554728426 0.1951863809803346 -0.1772915880799698 -0.10340909090909092 -0.29850746268656714 -0.4340466690847539 -1.6530238240684176 -0.7780376708112767 -0.12207527975584946 -0.036031398790374466 -0.04260418053521502 0.04490345756623261 -0.021242034237161065 -0.26542491268917345 -0.3776349904182167 -1.2435354960037612 -6.153029945767509 -1.6845016231814351 -0.13567338810057256 -0.15670415771515228 -0.10518012095713909 -0.11859381617958493 -0.032616574051703304 -0.0794485337072088 -0.14630149812734083 -0.23781070745697894 -0.5294840294840295 -0.26456961716654476 -0.17725258493353027 -0.04702970297029703 -0.09482316760635572 0.06383569247849016 -0.17188693659281895 -0.04737091425864519 -0.1692908724991121 -0.09181141439205955 -0.21760633036597427 -0.04258425599221316 -0.06912152821415105 0.0201638311279143 -0.01190003966679889 0.07781569965870308 0.044488383588729606 -0.013554727211114875 0.02367264119039567 0.05179474825343291 -0.05526161081716637 -0.004767580452920145 -0.01111111111111111 -0.049931344401448016 0.07508271824891831 0.04078410735429549
-0.03764420157862781 -0.02890173410404624 -0.010087424344317416 0.11070970749329914 -0.1135005973715651 -0.02812939521800282 -0.0515970515970516 -0.07116564417177913 -0.05804204823939121 -0.08360039013515397 -0.03218745976567529 -0.06452398344290236 -0.07344972907886817 -0.024724935097045368 -0.09061162849232318 -0.045448962043974944 0.09794837855724688 -0.03215434083601286 0.1539891145625913 0.044698980304511804 0.00888888888888889 0.0854283622162558 0.03583801218492415 0.11445783132530118 -0.12213740458015268 0.06886876673893637 -0.13527851458885942 0.0589516852492631 -0.024054523586796737 0.11734028683181226 -0.0989335731722986 0.059319017677067265 -0.1494142959598374 0.04700643245917861 -0.2966364651855529 0.036596523330283626 -0.10639749011048971 0.09712613092070252 -0.02343534601599118 0.19371881420604636 -0.16723249088394315 -0.10568181818181818 -0.2789896670493685 -0.5235158989239512 -1.595601710445938 -0.6610858057367969 -0.10554425228891148 -0.03345772744820486 -0.041272799893489545 0.04490345756623261 -0.022491565662876422 -0.26426076833527357 -0.3990530943523842 -1.6666666666666667 -5.910162697477011 -1.345437056630997 -0.14936519790888722 -0.15291292809301146 -0.11964238758874572 -0.10729916701962447 -0.039864701618748485 -0.07828017291739689 -0.16034644194756556 -0.2545411089866157 -0.5208845208845209 -0.23287003169958545 -0.1772525849335303 -0.038366336633663366 -0.10635571501793953 0.07077435470441298 -0.16424751718869363 -0.04737091425864519 -0.16573931573339648 -0.10545905707196028 -0.1904055390702275 -0.03163401873707264 -0.06409450798039462 0.028985507246376812 -0.022477852703953458 0.07781569965870307 0.04572417202174987 -0.010166045408336157 0.02705444707473791 0.06022645145748014 -0.0564373897707231 -1.3877787807814458e-18 -0.009876543209876543 -0.05866932967170141 0.07126495291422755 0.0368372582554927
-0.03885853066180935 -0.024455313472654512 0.002241649854292759 0.12003263022957697 -0.1063321385902031 -0.01406469760900141 -0.04176904176904177 -0.056441717791411036 -0.0580420482393912 -0.08638706980632577 -0.012874983906270118 -0.05721938154370586 -0.07344972907886817 -0.01607120781307949 -0.08431915429146741 -0.05281906399705196 0.11250827266710788 -0.03215434083601286 0.16593654586486128 0.03771476463193183 -0.0012698412698412703 0.09275079326336344 0.031059610560267587 0.11566265060240963 -0.12722646310432567 0.07014411427113888 -0.123342175066313 0.060233243624247076 -0.020045436322330617 0.11734028683181226 -0.09764872157265835 0.06525091944477399 -0.14104709538608654 0.043295398317664505 -0.2941541516693558 0.04966671023395635 -0.10230527895239394 0.1157530601383715 -0.017921146953405017 0.21132961549750512 -0.16723249088394315 -0.09772727272727273 -0.2835820895522388 -0.6202393906420023 -1.5210751374465488 -0.5355164348147237 -0.10045778229908445 -0.018015699395187233 -0.04659832246039143 0.04340667564735818 -0.03498687992002999 -0.259604190919674 -0.43738022770826285 -2.210860366713681 -5.534072152794153 -1.006372490080558 -0.15932287776947968 -0.15417667130039175 -0.1393636602682093 -0.11294649159960468 -0.04107272287992268 -0.08645869844608016 -0.17673220973782772 -0.2915869980879541 -0.5171990171990173 -0.2023896610582785 -0.16494337764647954 -0.022277227722772276 -0.10507432086109689 0.07632528448515126 -0.1578813343519226 -0.04973945997157745 -0.16337161122291938 -0.11662531017369726 -0.17804154302670622 -0.029200632680374743 -0.06283775292195551 0.03276622558286074 -0.0317334391114637 0.08191126279863481 0.04572417202174987 0.0033886818027787217 0.02930898433096607 0.07708985786557457 -0.04938271604938271 0.005959475566150179 0.0037037037037037034 -0.06740731494195482 0.08017307202850599 0.019734245494013952
-0.04614450516089861 -0.024455313472654512 0.010087424344317416 0.12236336091364644 -0.11589008363201911 -0.015236755743084857 -0.045454545454545456 -0.058895705521472407 -0.07223010447568683 -0.08638706980632577 -0.02574996781254023 -0.06939371804236669 -0.08669476219145095 -0.023488688342193104 -0.10571356657437705 -0.06387421692666748 0.10589013898080743 -0.047588424437299034 0.14469666799415903 0.025143176421287883 -0.00888888888888889 0.09153038808884549 0.010751403655477245 0.11686746987951806 -0.1361323155216285 0.07269480933554393 -0.1193633952254642 0.06920415224913493 -0.016036349057864493 0.12748080544690715 -0.1053578311704998 0.06169177838414995 -0.15300023906287355 0.02474022761009401 -0.3065657192503413 0.035289504639916355 -0.10639749011048971 0.10244811069717936 -0.03997794320374966 0.20105664807748752 -0.17226203948195648 -0.10795454545454546 -0.3203214695752009 -0.7520251481078467 -1.441661576053757 -0.4345685091714883 -0.11190233977619532 -0.020589370737356838 -0.07189455465317533 0.04640023948510702 -0.06372610271148318 -0.259604190919674 -0.552361627775899 -2.8549600376116597 -5.109643951898137 -0.7009739088613682 -0.19666417724670152 -0.1402754960192089 -0.17486195109124375 -0.09741634900465905 -0.06885721188692921 -0.0981423063441991 -0.22237827715355807 -0.3262428298279158 -0.5356265356265356 -0.18897829797610338 -0.17355982274741505 -0.02475247524752475 -0.11404407995899542 0.0791007493755204 -0.16552075375604786 -0.061582188536238744 -0.1740262815200663 -0.13771712158808933 -0.17804154302670624 -0.04380094902056211 -0.05781073268819907 0.017643352236925015 -0.04098902551897395 0.0696245733788396 0.02965892239248641 0.007906924206483678 0.012399954909254874 0.09033967718622019 -0.0681951793062904 0.017878426698450536 -0.0049382716049382715 -0.06990388216202721 0.07635530669381521 0.023681094592816733
-0.05464480874316939 -0.024455313472654512 0.0011208249271463786 0.11187507283533386 -0.1194743130227001 -0.0046882325363338025 -0.0515970515970516 -0.06257668711656442 -0.07351992776989552 -0.08081371046398217 -0.03862495171881035 -0.051132213294375464 -0.09030704394942807 -0.002472493509704539 -0.10697206141454821 -0.03439380911435941 0.10589013898080742 -0.029581993569131836 0.13009425195805127 0.03492107836289985 -0.016507936507936506 0.10007322431047108 0.005973002030820692 0.13132530120481928 -0.12595419847328243 0.08799897972197424 -0.1127320954907162 0.07433038574907087 -0.022718161165308032 0.1361726785455599 -0.11049723756906076 0.06762368015185669 -0.17092995457805402 0.016081147946561104 -0.3115303462827355 0.041824598091752714 -0.10912563088255356 0.09180415114422566 -0.04411359250068928 0.1863809803346052 -0.17351942663145983 -0.10454545454545454 -0.34213547646383463 -0.8620481199371298 -1.3243738546120953 -0.345931306167672 -0.1169888097660224 -0.019302535066272036 -0.09852216748768472 0.047897021403981443 -0.09371485692865175 -0.270081490104773 -0.722579190621125 -3.496708979783733 -4.595614241924074 -0.47493086449440913 -0.21533482698531242 -0.13522052318968786 -0.19195372074677883 -0.08188620640971338 -0.08335346702101958 -0.09931066713401097 -0.24695692883895132 -0.35014340344168254 -0.5147420147420146 -0.1633747866374055 -0.1637124569177745 -0.014851485148514854 -0.11019989748846745 0.0832639467110741 -0.18079959256429842 -0.04855518711511132 -0.18586480407245176 -0.11538461538461539 -0.165677546983185 -0.01946708845358316 -0.056553977629759965 0.030245746691871456 -0.04892238529683988 0.08191126279863481 0.025951557093425604 0.020332090816672314 0.01803629804982527 0.10961214165261383 -0.07172251616696061 0.04410011918951132 -0.008641975308641974 -0.047434777181375606 0.06490201068974294 0.04078410735429549
-0.06193078324225865 -0.015562472209871054 -0.0056041246357319005 0.12003263022957696 -0.12544802867383512 0.010548523206751054 -0.057739557739557745 -0.051533742331288344 -0.07996904424093898 -0.06688031210812317 -0.036049954937556326 -0.047479912344777206 -0.09151113786875378 -0.012362467548522684 -0.10319657689403475 -0.03562215943987225 0.10853739245532759 -0.03601286173633441 0.12611177485729458 0.006984215672579971 -0.016507936507936506 0.09641200878691726 -0.0011946004061641397 0.1289156626506024 -0.1361323155216285 0.09565106491518938 -0.1246684350132626 0.07048571062411893 -0.045436322330616064 0.13906996957844414 -0.11692149556726199 0.08067386404081148 -0.17690652641644752 0.02226620484908461 -0.3040834057341442 0.06927199058946544 -0.10776156049652164 0.10244811069717934 -0.04687069203198235 0.19078368065746992 -0.16346032943543315 -0.10795454545454546 -0.38805970149253727 -0.9454721315439489 -1.1789859499083692 -0.2782223316508679 -0.1208036622583927 -0.023163042079526446 -0.09985354812941019 0.04640023948510702 -0.11620642259152816 -0.2840512223515716 -0.8939240220944651 -4.053831687823225 -4.043857580759254 -0.2897679451725382 -0.2352501867064974 -0.13395677998230762 -0.20641598737838546 -0.07341521953974305 -0.09784972215510994 -0.11099427503212993 -0.27270599250936334 -0.36567877629063095 -0.4889434889434888 -0.13777127529870764 -0.15755785327424912 -0.02103960396039604 -0.0999487442337263 0.09020260893699694 -0.18716577540106952 -0.035528185693983895 -0.20954184917722268 -0.09057071960297766 -0.1607319485657765 0.008516851198442636 -0.06158099786351641 0.05293005671077505 -0.05553351844506149 0.09829351535836177 0.024715768660405334 0.021461651417598555 0.016909029421711193 0.07708985786557457 -0.07995296884185774 0.0500595947556615 -0.0049382716049382715 -0.05617276245162901 0.054721303130567577 0.02631232732535193
-0.06193078324225866 -0.013339261894175189 -0.0022416498542927607 0.1386784757021326 -0.12544802867383512 0.02812939521800281 -0.06388206388206388 -0.03803680981595091 -0.08512833741777377 -0.058520273094607764 -0.039912450109437364 -0.03895787679571463 -0.09512341962673089 -0.011126220793670417 -0.0994210923735213 -0.01965360520820538 0.11383189940436796 -0.029581993569131836 0.12876675959113232 0.018158960748707924 -0.022857142857142857 0.09641200878691726 -0.01791900609246207 0.1337349397590361 -0.13867684478371503 0.09692641244739189 -0.1193633952254642 0.04357298474945533 -0.04543632233061606 0.11878893234825438 -0.12334575356546318 0.09253766757622493 -0.19483624193162802 0.024740227610094014 -0.29911877870175 0.09802640177754543 -0.09957713818033012 0.11442256519425227 -0.044113592500689275 0.19958908130319927 -0.1684898780334465 -0.1102272727272727 -0.44890929965556825 -0.9974610083424013 -1.0201588271227855 -0.20312692355041242 -0.11571719226856562 -0.014155192381932824 -0.09585940620423378 0.05089058524173028 -0.12370361114582032 -0.31199068684516884 -1.1689775673543006 -4.500470145745181 -3.4131101155387875 -0.16712757003727302 -0.23649489668907142 -0.13774800960444838 -0.1998422298185643 -0.07906254411972327 -0.10147378593863252 -0.11333099661175372 -0.30898876404494385 -0.37404397705544934 -0.4705159705159704 -0.0963179712265301 -0.1501723289020187 0.0024752475247524774 -0.10123013839056894 0.10269220094365808 -0.18843901196842372 -0.027238275698720983 -0.22848348526103943 -0.05955334987593053 -0.165677546983185 0.03893417690716633 -0.06283775292195551 0.07561436672967864 -0.05156683855612852 0.10511945392491469 0.028423133959466135 0.02033209081667231 0.025927178446623834 0.07829438689472416 -0.07760141093474428 0.05959475566150178 -0.007407407407407407 -0.05742104606166519 0.049630949350979905 0.01841862912774635
-0.0631451123254402 -0.024455313472654512 0.002241649854292761 0.10604824612516024 -0.1266427718040621 0.010548523206751054 -0.06388206388206388 -0.06625766871165643 -0.08383851412356508 -0.08778040964191167 -0.02059997425003219 -0.05356708059410762 -0.08187838651414811 -0.04450488317468167 -0.0906116284923232 -0.027023707161282395 0.12442091330244871 -0.042443729903536974 0.12611177485729458 0.0027936862690319877 -0.016507936507936506 0.07200390529655845 -0.015529805280133795 0.11325301204819276 -0.12595419847328243 0.0765208519321515 -0.11671087533156499 0.021786492374727667 -0.0507817720165709 0.08981602201941184 -0.12206090196582293 0.07948748368727013 -0.20439875687305759 -0.004948045522018804 -0.2929129949112572 0.08103515880277087 -0.09548492702223435 0.08382118147951037 -0.03446374414116349 0.17317287936601117 -0.1684898780334465 -0.1340909090909091 -0.5269804822043628 -1.054286059726756 -0.851557727550397 -0.16865690016003937 -0.10808748728382504 -0.024449877750611245 -0.09319664492078285 0.034425984134111666 -0.12995126827439712 -0.359720605355064 -1.5793033479878253 -4.823695345557123 -2.7587833058240983 -0.09258145966093541 -0.23276076674134924 -0.15417667130039175 -0.18932421772285038 -0.09600451785966398 -0.10268180719980673 -0.15656034583479378 -0.3300561797752809 -0.4110898661567878 -0.4410319410319411 -0.10363326018044379 -0.137863121614968 -0.03217821782178218 -0.08969759097898514 0.06938662225922843 -0.19353195823784058 -0.045002368545712934 -0.2355865987924707 -0.0794044665012407 -0.15207715133531158 0.020683781481932107 -0.07540530350634662 0.05419029615626969 -0.05421129181541716 0.0750853242320819 0.03830944142362828 0.0011295606009262397 0.03945440198399278 0.04095398699108649 -0.06819517930629043 0.04529201430274136 -0.008641975308641974 -0.06990388216202721 0.049630949350979905 -3.4694469519536144e-19
-0.07528840315725563 -0.03668297020898177 0.0112082492714638 0.07807947791632676 -0.11469534050179211 -0.011720581340834504 -0.07002457002457003 -0.08466257668711656 -0.08899780730039986 -0.11146718684687196 -0.019312475859405178 -0.05600194789383979 -0.06742925948223961 -0.05563110396835208 -0.07550969041026934 -0.034393809114359415 0.12574454003970878 -0.03601286173633441 0.12212929775653791 0.005587372538063974 -0.022857142857142854 0.06956309494752258 -0.020308206904790346 0.08433734939759038 -0.12595419847328243 0.06886876673893635 -0.12201591511936338 0.020504933999743683 -0.061472671388480546 0.08981602201941184 -0.12591545676474364 0.07236920156602207 -0.20081281377002153 -0.01731815932706581 -0.2780191138140747 0.07842112142203635 -0.09548492702223435 0.07450771687067588 -0.02757099531293079 0.1599647783974171 -0.17603420093046646 -0.1556818181818182 -0.6429391504018369 -1.06154032160561 -0.6695174098961514 -0.14157331035331772 -0.10808748728382503 -0.02187620640844164 -0.10251630941286112 0.04490345756623261 -0.1624390853429964 -0.41559953434225844 -2.166610303235261 -4.98589562764457 -2.0985616599858523 -0.04929662137790068 -0.25018670649738606 -0.15796790092253254 -0.19589797528267158 -0.10306367358463928 -0.12805025368446485 -0.16473887136347704 -0.36633895131086147 -0.4290152963671129 -0.41277641277641275 -0.09387954157522553 -0.14278680452978829 -0.034653465346534656 -0.09994874423372628 0.07493755203996669 -0.21135727018079958 -0.0675035528185694 -0.25334438262104886 -0.07196029776674936 -0.14713155291790309 0.007300158170093686 -0.08671609903229863 0.045368620037807186 -0.06478910485257172 0.06962457337883958 0.023479980227385074 -0.004518242403704959 0.037199864727764625 0.013249819320645631 -0.07524985302763082 0.039332538736591184 -0.01728395061728395 -0.074897016602172 0.0432680071264953 -0.009209314563873175
-0.06800242865816637 -0.0377945753668297 0.0168123739071957 0.06875655518004893 -0.09916367980884108 -1.7347234759768072e-19 -0.06019656019656019 -0.06993865030674848 -0.08641816071198247 -0.09474710881984116 -0.005149993562508049 -0.04991477964450937 -0.05900060204695966 -0.055631103968352094 -0.05663226780770199 -0.018425254882692546 0.1416280608868299 -0.011575562700964635 0.13142174432497014 0.016762117614191923 -0.007619047619047617 0.0671222845984867 -0.009556803249313104 0.07349397590361448 -0.09287531806615776 0.07014411427113887 -0.10344827586206898 0.019223375624759696 -0.04543632233061607 0.08836737650296972 -0.1143517923679815 0.07592834262664609 -0.2020081281377002 -0.013607125185551707 -0.26312523271689214 0.0941053457064436 -0.07638794161778747 0.087812666311868 -0.013785497656465398 0.17317287936601117 -0.1647177165849365 -0.1693181818181818 -0.7818599311136624 -1.0663764961915128 -0.4740378741600487 -0.12187615413024744 -0.09409969481180061 -0.020589370737356845 -0.09319664492078285 0.04640023948510702 -0.1624390853429964 -0.508731082654249 -2.8260624506819974 -4.923601316408087 -1.4171186041028059 -0.013225922808705066 -0.22778192681105303 -0.15670415771515228 -0.16828819353142258 -0.10024001129464914 -0.12563421116211645 -0.16941231452272462 -0.39208801498127344 -0.4278202676864245 -0.3783783783783784 -0.0670568154108754 -0.12801575578532742 -0.014851485148514854 -0.09994874423372628 0.0915903413821815 -0.19862490450725745 -0.07224064424443392 -0.255712087131526 -0.04962779156327543 -0.12611275964391694 0.024333860566978956 -0.08294583385698126 0.0428481411468179 -0.06611133148221607 0.06689419795221843 0.03830944142362828 0.0033886818027787195 0.054108894149475825 0.003613587087448809 -0.04585537918871253 0.04886769964243147 0.0024691358024691358 -0.0661590313319186 0.05090353779587682 -0.005262465465070387
-0.0631451123254402 -0.0411293908403735 0.011208249271463796 0.06526045915394474 -0.08243727598566307 0.015236755743084857 -0.05528255528255528 -0.05766871165644173 -0.08254869082935638 -0.08638706980632577 -0.005149993562508046 -0.06330654979303628 -0.06381697772426251 -0.05933984423290889 -0.03775484520513467 -0.01228350325512836 0.14427531436135008 -0.009003215434083599 0.1340767290588079 0.019555803883223914 -0.002539682539682539 0.05247742250427141 -0.008362202843148966 0.06987951807228918 -0.07124681933842238 0.07141946180334138 -0.08753315649867374 0.007689350249903882 -0.045436322330616064 0.08402143995364333 -0.10407297957085955 0.06169177838414995 -0.2032034425053789 -0.008659079663532906 -0.24202556782921686 0.10848255130048359 -0.06138316737143638 0.09579563597658328 0.0041356492969396195 0.184913413560317 -0.1735194266314598 -0.24431818181818182 -0.8105625717566015 -0.985370571877645 -0.36285888821014056 -0.10094792564323526 -0.09028484231943032 -0.00643417835542401 -0.09852216748768472 0.06436162251160006 -0.18618018243158815 -0.7764842840512223 -2.98162552136174 -4.5956746591443345 -1.016269747701014 0.020440062522544194 -0.21160069703759024 -0.14406672564134967 -0.16697344201945832 -0.09318085556967387 -0.1401304662962068 -0.19628461268839817 -0.41081460674157305 -0.397944550669216 -0.34275184275184273 -0.04145330407217752 -0.12432299359921221 0.0012376237623762366 -0.09354177344951306 0.10407993338884262 -0.20117137764196585 -0.08526764566556135 -0.2521605303658104 -0.04838709677419355 -0.11869436201780417 0.031634018737072646 -0.07666205856478572 0.05293005671077504 -0.05685574507470581 0.0750853242320819 0.03707365299060801 -0.015813848412967353 0.041708939240220955 -0.012045290291496022 -0.02939447383891829 0.04052443384982122 0.01604938271604938 -0.06615903133191861 0.05853906846525834 0.001315616366267597
-0.05950212507589557 -0.05780346820809249 0.00336247478143914 0.05360680573359748 -0.05615292712066906 0.010548523206751054 -0.03562653562653563 -0.06134969325153374 -0.055462401650973804 -0.09056708931308347 -0.006437491953135058 -0.08156805454102752 -0.07706201083684529 -0.07293855853628385 -0.026428391643594267 -0.01596855423166687 0.14559894109861019 -0.007717041800643087 0.1393866985264835 0.020952647017739905 -0.001269841269841268 0.0305101293629485 -0.014335204873969656 0.07349397590361446 -0.058524173027989804 0.0663180716745313 -0.08488063660477455 -0.0038446751249519425 -0.048109047173593475 0.07243227582210633 -0.09764872157265835 0.05813263732352593 -0.21157064307912982 -0.002474022761009398 -0.21844358942534442 0.11501764475231994 -0.03682990042286182 0.10377860564129855 0.022056796250344637 0.19078368065746992 -0.19238023387400982 -0.29204545454545455 -0.8335246842709528 -0.8765566436948374 -0.28588882101405017 -0.08125076942016497 -0.08265513733468972 0.01415519238193283 -0.09319664492078285 0.08531656937584194 -0.20867174809446457 -0.919674039580908 -3.017698117461391 -4.122002820874471 -0.7120962037255363 0.04689190813995432 -0.19293004729897933 -0.12637432073802604 -0.14856692085195897 -0.0818862064097134 -0.14375453007972938 -0.2114733029559528 -0.4143258426966292 -0.3776290630975143 -0.2960687960687961 -0.03901487442087296 -0.10339734121122601 0.0024752475247524753 -0.0743208610968734 0.1013044684984735 -0.2189966895849249 -0.09474182851729038 -0.2521605303658103 -0.04838709677419355 -0.11498516320474776 0.02433386056697896 -0.07163503833102927 0.04788909892879647 -0.051566838556128515 0.07235494880546076 0.029658922392486416 -0.037275499830565904 0.028181715702851995 -0.021681522524692843 -0.014109347442680772 0.034564958283671045 0.02222222222222222 -0.07115216577206342 0.0687197760244337 -0.007893698197605579
-0.06557377049180328 -0.05558025789239662 -0.01344989912575656 0.055937536417666946 -0.054958183990442055 0.005860290670417252 -0.036855036855036855 -0.06748466257668712 -0.05030310847413903 -0.09196042914866938 -0.019312475859405175 -0.09009009009009009 -0.08067429259482241 -0.0791197923105452 -0.017618927762396173 -0.017196904557179708 0.15354070152217075 -0.0038585209003215437 0.1486791450949157 0.027936862690319874 -0.006349206349206349 0.037832560410056136 -0.022697407717118624 0.08433734939759036 -0.05089058524173028 0.07907154699655657 -0.08620689655172413 0.012815583749839803 -0.04009087264466123 0.09416195856873824 -0.1053578311704998 0.06525091944477399 -0.2223284723882381 0.012370113805047007 -0.19610276777957053 0.12939485034635995 -0.03410175965079799 0.11043108036189461 0.0206782464846981 0.18344584678602877 -0.2036967182195398 -0.32954545454545453 -0.8404133180252582 -0.76774271551203 -0.23091020158827127 -0.0763264803643974 -0.06866734486266532 0.012868356710848022 -0.0825455997869791 0.09130369705133962 -0.22366612520304882 -0.9732246798603027 -3.0391162213955587 -3.510813352139163 -0.5199245460976183 0.07574846699531082 -0.1842170774209609 -0.09983571338304056 -0.13673415724428079 -0.05364958350981223 -0.14737859386325197 -0.21614674611520038 -0.4084737827715356 -0.32863288718929257 -0.26167076167076164 -0.018288222384784204 -0.10709010339734122 0.009900990099009903 -0.0768836494105587 0.11101859561476546 -0.22154316271963329 -0.09118900994789199 -0.25216053036581026 -0.0347394540942928 -0.1112759643916914 0.02068378148193211 -0.06660801809727282 0.04410838059231254 -0.042311252148618264 0.07235494880546076 0.029658922392486402 -0.045182424037049584 0.01352722353736896 -0.030113225728740055 -0.005878894767783652 0.03814064362336115 0.01728395061728395 -0.056172762451629 0.06362942224484602 0.0065780818313379815
-0.06435944140862174 -0.054468652734548685 -0.02577897332436673 0.057102901759701674 -0.052568697729988054 0.012892639474917955 -0.04668304668304668 -0.0674846625766871 -0.05030310847413905 -0.10310714783335657 -0.010299987125016095 -0.08035062089116143 -0.08549066827212523 -0.08406477932995426 -0.010067958721369242 -0.0012283503255128376 0.15221707478491067 0.0180064308681672 0.15929908403026682 0.03911160776644782 -0.0012698412698412694 0.029289724188430556 -0.020308206904790346 0.0819277108433735 -0.03435114503816794 0.09054967478637929 -0.08090185676392572 0.020504933999743687 -0.02672724842977415 0.09705924960162249 -0.10664268277014004 0.06525091944477399 -0.22710972985895292 0.022266204849084613 -0.17872657316619087 0.15161416808260358 -0.02728140772063839 0.12905800957956357 0.034463744141163495 0.1966539477546228 -0.20621149251854645 -0.3375 -0.8323765786452354 -0.6311207834602829 -0.1930360415394013 -0.06155361319709468 -0.05467955239064091 0.023163042079526443 -0.05858074823592067 0.0972908247268373 -0.21242034237161062 -0.9860302677532014 -2.955698342915117 -2.8020686412787965 -0.38198538080641364 0.10099795599374775 -0.15185461787403534 -0.08340705168709718 -0.11175387851696031 -0.03953127205986165 -0.13771442377385842 -0.21614674611520038 -0.389747191011236 -0.2891969407265774 -0.21990171990171986 -0.0024384296513045613 -0.09601181683899558 0.021039603960396037 -0.07047667862634548 0.11240632805995006 -0.21899668958492485 -0.08408337280909521 -0.24032200781342486 -0.014888337468982632 -0.10385756676557863 0.035284097822119484 -0.06786477315571193 0.0630119722747322 -0.03702234563004099 0.0819112627986348 0.03830944142362828 -0.05083022704168079 0.009018149024912641 -0.049385690195133704 0.008230452674897115 0.04171632896305125 0.019753086419753086 -0.042441642741230814 0.06490201068974295 0.007893698197605579
-0.06678809957498483 -0.06002667852378836 -0.02465814839722035 0.06059899778580585 -0.04540023894862605 0.0011720581340834522 -0.03808353808353808 -0.07730061349693251 -0.03869469882626081 -0.11425386651804374 -0.0025749967812540237 -0.10348186023861701 -0.08067429259482241 -0.10013598714303373 0.0012584948401711557 -0.03316545878884658 0.15089344804765056 -0.01414790996784566 0.16859153059869905 0.01396843134515994 0.005079365079365079 0.010983646570661459 -0.015529805280133794 0.06626506024096386 -0.024173027989821884 0.07779619946435404 -0.07427055702917773 0.020504933999743683 -0.025390886008285447 0.0927133130522961 -0.10921238596942054 0.05694625696998458 -0.2163519005498446 0.02968827313211282 -0.16010922179471265 0.13985099986929816 -0.023189196562542626 0.11442256519425224 0.042735042735042736 0.1863809803346052 -0.21627058971457314 -0.36022727272727273 -0.8071182548794489 -0.5210978116309999 -0.15516188149053145 -0.06770897451680415 -0.047049847405900305 0.024449877750611245 -0.04260418053521502 0.09280047897021404 -0.19992502811445703 -0.9697322467986028 -2.7899898545823474 -2.0815702867889048 -0.2947418061777882 0.12264037513526513 -0.11824744834453571 -0.06192341716163274 -0.088088351301604 -0.028236622899901177 -0.13650640251268423 -0.2278303540133193 -0.3721910112359551 -0.25932122370936905 -0.2063882063882064 -0.01097293343087052 -0.09601181683899558 0.00495049504950495 -0.06791389031266018 0.08742714404662781 -0.20881079704609115 -0.10540028422548556 -0.22729963300580086 -0.03846153846153846 -0.09520276953511374 0.010950237255140532 -0.06535126303883373 0.0428481411468179 -0.035700119000396664 0.060068259385665526 0.03707365299060801 -0.05534846944538574 -0.0011272686281140795 -0.06865815466152733 0.017636684303350966 0.027413587604290822 0.025925925925925925 -0.05866932967170141 0.07508271824891831 -0.013156163662675963
-0.060716454159077116 -0.06447309915518008 -0.017933198834342072 0.06642582449597949 -0.03225806451612903 -0.007032348804500703 -0.03071253071253071 -0.09079754601226994 -0.028376112472591253 -0.13654730388741815 -0.019312475859405175 -0.10469929388848306 -0.09753160746538231 -0.07911979231054518 -0.012584948401711548 -0.01965360520820538 0.1336863004632694 -0.006430868167202569 0.16195406876410462 0.03492107836289984 -0.011428571428571429 0.021967293141322917 -0.03464341177876 0.0746987951807229 -0.029262086513994912 0.08289758959316414 -0.07559681697612733 0.023068050749711643 -0.014699986636375784 0.08981602201941184 -0.10792753436978028 0.04864159449519515 -0.2163519005498446 0.03463631865413162 -0.14645649745562866 0.1267808129656254 -0.020461055790478792 0.09047365620010644 0.05789909015715468 0.16143234517170532 -0.22758707406010306 -0.3488636363636363 -0.7692307692307692 -0.40140249062991173 -0.12828344532681737 -0.051705035085559514 -0.033062054933875894 0.036031398790374466 -0.029290374117960323 0.09729082472683728 -0.18493065100587275 -0.9394644935972061 -2.620899560365235 -1.4433474377056887 -0.20985616599858523 0.13346158470602382 -0.08961911874533234 -0.05181347150259069 -0.05784906652642652 -0.024001129464915998 -0.13167431746798744 -0.21030494216614087 -0.342930711610487 -0.21749521988527726 -0.18181818181818182 -0.009753718605218242 -0.08739537173806008 0.006188118811881188 -0.05381855458739108 0.06661115736885928 -0.20881079704609115 -0.10658455708195166 -0.22256422398484665 -0.03225806451612903 -0.09396636993076164 0.01095023725514053 -0.06032424280507729 0.04158790170132325 -0.021155626074309132 0.05597269624573379 0.028423133959466135 -0.053089348243533264 -0.01578176079359711 -0.037340399903637675 0.017636684303350973 0.028605482717520857 0.018518518518518517 -0.052427911621520405 0.07762789513871216 -0.0026312327325351916
-0.05828779599271403 -0.06224988883948422 -0.022416498542927592 0.07225265120615312 -0.023894862604540025 -0.014064697609001402 -0.024570024570024572 -0.10429447852760736 -0.023216819295756485 -0.15048070224327717 -0.021887472640659197 -0.11443876308741177 -0.10596026490066227 -0.08406477932995425 -0.02013591744273848 -0.03316545878884658 0.12442091330244875 -0.021864951768488745 0.15531660692951016 0.018158960748707917 -0.00761904761904762 0.0244081034903588 -0.01911360649862621 0.08313253012048191 -0.019083969465648856 0.09310036985078432 -0.07559681697612733 0.04229142637447135 -0.018709073900841904 0.11154570476604375 -0.111782089168701 0.04152331237394709 -0.2163519005498446 0.04948045522018803 -0.14025071366513592 0.12024571951378907 -0.028645478106670307 0.08515167642362959 0.04687069203198237 0.16143234517170532 -0.2213001383125864 -0.34431818181818175 -0.6969001148105625 -0.307097086204812 -0.10507025045815517 -0.05293610734950142 -0.017802644964394716 0.03989190580362888 -0.019970709625882037 0.10028438856458613 -0.1724353367487192 -0.8987194412107101 -2.3255551797993466 -0.8979783732957218 -0.15562367366187219 0.1551040038475412 -0.07343788897186956 -0.03032983697712626 -0.044701551406784126 -0.0014118311449950668 -0.12442618990094223 -0.20796822058651712 -0.3054775280898877 -0.18283938814531547 -0.1597051597051597 -0.019507437210436476 -0.08247168882323981 0.002475247524752472 -0.05253716043054844 0.06522342492367472 -0.20371785077667431 -0.1160587399336807 -0.20480644015626845 -0.043424317617866 -0.08654797230464886 -0.0024333860566978956 -0.05655397762975996 0.023944549464398238 -0.02644453259288642 0.04505119453924915 0.024715768660405337 -0.05647803004631198 -0.02254537256228159 -0.038544928932787284 0.0188124632569077 0.023837902264600714 0.019753086419753086 -0.054924478841592815 0.07508271824891832 0.003946849098802791
-0.0631451123254402 -0.06336149399733215 -0.03922887245012329 0.09555995804684769 -0.035842293906810034 -0.005860290670417252 -0.045454545454545456 -0.09938650306748467 -0.04127434541467819 -0.13794064372300405 -0.03089996137504828 -0.1168736303871439 -0.12040939193257075 -0.07046606502657932 -0.037754845205134654 -0.030708758137820903 0.11515552614162808 -0.030868167202572343 0.1500066374618346 0.01536527447967593 -0.019047619047619046 0.03173053453746644 -0.0406164138095807 0.1 -0.035623409669211195 0.102027802576202 -0.08222811671087533 0.04741765987440727 -0.018709073900841908 0.11589164131537014 -0.1143517923679815 0.04864159449519516 -0.2223284723882381 0.07916872835230084 -0.14025071366513592 0.13854398117893085 -0.03410175965079798 0.10910058541777541 0.042735042735042736 0.17904314646316408 -0.21627058971457308 -0.32159090909090904 -0.6016073478760047 -0.22246403095151743 -0.09407452657299939 -0.040625384710082486 -0.02416073245167854 0.0553339338566465 -0.017307948342431104 0.121239335428828 -0.15494189678870424 -0.8381839348079161 -1.8926840266035398 -0.4677950164551012 -0.12968639471822682 0.17674642298905857 -0.06348020911127708 -0.007582459244281567 -0.03944254535892717 0.021177467174925878 -0.1123459772892003 -0.18343264400046735 -0.2820692883895131 -0.1302581261950287 -0.15233415233415235 -0.00731528895391368 -0.0947808961102905 0.029702970297029695 -0.06150691952844696 0.08742714404662782 -0.21008403361344538 -0.10658455708195166 -0.21546111045341543 -0.03846153846153845 -0.11745796241345204 0.0024333860566978947 -0.08420258891542039 0.01890359168241966 -0.05553351844506148 0.04505119453924915 0.023479980227385074 -0.04744154523890207 -0.033818058843422386 -0.006022645145748 0.003527336860670194 0.03694874851013111 0.01728395061728395 -0.047434777181375606 0.07635530669381524 0.002631232732535195
-0.051001821493624776 -0.06224988883948422 -0.05043712172158708 0.12003263022957697 -0.04062126642771804 0.005860290670417251 -0.04668304668304669 -0.09325153374233129 -0.045143815297304275 -0.13097394454507455 -0.03218745976567529 -0.11322132943754563 -0.13967489464178207 -0.04821362343923847 -0.05033979360684622 -0.01842525488269254 0.1098610191925877 -0.03729903536977491 0.1513341298287535 0.019555803883223914 -0.015238095238095236 0.0366121552355382 -0.03703261259108828 0.11325301204819276 -0.03053435114503817 0.11223058283382222 -0.0716180371352785 0.05638856849929513 -0.002672724842977414 0.12168622338113863 -0.11563664396762174 0.05575987661644324 -0.2354769304327038 0.10019792182088075 -0.14397418393943157 0.1555352241537054 -0.03955804119492566 0.12107503991484832 0.03859939343810312 0.1893161138831817 -0.21627058971457308 -0.2886363636363636 -0.4845005740528128 -0.16442993592068672 -0.0769700671960904 -0.025852517542779764 -0.01907426246185148 0.05919444086990091 0.0013313806417254651 0.11674898967220475 -0.12370361114582029 -0.7543655413271245 -1.2850862360500503 -0.1904090267983075 -0.10257014854987032 0.2200312612720933 -0.04605426935524023 0.03285732339188677 -0.024980278727320532 0.04800225892983199 -0.08697753080454217 -0.16006542820422945 -0.2492977528089888 -0.0920172084130019 -0.14250614250614252 0.006096074128261399 -0.09847365829640571 0.025990099009900992 -0.06406970784213226 0.07493755203996669 -0.19989814107461165 -0.091189009947892 -0.20125488339055284 -0.02481389578163772 -0.11374876360039565 0.012166930283489476 -0.08922960914917681 0.02142407057340895 -0.05553351844506148 0.04778156996587031 0.04201680672268908 -0.04292330283519711 -0.03832713335587871 0.016863406408094434 0.0011757789535567303 0.04886769964243146 0.018518518518518517 -0.04368992635126702 0.07508271824891831 0.005262465465070385
