-0.1251062796064618 -0.103844454264251 0.005477651183172657 -0.06067677946324388 -0.010660980810234543 -0.09050305594734369 -0.055099791845230804 -0.06327573618885375 -0.015317845289762575 -0.015203870076019348 -0.022894937674891886 -0.08499271491015056 0.0011957431543704426 -0.02571638501102131 0.10381488430268919 0.09073958980733374 0.06977356503422856 0.16772554002541296 0.11241830065359477 0.12589173310952578 -0.2391249046044263 -0.1706402033159869 -0.12532824063022202 -0.1665069477719214 -0.1814142910033321 -0.08733624454148473 -0.3049738219895289 -0.09232688708671241 -0.26277565033672257 0.0398406374501992 -0.03596198304649371 -0.12401086571394826 0.003584657665192975 -0.019422189851905802 -0.04232676260732857 -0.06922592825676527 -0.2644736842105263 -0.2088672475653511 -0.22585034013605446 0.07201800450112529 -0.03899861617813562 -0.0893159977388355 -0.059007289135716755 -0.06037918125830214 -0.027684159845931634 -0.03625815808556926 -0.35857071464267865 -1.217980914113511 -0.6951731374606507 -0.09397374701670644 -0.04356484939009211 -0.02656195865573392 -0.028223075186272296 -0.022126470245720276 0.008114060507708357 0.08662175168431185 -0.16594960049170251 -0.6877392270650697 -0.6021449799715726 0.022740193291642986 -0.14372253236726454 -0.06351772722023327 -0.026866020324728422 -0.05689900426742532 -0.1229557120687597 -0.04487024011642009 -0.2200607902735562 -0.09790886014746768 -0.22238974745571052 0.009723572718433115 -0.019076688286913394 -0.12909282948010797 -0.0129457455572555 -0.043731778425655975 0.09987966305655838 0.02870470039468963 0.07288449660284126 0.0439453125 0.08340818683433851 0.09274640088593575 -0.07190676915447558 -0.04152171473459769 0.013544018058690746 -0.08049014896684285 -0.02100350058343057 0.03295668549905838 -0.07422730591384766 0.10595542564852027 -0.10355583281347473 0.1337662337662338
-0.13117939997570752 -0.10273972602739725 -0.007668711656441715 -0.061843640606767794 -0.026060175313906662 -0.09637987776210626 -0.05999755112036244 -0.0717936237527379 -0.02042379371968343 -0.0248790601243953 -0.01780717374713813 -0.08135016998542982 -0.0023914863087408826 -0.013470487386725443 0.10006253908692934 0.09819763828464885 0.0750394944707741 0.17280813214739518 0.12026143790849672 0.12589173310952578 -0.2391249046044263 -0.1742708459397313 -0.12174743375507283 -0.1641111643507427 -0.18758484511909168 -0.09606986899563319 -0.30235602094240843 -0.09357454772301935 -0.26937805361151457 0.0413162166150214 -0.04752119188286669 -0.12401086571394829 -0.00597442944198829 -0.021849963583394028 -0.06409481194824042 -0.08432976714915041 -0.31052631578947365 -0.22936955407483342 -0.23809523809523814 0.06151537884471118 -0.05032079506856209 -0.0893159977388355 -0.08099039685294458 -0.057964014007970056 -0.06379393355801637 -0.0580130529369108 -0.5447276361819091 -1.7553992968357612 -0.7502623294858342 -0.0954653937947494 -0.05227781926811052 -0.03233629749393694 -0.03273876721607587 -0.03144287877023407 -0.001159151501101193 0.06376323387872955 -0.21880762138905965 -1.0112359550561798 -0.6292802687685748 0.014212620807276866 -0.1460981114146573 -0.0681371982907957 -0.029202196005139586 -0.06519677572309152 -0.1134057538498269 -0.060635459616783904 -0.20060790273556234 -0.10999637374592049 -0.1972609624324664 -0.0083344909015141 -0.017804909067785833 -0.12439854477174042 -0.022360833235259503 -0.026724975704567545 0.09506618531889291 0.04784116732448272 0.07906114885731932 0.057373046875 0.0859745925830874 0.11766334440753046 -0.0805851723282916 -0.0460105487599596 0.007900677200902937 -0.08049014896684284 -0.01750291715285881 0.024717514124293783 -0.05110732538330494 0.08646937035683841 -0.08359326263256395 0.1142857142857143
-0.1178185351633669 -0.11157755192222714 -0.005477651183172654 -0.0793465577596266 -0.01539919450367212 -0.09050305594734367 -0.041630953838618825 -0.08152835239717693 -0.006382435537401072 -0.023496890117484452 -0.024166878656830322 -0.0825643516270034 0.004782972617481767 -0.011021307861866272 0.10381488430268919 0.11311373523927906 0.0855713533438652 0.18043202033036848 0.13071895424836602 0.14967128269688065 -0.23403714067667258 -0.16579934648432773 -0.12055383146335644 -0.14614278869190228 -0.17277551524126866 -0.08234560199625701 -0.27356020942408377 -0.09357454772301935 -0.2508913244420969 0.05607200826324332 -0.05008990495761624 -0.13109720089760246 -0.001194885888397655 -0.03277494537509104 -0.06893215624622082 -0.08558842039018251 -0.3592105263157895 -0.22168118913377755 -0.23945578231292522 0.07651912978244561 -0.0578689143288464 -0.08592425098925946 -0.07289135716765012 -0.06400193213380026 -0.06379393355801638 -0.06889050036258158 -0.8533233383308346 -2.1471622300351583 -0.7581322140608606 -0.07458233890214797 -0.04232013940751805 -0.028871694191015124 -0.029351998193723187 -0.03377198090136251 0.002318303002202389 0.0577478344562079 -0.31960663798401967 -1.2631189035683419 -0.6396175216436231 0.011370096645821493 -0.1389713742724789 -0.07737614043192054 -0.022193668963906087 -0.0770507349454718 -0.10743702996299391 -0.05093378607809847 -0.20790273556231004 -0.09428260606793183 -0.19349164467897978 -1.3877787807814458e-18 -0.01907668828691339 -0.1255721159488323 -0.020007061315758502 -0.020651117589893103 0.09987966305655838 0.07654586771917234 0.09141445336627549 0.072021484375 0.08469138970871294 0.1453488372093023 -0.06818745350855443 -0.03703288070923578 0.018058690744920995 -0.06727534839019701 0.0035005834305717617 0.03531073446327684 -0.012168410805548797 0.07307270734380711 -0.07236431690580163 0.11948051948051948
-0.13482327219725493 -0.09721608484312859 -0.01205083260297984 -0.06534422403733955 -0.023691068467187878 -0.07404795486600846 -0.04530427329496755 -0.07179362375273789 -0.002552974214960424 -0.027643400138217006 -0.04070211142203002 -0.06313744536182611 1.3877787807814458e-18 -0.008572128337007101 0.09130706691682303 0.1019266625233064 0.0868878357030016 0.17026683608640406 0.13725490196078433 0.1384809064204784 -0.24294072755024168 -0.15974827544475373 -0.1324898543805204 -0.13536176329659802 -0.1752437368875725 -0.07361197754210855 -0.2591623036649215 -0.08234560199625703 -0.22844315330780404 0.06492548325217648 -0.05265861803236579 -0.13109720089760243 -0.0011948858883976568 -0.02791939791211459 -0.08586286128915226 -0.10950283196979234 -0.37894736842105264 -0.21014864172219375 -0.23673469387755106 0.08252063015753938 -0.07170713297270097 -0.0938383267382702 -0.07636237417563345 -0.08936118826228717 -0.08786711603273953 -0.2296350012086053 -1.4642678660669666 -2.184831742842792 -0.7200944386149004 -0.07607398568019093 -0.04480955937266617 -0.036955768564499364 -0.03386769022352676 -0.03493653196692674 -0.005795757505505968 -0.0012030798845043156 -0.6330669944683466 -1.3063341153228794 -0.6021449799715726 -0.0028425241614553733 -0.1484736904620501 -0.07506640489663934 -0.022193668963906087 -0.07230915125651968 -0.10982451951772709 -0.043657530924084406 -0.21519756838905774 -0.08340384382932431 -0.1796708129161955 0.0013890818169190148 -0.033066259697316545 -0.11266283300082151 -0.015299517476756503 -0.020651117589893103 0.10589651022864019 0.07654586771917235 0.10006176652254477 0.072021484375 0.1167714615680739 0.14673311184939092 -0.07190676915447558 -0.02581079564583099 0.005643340857787814 -0.055261893320518965 0.0011668611435239201 0.041195856873822975 -0.013385251886103677 0.07063695043234686 -0.06363069245165316 0.1116883116883117
-0.12389165553261265 -0.1292532037118869 -0.004382120946538122 -0.0793465577596266 0.005922767116796968 -0.06464503996238834 -0.03183543528835557 -0.08639571671939643 0.03318866479448558 -0.0331720801658604 -0.03434240651233783 -0.08135016998542981 0.010761688389333971 -0.02204261572373255 0.11632270168855534 0.1093847110006215 0.09347024749868353 0.16518424396442186 0.15816993464052287 0.14407609455867956 -0.2543881963876876 -0.17185041752390173 -0.13607066125566963 -0.14614278869190228 -0.18018018018018017 -0.051154086088583905 -0.2761780104712042 -0.06862133499688085 -0.221840750033012 0.08705917072450936 -0.059080400719239666 -0.15589937404039209 -0.0035846576651929743 -0.038844379703811605 -0.08102551699117186 -0.15229704216488357 -0.37763157894736843 -0.2152742183495643 -0.19727891156462582 0.08552138034508627 -0.0654170335891307 -0.13001695873374788 -0.07173435149832233 -0.12075836251660428 -0.10351468464130957 -0.5595842397872854 -1.9190404797601197 -2.2086891009542944 -0.6702518363064007 -0.07159904534606207 -0.054767239233258644 -0.05196904954382723 -0.04064122826823211 -0.04774659368813323 -0.022023878520922684 -0.0890279114533205 -0.8998156115550092 -1.2902827509569084 -0.5737175345651893 0.04263786242183058 -0.13659579522508608 -0.09585402471417023 -0.005840439201027917 -0.07823613086770982 -0.08833711352512832 -0.04850836769342712 -0.1896656534954407 -0.08219509246947904 -0.1344389998743561 0.005556327267676063 -0.03179448047818899 -0.13613425654265934 -0.018830175356008 -0.04859086491739552 0.11913357400722022 0.06817366343738787 0.10747374922791848 0.06103515625 0.14500192480431154 0.14950166112956811 -0.07810562856434417 -0.024688587139490518 0.009029345372460498 -0.058865929841422374 0.014002333722287047 0.06591337099811675 -0.019469457288878073 0.07794422116672757 -0.03618215845290083 0.13376623376623378
-0.11781853516336693 -0.13919575784357047 0.0010955302366345322 -0.08984830805134189 0.02250651504382848 -0.03878702397743301 -0.02571323619444104 -0.08639571671939644 0.0612713811590503 -0.0359364201796821 -0.04578987534978378 -0.09227780475959205 0.005978715771852208 -0.0269409747734509 0.12507817385866166 0.12678682411435674 0.0974196945760927 0.17789072426937738 0.1869281045751634 0.1594628619387327 -0.2582040193335029 -0.17548106014764614 -0.1396514681308188 -0.15692381408720651 -0.18018018018018017 -0.04117280099812851 -0.2853403141361257 -0.05864004990642545 -0.19807209824376068 0.10329054153755349 -0.06036475725661444 -0.17597732372741232 -0.0011948858883976574 -0.05583879582422918 -0.08707219736364737 -0.19005663939584644 -0.3723684210526316 -0.2075858534085085 -0.16190476190476188 0.09452363090772693 -0.07296515284941503 -0.13566986998304126 -0.07867638551428902 -0.15094795314575532 -0.1432354357246028 -1.0671984529852552 -2.1839080459770113 -2.2036664992466095 -0.6164742917103883 -0.0551909307875895 -0.06099078914612895 -0.036955768564499364 -0.04628584330548657 -0.05706300221264703 -0.03361539353193462 -0.26106833493743986 -1.0719114935464045 -1.2717619459192493 -0.5349528362837576 0.06253553155201819 -0.13540800570138972 -0.09238942141124841 -0.004672351360822333 -0.07467994310099574 -0.08475587919302853 -0.043657530924084406 -0.18723404255319148 -0.05802006527257344 -0.10805377559994973 0.03194888178913738 -0.03179448047818898 -0.13026640065719988 -0.015299517476756503 -0.06073858114674441 0.13237063778580022 0.09209424709962924 0.11735639283508341 0.0830078125 0.18734761965866803 0.15780730897009967 -0.08430448797421275 -0.012344293569745257 0.01015801354401806 -0.05526189332051897 0.021003500583430573 0.07768361581920905 -0.030421027013871983 0.08403361344537816 -0.013724266999376173 0.14805194805194807
-0.10931616664642294 -0.1458241272646929 0.019719544259421563 -0.09218203033838972 0.04145936981757877 0.0 -0.02571323619444104 -0.06327573618885374 0.06254786826653051 -0.004146510020732552 -0.05087763927753752 -0.08984944147644489 0.0023914863087408844 -0.019593436198873375 0.12757973733583491 0.16407706650093226 0.0868878357030016 0.19822109275730623 0.18823529411764708 0.1888375996642887 -0.2543881963876876 -0.17790148856347573 -0.14203867271425158 -0.16171538092956397 -0.17771195853387634 -0.0099812850904554 -0.29450261780104714 -0.029943855271366192 -0.18090584972930146 0.1372288623284639 -0.04495247880811713 -0.17125310027164284 0.01792328832596487 -0.06554989075018208 -0.09190954166162776 -0.20893643801132789 -0.36710526315789477 -0.18323936442849825 -0.13741496598639455 0.11702925731432856 -0.09435149075355391 -0.12775579423403052 -0.10065949323151684 -0.16302378939741574 -0.22147327876745307 -1.555474981870921 -2.300099950024987 -2.123304871923656 -0.575813221406086 8.326672684688674e-18 -0.062235499128703006 -0.02425222312045271 -0.06547753443215173 -0.05240479795039012 -0.06723078706386924 -0.4126564003849856 -1.166564228641672 -1.2310161748363997 -0.5013567644398501 0.09806708357021035 -0.1223423209407293 -0.09354428917888902 0.008176614881439087 -0.07823613086770984 -0.06326847320042975 -0.030317729808391952 -0.16899696048632215 -0.027801281276441426 -0.08041211207438119 0.06389776357827476 -0.024163805163423625 -0.12791925830301606 -0.010591973637754498 -0.0619533527696793 0.1371841155234657 0.12319100586054299 0.12106238418777024 0.107421875 0.19504683690491467 0.18549280177187152 -0.08306471609223903 -0.01683312759510717 0.012415349887133184 -0.05045651129264778 0.030338389731621934 0.10240112994350281 -0.03893891457775615 0.09621239800267936 -0.0024953212726138525 0.17012987012987013
-0.10688691849872464 -0.16460450729120635 0.02629272567922874 -0.1015169194865811 0.053304904051172705 0.0011753643629525122 -0.020815476919309416 -0.06205889510829885 0.07658922644881287 0.0110573600552868 -0.06486899007886034 -0.07527926177756193 -0.0059787157718522044 -0.008572128337007103 0.1188242651657286 0.18023617153511495 0.08425487098472881 0.20711562897077512 0.18431372549019612 0.20002797594069102 -0.2620198422793182 -0.17790148856347576 -0.16232991167343042 -0.1497364638236703 -0.19005306676539552 -0.003742981908920767 -0.30497382198952877 -0.023705552089831567 -0.1888287336590519 0.15050907481186365 -0.04752119188286669 -0.1641667650879887 0.009559087107181263 -0.07161932507890265 -0.11851493530052001 -0.2265575833857772 -0.35789473684210527 -0.15889287544848796 -0.11020408163265308 0.11852963240810202 -0.11070574915083657 -0.11192764273600904 -0.11222954992479464 -0.16302378939741577 -0.3394318728935965 -2.223833695914914 -2.3388305847076465 -1.9989954796584626 -0.506295907660021 0.011933174224343679 -0.06845904904157331 -0.01963275204989029 -0.06773538044705352 -0.04774659368813322 -0.10316448359800627 -0.6701154956689124 -1.1985248924400738 -1.1742190393875789 -0.4277038377051299 0.12080727686185333 -0.13540800570138972 -0.08661508257304538 0.003504263520616753 -0.07349454717875772 -0.07759341052882894 -0.029105020616056278 -0.1896656534954407 -0.02054877311736976 -0.07287347656740796 0.06111959994443672 -0.020348467506040947 -0.13496068536556743 0.008238201718253502 -0.06681243926141886 0.15643802647412758 0.11123071402942233 0.1408276714021001 0.108642578125 0.22199409726677785 0.17718715393133996 -0.0880238036201339 -0.02019975311412861 0.0067720090293453715 -0.044449783757808746 0.025670945157526253 0.1012241054613936 -0.05110732538330494 0.08403361344537816 -0.012476606363069246 0.17012987012987013
-0.11903315923721607 -0.15466195315952277 0.0032865907099035923 -0.09218203033838973 0.05093579720445392 -0.005876821814762576 -0.036733194563487205 -0.06814310051107325 0.06254786826653051 2.4286128663675298e-18 -0.05850928516916816 -0.060709082078678964 -0.002391486308740881 0.00612294881214793 0.1125703564727955 0.18396519577377252 0.059241706161137456 0.20330368487928846 0.1673202614379085 0.19723038187159042 -0.2658356652251335 -0.17306063173181654 -0.1587491047982812 -0.13536176329659796 -0.19252128841169935 -0.006238303181534621 -0.31413612565445026 -0.024953212726138492 -0.1901492143140103 0.13870444149328612 -0.05008990495761624 -0.15471831817644974 -0.017923288325964876 -0.07526098567613498 -0.1753537308017898 -0.23788546255506607 -0.35526315789473684 -0.1396719630958483 -0.11156462585034015 0.1005251312828207 -0.12328594791797712 -0.11758055398530243 -0.1423116973273169 -0.17992996014974036 -0.5958112662493982 -2.817258883248731 -2.365067466266866 -1.8859869412355597 -0.44464847848898215 0.007458233890214808 -0.07219317898929549 -0.013858413211687261 -0.07563784149920975 -0.031442878770234065 -0.17966848267068508 -0.9059191530317612 -1.2304855562384758 -1.027287319422151 -0.3786018865486497 0.144968732234224 -0.1615393752227105 -0.07853100819956114 -0.03037028384534517 -0.06519677572309152 -0.1145994986271935 -0.025466893039049237 -0.2139817629179331 -0.0036262540795358395 -0.09046362608367885 0.07223225447978886 -0.016533129848658273 -0.13026640065719985 0.008238201718253499 -0.05952380952380952 0.1552346570397112 0.1004664513814137 0.118591723285979 0.101318359375 0.2065956627742846 0.17857142857142855 -0.0954624349119762 -0.011222085063404783 0.005643340857787811 -0.02522825564632388 0.030338389731621934 0.11181732580037665 -0.06814310051107325 0.07916209962245768 -0.014971927635683094 0.18441558441558442
-0.12146240738491436 -0.1491383119752541 -0.016432953549517966 -0.08984830805134188 0.04975124378109452 -0.034085566525622946 -0.04897759275131627 -0.09369676320272571 0.0612713811590503 -0.0027643400138217004 -0.0661409310607988 -0.05220981058766392 -0.007174458926222646 0.009796718099436691 0.11131957473420888 0.19390926041019266 0.05265929436545551 0.204574332909784 0.15816993464052287 0.20562316407889214 -0.27219537013482575 -0.17427084593973136 -0.17784674146574359 -0.13655965500718734 -0.1949895100580032 -0.014971927635683094 -0.32068062827225136 -0.051154086088583905 -0.1809058497293015 0.1239486498450642 -0.053942974569740565 -0.16416676508798866 -0.03584657665192974 -0.09832483612527312 -0.22856451807957429 -0.26431718061674003 -0.3447368421052632 -0.12173244490005124 -0.09659863945578231 0.08552138034508627 -0.13209208705497547 -0.12775579423403052 -0.15735277102857803 -0.2064967999033933 -0.9918151179585941 -3.218515832729031 -2.3163418290854567 -1.592164741336012 -0.3423399790136411 0.03281622911694511 -0.09335324869305452 0.002309735535281211 -0.0970873786407767 -0.017468265983463373 -0.3176075113017271 -1.075553416746872 -1.242778119237861 -0.8741819977775036 -0.3139940560795969 0.1662876634451393 -0.17222948093597812 -0.06582746275551449 -0.03971498656698984 -0.0651967757230915 -0.11818073295929328 -0.03395585738539898 -0.20790273556231004 0.00362625407953584 -0.06533484106043472 0.07084317266286985 -0.033066259697316545 -0.11735711770918908 -0.008238201718253502 -0.05709426627793975 0.14560770156438027 0.08491807200095683 0.10870907967881409 0.0927734375 0.2065956627742846 0.18133997785160572 -0.10662038184973965 0.0022444170126809555 -0.015801354401805866 -0.018020182604517057 0.03267211201866978 0.09533898305084745 -0.07666098807495741 0.04871513822920472 -0.014971927635683094 0.17012987012987013
-0.12996477590185837 -0.16129032258064518 -0.02738825591586328 -0.0910151691948658 0.04619758351101634 -0.05876821814762577 -0.06489531039549405 -0.12046726697493307 0.052335971406688796 -0.01243953006219765 -0.06868481302467566 -0.06313744536182614 -0.015544661006815735 0.0036737692872887582 0.12757973733583491 0.17775015537600997 0.06187467087941021 0.18678526048284624 0.15947712418300652 0.19723038187159042 -0.26710760620707197 -0.18274234539513495 -0.17784674146574359 -0.14374700527072354 -0.1863507342959398 -0.042420461634435434 -0.3180628272251309 -0.07361197754210855 -0.17166248514459265 0.11657075402095322 -0.05137426149499101 -0.19369316168654777 -0.044210777870713355 -0.13595532896334062 -0.28298464143185387 -0.30081812460667084 -0.3381578947368421 -0.12429523321373655 -0.0925170068027211 0.06301575393848462 -0.11825386841112089 -0.1537591859807801 -0.15735277102857803 -0.2717063156623596 -1.5683678382282136 -3.4469422286681173 -2.226386806596701 -1.1162732295328979 -0.2570828961175236 0.03729116945107398 -0.0908638287279064 6.938893903907229e-19 -0.09031384059607135 -0.034936531966926754 -0.5297322360032457 -1.1862367661212705 -1.2452366318377384 -0.6395851339671565 -0.2791058276263083 0.16060261512222856 -0.17816842855446013 -0.0646725949878739 -0.036210723046373086 -0.06638217164532953 -0.14921809717082485 -0.04729565850109143 -0.23100303951367782 -0.0024175027196905612 -0.08669430833019223 0.05973051812751771 -0.024163805163423632 -0.1232249735946485 0.005884429798752501 -0.057094266277939745 0.14801444043321302 0.07774189690228443 0.11117974058060529 0.09765625 0.21301167714615682 0.19656699889258025 -0.10538060996776592 0.0022444170126809564 -0.016930022573363433 -0.014416146083613645 0.02683780630105017 0.07768361581920905 -0.10951569724993915 0.030446961393252946 -0.044915782907049284 0.16753246753246753
-0.13239402404955666 -0.16681396376491384 -0.021910604732690624 -0.10268378063010501 0.04501303008765696 -0.06346967559943584 -0.08815966695236929 -0.11073253833049404 0.035741639009446005 -0.002764340013821701 -0.0635970490969219 -0.06556580864497329 -0.013153174698074852 -0.0012245897624295864 0.12632895559724827 0.1678060907395898 0.05002632964718272 0.17407878017789072 0.15163398692810456 0.19443278780248985 -0.2658356652251335 -0.17669127435556095 -0.17904034375746 -0.13895543842836608 -0.1937553992348513 -0.04865876481597005 -0.33376963350785344 -0.07485963817841547 -0.18750825300409352 0.10919285819684225 -0.05008990495761624 -0.19251210582260542 -0.0513800932010993 -0.1602330662782229 -0.3301487483371629 -0.29200755191944616 -0.3223684210526316 -0.10123013839056894 -0.09115646258503403 0.0795198799699925 -0.1157378286576928 -0.1628038439796495 -0.16313779937521694 -0.36952058930080905 -2.1449205584978333 -3.5436306502296353 -2.0602198900549724 -0.5989452536413863 -0.203305351521511 0.02386634844868735 -0.08215085884988796 0.013858413211687261 -0.08805599458116956 -0.0372656340980552 -0.7395386577025617 -1.2271414821944178 -1.2120467117393978 -0.33460921101370544 -0.25455485204806827 0.15207504263786245 -0.17460505998337097 -0.0669823305231551 -0.02336175680411167 -0.07112375533428164 -0.17189924794079023 -0.04487024011642008 -0.2504559270516717 0.013296264958298082 -0.11559241110692298 0.07778858174746492 -0.02289202594429607 -0.12674568712592418 0.008238201718253502 -0.07896015549076775 0.13838748495788208 0.05860542997249132 0.0938851142680667 0.09521484375 0.2001796484024124 0.18272425249169433 -0.08678403173816018 0.005611042531702391 0.0022573363431151266 -0.00840941854877463 0.03267211201866978 0.06120527306967982 -0.11316622049160378 0.03166483984898307 -0.051154086088583905 0.16883116883116883
-0.13239402404955666 -0.16129032258064518 -0.014241893076248907 -0.09101516919486581 0.047382136934375735 -0.07052186177715092 -0.08815966695236929 -0.10099780968605501 0.034465151901965786 -0.008293020041465102 -0.0534215212414144 -0.04492472073822244 -0.007174458926222646 0.01836884643644379 0.13258286429018135 0.18023617153511495 0.04870984728804633 0.20584498094027953 0.13986928104575164 0.2126171492516436 -0.25311625540574917 -0.18758320222679417 -0.16949152542372878 -0.15213224724484906 -0.19128717758854746 -0.06862133499688083 -0.33638743455497383 -0.07361197754210855 -0.1822263303842599 0.08853474988933158 -0.05008990495761624 -0.18306365891106652 -0.06691360975026886 -0.19664967225054625 -0.3628008223485306 -0.290748898678414 -0.2855263157894737 -0.0858534085084572 -0.0870748299319728 0.08552138034508629 -0.09812555038369605 -0.16732617297908423 -0.17702186740715029 -0.5156382079459003 -2.815358690418873 -3.5714285714285716 -1.7466266866566713 -0.1921145153189352 -0.18494228751311645 0.022374701670644398 -0.07592730893701767 0.0034646033029218136 -0.0959584556333258 -0.08268312565505997 -0.9957111394459256 -1.2536092396535128 -1.100184388444991 -0.08272626250154339 -0.23129603307920923 0.15349630471859013 -0.16391495427010336 -0.047349578473264806 -0.02336175680411167 -0.06756756756756757 -0.17786797182762326 -0.052146495270434155 -0.243161094224924 0.01450501631814336 -0.10931021485111195 0.07362133629670786 -0.017804909067785833 -0.1232249735946485 0.016476403436507 -0.07896015549076774 0.1311672683513839 0.04544910895825857 0.09141445336627547 0.103759765625 0.1950468369049147 0.17718715393133994 -0.07438631291842301 0.013466502076085735 0.015801354401805873 -0.0024026910139356107 0.03733955659276546 0.052966101694915245 -0.11803358481382328 0.06211180124223603 -0.04366812227074236 0.17662337662337663
-0.12024778331106523 -0.17012814847547503 -0.012050832602979844 -0.08284714119019837 0.03909026297085998 -0.08697696285848613 -0.09917962532141544 -0.09978096860550012 0.025529742149604285 0.0 -0.052149580259475956 -0.05463817387081108 -0.007174458926222646 0.03428851334802841 0.13633520950594122 0.19390926041019269 0.026329647182727754 0.23252858958068617 0.13071895424836605 0.2335991047698979 -0.24039684558636476 -0.1960547016821978 -0.16710432084029597 -0.1796837565884044 -0.19005306676539552 -0.06363069245165313 -0.331151832460733 -0.07361197754210855 -0.18486729169417668 0.0988638040430869 -0.061649113793989206 -0.1995984410062596 -0.1087346158441869 -0.23306627822286963 -0.37247551094449144 -0.2668344870988043 -0.2736842105263158 -0.08969759097898514 -0.0925170068027211 0.08402100525131283 -0.10944772927412254 -0.18315432447710572 -0.2834663889853061 -1.0795797608984423 -2.8767453057294174 -3.413101281121586 -1.139430284857571 -0.11551983927674536 -0.19543546694648478 0.05071599045346061 -0.07219317898929548 0.0034646033029218154 -0.12079476179724544 -0.29463141958774897 -1.0200533209690508 -1.2018768046198267 -0.7682851874615857 -0.03333744906778615 -0.2170823103760176 0.15918135304150088 -0.16747832284119257 -0.05427878507910844 -0.038546898726784254 -0.07586533902323377 -0.18383669571445627 -0.04850836769342711 -0.2407294832826748 0.027801281276441436 -0.11056665410227413 0.09167939991665508 -0.013989571410403157 -0.13261354301138362 0.022360833235259503 -0.09718172983479105 0.13357400722021665 0.041861021408922366 0.10253242742433602 0.108642578125 0.19633003977928914 0.17857142857142855 -0.058269278452764695 0.010099876557064302 0.037246049661399556 -0.02522825564632388 0.04900816802800466 0.049435028248587566 -0.10829885616938428 0.06576543660942638 -0.03243917654398004 0.17402597402597403
-0.11417466294181951 -0.15245249668581531 0.006573181419807186 -0.08868144690781798 0.03198294243070363 -0.10578279266572639 -0.08448634749602056 -0.09613044536383547 0.025529742149604295 -0.0013821700069108496 -0.06868481302467566 -0.04371053909664886 -0.011957431543704416 0.026940974773450886 0.12257661038148844 0.1777501553760099 0.02764612954186414 0.21982210927573065 0.13464052287581701 0.21821233738984472 -0.246756550496057 -0.19000363064262377 -0.18381475292432556 -0.19046478198370864 -0.2122670615821301 -0.07236431690580163 -0.31937172774869116 -0.0761072988147224 -0.19411065627888552 0.08853474988933155 -0.06293347033136398 -0.1995984410062596 -0.16847891026406978 -0.2573440155377519 -0.38577820776393756 -0.22529893014474509 -0.26578947368421046 -0.0884161968221425 -0.10612244897959185 0.07201800450112526 -0.13460812680840356 -0.18428490672696438 -0.5657757723012843 -1.6471440647264823 -2.8996148290804045 -3.1024897268552087 -0.6596701649175412 -0.0753390256152687 -0.1836306400839454 0.05369928400954653 -0.08090614886731391 0.004619471070562419 -0.19756152630390605 -0.5042506113893095 -1.0351222904833661 -1.1200673724735322 -0.5039950829748002 -0.030868008396098285 -0.21966662359477968 0.12933484934621944 -0.17698063903076378 -0.046194710705624205 -0.06541291905151267 -0.08297771455666192 -0.20413035692968845 -0.041232112539413036 -0.2492401215805471 0.031427535355977275 -0.12564392511622063 0.09167939991665508 0.002543558438255114 -0.12322497359464853 0.05531364010827351 -0.10568513119533526 0.14320096269554755 0.03109675876091376 0.12229771463866586 0.106201171875 0.21044527139740796 0.1674972314507198 -0.07686585668237045 0.010099876557064305 0.028216704288939055 -0.04925516578567997 0.01633605600933489 0.017655367231638415 -0.10708201508882938 0.0474972597734746 -0.056144728633811605 0.14675324675324675
-0.11538928701566867 -0.13919575784357047 0.02410166520595968 -0.11551925320886816 0.021321961620469086 -0.1386929948283968 -0.07958858822088895 -0.10343149184716476 0.015317845289762572 -0.008293020041465097 -0.062325108114983464 -0.03763963088878096 -0.007174458926222649 0.007347538574577511 0.10756722951844903 0.1553760099440646 0.014481305950500262 0.20584498094027953 0.11372549019607843 0.20422436704434183 -0.2607479012973798 -0.19000363064262377 -0.185008355216042 -0.22160996645903208 -0.23201283475256082 -0.10979413599500935 -0.3180628272251309 -0.09357454772301935 -0.21523834675822 0.05459642909842113 -0.07577703570511174 -0.21140899964568324 -0.24734137889831526 -0.2864773003156106 -0.38698754383843265 -0.19886721208307112 -0.25921052631578945 -0.09097898513582778 -0.11020408163265308 0.05251312828207052 -0.15222040508240028 -0.2249858677218768 -1.0887423348374408 -1.9792295616471443 -2.8839672604718345 -2.6178390137780996 -0.3760619690154923 -0.05650426921145154 -0.17444910807974817 0.043257756563245826 -0.09335324869305452 -0.016168148746968473 -0.33416121020546397 -0.6323512286013742 -1.0525095629998842 -0.9576515880654475 -0.34419176398279044 -0.025929127052722562 -0.23000387646982817 0.11370096645821488 -0.17460505998337097 -0.05312391731146784 -0.07475762177315734 -0.09838786154575628 -0.205324101707055 -0.060635459616783884 -0.2419452887537994 0.0036262540795358373 -0.11559241110692298 0.05973051812751771 -0.001271779219127564 -0.12557211594883227 0.065905613746028 -0.1239067055393586 0.12635379061371838 0.005980145915560335 0.10994441012970971 0.08544921875 0.17323238804054922 0.15503875968992248 -0.08554425985618647 0.0056110425317023906 0.027088036117381493 -0.06967803940413263 -0.01633605600933489 -6.938893903907229e-19 -0.11681674373326842 0.03897211058336378 -0.08359326263256395 0.13116883116883118
-0.12267703145876352 -0.14582412726469288 0.0010955302366345357 -0.13185530921820304 0.014214641080312724 -0.16925246826516221 -0.07101750948940859 -0.11073253833049405 0.02170028082716365 -0.019350380096751895 -0.06868481302467566 -0.03399708596406022 -0.011957431543704412 0.006122948812147926 0.10631644777986242 0.12554381603480422 0.03949447077409163 0.18297331639135958 0.1215686274509804 0.16505805007693383 -0.2938183668277792 -0.19605470168219777 -0.2124612079255192 -0.22400574988021077 -0.23201283475256082 -0.1172800998128509 -0.28664921465968585 -0.09482220835932627 -0.20467450151855276 0.0413162166150214 -0.10660159260210636 -0.2551080666115507 -0.33098339108615127 -0.3107550376304929 -0.3833595356149474 -0.18502202643171806 -0.2407894736842105 -0.10635571501793953 -0.11020408163265308 0.021005251312828207 -0.16731664360296894 -0.29508196721311475 -1.8118708781673027 -2.1084410095399106 -2.8394318728935968 -2.1307710901619528 -0.25362318840579706 -0.07031642390758412 -0.16920251836306402 0.01939140811455847 -0.09833208862335077 -0.043884975170342996 -0.47301874012192374 -0.6835914754861999 -1.0119392604613424 -0.7856111645813282 -0.2163491087891826 -0.008643042350907518 -0.18090192531334798 0.11654349061967026 -0.19479748188620977 -0.06582746275551449 -0.09695129073706343 -0.11379800853485063 -0.22203652859018738 -0.06912442396313363 -0.2541033434650456 -0.00846125951891696 -0.13695187837668046 0.0416724545075705 -0.013989571410403157 -0.12674568712592418 0.044721666470519006 -0.12026239067055393 0.12394705174488567 -0.005980145915560337 0.1260037059913527 0.076904296875 0.18478121390991914 0.1481173864894795 -0.09298289114802877 0.010099876557064303 0.019187358916478558 -0.08529553099471407 -0.008168028004667443 -0.018832391713747645 -0.07909467023606717 0.03653635367190354 -0.06487835308796008 0.1155844155844156
-0.11538928701566867 -0.12814847547503314 -0.009859772129710778 -0.1248541423570595 0.02487562189054727 -0.1622002820874471 -0.056324231664013714 -0.09734728644439036 0.024253255042124076 -0.029025570145127855 -0.07886034088018315 -0.04613890237979602 -0.03108932201363147 -0.0012245897624295833 0.10006253908692934 0.11311373523927906 0.035545023696682464 0.1639135959339263 0.10980392156862746 0.14127850048957896 -0.30272195370134825 -0.20936705796926058 -0.23752685605156362 -0.24436990896022998 -0.23448105639886463 -0.13474734872114785 -0.29450261780104714 -0.11353711790393013 -0.2125973854483032 0.0029511583296443836 -0.1297200102748523 -0.3106176922168419 -0.3931174572828295 -0.3253216800194222 -0.3664288305720159 -0.16614222781623664 -0.25263157894736843 -0.10763710917478217 -0.11700680272108846 0.007501875468867216 -0.18492892187696566 -0.4284906726964387 -2.4100428092097648 -2.171235358048545 -2.7383245064997594 -1.4769156393521874 -0.21989005497251374 -0.09542943244600703 -0.17051416579223505 -0.014916467780429599 -0.10580034851879512 -0.06929206605843631 -0.5983291939489728 -0.698730639338535 -0.973687260925003 -0.5089027911453321 -0.17332513829133375 0.008643042350907524 -0.16927251582891847 0.1023308698123934 -0.19479748188620977 -0.07391153712899873 -0.12381731106179186 -0.11616880037932671 -0.21606780470335446 -0.06184816880911957 -0.2492401215805471 0.0012087513598452782 -0.13820831762784266 0.03750520905681344 -0.025435584382551196 -0.10562140593827014 0.012945745557255497 -0.1141885325558795 0.10830324909747294 0.007176175098672408 0.10994441012970968 0.074462890625 0.1822148081611703 0.1315060908084164 -0.10166129432184479 0.004488834025361914 -0.004514672686230245 -0.10211436809226333 -0.01516919486581097 -0.028248587570621465 -0.08761255779995133 0.031664839848983065 -0.066126013724267 0.09350649350649352
-0.12875015182800925 -0.11820592134334953 -0.035056967572304996 -0.1248541423570595 -0.004738213693437576 -0.1539727315467795 -0.0722419493081915 -0.09734728644439036 0.02552974214960429 -0.03178991015894955 -0.09157975069956754 -0.060709082078678964 -0.04663398302044721 -0.0073475385745775165 0.10381488430268919 0.10565568676196398 0.042127435492364404 0.16264294790343076 0.1320261437908497 0.14127850048957896 -0.30780971762910203 -0.21783855742466418 -0.2590116973024588 -0.24676569238140872 -0.23694927804516847 -0.1222707423580786 -0.29450261780104714 -0.10854647535870243 -0.2139178661032616 0.016231370813044117 -0.1605445671718469 -0.38856737923703794 -0.44688732226072403 -0.33867443554260745 -0.3265207401136776 -0.15355569540591568 -0.24605263157894736 -0.10123013839056894 -0.0965986394557823 0.00900225056264066 -0.20631525978110457 -0.7066139061616733 -3.0012727062362603 -2.1941794469266993 -2.508425613866154 -0.8931592941745224 -0.19115442278860567 -0.08789552988448016 -0.15083945435466947 -0.008949880668257758 -0.11700273836196166 -0.12819032220810717 -0.7157371867238654 -0.7173634563875625 -0.8983424133534255 -0.24542829643888356 -0.13153042409342347 0.019755525373502905 -0.13696860059439203 0.10943718021603185 -0.18648295522033495 -0.08661508257304538 -0.12498539890199742 -0.11024182076813656 -0.20890533603915484 -0.05335920446276983 -0.25288753799392094 0.006043756799226398 -0.14323407463249152 0.04306153632448951 -0.026707363601678753 -0.10444783476117828 -0.0035306578792515 -0.1251214771622935 0.09626955475330927 0.01554837938045688 0.10870907967881407 0.074462890625 0.18349801103554475 0.13565891472868216 -0.10042152243987106 0.0011222085063404817 -0.020316027088036114 -0.11532916866890919 -0.022170361726954493 -0.02000941619585687 -0.08031151131662204 0.03166483984898307 -0.05489706799750468 0.08831168831168831
-0.12267703145876352 -0.10605391073795847 -0.04053461875547765 -0.10035005834305717 -0.02369106846718787 -0.10578279266572636 -0.07836414840210604 -0.07666098807495741 0.024253255042124076 0.0013821700069108517 -0.09666751462732129 -0.05706653715395823 -0.06696161664474472 -1.3877787807814458e-18 0.0662914321450907 0.12430080795525171 0.009215376513954713 0.17026683608640408 0.10849673202614378 0.1580640649041824 -0.3052658356652252 -0.21662834321674934 -0.2661733110527572 -0.25155725922376615 -0.24065161051462422 -0.09482220835932627 -0.3010471204188482 -0.08359326263256393 -0.221840750033012 0.05016969160395455 -0.19522219368096586 -0.45706861934569504 -0.48392878480105156 -0.3058994901675164 -0.2902406578788245 -0.10950283196979231 -0.2473684210526316 -0.08329062019477192 -0.0952380952380952 0.04201050262565641 -0.2440558560825261 -1.1814584511023178 -3.4143237301862777 -2.1748581089240426 -2.1364949446316808 -0.4616872129562483 -0.19865067466266864 -0.06529382219989954 -0.16395592864637987 0.011933174224343673 -0.12322628827483198 -0.21365053701351194 -0.7992774892752313 -0.7220216606498194 -0.7789498087400023 -0.03609239653512996 -0.12415488629379223 0.03580688973947401 -0.14084507042253522 0.12649232518476408 -0.18410737617294212 -0.0889248181083266 -0.13900245298446445 -0.08890469416785207 -0.22800525247702041 -0.025466893039049233 -0.28449848024316104 0.015713767677988637 -0.1796708129161955 0.05973051812751771 -0.022892025944296075 -0.09388569416735125 -0.01765328939625751 -0.10932944606413993 0.08062575210589651 0.05740940078937926 0.09635577516985794 0.087890625 0.1745155909149237 0.15227021040974525 -0.09794197867592364 0.010099876557064302 -0.03160270880361173 -0.10691975012013455 -0.04317386231038507 0.01530131826741996 -0.09613044536383547 0.052368773596395066 -0.06612601372426699 0.11558441558441561
-0.12024778331106523 -0.10605391073795847 -0.04272567922874672 -0.1201866977829638 -0.028429282160625447 -0.09755524212505876 -0.06734419003305987 -0.06692625943051837 0.03318866479448558 0.008293020041465104 -0.10048333757313661 -0.03885381253035454 -0.08489776396030133 0.018368846436443785 0.04377736085053159 0.15413300186451212 -0.007898894154818327 0.19695044472681067 0.1019607843137255 0.1692544411805847 -0.31798524548460955 -0.21420791480091977 -0.2852709477202196 -0.257546717776713 -0.24188572133777614 -0.0810979413599501 -0.2971204188481676 -0.07610729881472239 -0.22580219199788726 0.05312084993359893 -0.24402774210120728 -0.5350183063658911 -0.5126060461225952 -0.2876911871813548 -0.24428588704801069 -0.07929515418502202 -0.23421052631578948 -0.05638134290107637 -0.09795918367346938 0.055513878469617396 -0.30569883004151466 -1.8790276992651216 -3.6029156542867056 -2.1313850984180656 -1.5587385652383245 -0.22842639593908634 -0.20364817591204395 -0.046459065796082374 -0.1783840503672613 0.02237470167064439 -0.13940751804829474 -0.32451784270701 -0.8478211785956198 -0.7266798649120765 -0.5668250840384839 0.06737247353224254 -0.09956976029502149 0.03827633041116187 -0.12275487789120043 0.12649232518476405 -0.19360969236251332 -0.1085575701582169 -0.15185141922672588 -0.10075865339023234 -0.20413035692968845 -0.035168566577734664 -0.26626139817629174 0.013296264958298078 -0.1608242241487624 0.05695235449367969 -0.02162024672516851 -0.075108555333881 -0.035306578792514996 -0.11054421768707483 0.08423586040914562 0.07176175098672408 0.10253242742433602 0.10009765625 0.17836519953804694 0.15919158361018826 -0.10662038184973965 0.014588710582426218 -0.04853273137697517 -0.11532916866890919 -0.043173862310385065 0.025894538606403016 -0.08152835239717693 0.05480453050785531 -0.053649407361197755 0.1090909090909091
-0.13239402404955666 -0.13588157313300928 -0.06573181419807186 -0.12368728121353559 -0.028429282160625447 -0.10343206393982136 -0.04897759275131627 -0.07179362375273789 0.05105948429920858 0.002764340013821702 -0.11447468837445943 -0.05099562894609033 -0.09207222288652397 0.018368846436443785 0.0525328330206379 0.16034804226227473 0.009215376513954713 0.1969504447268107 0.11764705882352941 0.1552664708350818 -0.348511829051132 -0.237201984751301 -0.30675578897111483 -0.2659319597508386 -0.24311983216092808 -0.06986899563318777 -0.2866492146596859 -0.08359326263256393 -0.20995642413838636 0.050169691603954555 -0.30310814282044696 -0.6247785520255108 -0.5365037638905484 -0.2743384316581695 -0.1850284193977506 -0.0830711139081183 -0.2026315789473684 -0.06406970784213224 -0.0925170068027211 0.03600900225056264 -0.4151465593156372 -2.589033352176371 -3.689691079486289 -2.0480618282816083 -0.9845931632161774 -0.1256949480299734 -0.21239380309845077 -0.03139126067302864 -0.20199370409233994 0.023866348448687343 -0.1842170774209609 -0.4192169996535397 -0.8963648679160082 -0.7173634563875627 -0.3628144198446737 0.12512030798845045 -0.07129686539643515 0.05185825410544511 -0.10595684196924668 0.13644115974985785 -0.19954863998099534 -0.11548677676406054 -0.1647003854689873 -0.10075865339023234 -0.17906171660498985 -0.0327431481930633 -0.2382978723404255 0.014505016318143358 -0.13318256062319386 0.05556327267676066 -0.04832761032684726 -0.09857997887571882 -0.068259385665529 -0.09353741496598637 0.0842358604091456 0.0861141011840689 0.10747374922791848 0.101318359375 0.1822148081611703 0.15919158361018826 -0.12645673196131912 -0.0033666255190214324 -0.0744920993227991 -0.12373858721768383 -0.05484247374562427 0.04590395480225989 -0.09126308104161596 0.05967604433077578 -0.05240174672489083 0.10519480519480522
-0.12632090368031093 -0.15466195315952277 -0.07120946538124454 -0.1248541423570595 -0.023691068467187874 -0.0999059708509638 -0.055099791845230804 -0.05719153078607934 0.04212407454684708 0.015203870076019355 -0.12465021622996693 -0.0825643516270034 -0.0956594523496353 0.011021307861866276 0.05878674171357099 0.14667495338719702 0.009215376513954713 0.1689961880559085 0.12418300653594772 0.11610015386767378 -0.37013482574408546 -0.2505143410383638 -0.32107901647171166 -0.2635361763296598 -0.24805627545353573 -0.049906425452276984 -0.29450261780104714 -0.06986899563318777 -0.2178793080681368 0.06640106241699868 -0.3891600308245569 -0.6932797921341679 -0.5532321663281156 -0.2439912600145666 -0.15358568146087798 -0.06293266205160478 -0.2026315789473684 -0.0627883136852896 -0.11156462585034013 0.028507126781695424 -0.6151717197131715 -3.091011871113624 -3.7128311928728452 -1.9019442096365171 -0.3093403948001926 -0.07614213197969542 -0.21239380309845077 -0.020090406830738324 -0.20461699895068203 0.01640811455847255 -0.20413243714214588 -0.4977480078531008 -0.897493790923459 -0.677768720158379 -0.08577721108148836 0.16361886429258904 -0.055316533497234165 0.07531794048647981 -0.09432743248481715 0.15633882888004544 -0.21142653521795934 -0.1362743965815914 -0.16703656114939844 -0.09364627785680418 -0.16115554494449086 -0.009701673538685424 -0.23100303951367773 0.03263628671582256 -0.13569543912551826 0.07501041811362688 -0.0406969350120819 -0.12557211594883227 -0.06943627162527952 -0.09596695821185616 0.09626955475330926 0.08132998445162062 0.09882643607164918 0.09033203125 0.18093160528679586 0.13981173864894797 -0.1326555913711877 -0.0359106722028953 -0.09593679458239278 -0.13334935127342626 -0.06301050175029171 0.05532015065913372 -0.11438306157215868 0.07063695043234686 -0.07111665626949469 0.1025974025974026
-0.16883274626503095 -0.1778612461334512 -0.09202453987730061 -0.15985997666277713 -0.026060175313906662 -0.11401034320639399 -0.05754867148279662 -0.07301046483329277 0.035741639009446005 0.004146510020732549 -0.13482574408547443 -0.10806216610004857 -0.09446370919526485 -0.024491795248591727 0.05628517823639776 0.13424487259167187 -0.0026329647182727774 0.1537484116899619 0.09803921568627451 0.11470135683312352 -0.4095649961841771 -0.2650369115333414 -0.31511100501312966 -0.2539530426449449 -0.24065161051462422 -0.053649407361197755 -0.3141361256544503 -0.06487835308796007 -0.23240459527267926 0.05902316659288771 -0.47007449267916773 -0.732254635644266 -0.5341139921137531 -0.23185239135712546 -0.13907364856693674 -0.06922592825676524 -0.20657894736842106 -0.058944131214761664 -0.11156462585034015 0.028507126781695424 -1.0240281796452384 -3.2165065008479368 -3.626055767673261 -1.3380026566839753 -0.23471352912855079 -0.08943678994440415 -0.21614192903548224 -0.0414364640883978 -0.21642182581322142 0.0059665871121718375 -0.25641025641025644 -0.5358586441852408 -0.8839467148340484 -0.47979503901246084 -0.06491248406166686 0.17324350336862368 -0.06883835279655807 0.08889986418076304 -0.11112546840677089 0.1733939738487777 -0.22330443045492337 -0.14897794202563808 -0.16820464898960405 -0.08890469416785206 -0.16354303449922405 -0.014552510308028132 -0.25288753799392094 0.025383778556750874 -0.15328558864178915 0.07501041811362688 -0.08012209080503625 -0.14552282595939445 -0.0812051312227845 -0.0923226433430515 0.08664259927797834 0.07295778016983615 0.08029647930821494 0.086669921875 0.15783395354805596 0.14396456256921372 -0.17480783535829408 -0.056110425317023906 -0.10948081264108352 -0.12734262373858724 -0.07351225204200701 0.057674199623352164 -0.1350693599415916 0.07916209962245767 -0.09606986899563318 0.11818181818181817
-0.22227620551439328 -0.1811754308440124 -0.1270815074496056 -0.14002333722287047 -0.04027481639421938 -0.11283497884344147 -0.06489531039549407 -0.0778778291555123 0.02552974214960429 -0.0027643400138216982 -0.14118544899516663 -0.11534725594949005 -0.10163816812148754 -0.018368846436443795 0.04502814258911819 0.12181479179614667 -0.025013164823591366 0.14739517153748413 0.06535947712418301 0.1077073716603721 -0.41210887814805386 -0.267457339949171 -0.2972069706373836 -0.231193100143747 -0.2122670615821301 -0.05864004990642545 -0.306282722513089 -0.06737367436057393 -0.2165588274131784 0.05459642909842114 -0.5522733110711534 -0.7428841384197472 -0.5090213884574023 -0.19664967225054625 -0.14512032893941224 -0.06670862177470105 -0.2236842105263158 -0.058944131214761664 -0.13061224489795917 0.01950487621905477 -1.1699584853440683 -3.2843414358394574 -3.366886497743839 -0.7692307692307694 -0.205825710158883 -0.11360889533478366 -0.22238880559720137 -0.07408337518834755 -0.21248688352570827 -0.029832935560859187 -0.27632561613144135 -0.5497170573969281 -0.8105667193497403 -0.26318854081751486 -0.03129709052973224 0.181665062560154 -0.06023355869698832 0.10001234720335846 -0.09561958909419821 0.18476407049459917 -0.25062358949994057 -0.14666820649035686 -0.17170891251022077 -0.07467994310099574 -0.17309299271815687 -0.021828765462042203 -0.2759878419452887 0.014505016318143354 -0.17213217740922224 0.05695235449367968 -0.11954724659799058 -0.15608496655322146 -0.115334824055549 -0.07774538386783285 0.06498194945848376 0.05860542997249133 0.07164916615194564 0.067138671875 0.14500192480431157 0.12181616832779625 -0.17604760724026783 -0.07069913589945012 -0.11286681715575622 -0.11893320518981258 -0.0560093348891482 0.050612052730696785 -0.13263567778048185 0.0815978565339179 -0.08234560199625701 0.12987012987012986
-0.24899793513907445 -0.1657092355280601 -0.15227870289219983 -0.08168028004667445 -0.050935797204453924 -0.08697696285848613 -0.07346638912697442 -0.06084205402774399 0.01404135818228236 0.008293020041465104 -0.14500127194098195 -0.1007770762506071 -0.10522539758459884 0.019593436198873375 0.0375234521575985 0.1379738968303294 -0.028962611901000523 0.15883100381194412 0.06274509803921567 0.11190376276402296 -0.39938946832866956 -0.255355197870023 -0.29481976605395077 -0.1736942980354576 -0.19128717758854744 -0.029943855271366192 -0.29450261780104714 -0.05240174672489083 -0.20071305955367755 0.07525453740593183 -0.5792447983560237 -0.7275304121884966 -0.4325486915999523 -0.12988589463462005 -0.12214294352400532 -0.03272498426683448 -0.21842105263157893 -0.03203485392106612 -0.13333333333333336 0.043510877719429866 -1.2177632406592023 -3.279819106840023 -2.8497049635543212 -0.3960874290544621 -0.1865671641791045 -0.07493352671017645 -0.22738630684657674 -0.04018081366147665 -0.21904512067156348 -0.011933174224343673 -0.28628329599203384 -0.543942718558725 -0.678482727477986 -0.12227786188424361 -0.008114060507708356 0.20452358036573628 -0.044253226797787336 0.12223731324854922 -0.09045096265667399 0.21745309835133594 -0.25775032664211905 -0.13165492551102898 -0.15769185842775377 -0.030820293978188706 -0.16473677927659067 0.009701673538685425 -0.2796352583586626 0.033845038075667834 -0.18344013066968212 0.06945409084595082 -0.12590614269362838 -0.14552282595939445 -0.13063434153230552 -0.021865889212827987 0.0565583634175692 0.08132998445162062 0.06547251389746758 0.08056640625 0.14371872192993712 0.13289036544850497 -0.16736920406645178 -0.06396588486140725 -0.11060948081264106 -0.06727534839019703 -0.03850641773628938 0.07062146892655366 -0.12046726697493308 0.09743027645840945 -0.07610729881472239 0.14675324675324675
-0.24778331106522528 -0.16791869200176757 -0.13913234005258546 -0.07817969661610268 -0.05685856432125088 -0.09637987776210627 -0.08326190767723766 -0.07301046483329278 0.0025529742149604275 0.0 -0.14245738997710505 -0.1056338028169014 -0.09805093865837618 0.04163605192260592 0.023764853033145718 0.15413300186451212 -0.064507635597683 0.18424396442185514 0.04183006535947711 0.14547489159322985 -0.3752225896718392 -0.2456734842067046 -0.26497970876104077 -0.15692381408720651 -0.18264840182648398 -0.044915782907049284 -0.3049738219895288 -0.06612601372426699 -0.20071305955367755 0.08115685406522061 -0.5959414333418958 -0.7074524625014763 -0.3644401959612857 -0.11167759164845836 -0.1088402467045592 -0.03146633102580239 -0.22236842105263155 -0.025627883136852898 -0.1360544217687075 0.05251312828207052 -1.255503836960624 -3.2436404748445455 -2.1231054032164756 -0.24876222678420482 -0.16851227732306212 -0.0580130529369108 -0.22738630684657674 -0.021346057257659472 -0.20855194123819518 0.0014916467780429626 -0.2750809061488673 -0.532394040882319 -0.53172273650937 -0.05356934901595434 -0.012750666512113132 0.20091434071222328 -0.06515058389674247 0.10865538955426597 -0.10854115518800878 0.20892552586696986 -0.25775032664211905 -0.12126111560226353 -0.15185141922672585 -0.010668563300142247 -0.16115554494449086 0.013339801115692457 -0.27963525835866265 0.027801281276441436 -0.16961929890689786 0.07084317266286984 -0.12590614269362838 -0.14552282595939445 -0.12474991173355301 -0.008503401360544218 0.04211793020457281 0.07415380935294821 0.04447189623224212 0.079345703125 0.13216989606056717 0.13289036544850502 -0.16736920406645178 -0.04152171473459769 -0.10270880361173813 -0.02883229216722729 -0.049008168028004666 0.08945386064030131 -0.14723777074714042 0.11204481792717087 -0.08858390517779163 0.16753246753246756
-0.25021255921292357 -0.1822801590808661 -0.13255915863277828 -0.0676779463243874 -0.06515043828476663 -0.10108133521391634 -0.08448634749602058 -0.08274519347773182 0.006382435537401071 0.01243953006219765 -0.133553803103536 -0.10806216610004857 -0.07772330503407868 0.03796228263531717 0.025015634771732336 0.15413300186451212 -0.08425487098472881 0.19695044472681067 0.03660130718954248 0.16645684711148412 -0.3752225896718392 -0.2396224131671306 -0.24468846980186196 -0.1389554384283661 -0.17647784771072442 -0.02245789145352465 -0.2958115183246074 -0.039925140361821584 -0.18354681103921827 0.11361959569130883 -0.5985101464166453 -0.6684776189913783 -0.32022941809057237 -0.07161932507890265 -0.09795622203410329 -0.013845185651353047 -0.21184210526315791 -0.02178370066632496 -0.13741496598639458 0.057014253563390835 -1.2668260158510503 -3.1441492368569817 -1.5249334721740135 -0.17872237652457432 -0.16249398170438134 -0.032632342277012324 -0.22113943028485758 0.013812154696132598 -0.19674711437565584 0.02983293556085919 -0.2601443863579786 -0.5289294375793971 -0.39963874463761573 -0.03493653196692675 0.0011591515011011965 0.20933589990375362 -0.050399508297480036 0.11606371156932956 -0.09691174570357927 0.22882319499715745 -0.2577503266421191 -0.1120221734611387 -0.13082583810302534 -0.002370791844476056 -0.15160558672555807 0.007276255154014072 -0.27355623100303955 0.0181312703976792 -0.16333710265108684 0.07362133629670788 -0.1220908050362457 -0.15608496655322146 -0.11415793809579848 -1.3877787807814458e-18 0.030084235860409137 0.07774189690228442 0.03458925262507721 0.086669921875 0.11035544719620174 0.14811738648947953 -0.16364988842053063 -0.037032880709235785 -0.0778781038374718 -0.01081210956271024 -0.045507584597432905 0.10828625235404896 -0.15210513506935994 0.13274875167458286 -0.09482220835932625 0.19610389610389609
-0.23806631847443213 -0.19222271321254972 -0.10078878177037687 -0.058343057176196034 -0.04856669035773513 -0.08227550540667608 -0.07101750948940862 -0.06327573618885374 0.008935409752361498 0.037318590186592955 -0.133553803103536 -0.09713453132588636 -0.06576587349037426 0.0440852314474651 0.021263289555972485 0.17775015537600997 -0.09347024749868352 0.21728081321473952 0.02745098039215686 0.190236396698839 -0.37776647163571614 -0.2529347694541934 -0.2196228216758176 -0.13895543842836608 -0.16166851783290137 -0.02370555208983157 -0.2761780104712042 -0.029943855271366192 -0.1610986399049254 0.1209974915154198 -0.5946570768045211 -0.6058816582024329 -0.2784084119966543 -0.050983248361252745 -0.08465352521465716 0.00881057268722467 -0.2026315789473684 -0.001281394156842644 -0.13333333333333336 0.08252063015753938 -1.26053591646748 -2.895421141888072 -0.9244475297928959 -0.14007970051926094 -0.14684641309581128 -0.013294657964708731 -0.20614692653673164 0.03139126067302863 -0.17707240293809026 0.04325775656324583 -0.2601443863579786 -0.4815798591061323 -0.2833596748701739 -0.011645510655642245 0.008114060507708359 0.22136669874879694 -0.0430239704978488 0.12347203358439314 -0.08269802300038764 0.24303581580443434 -0.2494357999762442 -0.1097124379258575 -0.11564069618035275 -0.013039355144618302 -0.12534320162349288 0.01333980111569246 -0.2516717325227964 0.02538377855675088 -0.13066968212086946 0.07639949993054591 -0.12081902581711815 -0.16782067832414035 -0.10121219253854301 0.010932944606413994 0.037304452466907334 0.09329027628274131 0.044471896232242125 0.10009765625 0.12447067881432054 0.16472868217054265 -0.17108851971237296 -0.04039950622825721 -0.060948081264108354 -5.551115123125783e-18 -0.03267211201866978 0.12594161958568736 -0.13993672426381115 0.15101692851053464 -0.07860262008733623 0.22597402597402594
-0.24899793513907445 -0.20658418029164824 -0.0810692375109553 -0.06884480746791133 -0.04145936981757877 -0.08932769158439116 -0.061221990939145335 -0.05719153078607934 0.016594332397242787 0.026261230131306157 -0.12465021622996694 -0.1177756192326372 -0.04304675355733588 0.03918687239774675 0.047529706066291436 0.16283405842137974 -0.07109004739336493 0.21473951715374842 0.047058823529411764 0.17484962931878584 -0.3739506486899008 -0.25777562628585265 -0.20768679875865362 -0.13536176329659796 -0.15673207454029373 -0.02744853399875234 -0.27879581151832455 -0.031191515907673117 -0.15977815924996702 0.10771727903202007 -0.571538659131775 -0.5338372505019487 -0.24973115067511048 -0.05705268268997328 -0.06288547587374532 0.010069225928256762 -0.18157894736842106 0.014095335725269092 -0.11700680272108846 0.08102025506376594 -1.2290854195496288 -2.435274166195591 -0.5125535115122064 -0.13766453326892886 -0.12156957149735195 -0.02538071065989847 -0.1924037981009495 0.03515821195379206 -0.15346274921301156 0.02983293556085919 -0.2601443863579786 -0.41575239635061784 -0.20546398735606228 -0.011645510655642247 0.010432363509910749 0.2057266602502406 -0.03933620159803319 0.10989010989010987 -0.07236077012533917 0.2245594087549744 -0.24349685235776222 -0.1120221734611387 -0.09928746641747459 -0.02370791844476055 -0.10504954040826071 0.013339801115692457 -0.23708206686930092 0.03988879487489424 -0.10679733634878755 0.07639949993054591 -0.1284497011318835 -0.20654852716817276 -0.0835589031422855 -0.003644314868804665 0.040914560770156434 0.07415380935294821 0.04941321803582459 0.1025390625 0.13473630180931606 0.15780730897009967 -0.1686089759484255 -0.06396588486140725 -0.039503386004514675 -0.01081210956271024 -0.019836639439906645 0.12358757062146893 -0.12655147237770747 0.1558884423334551 -0.06737367436057393 0.2220779220779221
-0.23563707032673392 -0.19664162615996464 -0.07340052585451358 -0.04434072345390897 -0.04145936981757877 -0.06111894687353079 -0.0550997918452308 -0.03163786809442687 0.021700280827163642 0.046993780234968904 -0.10684304248282879 -0.129917435648373 -0.027502092550520153 0.035513103110458 0.05128205128205129 0.15537600994406464 -0.0631911532385466 0.2096569250317662 0.044444444444444446 0.17904602042243672 -0.34596794708725515 -0.2444632699987898 -0.18262115063260917 -0.12098706276952564 -0.14809329877823027 -0.008733624454148471 -0.2643979057591622 -0.027448533998752345 -0.14525287204542453 0.10771727903202007 -0.5240174672489083 -0.44643911657021373 -0.22224877524196446 -0.05948045642146151 -0.054420123352279595 0.010069225928256768 -0.1618421052631579 0.02050230650948232 -0.10204081632653061 0.09902475618904727 -1.169958485344068 -1.7263990955342003 -0.32511859308110613 -0.12558869701726844 -0.10712566201251805 -0.007251631617113849 -0.1686656671664168 0.05524861878453039 -0.13378803777544596 0.06563245823389022 -0.2340054767239233 -0.3095045617276822 -0.14788891397606682 -0.0046582042622569046 0.026660484525327467 0.21896053897978823 -0.025814382298709283 0.12223731324854918 -0.0568548908127665 0.24587833996588976 -0.22568000950231615 -0.09931862801709204 -0.09578320289685785 -0.018966334755808438 -0.10743702996299394 0.025466893039049244 -0.22978723404255316 0.047141303033965916 -0.09674582233948989 0.10001389081816918 -0.1284497011318835 -0.2218049524703673 -0.0788513593032835 -0.001214771622934889 0.04332129963898916 0.08252601363473269 0.06300185299567634 0.10498046875 0.146285127678686 0.16749723145071982 -0.1450533101909249 -0.06508809336774773 -0.023702031602708805 -0.0012013455069678082 -0.011668611435239205 0.13771186440677965 -0.11559990265271355 0.16684934843502616 -0.053649407361197755 0.24415584415584415
-0.20891534070205275 -0.17675651789659744 -0.06244522348816828 -0.04317386231038506 -0.04619758351101635 -0.057592853784673236 -0.061221990939145335 -0.02555366269165248 0.008935409752361498 0.055286800276434 -0.09030780971762911 -0.1250607090820787 -0.013153174698074852 0.028165564535880483 0.05128205128205129 0.15413300186451212 -0.06582411795681938 0.21219822109275727 0.03529411764705882 0.2014267729752413 -0.31035359959297887 -0.2202589858404938 -0.1456194795894008 -0.11499760421657883 -0.13204985807725536 -0.0037429819089207727 -0.25654450261780104 -0.022457891453524642 -0.1399709494255909 0.1209974915154198 -0.4597996403801695 -0.38148104405338373 -0.18401242681323932 -0.06554989075018208 -0.0604668037247551 0.011327879169288858 -0.17500000000000002 0.02947206560738084 -0.10476190476190476 0.11702925731432859 -1.0529626368096614 -1.0152628603730924 -0.23024412819622814 -0.12317352976693637 -0.09027443428021184 0.007251631617113852 -0.14242878560719638 0.08161727774987444 -0.10362014690451207 0.10889021479713604 -0.19168533731640527 -0.2263540824575586 -0.08354030255136599 -0.010480959590078028 0.0394111510374406 0.22136669874879691 -0.03564843269821758 0.125941474256081 -0.0568548908127665 0.2615122228538943 -0.21380211426535217 -0.10278323132001385 -0.09111085153603551 -0.018966334755808438 -0.11818073295929332 0.01940334707737085 -0.25167173252279634 0.0423062975945848 -0.1206181681115718 0.10834838171968328 -0.09792699987282208 -0.21124281187654032 -0.04472166647051901 -0.017006802721088437 0.04693140794223827 0.07774189690228442 0.06176652254478073 0.106201171875 0.14115231618118826 0.17718715393133996 -0.13513513513513514 -0.04713275726630008 0.009029345372460496 -0.0024026910139356094 -0.0011668611435239188 0.13653483992467041 -0.12046726697493307 0.1680672268907563 -0.056144728633811605 0.2584415584415584
