0.03278688524590164 0.0864170175049856 0.024093746577592817 0.00934361130576968 0.0556608242539081 0.04001883239171374 -2.7755575615628915e-18 0.0389768574908648 -0.051000892515619026 0.03869541182974019 0.07250063597049097 0.07905619070785697 0.05747814632978086 0.06384284837323512 0.04251062765691423 -0.07192460317460317 0.021108179419525065 -0.10382375284882248 -0.13827289329506914 -0.032037888285276504 -0.031839021905247074 0.012130033964095097 0.02997601918465228 -0.0024157506945283237 -0.027315619567916567 -0.15413533834586463 -0.08718626155878469 -0.2041327489041954 -0.13854070457844042 -0.14861683343143023 0.03725590955806783 0.0710563713879678 0.04070393870465701 0.06454755815369626 0.03398470688190314 -0.023998989516230897 -0.18102536997885835 -1.4523992814985887 -0.3142002176278563 0.005997900734742842 0.061712846347607056 0.007926622126599479 0.03247506379030387 0.050896752302472134 -0.08082026537997589 -0.1196085538238492 -0.3299587551556056 -0.9133107514740937 -0.43472567762210296 -0.05069330550171462 0.05354252272444278 -0.004621606008087812 -0.0169414953693246 -0.05007569581926169 0.020886516593177067 -0.002404713237946371 -0.028356552829490816 -0.011117974058060533 -0.09704968944099379 0.10945273631840795 0.049976201808662545 0.09956008335262793 0.05147402901263454 0.013054830287206267 0.07658250568385784 0.02550710555083202 0.0463980463980464 0.03995157384987893 0.007549068948163066 0.06117058251077436 -0.03433367243133266 0.06709829311359623 -0.08822491471591579 0.0669425511197663 -0.14658176138411633 -0.07530480516375807 -0.10257043994068216 -0.11459222235767404 -0.17662869576347112 -0.052515201768933116 0.00868917576961271 0.05169701056417173 -0.04176543627948979 -0.04086047350078116 -0.04904823076024758 -0.05529411764705883 -0.09269423100378094 -0.046245588414263114 -0.18832626590172113 -0.012973533990659054
0.034001214329083186 0.10525149567914913 0.03395027926842624 0.01518336837187573 0.07105637138796779 0.055320150659133704 -0.0036746692797648235 0.04384896467722289 -0.057376004080071395 0.046987285793255944 0.06614093106079878 0.07783994162004379 0.03592384145611304 0.05770411295273174 0.037509377344336084 -0.08928571428571427 0.0039577836411609476 -0.12534818941504178 -0.1526219671275763 -0.048753308260203375 -0.038206826286296486 0.019408054342552154 0.03717026378896883 1.0408340855860842e-18 -0.026074000496647633 -0.15789473684210525 -0.11624834874504623 -0.2279273638071384 -0.15437392795883362 -0.1603884638022366 0.028263103802672152 0.08289909995262909 0.027535017359032687 0.07672634271099744 0.026702269692923893 -0.016420361247947456 -0.2642706131078224 -2.1375416987426226 -0.41757344940152336 0.008996851102114262 0.06675062972292192 0.0011323745895142096 0.038274182324286705 0.05695588948133786 -0.08805790108564537 -0.12806572429624258 -0.4349456317960255 -1.312256931376239 -0.5420976823359959 -0.06262114209035337 0.06350392230108329 -0.009243212016175622 -0.01581206234470296 -0.05706300221264704 0.02204687862613135 0.0012023566189731916 -0.07150782887436816 -0.02100061766522545 -0.1384575569358178 0.13219616204690832 0.055925749643027135 0.11692521416994676 0.058493214787084705 0.022549252314265373 0.08615531889434007 0.032794849993926886 0.032967032967032975 0.03995157384987893 -0.006290890790135876 0.06256082302238287 -0.039420142421159717 0.07416127133608005 -0.09645924008940127 0.06815968841285296 -0.1585966598582242 -0.08606263447286636 -0.12852199703410777 -0.12678288431061807 -0.20478689363880714 -0.06218905472636817 0.006206554121151937 0.04607777028545741 -0.05531098318094594 -0.0588871529864199 -0.05488730585075324 -0.06235294117647059 -0.12196609342602756 -0.04746257758305951 -0.21576452980793218 -0.009081473793461336
0.0400728597449909 0.11633060048748063 0.04161647136129668 0.02452697967764541 0.07816200852676457 0.05649717514124293 -0.012248897599216073 0.0389768574908648 -0.07522631646053805 0.046987285793255944 0.07758839989824472 0.08635368523473608 0.039516225601724346 0.06384284837323512 0.03875968992248062 -0.1029265873015873 -0.009234828496042218 -0.13041276272474042 -0.17871119227758936 -0.0459674049310489 -0.043301069791136015 0.019408054342552154 0.04316546762589928 1.0408340855860842e-18 -0.028557238639185502 -0.16917293233082703 -0.1453104359313078 -0.2467125860989355 -0.18340150415622114 -0.17510300176574453 0.03468653648509764 0.09000473709142588 0.029929366694600744 0.08281573498964803 0.02427479062993081 -0.020209675382089176 -0.3792283298097252 -2.8675904541955353 -0.5046245919477693 0.014994751836857102 0.06801007556675062 0.003397123768542632 0.034794711203897 0.06422685409597674 -0.10615199034981908 -0.14739639966171317 -0.562429696287964 -1.750094091080166 -0.6376849548251932 -0.07305799910541226 0.07222014693064374 -0.009243212016175622 -0.01468262932008132 -0.06405030860603239 0.03481086098862844 -0.001202356618973183 -0.08753544569103687 -0.035824583075972825 -0.15269151138716358 0.14214641080312723 0.06425511661113756 0.13081731882380182 0.06785212915301826 0.03679088535485403 0.08974512384827091 0.034009474067776026 0.012210012210012213 0.03631961259079903 -0.032712632108706584 0.06117058251077436 -0.043234994913530014 0.07180694526191878 -0.10586989765909896 0.05963972736124634 -0.17541751772197525 -0.10638297872340426 -0.15076618882847256 -0.14263074484944532 -0.23422500959938564 -0.06771697070204533 0.01861966236345581 0.05057316250842887 -0.05643977875606728 -0.06008893161879582 -0.04904823076024758 -0.07529411764705882 -0.13172338090010977 -0.06450042594620908 -0.24444998752806185 -0.018162947586922676
0.051001821493624776 0.10414358519831597 0.04161647136129668 0.00934361130576968 0.07816200852676458 0.03531073446327684 -0.025722684958353746 -0.006090133982947632 -0.09817671809256662 0.01105583195135434 0.08394810480793691 0.0851374361469229 0.03831876421985391 0.058931860036832415 0.04126031507876969 -0.10664682539682539 -0.017150395778364122 -0.15320334261838436 -0.18914688233759458 -0.05850396991224405 -0.04202750891492613 0.013343037360504609 0.03477218225419664 5.204170427930421e-19 -0.032282095852992305 -0.16290726817042606 -0.17305151915455746 -0.2542266750156543 -0.19923472753661434 -0.1854031783402001 0.025693730729701957 0.08408337280909522 0.004788698671136124 0.07794422116672756 -0.003641218594489626 -0.03536693191865605 -0.6408562367864693 -3.5617141390813445 -0.5862350380848749 -0.01799370220422852 0.07304785894206549 -0.00792662212659948 0.03711435861749014 0.04604944255937954 -0.10253317249698432 -0.17276791107889333 -0.7249093863267091 -2.140258436833521 -0.671729736807647 -0.09840465185626958 0.0635039223010833 -0.010398613518197574 -0.01355319629545968 -0.05589845114708279 0.0313297748897656 -0.0024047132379463694 -0.11219331771668103 -0.06547251389746758 -0.17210144927536233 0.11940298507462688 0.05473584007615421 0.12850196804815933 0.058493214787084705 0.034417279848089254 0.06461648917075505 0.03522409814162517 -0.025641025641025644 0.02300242130750605 -0.06290890790135882 0.043097455859863756 -0.04959308240081384 0.06474396703943497 -0.10939889424773556 0.052336903602726394 -0.18502943650126158 -0.11833612240019124 -0.14829461196243204 -0.16701206875533342 -0.2521438627927813 -0.07600884466556108 0.011171797418073486 0.05169701056417173 -0.05418218760582457 -0.061290710251171734 -0.044376970687843055 -0.08 -0.12684473716306868 -0.08518924181574783 -0.259416313295086 -0.029839128178515827
0.04007285974499089 0.12630179481497897 0.03285510896944475 0.02452697967764541 0.06158218853623876 0.043549905838041435 -0.042871141597256246 -0.015834348355663826 -0.11092694122147137 0.005527915975677172 0.0737725769524294 0.0766236925322306 0.02873907316489043 0.03314917127071824 0.03875968992248062 -0.1264880952380952 -0.018469656992084443 -0.184856925804001 -0.19045134359509525 -0.06268282490597576 -0.05476311767702495 0.016982047549733138 0.025179856115107913 -0.004831501389056649 -0.037248572138068044 -0.15413533834586463 -0.190224570673712 -0.2604884157795867 -0.19659585697321544 -0.20453207769276044 0.016700924974306273 0.1101373756513501 -0.020351969352328504 0.09134088417975886 -0.03155722781891006 -0.03536693191865605 -0.8932346723044396 -4.0351552476263794 -0.6488030467899891 -0.028490028490028484 0.07808564231738034 -0.004529498358056849 0.039434006031083275 0.046049442559379546 -0.09891435464414958 -0.1945149208650477 -0.8873890763654544 -2.388658888470706 -0.7057745187901008 -0.0998956314298494 0.056032872618602916 -0.008087810514153668 -0.00451773209848656 -0.058227553278211254 0.02784868879090276 -0.013225922808705059 -0.13685118974232524 -0.09512044471896233 -0.19151138716356106 0.09808102345415778 0.047596382674916705 0.14702477425329938 0.054983621899859614 0.04272489912176597 0.04906066770372143 0.046155714806267456 -0.050061050061050064 0.020581113801452784 -0.0968797181680926 0.03892673432503823 -0.04832146490335707 0.052972336668628606 -0.10704622985531113 0.04016553067185978 -0.1898353958909047 -0.13148458044465694 -0.13717251606524963 -0.20114592222357675 -0.27646230641238956 -0.08706467661691542 0.004965243296921551 0.02922004944931445 -0.048538209730217864 -0.10575651964908064 -0.04554478570594418 -0.10705882352941176 -0.12318575436028785 -0.13143483023001096 -0.2918433524569718 -0.05319148936170213
0.032786885245901634 0.1274097052958121 0.02956959807250027 0.03036673674375146 0.05802936996684036 0.0635593220338983 -0.05512003919647231 -0.01339829476248477 -0.1402524544179523 0.01658374792703151 0.07504451793436784 0.07540744344441742 0.016764459346186082 0.028238182934315535 0.018754688672168042 -0.1277281746031746 -0.03298153034300791 -0.21017979235249432 -0.21393164623010694 -0.06546872823513024 -0.04839531329597554 0.014556040756914117 0.022781774580335732 -0.010870878125377462 -0.03600695306679911 -0.15037593984962402 -0.22721268163804492 -0.2492172824045084 -0.21638738619870695 -0.19570335491465568 0.016700924974306273 0.09474182851729039 -0.022746318687896564 0.07063695043234687 -0.042480883602378935 -0.07704938739421499 -1.3821353065539113 -4.218629715165512 -0.6923286180631121 -0.04348478032688559 0.07934508816120907 -0.009058996716113692 0.027835768963117607 0.0424139602520601 -0.11338962605548855 -0.22955176996496313 -1.1798525184351956 -2.4802408731652243 -0.737200471389289 -0.10138661100342924 0.06225874735400324 -0.0034662045060658564 0.00225886604924328 -0.05473390008151857 0.019726154560222788 -0.010821209570758687 -0.17753667858463812 -0.10500308832612723 -0.2160973084886128 0.10518834399431413 0.046406473108043786 0.14702477425329938 0.04913430042115115 0.034417279848089254 0.04188105779585976 0.05465808332321147 -0.07326007326007326 0.016949152542372885 -0.12581781580271764 0.04031697483664674 -0.03560528992878942 0.05768098881695114 -0.10704622985531113 0.0486854917234664 -0.19704433497536947 -0.12550800860626346 -0.13222936233316857 -0.22552724612946484 -0.29566107769102773 -0.08982863460475402 0.009930486593843098 0.037086985839514496 -0.04402302742973248 -0.1021511837519529 -0.05021604577834872 -0.10823529411764707 -0.11586778875472618 -0.1691614944626993 -0.31055125966575203 -0.05838090295796574
0.025500910746812384 0.1429204520274762 0.02737925747453729 0.025694931090866617 0.061582188536238744 0.08356873822975518 -0.050220480156785895 -0.0036540803897685712 -0.13260232054060944 0.026257600884466558 0.07504451793436782 0.07054244709316468 0.008382229673093043 0.003683241252302029 -0.006251562890722681 -0.11532738095238097 -0.05804749340369393 -0.2025829323879463 -0.23219410383511607 -0.064075776570553 -0.06367804381049415 0.03517709849587579 0.0035971223021582744 0.0012078753472641618 -0.054631239135833135 -0.16165413533834583 -0.26420079260237783 -0.2391984971822166 -0.23222060957910012 -0.20894643908181282 0.015416238437821177 0.0556608242539081 -0.02633784269124866 0.024357569114602365 -0.05583201844884088 -0.2703044082354427 -2.110200845665962 -4.271234282781627 -0.7018498367791077 -0.06297795771479983 0.08816120906801009 -0.02151511720077002 0.027835768963117607 0.01454192922927775 -0.12303980699638117 -0.3467439893681285 -1.54230721159855 -2.510350018818216 -0.7686264239884772 -0.11182346801848815 0.059768397459843116 -0.010398613518197573 0.0056471651231082 -0.06870851286828927 0.031329774889765606 -0.03486834195022244 -0.1738379977807915 -0.11488573193329214 -0.19798136645962733 0.0923951670220327 0.04878629224178962 0.1366056957629081 0.05030416471689285 0.01186802753382388 0.05265047265765227 0.02550710555083202 -0.05860805860805861 -0.01694915254237288 -0.1182687468545546 0.0166828861393021 -0.04069175991861648 0.05650382577987051 -0.1011645688742501 0.027994157740993175 -0.17902198726420762 -0.11475017929715514 -0.10874938210578347 -0.22918444471534807 -0.272622552156662 -0.09812050856826977 0.007447864945382324 0.040458530006743085 -0.04515182300485382 -0.11657252734046389 -0.04554478570594418 -0.09529411764705882 -0.10123185754360287 -0.1703784836314957 -0.2918433524569718 -0.06746237675142709
0.019429265330904673 0.14846000443164192 0.031759938670463256 0.01985517402476057 0.05921364282330649 0.11064030131826744 -0.08574228319451249 -0.007308160779537146 -0.14280249904373327 0.020729684908789386 0.07886034088018315 0.04986621260034054 0.010777152436833914 -0.014732965009208104 -0.012503125781445362 -0.10788690476190474 -0.09894459102902373 -0.2355026589009876 -0.23741194886511868 -0.10168547151413847 -0.05731023942944473 0.03032508491023775 0.011990407673860911 1.734723475976807e-18 -0.037248572138068044 -0.1754385964912281 -0.24966974900924704 -0.22166562304320597 -0.2111096450719092 -0.20158917010005886 0.0038540596094552904 0.03908100426338229 -0.041901113372441054 0.009743027645840946 -0.08496176720475786 -0.8159656435518505 -2.632135306553911 -4.240441365152682 -0.7045701849836778 -0.05698005698005698 0.09068010075566751 -0.020382742611255805 0.027835768963117607 0.006059137178865729 -0.14475271411338964 -0.6077081068019814 -1.7697787776527936 -2.5153682097603816 -0.7673170092968443 -0.1386611003429253 0.06972979703648363 -0.02657423454650491 0.0225886604924328 -0.09083498311400955 0.04177303318635414 -0.06733197066249849 -0.1861669337936136 -0.12476837554045705 -0.18374741200828154 0.07391613361762615 0.045216563541170866 0.14007872192637186 0.058493214787084705 0.007120816520294329 0.06102668421682422 0.03765334628932346 -0.0757020757020757 -0.009685230024213076 -0.11701056869652741 0.02085360767412762 -0.02797558494404883 0.05885815185403177 -0.07293259616515704 0.012171372930866602 -0.15979814970563497 -0.08008606263447288 -0.13593672763222933 -0.24747043764476412 -0.26366312555996413 -0.11746821448313986 0.0037239324726911632 0.015733872780400088 -0.04853820973021785 -0.13700276409085446 -0.05255167581455098 -0.07294117647058822 -0.14391999024271254 -0.18376536448825606 -0.2905961586430531 -0.08043591074208614
0.008500303582270791 0.15621537779747396 0.017522724783703862 0.01985517402476057 0.03789673140691615 0.12476459510357815 -0.12003919647231749 -0.018270401948842874 -0.16065281142419993 0.0069098949695964584 0.0737725769524294 0.051082461688153724 0.013172075200574784 -0.014732965009208102 -0.006251562890722683 -0.07688492063492064 -0.08970976253298152 -0.23423651557356293 -0.22045395251761027 -0.09750661652040674 -0.0522159959246052 0.024260067928190195 0.01918465227817746 -0.010870878125377462 -0.021107524211571888 -0.18045112781954886 -0.22721268163804492 -0.19536631183469005 -0.19659585697321544 -0.18687463213655092 -0.02697841726618705 0.0355281856939839 -0.07661917873817792 -0.0012178784557301148 -0.16749605534652265 -1.671087533156499 -2.8422304439746298 -4.1839876828329485 -0.7222524483133841 -0.0614784825311141 0.07556675062972293 -0.01925036802174159 0.011598237067965667 -0.002423654871546293 -0.1942098914354644 -0.938745922435665 -1.8347706536682913 -2.447622632041149 -0.7555322770721488 -0.09542269270910989 0.06848462208940356 -0.03466204506065858 0.03049469166478428 -0.11296145335972985 0.04061267115339986 -0.09979559937477456 -0.18000246578720258 -0.12229771463866583 -0.1721014492753623 0.0668088130774698 0.046406473108043786 0.13776337115072934 0.059663079082826385 0.001186802753382389 0.05624027761158311 0.0194339851815863 -0.09035409035409034 -0.010895883777239709 -0.13210870659285354 0.022243848185736135 -0.0292472024415056 0.05650382577987051 -0.07646159275379368 -0.0012171372930866585 -0.15258921062117023 -0.07171886206072195 -0.14458724666337122 -0.2389369742777033 -0.25726353513375144 -0.1119402985074627 0.006206554121151937 0.022476961114857266 -0.04176543627948978 -0.13700276409085446 -0.022188485343921524 -0.058823529411764684 -0.12684473716306868 -0.18619934282584885 -0.26689947617859816 -0.08173326414115203
0.004857316332726165 0.16951030356747177 0.02299857627861132 0.02686288250408783 0.041449549976314545 0.12594161958568736 -0.10289073983341498 -0.013398294762484783 -0.14280249904373327 0.019347705914870093 0.061053167133045025 0.04256871807346145 0.00718476829122261 -0.02455494168201351 -0.006251562890722681 -0.09424603174603176 -0.07387862796833773 -0.23423651557356298 -0.2034959561701017 -0.0961136648558295 -0.04966887417218543 0.008491023774866565 0.014388489208633096 -0.02778113298707573 -0.05959771542090886 -0.16040100250626566 -0.22457067371202113 -0.1728240450845335 -0.18340150415622108 -0.1692171865803414 -0.02183967112024666 0.022501184272856464 -0.07422482940260985 -0.04871513822920472 -0.9236557834688675 -2.079070354932424 -2.7880549682875264 -3.5270721067487814 -0.6093579978237214 -0.04348478032688559 0.07178841309823678 -0.037368361453968976 0.0034794711203896987 -0.04604944255937955 -0.503015681544029 -1.0716443155732753 -1.792275965504312 -2.0988583615606573 -0.67303915149928 -0.08051289697331146 0.06848462208940356 -0.039283651068746386 0.02936525864016264 -0.1304297193431932 0.011603620329542819 -0.12865215823013107 -0.16644063617309826 -0.11117974058060529 -0.1591614906832298 0.07818052594171998 0.04521656354117087 0.13544802037508683 0.05615348619560131 -0.008307619273676714 0.046667464401100874 0.0024292481476982848 -0.07814407814407814 -0.006053268765133173 -0.1295923502767992 0.027804810232170164 -0.04450661241098677 0.062389640965273684 -0.08351958593106693 -0.008519961051606623 -0.14297729184188393 -0.10160172125268944 -0.12605042016806722 -0.2340607094965257 -0.24190451811084093 -0.11470425649530128 0.002482621648460778 0.017981568891885822 -0.04740941415509651 -0.14301165725273404 -0.018685040289618118 -0.08705882352941174 -0.12318575436028785 -0.18011439698186688 -0.26814666999251685 -0.06616502335236119
-0.01578627808136005 0.1706182140483049 0.018617895082685357 0.02686288250408783 0.013027001421127431 0.10828625235404894 -0.07716805487506123 -0.02070645554202193 -0.12750223128904753 0.011055831951354336 0.04833375731366065 0.017027487229384575 0.0011974613818704378 -0.03437691835481892 -0.04251062765691423 -0.11904761904761907 -0.03825857519788918 -0.23423651557356298 -0.18914688233759455 -0.0961136648558295 -0.05603667855323484 -0.0012130033964095088 0.0011990407673860934 -0.04710713854330233 -0.07698038241867394 -0.15162907268170428 -0.2047556142668428 -0.14527238572323106 -0.16888771605752737 -0.1412595644496763 -0.024409044193216854 -0.005921364282330652 -0.08978810008380224 -0.17050298380221654 -1.6713193348707367 -2.219274977895668 -2.7206659619450315 -2.8932512188863226 -0.5209466811751904 -0.040485829959514164 0.05667506297229219 -0.06794247537085267 -0.017397355601948505 -0.1320891904992729 -0.7563329312424607 -1.1393016793524224 -1.7272840894888142 -1.7526031865512484 -0.5931648553096766 -0.06262114209035335 0.06474909724816338 -0.045060658578856154 0.02936525864016264 -0.14789798532665657 -0.009282896263634252 -0.14668750751472887 -0.13808408334360747 -0.0852378011117974 -0.1513975155279503 0.10945273631840795 0.021418372203712517 0.13544802037508683 0.047964436125409446 -0.009494422027059102 0.02752183798013641 -0.017004737033888013 -0.04517704517704516 -0.006053268765133173 -0.1182687468545546 0.02363408869734464 -0.04959308240081384 0.05768098881695115 -0.08704858251970356 -0.009737098344693277 -0.1778204974167968 -0.13507052354769303 -0.0963914977755808 -0.25356576862123614 -0.2265455010879304 -0.13266998341625208 0.0062065541211519405 0.011238480557428638 -0.034992662828761706 -0.1321956495613508 -0.033866635524932846 -0.09529411764705882 -0.09025490913526041 -0.1667275161251065 -0.2544275380394113 -0.045407368967306704
-0.010928961748633882 0.16951030356747177 0.026284087175555797 0.038542396636299936 -0.015395547134059684 0.10475517890772126 -0.0698187163155316 -0.008526187576126679 -0.11857707509881421 0.01658374792703151 0.06868481302467566 0.0231087326684505 0.032331457310501736 -0.006138735420503377 -0.06876719179794949 -0.11904761904761907 -0.022427440633245373 -0.22537351228159025 -0.1943647273675972 -0.0891489065329433 -0.0522159959246052 -0.013343037360504609 -0.007194244604316548 -0.09542215243386883 -0.07077228706232927 -0.1716791979949875 -0.17173051519154556 -0.14276768941765808 -0.15965166908563133 -0.14861683343143026 -0.014131551901336073 -0.035528185693983895 -0.11133724410391477 -0.5967604433077579 -1.9662580410243962 -2.2672729569281294 -2.642706131078224 -2.2093918398768286 -0.4379760609357997 -0.040485829959514164 0.04534005037783375 -0.080398595855509 -0.07074924611459057 -0.3296170625302957 -0.8781664656212304 -1.1731303612419957 -1.6522934633170856 -1.3712206749466818 -0.531622364802933 -0.052184285075294476 0.06474909724816337 -0.05314846909300982 0.03840072283713576 -0.18399906835914756 -0.00812253423067997 -0.18516291932187087 -0.08260387128590804 -0.09388511426806671 -0.10351966873706005 0.0867093105899076 0.0202284626368396 0.1331326695994443 0.05147402901263452 -0.021362449560882985 0.023932033026205578 -0.0194339851815863 -0.010989010989010974 0.007263922518159806 -0.09436336185203824 0.03197553176699569 -0.054679552390640894 0.05768098881695115 -0.1035172332666745 0.021908471275559883 -0.2342905202451039 -0.14224240975376523 -0.08156203657933761 -0.2560039010118249 -0.22270574683220273 -0.1285240464344942 0.02358490566037736 0.016857720836142957 0.0011287955751213496 -0.09734406922244923 -0.04554478570594418 -0.10823529411764705 -0.05610440297597269 -0.17889740781307045 -0.23571963083063108 -0.055786196159833934
-0.010928961748633882 0.17172612452913805 0.03614061986638922 0.024526979677645413 -0.035528185693983895 0.11064030131826738 -0.057569818716315536 -4.8572257327350596e-18 -0.09817671809256659 0.01658374792703151 0.07122869498855254 0.026757479931890055 0.03831876421985392 0.0012277470841006665 -0.10127531882970742 -0.10292658730158732 -0.01055408970976253 -0.22537351228159025 -0.1878424210800939 -0.08497005153921158 -0.04966887417218544 -0.009704027171276079 -0.014388489208633096 -0.14615291701896366 -0.0608393344921778 -0.17042606516290726 -0.13870541611624834 -0.1264871634314339 -0.137221269296741 -0.1383166568569747 -0.019270298047276466 -0.06513500710563715 -0.14844965880521968 -1.3469735720375104 -2.2660517053040414 -2.2874826323102186 -2.5330338266384773 -1.4819091608929946 -0.37132752992383034 -0.04198530514319987 0.037783375314861464 -0.09285471634016533 -0.11482254697286012 -0.6265147842947164 -0.9891435464414957 -1.170714026821312 -1.5548056492938382 -0.9446744448626271 -0.4818646065208852 -0.0387654689130759 0.06599427219524343 -0.06932409012131716 0.04743618703410888 -0.22126470245720276 -0.018565792527268504 -0.1935794156546832 -0.05424731845641721 -0.0840024706609018 -0.08281573498964803 0.08528784648187634 0.01665873393622085 0.12039824033341054 0.05264389330837623 -0.05221932114882507 0.026325236328826135 -0.024292481476982878 0.030525030525030517 0.015738498789346245 -0.05787619526925013 0.04587793688308077 -0.05976602238046795 0.0659211300765156 -0.08351958593106693 0.0365141187925998 -0.24270094917697946 -0.13028926607697824 -0.07043994068215523 -0.25356576862123614 -0.21758607449123252 -0.12437810945273634 0.00868917576961271 0.016857720836142957 0.006772773450728076 -0.10695829828145656 -0.0747401611584725 -0.10235294117647058 -0.07317965605561653 -0.16672751612510647 -0.23821401845846846 -0.0480020757654385
-0.021857923497267763 0.2071792599157988 0.04052130106231519 0.03620649380985751 -0.04737091425864519 0.1400659133709981 -0.0538951494365507 0.049939098660170524 -0.08670151727655231 0.04975124378109452 0.07250063597049097 0.038919970810021895 0.05508322356603999 -0.025782688766114188 -0.10627656914228556 -0.08928571428571427 0.0013192612137203192 -0.1785262091668777 -0.1774067310200887 -0.051539211589357835 -0.0522159959246052 0.002426006792819021 -0.055155875299760196 -0.15219229375528445 -0.07822200148994289 -0.15538847117794483 -0.130779392338177 -0.1039448966812774 -0.12930465760654436 -0.11918775750441438 -0.02183967112024666 -0.06513500710563715 -0.33640608164731234 -1.8450858604311289 -2.307318849374924 -2.2723253757736517 -2.2978329809725158 -0.774955093661791 -0.3264417845484222 -0.008996851102114253 0.02644836272040303 -0.10417846223530744 -0.23080491765251682 -0.805865244789142 -1.031363088057901 -1.1501751842454995 -1.3948256467941504 -0.543219169489399 -0.4491292392300642 -2.7755575615628915e-18 0.06474909724816337 -0.054303870595031764 0.028235825615541 -0.22941655991615234 -0.03713158505453701 -0.17915113622700493 -0.05054863765257058 -0.044471896232242125 -0.09316770186335405 0.10945273631840798 0.01665873393622085 0.14239407270201437 0.058493214787084705 -0.04272489912176597 0.034701447887998074 -0.004858496295396577 0.05128205128205129 0.05084745762711864 -0.04403623553095119 0.08063394967329349 -0.061037639877924724 0.08828722778104767 -0.05764027761439829 0.01460564751703992 -0.24630541871921183 -0.11833612240019124 -0.07909045971329708 -0.21943191515299282 -0.21502623832074746 -0.10779436152570483 0.004965243296921549 0.030343897505057317 0.013545546901456146 -0.12859031366422305 -0.10043209155669741 -0.08941176470588234 -0.10611050128064399 -0.13386880856760378 -0.2494387627837366 -0.03243383497664763
-0.021857923497267763 0.19388433414580103 0.060234366443982036 0.015183368371875733 -0.03079109426811937 0.1271186440677966 -0.03919647231749142 0.057247259439707675 -0.07012622720897614 0.04422332780541735 0.07122869498855253 0.048649963512527365 0.06705783738474434 -0.01596071209330878 -0.10877719429857464 -0.06696428571428571 -0.00791556728232189 -0.13800962268928846 -0.17349334724758675 -0.043181501601894406 -0.062404482934284265 -0.012130033964095099 -0.10191846522781774 -0.16547892257519023 -0.0856717159175565 -0.15413533834586463 -0.12813738441215325 -0.09267376330619911 -0.13194352816994326 -0.1088875809299588 -0.026978417266187056 -0.15632401705352914 -0.845205315455525 -2.0679576178297405 -2.2976089331229512 -2.3001136794240247 -2.044133192389006 -0.33102386451116245 -0.26115342763873783 -0.03598740440845703 0.010075566750629724 -0.15173819499490432 -0.460450011598237 -0.9076587493940863 -1.0494571773220747 -1.1368853449317384 -1.2310961129858766 -0.30736419520762764 -0.4111562131727117 -0.013418816162218577 0.05105217283028266 -0.06123627960716349 -0.00451773209848656 -0.24339117270292304 -0.04409375725226271 -0.1719369965131658 -0.039452595241030695 -0.01605929586164299 -0.09057971014492754 0.11087420042643925 0.014278914802475012 0.11692521416994675 0.057323350491343 -0.05696653216235462 0.047864066052411156 -0.018219361107737156 0.06837606837606838 0.04842615012106537 -0.011323603422244583 0.07368274711525094 -0.08265513733468972 0.08004708652148322 -0.04822962004470062 -0.008519961051606625 -0.24390243902439024 -0.11594549366483387 -0.0939199209095403 -0.19505059124710472 -0.1945475489568668 -0.10364842454394693 6.938893903907229e-19 0.03146774556080018 0.02031832035218422 -0.13820454272323038 -0.10276772159289968 -0.08823529411764705 -0.13416270276863032 -0.09614214433491543 -0.24070840608630584 -0.02075765438505449
-0.023072252580449305 0.19942388654996676 0.0394261307633337 0.004671805652884844 -0.03789673140691615 0.1271186440677966 -0.04654581087702107 0.07064555420219244 -0.051000892515619026 0.04836926478717522 0.0737725769524294 0.05594745803940647 0.06466291462100347 -0.02578268876611418 -0.10127531882970744 -0.05952380952380952 -0.02506596306068601 -0.10762218283109648 -0.16305765718758153 -0.026466081626967543 -0.08532857870606217 -0.03396409509946628 -0.15587529976019185 -0.16789467326971855 -0.09808790663024584 -0.13408521303258142 -0.09775429326287981 -0.08140262993112087 -0.11742974007124951 -0.1088875809299588 -0.046248715313463515 -0.31856939838938897 -1.6197773255117922 -2.1434660820850078 -2.302463891248938 -2.2723253757736517 -1.5433403805496828 -0.1578137028483449 -0.21762785636561474 -0.026990553306342778 -0.005037783375314861 -0.23440154002944175 -0.73648805381582 -0.9634028114396511 -1.04583835946924 -1.0909749909387458 -0.9323834520684912 -0.20825492409986196 -0.37973026057352355 -0.011927836588638737 0.027393848835761424 -0.08549971114962449 -0.04404788796024396 -0.2643530918830791 -0.060338825713622646 -0.16592521341829986 -0.016027616816668724 -0.003705991352686845 -0.07246376811594203 0.10518834399431416 0.004759638267491673 0.10071775874044916 0.04679457182966776 -0.07476857346309043 0.04666746440110088 -0.02186323332928459 0.0757020757020757 0.05690072639225181 0.011323603422244592 0.07785346865007645 -0.09664292980671414 0.08357857563272512 -0.05646394541818609 -0.024342745861733205 -0.2390964796347471 -0.11116423619411905 -0.1161641127039051 -0.16335487016945022 -0.18302828618968386 -0.09397457158651189 -0.009930486593843098 0.03146774556080018 0.016931933626820186 -0.16704722990025236 -0.09926427653859628 -0.0976470588235294 -0.14391999024271251 -0.07058537179019106 -0.2132701421800948 -0.020757654385054492
-0.02671523982999393 0.19942388654996676 0.010951702989814927 -0.001167951413221209 -0.05802936996684035 0.11181732580037665 -0.0710436060754532 0.06333739342265529 -0.08287645033788091 0.034549474847982306 0.0699567540066141 0.07662369253223059 0.034726380074242606 -0.019643953345610803 -0.08877219304826205 -0.05828373015873016 -0.01715039577836411 -0.09875917953912382 -0.15914427341507958 -0.02089427496865858 -0.08405501782985228 -0.061863173216885003 -0.1750599520383693 -0.17031042396424687 -0.09808790663024584 -0.0977443609022556 -0.08718626155878469 -0.07013149655604259 -0.137221269296741 -0.1088875809299588 -0.07836587872559096 -0.7022738038844151 -2.2554770741051113 -2.208013640238704 -2.314601286563903 -2.1081217632941773 -0.8430232558139533 -0.11290736463946624 -0.24347116430903154 -0.011995801469485678 -0.036523929471032744 -0.358962744876005 -0.9464161447459984 -0.9646146388754241 -1.039806996381182 -0.9580765978011355 -0.5399325084364455 -0.15180027600050183 -0.3561607961241325 0.005963918294319367 0.026148673888681355 -0.09589832466782207 -0.07228371357578496 -0.25154303016187257 -0.06846135994430261 -0.12744980161115788 -0.017260510417950934 0.03211859172328598 -0.08022774327122154 0.13646055437100213 -0.0059495478343645864 0.10071775874044916 0.028076743097800654 -0.0688345596961785 0.03589804953930836 -0.006073120369245721 0.06105006105006104 0.08595641646489104 0.007549068948163064 0.09453635478937855 -0.08901322482197356 0.10947616244849909 -0.08351958593106693 -0.009737098344693286 -0.22948456085546076 -0.10518766435572557 -0.10627780523974295 -0.12922101670120686 -0.18046845001919876 -0.06495301271420675 -0.009930486593843097 0.05394470667565745 -0.006772773450728073 -0.14541521451748587 -0.09576083148429289 -0.09882352941176471 -0.14635931211123307 -0.05719849093343069 -0.21451733599401343 -0.00908147379346134
-0.013357619914996965 0.21050299135829825 -0.004380681195925958 0.008175659892548473 -0.04737091425864519 0.10004708097928436 -0.033072023517883395 0.07551766138855054 -0.07140124952186663 0.04698728579325594 0.07631645891630627 0.09729992702505472 0.00957969105496348 -0.009821976672805401 -0.07626906726681672 -0.07068452380952381 0.02770448548812665 -0.07343631299063054 -0.14479519958257242 0.011143613316617913 -0.0904228222109017 -0.08733624454148473 -0.18225419664268588 -0.17151829931151102 -0.09560466848770797 -0.06516290726817041 -0.07001321003963012 -0.06136505948653727 -0.14777675155033645 -0.09711595055915245 -0.11433710174717371 -1.0966366650876362 -2.5487848677121994 -2.2348069662647667 -2.2806165796819995 -1.5687760515346723 -0.27352008456659627 -0.09879394405953297 -0.22442872687704027 0.004498425551057131 -0.05163727959697732 -0.5005095685652814 -1.0473208072372997 -0.9864275327193406 -1.004825090470446 -0.6934879787362572 -0.27496562929633794 -0.13298205996738177 -0.33390074636637423 0.016400775309378262 0.0012451749470800632 -0.11207394569612941 -0.11633160153602891 -0.25154303016187257 -0.07890461824089114 -0.09137910304196224 6.938893903907229e-19 0.06053119209388511 -0.09187370600414078 0.18052594171997155 -0.009519276534983339 0.09840240796480668 0.01169864295741694 -0.07239496795632566 0.03470144788799808 -0.006073120369245716 0.08424908424908426 0.10048426150121066 0.0037745344740815314 0.10704851939385514 -0.08901322482197355 0.10594467333725718 -0.12116221620985765 -0.006085686465433301 -0.22347711161840683 -0.131484580444657 -0.05437469105289174 -0.10483969279531877 -0.1663893510815308 -0.04284134881149807 -0.008689175769612714 0.06518318723308608 -0.031606276103397675 -0.13459920682610263 -0.08758612635758495 -0.12470588235294115 -0.08781558726673985 -0.048679566751855904 -0.18583187827388375 -1.3877787807814458e-18
0.0024286581663630824 0.21382672280079768 -0.0010951702989814877 0.014015416958654523 -0.03789673140691615 0.09769303201506592 1.0408340855860842e-18 0.09500609013398294 -0.06247609333163331 0.07186290768380318 0.08776392775375222 0.1070299197275602 0.0011974613818704362 0.004910988336402701 -0.06626656664166043 -0.09052579365079366 0.07651715039577836 -0.07217016966320587 -0.12392381946256195 0.006964758322886194 -0.11844116148751911 -0.11402231926249393 -0.19424460431654678 -0.1727261746587752 -0.09808790663024586 -0.04887218045112782 -0.052840158520475564 -0.05134627426424545 -0.13854070457844042 -0.09711595055915244 -0.1734326824254882 -1.6852202747513025 -2.6230096971148087 -2.2445499939106077 -2.2211433426386695 -0.7111279525072629 -0.029069767441860468 -0.08724659994867846 -0.20266594124047876 0.026990553306342778 -0.08564231738035263 -0.6714981315819273 -1.094873579215959 -1.0009694619486182 -0.9529553679131482 -0.33224598284402573 -0.14623172103487064 -0.12294567808305108 -0.3050936231504517 0.01043685701505889 -0.014942099364960779 -0.12016175621028306 -0.12875536480686695 -0.24106207057179457 -0.07310280807611973 -0.05049897799687386 0.029589446430773027 0.08276714021000617 -0.07893374741200829 0.19047619047619047 -0.0202284626368396 0.10534846029173421 -0.0023397285914833867 -0.06764775694279611 0.02752183798013641 0.018219361107737156 0.09768009768009768 0.11380145278450364 -0.0037745344740815314 0.1181704434867232 -0.08901322482197356 0.10241318422601528 -0.1482178567227385 -0.006085686465433298 -0.22948456085546076 -0.12431269423858479 -0.0012357884330202683 -0.09264903084237473 -0.14463074363240752 -0.027639579878385844 -0.009930486593843098 0.06630703528882895 -0.03950784512924709 -0.13820454272323038 -0.10393553661100081 -0.12941176470588234 -0.06586169045005488 -0.04259462090787392 -0.1820902968321277 -0.0012973533990659068
-0.012143290831815423 0.19831597606913362 -0.005475851494907454 0.0035038542396636325 -0.03552818569398389 0.10357815442561207 0.0012248897599216088 0.09013398294762484 -0.06757618258319521 0.07739082365948038 0.08140422284406004 0.08513743614692289 -0.004789845527481738 -0.004910988336402701 -0.05626406601650413 -0.08184523809523811 0.06992084432717678 -0.06457330969865789 -0.12914166449256456 0.018108371639504107 -0.13754457463066735 -0.11644832605531297 -0.1882494004796163 -0.1666867979224544 -0.048423143779488455 -0.061403508771929814 -0.030383091149273463 -0.0438321853475266 -0.13590183401504158 -0.09711595055915244 -0.2158273381294964 -1.7290383704405496 -2.638572967796001 -2.2092315186944345 -1.4589149168588418 -0.30946065428824054 -0.0330338266384778 -0.08468052347959969 -0.22306855277475518 0.02249212775528565 -0.10201511335012595 -0.6998074963197826 -1.0913941080955694 -0.9730974309258359 -0.6320868516284681 -0.18847408481333816 -0.12998375203099613 -0.10789110525655501 -0.31556894068351443 0.014909795735798422 -0.02614867388868135 -0.14211438474870017 -0.12649649875762367 -0.24455572376848728 -0.04177303318635414 -0.02524948899843694 0.043151276044877326 0.09635577516985794 -0.08410973084886128 0.19616204690831557 -0.02974773917182294 0.10534846029173421 -0.004679457182966776 -0.05577972940897223 0.04188105779585975 0.0388679703631726 0.10256410256410256 0.12227602905569009 -0.005032712632108712 0.12373140553315724 -0.0839267548321465 0.07298410829899941 -0.14115986354546523 -0.026777020447906523 -0.23068605070287154 -0.10279703562036815 0.0037073652990608024 -0.09508716323296354 -0.15103033405862024 -0.020729684908789386 -0.0099304865938431 0.05844009889862891 -0.04515182300485382 -0.14301165725273404 -0.11211024173770875 -0.10117647058823528 -0.06220270764727405 -0.04259462090787392 -0.18707907208780244 -0.0038920601971977158
-0.01821493624772313 0.21715045424329715 -0.006571021793888948 0.018687222611539364 -0.004737091425864518 0.1400659133709981 -0.0012248897599216075 0.12058465286236295 -0.07905138339920949 0.10503040353786622 0.06614093106079878 0.11189491607881293 -0.019159382109926956 0.014732965009208098 -0.03500875218804702 -0.04464285714285714 0.052770448548812667 -0.04178272980501393 -0.150013044612575 0.03760969494358546 -0.15282730514518592 -0.11644832605531297 -0.18944844124700239 -0.14494504167169947 -0.023590762354109764 -0.05889724310776943 -0.015852047556142678 -0.04383218534752661 -0.1253463517614461 -0.10447321954090642 -0.2517985611510791 -1.7183799147323544 -2.637375793128218 -2.0789185239313115 -0.70882388639398 -0.15788808892257164 -0.010570824524312895 -0.04362329997433923 -0.20810663764961915 0.04348478032688559 -0.11335012594458438 -0.690748499603669 -1.0786360473208072 -0.8858458555501694 -0.3606755126658625 -0.0942370424066691 -0.10373703287089113 -0.07150922092585622 -0.30902186722535024 0.04174742806023558 -0.03984559830656207 -0.13749277874061236 -0.13327309690535352 -0.2212647024572028 -0.010443258296588534 -0.006011783094865939 0.06041178646282826 0.10006176652254477 -0.06599378881987576 0.19047619047619047 -0.03450737743931461 0.11229451261866175 -0.008189050070191859 -0.041538096368383584 0.052650472657652256 0.07895056480019433 0.09645909645909646 0.15980629539951574 -0.017614494212380476 0.1529264562769359 -0.09409969481180061 0.08357857563272512 -0.14115986354546523 -0.017039922103213246 -0.18142496695902927 -0.058570404016256274 0.01730103806228374 -0.06095330976472022 -0.14463074363240752 0.015201768933112213 -0.024826216484607744 0.074173971679029 -0.06095496105655266 -0.1406080999879822 -0.08291486628518042 -0.07764705882352943 -0.05122575923893158 -0.03529268589509553 -0.17834871539037167 -0.0025947067981318085
-0.034001214329083186 0.2116109018391314 -0.02737925747453729 0.00233590282644242 0.014211274277593555 0.12829566854990584 0.0024497795198432136 0.10109622411693057 -0.0943516511538952 0.07877280265339967 0.04578987534978378 0.11675991243006567 -0.037121302837983476 0.007366482504604049 -0.012503125781445362 -0.03844246031746032 0.06464379947229552 -0.04304887313243859 -0.150013044612575 0.022287226633235825 -0.17829852266938362 -0.1103833090732654 -0.20023980815347722 -0.09059065104481218 -0.028557238639185502 -0.03258145363408521 -0.006605019815059459 -0.015028177833437698 -0.12270748119804722 -0.08387286639199529 -0.28648509763617674 -1.6958787304594982 -2.6206153477792418 -1.6490074290585803 -0.4029615244568515 -0.10610079575596813 0.019820295983086683 -0.016679497049012053 -0.19722524483133838 0.05248163142899985 -0.11209068010075567 -0.6794247537085268 -1.0287636279285548 -0.6846825012118275 -0.2171290711700844 -0.04711852120333455 -0.049993750781152355 -0.04516371847948815 -0.2736676705512635 0.04771134635455494 -0.05852322251276304 -0.12016175621028309 -0.15021459227467812 -0.17002445557237686 0.004641448131817128 0.030058915474329685 0.08013808408334361 0.1173563928350834 -0.06211180124223601 0.193319118692253 -0.046406473108043786 0.1076638110673767 -0.02105755732335049 -0.030856871587942092 0.050257269355031706 0.07530669257864692 0.0879120879120879 0.16343825665859563 -0.04026170105686965 0.14597525371889336 -0.09664292980671414 0.07769276044732196 -0.12116221620985763 -0.04138266796494645 -0.11294004565661422 -0.053789146545541476 0.05066732575383095 -0.06339144215530904 -0.12159221809804173 0.006909894969596461 -0.05089374379344588 0.08878399640368623 -0.09481882831019302 -0.15022232904698954 -0.06773327104986569 -0.06588235294117649 -0.04268813269910965 -0.03529268589509553 -0.17834871539037167 -0.015568240788790867
-0.034001214329083186 0.2116109018391314 -0.0394261307633337 0.0070077084793272616 0.041449549976314545 0.1259416195856874 0.009799118079372855 0.10353227771010962 -0.0994517404054571 0.08568269762299613 0.038158229458153135 0.1143274142544393 -0.04310860974733565 0.003683241252302036 0.030007501875468866 -0.03348214285714285 0.07651715039577837 -0.030387439858191943 -0.14349073832507175 0.022287226633235818 -0.1859398879266429 -0.11644832605531294 -0.1990407673860911 -0.037444135765189034 -0.034765333995530175 -0.023809523809523808 -0.006605019815059454 -0.01628052598622417 -0.1253463517614461 -0.08828722778104768 -0.3006166495375128 -1.6887730933207012 -2.587094457081289 -0.9194982340762394 -0.08496176720475786 -0.09346974864216243 0.044926004228329805 -0.006415191172696936 -0.1836235038084875 0.04948268106162843 -0.1070528967254408 -0.680557128298041 -0.9765715611227094 -0.3877847794474067 -0.08443908323281057 -0.01933067536547058 -0.03499562554680665 -0.023836406975285412 -0.2631923530182009 0.06411212166393321 -0.06723944714232351 -0.11669555170421723 -0.1671560876440027 -0.1350879236054501 0.006962172197725691 0.04809426475892749 0.07520650967821477 0.13959234095120443 -0.07893374741200829 0.21179815209665956 -0.03926701570680628 0.1076638110673767 -0.01520823584464202 -0.024922857821030143 0.06700969247337561 0.08016518887404349 0.08913308913308914 0.17796610169491525 -0.03900352289884248 0.14597525371889336 -0.09155645981688709 0.08122424955856386 -0.1376308669568286 -0.03529698149951316 -0.09251471825063078 -0.03825005976571838 0.06302521008403361 -0.04754358161648177 -0.115192627671829 0.0179657269209508 -0.04716981132075472 0.08990784445942909 -0.0993340106106784 -0.15142410767936546 -0.03269882050683172 -0.06235294117647059 -0.0012196609342602694 -0.03164171838870634 -0.14966325767024197 -0.0077841203943954315
-0.04857316332726169 0.19166851318413472 -0.05366334465009308 0.01051156271899089 0.04263382283278067 0.11064030131826744 0.00857422831945125 0.0925700365408039 -0.11092694122147137 0.08015478164731896 0.02543881963876876 0.11797616151787886 -0.045503532511076514 0.05156537753222836 0.03375843960990248 -0.034722222222222224 0.07255936675461742 -0.030387439858191943 -0.15783981215757895 0.015322468310349627 -0.1935812531839022 -0.11644832605531294 -0.14148681055155873 -0.015702379514434112 -0.0012416190712689374 -0.02506265664160401 0.023778071334214012 -0.026299311208515967 -0.11215199894445178 -0.107416127133608 -0.3198869475847893 -1.6745618190431077 -2.3847719382257875 -0.4104250395810497 -0.02306105109843428 -0.09220664393078189 0.07267441860465115 -0.011547344110854504 -0.17274211099020673 0.038986354775828465 -0.10957178841309823 -0.6635715094553278 -0.8501507770818837 -0.18662142510906446 -0.02653799758745477 -0.0024163344206838216 -0.013748281464816898 -0.02383640697528542 -0.26188293832656806 0.055166244222454155 -0.0709749719835637 -0.1317157712305026 -0.14230856110232662 -0.12810061721206475 0.048735205384079834 0.04088012504508837 0.1171248921218099 0.12970969734403953 -0.04787784679089026 0.19758351101634683 -0.041646834840552115 0.10187543412827045 -0.009358914365933552 -0.018988844054118204 0.08136891228909895 0.07652131665249606 0.10622710622710622 0.17312348668280872 -0.037745344740815305 0.13624357013763383 -0.08646998982706003 0.07533843437316068 -0.14939418891895068 0.007302823758519967 -0.07208939084464736 -0.03825005976571839 0.07538309441423628 -0.06339144215530904 -0.11007295533085884 -0.004145936981757881 -0.04096325719960279 0.09440323668240054 -0.09481882831019303 -0.10816007691383248 0.001167815018101133 -0.05529411764705883 0.03293084522502744 -0.02920774005111354 -0.13469693190321774 -0.01816294758692268
-0.05221615057680632 0.2005317970307999 -0.07009089913481546 0.032702639570193884 0.02605400284225486 0.1177024482109228 0.007349338559529644 0.0840438489646772 -0.11220196353436188 0.0732448866777225 0.024166878656830322 0.1313549014838239 -0.05628068494791043 0.08348680171884593 0.030007501875468866 -0.0285218253968254 0.07915567282321902 -0.027855153203342614 -0.17349334724758675 0.005571806658308956 -0.184666327050433 -0.09946627850557982 -0.07434052757793763 0.01811813020896243 0.01986590514030296 -0.015037593984962405 0.052840158520475564 -0.026299311208515967 -0.09895764612745744 -0.1088875809299588 -0.31731757451181913 -1.6011369019422073 -1.8604094337363826 -0.1948605529168189 -0.006068697657482712 -0.06315523556902868 0.09513742071881606 0.025660764690787784 -0.17138193688792164 0.06597690808217124 -0.10327455919395465 -0.6250707734118446 -0.6147065646021805 -0.08119243819680078 0.013268998793727376 0.01812250815512867 0.02249718785151856 2.7755575615628915e-18 -0.24616996202697394 0.0745489786789921 -0.07222014693064377 -0.12478336221837091 -0.12084933363451547 -0.11179690229416561 0.06614063587839406 0.04929662137790068 0.14671433855258292 0.13094502779493516 -0.02976190476190475 0.2046908315565032 -0.041646834840552115 0.10997916184301922 0.001169864295741696 -0.003560408260147164 0.09333492880220176 0.0971699259079315 0.13308913308913312 0.19612590799031476 -0.025163563160543533 0.15292645627693588 -0.0762970498474059 0.07533843437316068 -0.162333843077285 0.03773125608568646 -0.07208939084464737 -0.021515658618216593 0.08774097874443895 -0.04022918444471534 -0.115192627671829 0.013819789939192922 -0.03475670307845085 0.10564171723982918 -0.09143244158482898 -0.07811561110443456 0.014013780217213593 -0.0388235294117647 0.06098304671301378 -0.023122794207131554 -0.11973060613619357 -0.01427088738972496
-0.038858530661809346 0.19499224462663417 -0.03723579016537072 0.045550105115627196 0.04737091425864519 0.1259416195856874 0.03674669279764821 0.10475030450669913 -0.09435165115389521 0.08982863460475402 0.03179852454846095 0.12405740695694478 -0.043108609747335644 0.09699201964395335 0.03875968992248062 -0.02976190476190476 0.10026385224274408 -0.02785515320334262 -0.16044873467258022 -0.0069647583228862 -0.16811003565970453 -0.08491023774866571 -0.016786570743405275 0.021741756250754925 0.04221504842314378 -0.023809523809523808 0.07001321003963012 -0.026299311208515967 -0.09367990500065972 -0.10594467333725721 -0.2903391572456321 -1.4270487920416863 -1.0726685023344904 -0.09621239800267935 0.030343488287413522 -0.030314513073133764 0.11363636363636365 0.07185014113420579 -0.16322089227421108 0.09446693657219973 -0.08690176322418136 -0.546936926735364 -0.3247506379030388 -0.02302472127968977 0.032569360675512665 0.022955176996496317 0.034995625546806644 0.006272738677706685 -0.23700405918554407 0.07156701953183242 -0.04482629809488234 -0.11207394569612941 -0.07115428055116332 -0.09549318737626647 0.1137154792295196 0.054106047853793436 0.1960300826038713 0.13835701050030882 -0.001293995859213254 0.20895522388059704 -0.02974773917182294 0.11692521416994675 0.0198876930276088 0.02136244956088298 0.11607036017709704 0.11296003886797037 0.1623931623931624 0.21428571428571433 -0.002516356316054358 0.164048380369804 -0.05722278738555443 0.05885815185403178 -0.14586519233031406 0.04990262901655306 -0.06367896191277184 -0.01673440114750179 0.10751359367276322 -0.02316225771059368 -0.10751311916037373 0.026257600884466558 -0.014895729890764653 0.10339402112834346 -0.08014448583361551 -0.05408003845691624 0.03503445054303398 -0.027058823529411764 0.08659592633247956 -0.012169891687963978 -0.10351708655525071 -0.009081473793461336
-0.024286581663630836 0.18834478174163527 1.3877787807814458e-18 0.06073347348750292 0.07697773567029845 0.12005649717514126 0.0698187163155316 0.10109622411693056 -0.05992604870585235 0.08568269762299614 0.03179852454846095 0.11067866699099975 -0.010777152436833918 0.1043585021485574 0.03250812703175794 -0.04092261904761905 0.09102902374670187 -0.03545201316789061 -0.150013044612575 -0.025073129962390306 -0.15664798777381558 -0.07520621057738963 0.02398081534772182 0.02415750694528325 0.06083933449217781 -0.045112781954887216 0.0977542932628798 -0.050093926111458985 -0.0646523288032722 -0.12213066509711594 -0.25308324768756424 -1.0255802936996683 -0.440560277744523 -0.003653635367190365 0.06796941376380629 -0.008841732979664016 0.1545983086680761 0.10392609699769051 -0.1305767138193689 0.1064627380416854 -0.06801007556675064 -0.40878722681463026 -0.10206448619809787 0.006059137178865732 0.05790108564535586 0.0314123474688897 0.05124359455068116 0.017563668297578723 -0.21343459473615295 0.07902191739973163 -0.03735524841240193 -0.10398613518197575 -0.04178902191100068 -0.09199953417957378 0.12415873752610815 0.03967776842611519 0.2095919122179756 0.10994441012970972 0.010351966873706004 0.17199715707178392 -0.015468824369347933 0.1285019680481593 0.04445484323818437 0.040351293615001185 0.13162618164413067 0.12875015182800925 0.17338217338217338 0.20944309927360777 -0.008807247106190238 0.1570971778117614 -0.04577822990844355 0.0364920541494997 -0.09998823667803787 0.05233690360272638 -0.05286555328607473 -0.02510160172125269 0.10874938210578348 -0.03169572107765451 -0.09599385639319083 0.016583747927031506 -0.007447864945382328 0.08541245223645763 -0.04402302742973247 -0.045667588030284825 0.03853789559733738 -0.02823529411764706 0.1000121966093426 -0.014603870025556775 -0.08480917934647045 -0.020757654385054485
