0.06567745074191193 -0.036472148541114066 0.058114035087719305 -0.08746355685131195 -0.018939393939393936 -0.10101010101010102 -0.07824917471573542 -0.11182691138932783 -0.05228924882030354 -0.05521811154058531 0.05981165691015526 -0.023114355231143552 0.01678254615200192 0.05903332923379658 0.012528188423953892 0.03231821006836545 0.009212950776520137 -0.02027369488089204 -0.020893183598850874 -0.005574136008918618 0.042107949470460634 0.07048244015068658 0.07942238267148014 0.17826825127334467 0.0 0.05399296835760925 -0.10677563933561825 -0.2656308733241448 -0.2495049504950495 -0.0618647812638091 0.10553410553410551 0.04381809568924681 0.1104574378676912 0.11616532159452189 0.034104750304506694 -0.0063299151791366024 -0.11756935270805813 -1.2978668722693396 -0.7086399563913874 -0.1723104584956548 0.011330731461664358 -0.021512681159420288 0.008123476848090982 0.010921004732435385 -0.06283987915407856 1.734723475976807e-18 -0.18138603952964724 -0.18122325698464636 -0.19546110455201365 -0.023884161815196293 -0.016187274312040843 0.039365520435336344 -0.058843498924974535 0.03154205607476635 -0.15893271461716937 -0.030109598940142118 -0.22861356932153393 -0.15708101422387138 -0.13996889580093314 -0.11341083073433514 -0.002380668967980004 0.03823427181091414 0.06810709253170502 0.07515209352260528 -0.0047967382180117545 -0.02678354029705381 -0.0024420024420024424 -0.10915706488781081 -0.02772876228888329 -0.012501736352271147 0.012733987011333246 -0.028222013170272814 -0.014147606696533838 -0.008533463367060831 -0.02530730296456978 -0.022729991625792555 -0.018511662347278784 -0.050091631032376294 -0.07308629311450186 -0.012442969722107011 -0.017384825530858065 -0.029193801931282282 0.016960651289009497 0.03614893360645861 -0.061930357560177604 -0.015303119482048263 -0.13265181939880735 -0.038919970810021895 -0.14223331253898938 0.031132442599558968
0.08635368523473606 -0.03978779840848807 0.07894736842105264 -0.09912536443148687 -0.017755681818181816 -0.11392999765092789 -0.09047560826506909 -0.1337060897046311 -0.07779619946435404 -0.06212037548315848 0.06744718757953679 -0.0194647201946472 0.019180052745145053 0.07010207846513344 0.016286644951140062 0.036047234307023 0.014477494077388787 -0.029143436391282307 -0.03003395142334813 -0.004180602006688963 0.04721194334566799 0.06926722566532992 0.07942238267148014 0.20130972592772256 -0.009950248756218905 0.05273731793068811 -0.1674136567360928 -0.4184939230672848 -0.29174917491749175 -0.06922963617616733 0.12612612612612611 0.04973945997157746 0.12246368111417938 0.12961604304230862 0.03532277710109622 -0.021521711609064444 -0.2800528401585205 -2.058596761757903 -0.7781411828836197 -0.1902906802517231 0.012589701624071508 -0.021512681159420288 0.010444470233259836 0.010921004732435385 -0.07734138972809669 -0.0012125621438098685 -0.25394045534150617 -0.24540649383337526 -0.23219205037386853 -0.017913121361397215 -0.014942099364960775 0.039365520435336344 -0.06110671042208894 0.02686915887850467 -0.17633410672853828 -0.04456220643141033 -0.2630285152409046 -0.1855287569573284 -0.1594090202177294 -0.1318400907286646 -0.005951672419950008 0.040551500405515 0.07632691404415218 0.08111654538947871 -0.00719510732701763 -0.0340881421962503 -0.008547008547008548 -0.13341419041843544 -0.05041593143433325 -0.012501736352271147 0.028014771424933145 -0.02704609595484478 0.009431737797689225 -0.007314397171766426 -0.014461315979754159 -0.019141045579614786 -0.0049364432926076755 -0.0562003665241295 -0.09360174381330941 -0.004147656574035671 -0.032286104557307835 -0.037053671682012124 0.009045680687471733 0.037353898060007225 -0.07828931993456414 -0.023543260741612716 -0.14847267859316052 -0.05108246168815374 -0.17467248908296942 0.03372681281618888
0.1070299197275602 -0.036472148541114066 0.09978070175438598 -0.1096209912536443 -0.016571969696969693 -0.11745360582569886 -0.10270204181440275 -0.14829220858149994 -0.10330315010840455 -0.0717835450027609 0.08017307202850599 -0.027980535279805353 0.019180052745145053 0.0811708276964703 0.02004510147832623 0.045991298943443136 0.017109765727823113 -0.03674607197161682 -0.027422303473491772 0.002787068004459309 0.06379992344009186 0.0802041560335399 0.10348977135980746 0.22435120058210045 0.0012437810945273632 0.04897036664992467 -0.2965989981544951 -0.5538153113644906 -0.30363036303630364 -0.07806746207099721 0.14157014157014153 0.04381809568924681 0.1320686757113699 0.13817559305453656 0.025578562728380022 -0.03544752500316496 -0.7265521796565391 -2.63171421228476 -0.8122104115562825 -0.1917890320647288 0.020143522598514412 -0.03283514492753623 0.012765463618428688 0.01334789467297658 -0.08580060422960725 -0.014550745725718439 -0.3390042531898924 -0.27938585451799647 -0.2439984258166076 -0.026869682042095826 -0.011206574523720581 0.048627995831886074 -0.062238316170646145 0.03738317757009345 -0.191415313225058 -0.04817535830422739 -0.2986725663716814 -0.19913419913419914 -0.1671850699844479 -0.14176353841791892 -0.004761337935960007 0.05445487197312014 0.08219821512447159 0.10139568173684839 -0.011991845545029382 -0.028000973946919895 -0.01343101343101343 -0.1443298969072165 -0.06932190572220823 -0.002778163633838032 0.029288170126066472 -0.022342427093132645 0.007073803348266919 0.0 -0.014461315979754159 -0.007177892092355543 0.017277551524126866 -0.06841783750763591 -0.10129503782536223 -0.0013825521913452248 -0.024835465044082954 -0.04154502582528632 0.0203527815468114 0.055428364863236525 -0.07945781724702032 -0.017657445556209538 -0.1448217110867713 -0.06324495256628557 -0.1784154709918902 0.03891555324944871
0.12284115786913159 -0.04641909814323608 0.11293859649122809 -0.13994169096209913 -0.01420454545454545 -0.13037350246652574 -0.09903411174960265 -0.166524857177586 -0.10585384517280957 -0.06764218663721701 0.09289895647747519 -0.040145985401459854 0.019180052745145053 0.07871110564506212 0.0238035580055124 0.03977625854568055 0.019742037378257436 -0.0506842372022301 -0.02481065552363541 0.00975473801560758 0.08038790353451575 0.0838497994896099 0.12755716004813478 0.24981809362114968 0.012437810945273632 0.037669512807634364 -0.4257843395728974 -0.637764691141461 -0.31551155115511553 -0.08690528796582708 0.15701415701415697 0.03671245855045003 0.14167367030856043 0.13083883590119832 0.015834348355663823 -0.0886188125079124 -1.1730515191545574 -2.929838087895143 -0.8462796402289454 -0.20077914294276294 0.027697343572957316 -0.05208333333333333 0.01508645700359754 -0.006067224851352993 -0.09425981873111783 -0.05214017218382442 -0.4240680510382787 -0.30203876164107724 -0.2558048012593467 -0.03134796238244513 -0.011206574523720581 0.06252170892671066 -0.07355437365621817 0.052570093457943924 -0.20649651972157773 -0.04456220643141033 -0.33431661750245817 -0.21397649969078542 -0.1749611197511664 -0.14743407995463567 0.0023806689679800007 0.05213764337851928 0.09394081728511038 0.09185255874985089 -0.005995922772514693 -0.0413927440954468 -0.006105006105006104 -0.1673741661613099 -0.06932190572220823 -0.009723572718433115 0.016554183114733223 -0.03174976481655691 -0.005894836123555763 -0.004876264781177618 -0.022897083634610748 -0.010766838138533316 0.029618659755646058 -0.09407452657299939 -0.11155276317476599 0.004147656574035668 -0.027319011548491246 -0.04603637996856051 0.0237449118046133 0.05783829377033376 -0.09231128768403832 -0.025897586815773987 -0.16185955944992086 -0.08878618341036244 -0.19089207735495944 0.03761836814113375
0.11189491607881293 -0.03536693191865606 0.10745614035087721 -0.1282798833819242 -0.017755681818181813 -0.11392999765092789 -0.09414353832986919 -0.16530934727118027 -0.10712919270501212 -0.060739922694643844 0.0941715449223721 -0.04257907542579076 0.02397506593143131 0.06272291231090887 0.02129792032072162 0.04599129894344313 0.009212950776520134 -0.04181449569183983 -0.03786889527291721 0.030657748049052396 0.07655990812811024 0.08506501397496659 0.12635379061371843 0.24132912927479994 0.0012437810945273623 -0.016323455549974893 -0.7065647244924861 -0.6778599173035961 -0.3273927392739274 -0.09574311386065695 0.1454311454311454 0.018948365703458075 0.13567054868531633 0.10271460014673513 0.0012180267965895303 -0.23294087859222684 -1.8943196829590492 -3.0352094577229503 -0.8544562551103845 -0.22025771651183695 0.022661462923328712 -0.06227355072463767 0.004641986770337704 -0.018201674554058973 -0.11601208459214503 -0.09215472292955014 -0.5141356017012759 -0.2982632771205638 -0.2702348156893611 -0.01194208090759814 -0.016187274312040846 0.0648373277758481 -0.0803440081475614 0.05841121495327102 -0.2262180974477958 -0.04817535830422739 -0.3564405113077679 -0.21645021645021645 -0.19310523587350958 -0.14176353841791892 0.00833234138793001 0.04982041478391843 0.10216063879755755 0.09423833949660025 -0.003597553663508817 -0.038957876795714635 -0.008547008547008546 -0.16616130988477867 -0.06932190572220823 -0.015279899986109183 -0.0012733987011333242 -0.038805268109125116 -0.014147606696533832 -0.017066926734121662 -0.0373583996143649 -0.002392630697451848 0.03702332469455757 -0.09651802076970067 -0.11924605718681883 0.019355730678833123 -0.023593691791878806 -0.04491354143274197 0.031659882406151064 0.043378720327750336 -0.09114279037158214 -0.027074749852854622 -0.18985031033223804 -0.10338117246412064 -0.20212102308172178 0.03502399792450382
0.1374361469228898 -0.016578249336870028 0.12719298245614036 -0.12361516034985423 0.008285984848484848 -0.09513742071881606 -0.09292089497493583 -0.16166281755196305 -0.08417293712536668 -0.05659856432909993 0.09798931025706288 -0.0340632603406326 0.02757132582114601 0.06764235641372526 0.010022550739163116 0.06836544437538845 -0.03553566728086339 -0.03167764825139382 -0.06790284669626534 0.05016722408026756 0.08549189740972311 0.08628022846032324 0.13237063778580024 0.2364782925054572 -0.009950248756218907 -0.18206931190356604 -0.9978908515686792 -0.6928956271143967 -0.32607260726072607 -0.10458093975548685 0.1454311454311454 0.016579819990525817 0.12366430543882816 0.07581315725116164 -0.02070645554202192 -0.6532472464868971 -2.5178335535006604 -3.062194808532511 -0.844916871082039 -0.21576266107281988 0.016366612111292957 -0.052083333333333336 -0.002320993385168851 -0.024268899405411964 -0.1341389728096677 -0.15278283012004365 -0.542907180385289 -0.28819531839919454 -0.27154663518299876 0.011942080907598154 -0.01369692441788071 0.08799351626722242 -0.07242276790766097 0.061915887850467276 -0.22273781902552203 -0.04094905455859328 -0.3675024582104228 -0.1991341991341991 -0.19310523587350958 -0.12333427842358949 0.013093679323890014 0.04518595759471672 0.11155472052606856 0.07753787426935463 0.01798776831754407 -0.04382761139517897 -0.0024420024420024403 -0.17707701637355974 -0.04789513486261659 -0.01944714543686623 -0.0012733987011333242 -0.03174976481655691 -0.008252770572978069 -0.01584786053882726 -0.032537960954446846 0.037085775810503645 0.012341108231519193 -0.0855222968845449 -0.12181048852416979 0.027651043826904465 -0.014901279026449776 -0.022456770716370984 0.046359113523292625 0.04096879142065309 -0.07712082262210795 -0.008240141259564451 -0.208105147864184 -0.09729992702505472 -0.2096069868995633 0.04280710857439356
0.1447336414497689 -0.01326259946949602 0.13815789473684212 -0.1294460641399417 0.029592803030303032 -0.10335917312661498 -0.09169825162000245 -0.17381791661602042 -0.06249202907792373 -0.07316399779127554 0.09162636803257826 -0.03527980535279805 0.031167585710860708 0.0541138851309802 0.012528188423953895 0.04474829086389063 -0.04606475388260069 -0.0481500253421186 -0.0574562548968399 0.04319955406911928 0.08038790353451576 0.07534329809211326 0.1275571600481348 0.20858598108173662 -0.04477611940298508 -0.544952285283777 -1.150804112839441 -0.7004134820197969 -0.333993399339934 -0.11047282368537341 0.14414414414414414 0.008289909995262907 0.10325369191979832 0.05502567865003668 -0.06699147381242387 -1.3913153563742244 -2.800528401585205 -3.062194808532511 -0.8476424093758519 -0.19778243931675155 0.002517940324814301 -0.0396286231884058 -0.010444470233259836 -0.029122679286494358 -0.16314199395770396 -0.21462349945434706 -0.5429071803852891 -0.27435187515731185 -0.2715466351829988 0.03881176294969399 -0.021167974100361097 0.08567789741808499 -0.07242276790766097 0.03154205607476636 -0.22505800464037123 -0.07467180537155245 -0.37487708947885934 -0.20779220779220778 -0.18792120269569726 -0.1559398922597108 0.010713010355910012 0.04750318618931758 0.11038046031000467 0.06441608016223309 0.02878042930807051 -0.0547845142439737 0.002442002442002443 -0.17707701637355977 -0.03024955886059995 -0.018058063619947218 0.006366993505666624 -0.02704609595484478 -0.003536901674133455 -0.029257588687065704 -0.025307302964569768 0.0346931451130518 -0.0049364432926076755 -0.09163103237629809 -0.11283497884344144 0.03041614820959491 -0.012417732522041479 -0.017965416573096783 0.045228403437358664 0.031329075792264134 -0.06894134143491469 -0.020011771630370805 -0.19836923451381283 -0.10094867428849427 -0.18465377417342482 0.02724088727461408
0.1459498905375821 -0.012157382847038021 0.13815789473684212 -0.12594752186588923 0.024857954545454548 -0.11510453370918487 -0.11248318865386966 -0.15801628783274585 -0.08034689452875908 -0.056598564329099946 0.08908119114278443 -0.03527980535279805 0.026372572524574443 0.056573607182388394 0.010022550739163116 0.028589185829707896 -0.052645433008686494 -0.05575266092245312 -0.04178636719770175 0.027870680044593088 0.0714559142529029 0.0668367966946166 0.11913357400722022 0.1928207615813728 -0.13059701492537315 -0.8588648920140634 -1.1969417347745845 -0.7066783611076305 -0.31419141914191423 -0.11489173663278833 0.1287001287001287 -0.011842728564661297 0.08524432705006604 0.02078747860112497 -0.24116930572472595 -1.9736675528547916 -2.8718626155878466 -3.0287843741968645 -0.8367402562005998 -0.16481869943062627 -0.006294850812035754 -0.06680253623188406 -0.025530927236857376 -0.058245358572988716 -0.2211480362537764 -0.25221292591245303 -0.5591693770327747 -0.28693682355902345 -0.26367571822117275 0.023884161815196293 -0.042335948200722194 0.06715294662498553 -0.09166006563313342 0.010514018691588781 -0.25058004640371234 -0.10478140431169455 -0.38962635201573254 -0.22263450834879403 -0.1827371695178849 -0.15877516302806918 -0.0023806689679800055 0.035917043216313296 0.09863785814936589 0.05964451866873436 0.0071951073270176275 -0.06452398344290236 -0.023199023199023196 -0.16979987871437235 -0.05293672800604991 -0.009723572718433117 -0.006366993505666625 -0.04703668861712135 -0.016505541145956135 -0.04022918444471535 -0.024102193299590253 -0.0035889460461777712 -0.034555103048253745 -0.09407452657299939 -0.1384792922169509 0.029033596018249685 -0.01986837203526636 -0.021333932180552437 0.05201266395296246 0.02409928907097241 -0.06660434681000231 -0.052972336668628606 -0.20323719118899844 -0.12284115786913159 -0.17217716781035558 0.0025943702166299153
0.1459498905375821 -0.006631299734748011 0.14144736842105263 -0.1107871720116618 0.0331439393939394 -0.11745360582569886 -0.1259322655581367 -0.1446456788622827 -0.09182502231858179 -0.04279403644395362 0.09162636803257827 -0.026763990267639898 0.02757132582114601 0.06272291231090887 -0.006264094211976948 0.022374145431945314 -0.08028428533824691 -0.054485554992397364 -0.06398537477148081 0.025083612040133783 0.061247926502488205 0.06440636772390328 0.10469314079422383 0.1746301236963376 -0.3619402985074627 -1.167754897036665 -1.207487476931189 -0.6966545545670967 -0.28118811881188116 -0.10899985270290176 0.10682110682110683 -0.0118427285646613 0.04562372433665506 0.007336757153338225 -0.7003654080389768 -2.5382959868337767 -2.9101717305151915 -2.9606784888203546 -0.7904061052057781 -0.10937968234941561 -0.017625582273700112 -0.07925724637681159 -0.038296390855286064 -0.07523358815677708 -0.31057401812688823 -0.2704013580696011 -0.5804353264948713 -0.26805940095645614 -0.25711662075298436 0.031347962382445145 -0.04233594820072221 0.06367951835127937 -0.09392327713024783 -0.010514018691588786 -0.25754060324825984 -0.13007346742141396 -0.38839724680432647 -0.25602968460111314 -0.16977708657335405 -0.19988658916926566 0.003571003451970005 0.035917043216313296 0.09628933771723813 0.06560897053560778 0.008394291881520567 -0.05721938154370587 -0.023199023199023193 -0.16858702243784113 -0.04663473657675825 -0.01944714543686623 0.008913790907933275 -0.04938852304797742 -0.003536901674133457 -0.03779105205412654 0.004820438659918052 -0.02033736092834071 -0.04319387881031718 -0.09285277947464873 -0.14745480189767918 0.023503387252868796 -0.00620886626102074 -0.028070963395463732 0.06558118498417005 0.01807446680322931 -0.044402897873334866 -0.07651559741024132 -0.18254837531945967 -0.13986864509851618 -0.1584529008109794 -0.002594370216629912
0.14230114327414253 -0.02984084880636605 0.14692982456140352 -0.10845481049562684 0.010653409090909094 -0.11980267794221282 -0.1296001956229368 -0.14221465904947125 -0.09054967478637929 -0.017945886250690227 0.09035377958768134 -0.029197080291970802 0.02757132582114601 0.051654163079572005 -0.017539463793535454 0.007458048477315103 -0.07896814951302975 -0.07349214394323364 -0.04831548707234264 0.02508361204013378 0.06635192037769555 0.04982379389962328 0.07821901323706378 0.0012127091923356704 -0.5559701492537313 -1.1978905072827724 -1.207487476931189 -0.6440295702292945 -0.2336633663366337 -0.08837825894829872 0.08622908622908623 -0.023685457129322594 -0.007203745947892909 -0.293470286133529 -0.9902557856272839 -2.576275477908596 -2.877146631439895 -2.5803135440760725 -0.3774870536931043 -0.06892418339826191 -0.011330731461664363 -0.0962409420289855 -0.055703841244052456 -0.14925373134328357 -0.3202416918429003 -0.28737722808293925 -0.5629221916437329 -0.21394412282909642 -0.22432113341204246 0.059710404537990744 -0.03486489851824181 0.05441704295472964 -0.08826524838746182 -0.025700934579439248 -0.25174013921113686 -0.1409129230398651 -0.3638151425762045 -0.24984539270253556 -0.152928978745464 -0.18571023532747377 1.3877787807814458e-18 0.03012397172981115 0.08572099577266322 0.06441608016223309 0.002398369109005874 -0.04017531044558072 -0.020757020757020753 -0.14918132201334142 -0.046634736576758255 0.002778163633838032 0.007640392206799951 -0.05997177798682973 0.005894836123555768 -0.017066926734121662 -0.016871535309713186 -0.027515253020696257 -0.04689621127977293 -0.112400733048259 -0.13591486087959995 0.02626849163555924 -0.011175959269837329 -0.02470244778800808 0.0542740841248304 0.03253404024581276 -0.0619303575601776 -0.06709829311359623 -0.18619934282584882 -0.13378739965945025 -0.15096693699313785 0.016863406408094434
0.1447336414497689 -0.0563660477453581 0.14912280701754388 -0.12011661807580173 -0.009469696969696966 -0.13976979093258163 -0.1259322655581367 -0.1507232283943114 -0.0918250223185818 -0.02484815019326339 0.08908119114278443 -0.03284671532846715 0.025173819228002874 0.044274996925347435 -0.022550739163117013 0.016159105034182723 -0.0737036062121611 -0.05955397871262037 -0.02872812744841995 0.02369007803790412 0.07017991578410107 0.04496293595819663 0.06377858002406737 -0.3225806451612903 -0.7325870646766168 -1.2004018081366146 -1.181123121539678 -0.49367247212128806 -0.1993399339933993 -0.09132420091324202 0.08622908622908623 -0.06276646139270489 -0.0480249729859527 -0.8804108584005869 -1.2716199756394642 -2.5977971895176606 -2.803170409511229 -1.8285787715240296 -0.20986644862360312 -0.0449505543901708 -0.02140249276092157 -0.114356884057971 -0.08007427178832541 -0.22812765441087243 -0.3262839879154079 -0.29829028737722807 -0.5216412309231925 -0.15227787566070977 -0.18890200708382526 0.049261083743842374 -0.03486489851824181 0.05673266180386708 -0.09166006563313342 -0.02920560747663551 -0.24941995359628769 -0.12886908346380826 -0.3343166175024582 -0.2399505256648114 -0.12960082944530846 -0.19138077686419053 -0.010713010355910008 0.008110300081103 0.06575857209957726 0.039365382321364675 0.0023983691090058764 -0.05965424884343804 -0.012210012210012205 -0.1528198908429351 -0.049155533148474914 -0.0083344909015141 0.01273398701133325 -0.07878645343367827 0.018863475595378452 0.0012190661952944048 -0.01566642564473367 -0.03349682976432587 -0.03949154634086141 -0.11362248014660965 -0.1205282728554943 0.017973178487487907 0.0024835465044082948 -0.023579609252189535 0.07236544549977386 0.03373900469936138 -0.04557139518579107 -0.05768098881695115 -0.17037848363149566 -0.12527365604475796 -0.12850904553961323 0.016863406408094438
0.14351739236195574 -0.06520778072502212 0.1414473684210526 -0.1481049562682216 -0.020123106060606057 -0.13624618275781067 -0.12470962220320334 -0.13978363923665976 -0.06759341920673383 -0.028989508558807286 0.09544413336726902 -0.0462287104622871 0.02277631263485974 0.01598819333415324 -0.03006765221748935 0.023617153511497825 -0.07765201368781259 -0.04815002534211859 -0.020893183598850874 0.02369007803790413 0.06890391731529924 0.05225422287033662 0.008423586040914555 -0.6281833616298811 -0.7786069651741293 -1.1891009542943243 -1.13630371737411 -0.33705049492544786 -0.1729372937293729 -0.08837825894829872 0.06821106821106822 -0.09355755566082426 -0.1716892784247809 -1.4649058449498653 -1.3605359317904995 -2.601595138625142 -2.6538969616908856 -1.072988948856335 -0.1567184518942491 -0.0209769253820797 -0.018884552436107267 -0.1358695652173913 -0.11837066264361147 -0.2645310035189904 -0.33595166163142004 -0.2922274766581787 -0.4665999499624719 -0.07676818525044046 -0.1666010756919848 0.058217644424540985 -0.03735524841240194 0.05904828065300451 -0.10297612311870545 -0.026869158878504672 -0.2587006960556844 -0.10598578826930023 -0.33062930186823997 -0.21892393320964748 -0.1334888543286677 -0.18145732917493623 -0.019045351743840016 0.008110300081103002 0.056364490371066236 0.02743647858761781 -1.3877787807814458e-18 -0.047479912344777206 -0.002442002442002439 -0.1334141904184354 -0.03024955886059995 0.001389081816919016 -0.017827581815866547 -0.0905456255879586 0.0011789672247111576 -0.034133853468243325 -0.03976861894432393 -0.04067472185668142 -0.05553498704183636 -0.112400733048259 -0.10514168483138864 0.004147656574035671 0.014901279026449768 -0.01571973950145969 0.08367254635911352 0.030124111338715516 -0.05375087637298435 -0.04473219540906416 -0.17889740781307045 -0.11797616151787885 -0.12351840299438552 0.006485925541574782
0.12892240330819754 -0.07294429708222813 0.13157894736842105 -0.1620991253644315 -0.03196022727272727 -0.1362461827578107 -0.12470962220320334 -0.13005955998541388 -0.04208646856268333 -0.016565433462175594 0.08271824891829982 -0.046228710462287104 0.007192519779429388 -0.004919444102816382 -0.04259584064144325 0.03356121814791796 -0.07765201368781259 -0.025342118601115054 -0.015669887699138157 0.032051282051282055 0.04848794181446983 0.02794993316320331 -0.15764139590854392 -0.8585981081736598 -0.8233830845771145 -1.1891009542943243 -1.0255734247297652 -0.1992231549931086 -0.18481848184818478 -0.0810134040359405 0.057915057915057924 -0.12908574135480816 -0.47664785688558053 -1.839080459770115 -1.3970767356881852 -2.6028611216609696 -2.2166446499339503 -0.5011565150346955 -0.13355137639683837 -0.014983518130056928 -0.040287045197028824 -0.14945652173913043 -0.1868399675060926 -0.2912267928649436 -0.36132930513595174 -0.26676367163817144 -0.39904928696522396 -0.01887742260256733 -0.1679128951856225 0.09255112703388566 -0.052297347777362724 0.05325923353016093 -0.11655539210139187 -0.053738317757009345 -0.27262180974477956 -0.09875948452366612 -0.32448377581120946 -0.20531849103277677 -0.14644893727319855 -0.17153388148568188 -0.03213903106773003 -0.005793071486502143 0.04931892907468295 0.01670046522724562 -2.7755575615628915e-18 -0.04261017774531289 0.006105006105006108 -0.12128562765312309 -0.0050415931434333264 0.006945409084595086 -0.034381764930599766 -0.10818438381937912 0.009431737797689226 -0.059734243569425825 -0.053024825259098574 -0.041871037205407344 -0.08021720350487474 -0.0855222968845449 -0.1025772534940377 0.023503387252868796 0.004967093008816592 -0.008982708286548393 0.07575757575757576 0.004819857814194484 -0.07712082262210798 -0.04473219540906416 -0.20688815869538754 -0.09973242520068108 -0.1472239550842171 0.015566221299779475
0.12648990513257116 -0.07515473032714412 0.12609649122807015 -0.16676384839650146 -0.04142992424242424 -0.1362461827578107 -0.14182662917227046 -0.13127506989181964 -0.04336181609488586 -0.027609055770292656 0.07762789513871214 -0.03527980535279805 -0.010788779669144096 -0.007379166154224573 -0.058882485592583314 0.0509633312616532 -0.0881811002895499 -0.016472377090724792 -0.016975711674066328 0.01950947603121516 0.028071966313640423 -0.02187386073641998 -0.4500601684717208 -0.9713800630608779 -0.8507462686567164 -1.1828227021597184 -0.9016609543896651 -0.12905650920937223 -0.18745874587458744 -0.08543231698335543 0.03603603603603603 -0.20606347702510658 -1.0361387921719296 -1.999266324284666 -1.4165651644336177 -2.5788074439802506 -1.7780713342140029 -0.23387304034952452 -0.09403107113654949 -0.03146538807311956 -0.0642074782827647 -0.15964673913043478 -0.26691423929441804 -0.2912267928649436 -0.38187311178247735 -0.22674912089244575 -0.32399299474605964 -0.00125849484017116 -0.1613537977174341 0.10001492760113448 -0.058523222512763054 0.016209331943962024 -0.12447663234129229 -0.0864485981308411 -0.2853828306264501 -0.11321209201493435 -0.3097345132743363 -0.21521335807050096 -0.13089683773976152 -0.1828749645591154 -0.04761337935960005 -0.004634457189201715 0.039924847346171924 0.028629368960992486 -0.00719510732701763 -0.021913805697589474 0.002442002442002445 -0.10309278350515465 0.0025207965717166615 0.025003472704542295 -0.020374379218133197 -0.09760112888052683 0.03301108229191228 -0.07314397171766426 -0.046999276934201015 -0.031104199066874026 -0.08762186844378625 -0.06597434331093463 -0.08975509680728297 0.02073828287017835 0.006208866261020738 -0.01908825510891534 0.07575757575757573 -0.009639715628388962 -0.0747838279971956 -0.04120070629782226 -0.19958622368260917 -0.08635368523473606 -0.1472239550842171 0.007783110649889738
0.12405740695694478 -0.08731211317418215 0.11732456140350878 -0.18775510204081633 -0.048532196969696975 -0.14681700728212357 -0.1577209927864042 -0.12884405007900812 -0.04846320622369596 -0.031750414135836555 0.06362942224484602 -0.043795620437956206 -0.0347638456005754 -0.018447915385561432 -0.07015785517414182 0.03853325046612803 -0.09476177941563571 -0.035478966041561075 -0.020893183598850878 -0.00975473801560758 0.017863978563225726 -0.13367359338923318 -0.8327316486161251 -1.027164685908319 -0.8445273631840795 -1.1476644902059263 -0.6182441339309253 -0.10023806540533768 -0.17029702970297028 -0.08837825894829872 0.028314028314028312 -0.4038370440549503 -1.7048865410013208 -2.0714111029591584 -1.428745432399513 -2.4674009368274463 -1.0766182298546896 -0.14263685427910563 -0.09948214772417552 -0.017980221756068327 -0.0742792395820219 -0.20380434782608692 -0.31333410699779507 -0.3142822473000849 -0.37945619335347436 -0.196435067297199 -0.24643482611958972 -0.012584948401711557 -0.145611963793782 0.06568144499178982 -0.06225874735400324 -1.3877787807814458e-18 -0.1278714495869639 -0.10630841121495327 -0.26334106728538276 -0.10598578826930025 -0.27286135693215346 -0.21150278293135436 -0.10368066355624675 -0.18429259994329458 -0.06665873110344006 -0.011586142973004287 0.018788163457022083 0.029822259334367173 -0.021585321981052886 -0.0012174336498660787 -0.007326007326007318 -0.07762280169799882 -0.006301991429291658 0.04861786359216558 -0.01655418311473323 -0.09054562558795862 0.04597972176373497 -0.07558210410825308 -0.04458905760424199 -0.03708577581050365 -0.107367641614217 -0.059865607819181446 -0.09616617515066035 0.013825521913452233 -0.00993418601763318 -0.020211093644733884 0.05992763455450021 -0.01084468008193758 -0.07945781724702033 -0.0494408475573867 -0.1691614944626993 -0.08513743614692287 -0.1372426699937617 0.0012971851083149548
0.10338117246412067 -0.10831122900088419 0.0888157894736842 -0.20524781341107873 -0.07339015151515152 -0.16795865633074936 -0.16261156620613765 -0.13005955998541385 -0.07014411427113888 -0.027609055770292667 0.03945024179180453 -0.05961070559610706 -0.0767202109805802 -0.03935555282253105 -0.0839388624404911 0.017402113113735244 -0.07765201368781259 -0.054485554992397364 -0.014364063724209977 -0.036231884057971016 -0.007655990812811026 -0.24182768258597642 -1.1323706377858 -1.0732476352170748 -0.8345771144278606 -0.9994977398292313 -0.3229633535460058 -0.10524996867560457 -0.16105610561056105 -0.10458093975548681 -0.014157014157014158 -0.601610611084794 -2.2583743546644257 -2.134996331621423 -1.4433617539585872 -2.0622863653627044 -0.48348745046235136 -0.10151631971215627 -0.12264922322158625 -0.005993407252022781 -0.11834319526627217 -0.2774003623188405 -0.3574329813160033 -0.33612425676495566 -0.3867069486404835 -0.13338183581908572 -0.23392544408306226 -0.022652907123080795 -0.1639774367047094 0.04179728317659352 -0.08716224629560453 -0.026629616765080466 -0.15502998755233677 -0.1273364485981308 -0.26334106728538276 -0.10959894014211731 -0.2630285152409047 -0.2152133580705009 -0.10368066355624676 -0.1956336830167281 -0.09998809665516009 -0.01737921445950643 -0.019962423673085955 0.03817249194798998 -0.04796738218011752 0.0073046018991964985 -0.020757020757020756 -0.06670709520921773 -0.0201663725737333 0.05973051812751771 -0.04202215713739972 -0.08819379115710253 0.01061070502240038 -0.08167743508472511 -0.05664015425403712 -0.0693862902261036 -0.0900900900900901 -0.06353084911423336 -0.10129503782536223 0.0 -0.022351918539674654 -0.03368515607455648 0.03618272274988694 -0.019279431256777925 -0.0876372984342136 -0.07180694526191879 -0.14725568942436412 -0.09243493067380197 -0.13599500935745476 -0.01816059151640939
0.09243493067380198 -0.10831122900088419 0.06578947368421054 -0.20291545189504373 -0.08049242424242424 -0.15973690392295042 -0.1479398459469373 -0.12519752035979093 -0.0714194618033414 -0.015184980673660961 0.038177653346907606 -0.06690997566909976 -0.09829777031886838 -0.030746525642602385 -0.08143322475570032 0.04847731510254817 -0.06843906291129245 -0.035478966041561075 -0.026116479498563595 -0.03483835005574136 -0.026795967844838585 -0.4386924292137563 -1.293622141997593 -1.0902255639097744 -0.7935323383084576 -0.6541938724259168 -0.1660954389665173 -0.09272021049993735 -0.15049504950495046 -0.09279717189571365 -0.05276705276705277 -0.9711037423022265 -2.581342297994958 -2.157006603081437 -1.4104750304506701 -1.3457399670844412 -0.20607661822985462 -0.08609611924955025 -0.12264922322158626 -0.002996703626011393 -0.13470980737756516 -0.348731884057971 -0.37251943831960077 -0.3494721514379323 -0.35770392749244717 -0.06669091790954287 -0.21516137102827115 -0.012584948401711551 -0.13642922733831825 0.04030452306314375 -0.0846718964014444 -0.04168113928447378 -0.1629512277922372 -0.12967289719626166 -0.2447795823665893 -0.0939419486932434 -0.2335299901671583 -0.20902906617192327 -0.07905650596163816 -0.17578678763821948 -0.09879776217117009 -0.018537828756806856 -0.011742602160638795 0.053680066801860916 -0.03117879841707639 0.028000973946919895 0.001221001221001225 -0.05579138872043665 -0.003781194857574993 0.06528684539519378 -0.05220934674646631 -0.08231420507996237 -0.020042442820089594 -0.07192490552236987 -0.06628103157387323 -0.0646010288311999 -0.06293965198074788 -0.06230910201588271 -0.10001282215668675 -0.011060417530761786 -0.022351918539674654 -0.03368515607455648 0.040705563093622804 -0.02530425352452103 -0.0817948118719327 -0.05768098881695116 -0.13873676524278936 -0.07540744344441741 -0.14472863381160322 -0.010377480866519653
0.07783994162004379 -0.1204686118479222 0.032894736842105254 -0.22157434402332363 -0.09824810606060606 -0.1562132957481795 -0.14060398581733707 -0.14707669867509418 -0.07014411427113888 -0.03313086692435119 0.0369050649020107 -0.09002433090024331 -0.10908654998801248 -0.04304513589964334 -0.07141067401653721 0.05717837165941579 -0.04343248223216636 -0.024075012671059298 -0.030033951423348137 -0.026477146042363436 -0.06762791884649738 -0.7497873374650627 -1.3730445246690735 -1.098714528256124 -0.72636815920398 -0.3515821195379206 -0.12391247034010018 -0.08394937977697031 -0.15049504950495052 -0.10310796877301516 -0.11711711711711711 -1.5170535291331124 -2.7506303277704407 -2.1631205673758855 -1.2667478684531062 -0.7925053804279023 -0.14531043593130782 -0.09380621948085326 -0.1335513763968384 -0.03296373988612526 -0.1561123001384867 -0.3917572463768116 -0.38412440524544506 -0.34340492658657923 -0.30090634441087616 -0.038801988601915846 -0.19389542156617465 0.010067958721369244 -0.13118194936376754 0.05523212419764144 -0.08342672145436433 -0.054417042954729655 -0.15276677605522235 -0.1261682242990654 -0.2192575406032482 -0.07105865349873539 -0.20894788593903635 -0.19418676561533701 -0.05443234836702955 -0.17295151686986107 -0.09760742768718009 -0.02780674313521029 -0.0023485204321277557 0.040558272694739356 -0.02038613742654995 0.03652300949598247 0.025641025641025644 -0.0618556701030928 0.013864381144441645 0.06250868176135574 -0.0458423532407997 -0.07055503292568202 -0.029474180617778817 -0.07070583932707547 -0.06507592190889372 -0.032300514415599946 -0.028384548932494147 -0.06353084911423336 -0.07436850878317733 -0.009677865339416563 -0.022351918539674654 -0.04154502582528632 0.019222071460877437 -0.03735389806000723 -0.09231128768403833 -0.03649205414949971 -0.12778386272362177 -0.06446120165409876 -0.1472239550842171 -0.007783110649889744
0.08027243979567014 -0.14588859416445624 0.016447368421052624 -0.22857142857142856 -0.11245265151515152 -0.1385952548743246 -0.13449076904267027 -0.14950771848790564 -0.06249202907792373 -0.03036996134732193 0.017816238228556887 -0.11313868613138685 -0.12946535602972908 -0.04181527487393925 -0.06765221748935105 0.08328154133001867 -0.03553566728086338 -0.0012671059300557509 -0.019587359623922697 0.002787068004459309 -0.1365318361617966 -1.0888321788795723 -1.4103489771359807 -1.0853747271404317 -0.5111940298507462 -0.03139126067302862 -0.11732138149222252 -0.05888986342563588 -0.15709570957095711 -0.08248637501841213 -0.22265122265122264 -2.13879677877783 -2.8226677872493697 -2.157006603081437 -0.8477466504263095 -0.2278769464489176 -0.142668428005284 -0.09123618607041892 -0.15126737530662304 -0.044950554390170816 -0.1875865541986655 -0.4336503623188405 -0.40153185563421145 -0.33491081179468507 -0.21873111782477342 -0.007275372862859228 -0.17262947210407803 0.04404731940599044 -0.12199921290830382 0.07911628601283774 -0.08965259618976466 -0.06715294662498553 -0.15616159330089394 -0.12149532710280372 -0.2064965197215777 -0.05058412621943875 -0.20526057030481804 -0.17192331478045758 -0.041472265422498704 -0.13751063226538135 -0.11308177597905011 -0.04634457189201715 -0.03522780648191639 0.03101514970774185 -0.04796738218011752 0.037740443145848554 2.7755575615628915e-18 -0.05579138872043663 -0.013864381144441643 0.08195582719822196 -0.049662549344199676 -0.07055503292568202 -0.045979721763734965 -0.06339144215530904 -0.0903832248734635 0.007177892092355548 -0.024682216463038382 -0.052535125229077585 -0.07308629311450186 0.01244296972210701 -0.03476965106171613 -0.03705367168201212 -0.0022614201718679297 -0.018074466803229303 -0.11100724468333725 -0.003531489111241907 -0.13751977607399293 -0.04378496716127463 -0.14348097317529632 0.007783110649889738
0.05959620530284602 -0.14478337754199821 -0.0010964912280701726 -0.229737609329446 -0.09706439393939395 -0.12332628611698379 -0.1467172025920039 -0.13978363923665976 -0.06376737661012624 -0.04003313086692435 -0.007635530669381521 -0.12895377128953772 -0.14504914888515946 -0.024597220514081905 -0.061388123277374085 0.10565568676196395 -0.03685180310608055 0.015205271160669031 -0.01828153564899452 0.004180602006688966 -0.2067117519458977 -1.1386559727791956 -1.4103489771359807 -0.9265098229444577 -0.3196517412935323 -0.010045203415369162 -0.11204851041392036 -0.053877960155369 -0.1491749174917492 -0.08837825894829872 -0.31274131274131267 -2.2252486972998575 -2.8106615440028815 -1.8684274883834675 -0.5529841656516444 -0.18230155715913407 -0.12549537648612946 -0.07453096890259574 -0.13900245298446443 -0.04195385076415943 -0.21906080825884425 -0.44384057971014484 -0.400371358941627 -0.2681713384298022 -0.21268882175226586 0.019400994300957923 -0.1738804103077308 0.06544173168890008 -0.12987012987012986 0.08060904612628751 -0.1058398705018055 -0.07873104087067267 -0.15955641054656555 -0.11098130841121497 -0.19489559164733178 -0.03854028664338191 -0.20157325467059978 -0.16326530612244897 -0.04017625712804562 -0.13892826764956054 -0.11308177597905011 -0.04866180048661801 -0.02465946453734147 0.04055827269473935 -0.03117879841707639 0.04017531044558072 0.0012210012210012214 -0.06185567010309277 -0.0201663725737333 0.07362133629670786 -0.062396536355532925 -0.07290686735653809 -0.0577693940108465 -0.07558210410825307 -0.0626657025789347 0.025122622323244408 -0.01851166234727879 -0.034208918753817964 -0.07821515578920375 0.013825521913452234 -0.03476965106171613 -0.043790702896923425 0.005653550429669836 -0.019279431256777925 -0.09347978499649452 -0.0011771630370806356 -0.12656687355482538 -0.04500121624908781 -0.13973799126637554 -0.005188740433259828
0.036487472634395515 -0.13262599469496023 -0.019736842105263157 -0.23206997084548106 -0.08285984848484848 -0.10923185341789994 -0.15038513265680403 -0.1239820104533852 -0.05994133401351868 -0.03865267807840972 -0.022906592008144565 -0.1435523114355231 -0.15344042196116042 -0.028286803591194197 -0.04885993485342019 0.09819763828464886 -0.02763885232956041 0.007602635580334516 -0.022199007573779055 0.0027870680044593116 -0.2475437029475565 -1.1568841900595457 -1.404332129963899 -0.6124181421295174 -0.13059701492537312 0.0 -0.10809385710519377 -0.048866056885102115 -0.13993399339933993 -0.08837825894829872 -0.37065637065637064 -2.2441970630033157 -2.791451554808501 -1.2949376375641966 -0.26431181485992694 -0.14558804912014178 -0.12021136063408192 -0.05782575173477256 -0.1471790678659035 -0.04195385076415943 -0.24927609215661586 -0.45176630434782605 -0.40617384240454923 -0.1977915301541075 -0.21510574018126888 0.05092761004001456 -0.18138603952964721 0.09564560785300781 -0.15479470024924571 0.11344976862218241 -0.12451749470800648 -0.08452008799351626 -0.15842480479800836 -0.11682242990654206 -0.17865429234338745 -0.04215343851619896 -0.19788593903638152 -0.1558441558441558 -0.03888024883359254 -0.13467536149702297 -0.11784311391501015 -0.02085505735140772 -0.01761390324095819 0.06918764165573185 -0.02518287564456171 0.08035062089116142 0.0012210012210012223 -0.025469981807155852 -0.0201663725737333 0.10001389081816918 -0.08022411817139946 -0.06937911571025399 -0.07663286960622495 -0.10605875899061316 -0.05543504458905761 0.020337360928340705 -0.01851166234727879 -0.0354306658521686 -0.08847288113860752 0.008295313148071342 -0.04842915683596175 -0.039299348753649224 -0.0033921302578019 -0.01927943125677793 -0.09114279037158216 -0.007062978222483812 -0.11683096020445419 -0.04986621260034055 -0.14098565190268247 -0.01816059151640939
0.010946241790318653 -0.13704686118479223 -0.030701754385964907 -0.2075801749271137 -0.06983901515151515 -0.10805731735964294 -0.14182662917227046 -0.12276650054697946 -0.06376737661012626 -0.03313086692435119 -0.04581318401628913 -0.15206812652068127 -0.1678254615200192 -0.0073791661542245745 -0.05136557253821097 0.10689869484151648 -0.042116346406949196 0.02534211860111506 -0.04439801514755811 0.020903010033444816 -0.27306367232359324 -1.188479766678819 -1.3501805054151625 -0.3189425175842833 -0.08084577114427861 0.0012556504269211413 -0.1041392037964672 -0.046360105249968676 -0.13993399339933993 -0.07954043305346883 -0.40540540540540543 -2.2595926101373753 -2.6930003601872974 -0.7238933724627048 -0.17539585870889157 -0.12913026965438665 -0.095112285336856 -0.05011565150346955 -0.1267375306623058 -0.03446209169913096 -0.2731965252423517 -0.4585597826086956 -0.3887663920157828 -0.16260162601626016 -0.20302114803625376 0.07032860434097248 -0.17262947210407806 0.11955700981625976 -0.15479470024924574 0.13434841021047916 -0.1444402938612875 -0.10767627648489057 -0.16747765078646598 -0.12266355140186916 -0.1693735498839907 -0.0554016620498615 -0.19419862340216323 -0.16573902288187997 -0.034992223950233284 -0.14743407995463567 -0.11427211046304012 -0.03359981462171243 -0.008219821512447155 0.08588810688297746 -0.007195107327017633 0.09009009009009009 0.012210012210012212 -0.015767131594906 -0.010083186286866646 0.10834838171968328 -0.08022411817139946 -0.07525870178739417 -0.10139118132515916 -0.07314397171766428 -0.045794167269221496 0.03708577581050365 -0.018511662347278787 -0.018326206475259628 -0.10385946916271319 0.03318125259228536 -0.059605116105799084 -0.06175611947002021 -0.001130710085933969 -0.027714182431618262 -0.07945781724702032 -0.02472042377869335 -0.12413289521723256 -0.058379956215032835 -0.14971927635683094 -0.018160591516409395
0.02189248358063731 -0.1370468611847922 -0.030701754385964907 -0.18775510204081633 -0.0556344696969697 -0.11275546159267089 -0.14060398581733707 -0.12762854017260242 -0.06249202907792374 -0.041413583655438985 -0.038177653346907606 -0.1532846715328467 -0.16063294174058979 0.018447915385561436 -0.05136557253821098 0.10441267868241144 -0.05132929718346933 0.020273694880892045 -0.06267955079655263 0.01811594202898551 -0.27306367232359324 -1.1933406246202458 -1.208182912154031 -0.09701673538685425 -0.04353233830845771 0.010045203415369163 -0.08172950171368311 -0.052624984337802286 -0.12013201320132012 -0.08395934600088378 -0.4092664092664092 -2.241828517290384 -2.3976467763236884 -0.35827830765468327 -0.12545676004872106 -0.12280035447525002 -0.07397622192866578 -0.05268568491390389 -0.11174707004633413 -0.035960443512136654 -0.2706785849175374 -0.4540307971014492 -0.345828014390159 -0.14197306152165998 -0.19577039274924474 0.07032860434097248 -0.17638228671503628 0.11074754593506167 -0.15873015873015872 0.1268846096432303 -0.1419499439671274 -0.12504341785342132 -0.15955641054656558 -0.11214953271028036 -0.15777262180974475 -0.06383234975310129 -0.19419862340216323 -0.18181818181818177 -0.02332814930015552 -0.1559398922597108 -0.1023687656231401 -0.02548951454060943 0.004697040864255525 0.09065966837647621 0.011991845545029379 0.08522035549062576 0.028083028083028087 -0.024257125530624625 0.0 0.0944575635504931 -0.0611231376543996 -0.06585136406396991 -0.10257014854987032 -0.035352919663537735 -0.03133285128946734 0.04545998325158512 -0.023448105639886467 -0.01832620647525962 -0.11411719451211695 0.03041614820959491 -0.05463802309698249 -0.0774758589714799 0.002261420171867929 -0.024099289070972408 -0.05725636831035288 -0.040023543260741604 -0.1046610685164902 -0.07783994162004379 -0.12850904553961323 -0.03242962770787392
0.010946241790318657 -0.1293103448275862 -0.0482456140350877 -0.15743440233236153 -0.06392045454545454 -0.10923185341789994 -0.14793984594693727 -0.11911997082776224 -0.08162224206096162 -0.035891772501380446 -0.04835836090608298 -0.1618004866180049 -0.16063294174058979 0.03935555282253106 -0.03132047105988474 0.11062771908017402 -0.03948407475651487 0.035478966041561075 -0.06137372682162445 0.03623188405797102 -0.27944366466760245 -1.1653906914570424 -0.9470517448856798 0.004850836769342703 -0.029850746268656712 0.020090406830738324 -0.0817295017136831 -0.042601177797268505 -0.1188118811881188 -0.07659449108852555 -0.41312741312741313 -2.1814306016106104 -1.860967703205667 -0.19075568598679382 -0.11205846528623631 -0.1025446259020129 -0.07793923381770144 -0.02570033410434336 -0.13900245298446443 -0.007491759065028469 -0.28578622686642324 -0.44497282608695654 -0.3040501334571196 -0.1261982769081422 -0.18972809667673718 0.08002910149145144 -0.18638979234425818 0.13088346337780016 -0.17840745113472384 0.14181221077772801 -0.1556468683850081 -0.09725599166377213 -0.1629512277922372 -0.09345794392523364 -0.14849187935034802 -0.05419727809225581 -0.19542772861356933 -0.16573902288187997 -0.042768273716951785 -0.15168698610717324 -0.11189144149506011 -0.03128258602711157 -0.01409112259276655 0.10258857211022307 0.0 0.07913318724129535 0.012210012210012212 -0.030321406913280773 -0.02772876228888329 0.08056674538130296 -0.07640392206799948 -0.08701787394167451 -0.13676019806649375 -0.023162257710593683 -0.031332851289467334 0.03230051441559996 -0.018511662347278794 -0.02199144777031155 -0.11155276317476599 0.03041614820959491 -0.06457220911461568 -0.059510442398383115 -0.006784260515603799 -0.004819857814194482 -0.042065903248422534 -0.0364920541494997 -0.09735913350371181 -0.07419119435660423 -0.12102308172177167 -0.025943702166299137
0.013378739965945024 -0.1381520778072502 -0.03508771929824562 -0.158600583090379 -0.06510416666666667 -0.12684989429175475 -0.15527570607653746 -0.13492159961103684 -0.0956510649151894 -0.05935946990612921 -0.03308729956731993 -0.16058394160583944 -0.1294653560297291 0.04796458000245973 -0.020045101478326235 0.10441267868241147 -0.03553566728086339 0.03928028383172834 -0.05615043092191173 0.04738015607580825 -0.27433967079239513 -1.0669583181431526 -0.5716004813477736 0.05335920446276983 -0.031094527363184077 0.03766951280763436 -0.09491167940943844 -0.022553564716200968 -0.13333333333333333 -0.06922963617616731 -0.40540540540540543 -1.9931312174324958 -1.1946212030255734 -0.11371973587674251 -0.09622411693057246 -0.09241676161539433 -0.071334214002642 -0.016705217167823184 -0.13082583810302534 -0.004495055439017076 -0.28452725670401613 -0.40534420289855067 -0.25646976906115815 -0.10071593253245965 -0.1921450151057402 0.09579240936097974 -0.18638979234425818 0.14724389630002518 -0.1862783680965499 0.15972533213912524 -0.16062756817332838 -0.085677897418085 -0.15842480479800838 -0.08060747663551401 -0.16125290023201858 -0.05058412621943875 -0.21632251720747298 -0.15213358070500926 -0.060912389839294964 -0.1516869861071732 -0.1083204380430901 -0.03475842891901286 0.001174260216063882 0.10378146248359776 -2.7755575615628915e-18 0.06330654979303628 0.0036630036630036665 -0.04851425106124924 -0.039072346861608265 0.06389776357827476 -0.06749013116006622 -0.07761053621825023 -0.1332232963923603 0.007314397171766426 -0.024102193299590263 0.044263667902859204 -0.019745773170430702 -0.010995723885155776 -0.11027054750609053 0.03318125259228536 -0.05587979634918664 -0.06737031214911296 0.005653550429669833 0.0072297867212917245 -0.044402897873334894 -0.02118893466745144 -0.1034440793476938 -0.052298710775966914 -0.12601372426699936 -0.006485925541574786
0.04500121624908781 -0.1326259946949602 0.0021929824561403495 -0.1446064139941691 -0.030776515151515155 -0.12684989429175475 -0.11737376207360313 -0.1373526194238483 -0.061216681545721206 -0.06488128106018774 -0.013998472893866132 -0.1545012165450122 -0.09829777031886838 0.07256180051654162 -0.011275369581558507 0.13175885643256682 -0.02369044485390892 0.07095793208312215 -0.044398015147558104 0.08779264214046825 -0.24243970907234919 -0.9600194434317657 -0.26233453670276774 0.10914382731021102 -0.014925373134328354 0.07031642390758412 -0.07777484840495649 0.0037589274527001643 -0.12145214521452145 -0.04566210045662101 -0.3513513513513513 -1.798910468972051 -0.6351302677392244 -0.03423820004891172 -0.05481120584652862 -0.07089505000632991 -0.030383091149273456 0.005140066820868672 -0.09130553284273643 0.025471980821096796 -0.23290948004532291 -0.3453351449275362 -0.21933387489845652 -0.08130081300813008 -0.17039274924471298 0.1176185279495574 -0.15761821366024517 0.1774477724641329 -0.15610651974288337 0.1895805344081206 -0.12576266965508656 -0.0717841843232604 -0.12900305533552112 -0.0630841121495327 -0.14501160092807425 -0.04215343851619897 -0.19296951819075714 -0.15213358070500926 -0.040176257128045616 -0.15026935072299402 -0.07499107249137008 -0.03359981462171243 0.035227806481916396 0.09304544912322557 0.023983691090058757 0.05113221329437545 0.028083028083028077 -0.061855670103092786 -0.02394756743130829 0.05556327267676066 -0.030561568827199792 -0.07761053621825023 -0.0978542796510257 0.03047665488236011 0.0012051096649795118 0.053834190692666595 0.007404664938911516 -0.004886988393402567 -0.09231952814463391 0.042859117931701926 -0.03476965106171613 -0.06961598922075006 0.03731343283582089 0.02289432461742379 -0.026875438186492174 -0.003531489111241909 -0.08762322015334065 -0.03527122354658233 -0.10854647535870243 0.016863406408094434
0.04013621989783507 -0.14257294429708223 0.01096491228070175 -0.15276967930029153 -0.0331439393939394 -0.12802443035001174 -0.11737376207360314 -0.12884405007900815 -0.05483994388470857 -0.05521811154058531 -0.01654364978365996 -0.14476885644768858 -0.08391273076000957 0.07502152256794983 -0.01002255073916312 0.12554381603480422 -0.019742037378257436 0.07602635580334516 -0.03264559937320449 0.10172798216276477 -0.23095572285313262 -0.7643699112893427 -0.10589651022864019 0.14431239388794567 -0.031094527363184077 0.07659467604218985 -0.08041128394410756 0.006264879087833605 -0.11617161716171617 -0.047135071439092645 -0.32432432432432423 -1.431785883467551 -0.3193660703565855 -0.002445585717779408 -0.06090133982947623 -0.06456513482719331 -0.04095112285336856 0.016705217167823184 -0.08857999454892343 0.03296373988612526 -0.20647110663477278 -0.2875905797101449 -0.19728443773935245 -0.0691663633054241 -0.17039274924471298 0.10913059294288832 -0.16637478108581435 0.16863830858293483 -0.16791289518562244 0.18360949395432152 -0.13572406923172706 -0.06252170892671069 -0.12560823808984953 -0.04556074766355139 -0.15893271461716937 -0.03733590268577623 -0.2089478859390364 -0.14223871366728508 -0.07257646448937274 -0.13609299688120216 -0.07618140697536006 -0.03475842891901286 0.03757632691404415 0.08588810688297746 0.01558939920853819 0.048697345994643294 0.017094017094017096 -0.05821710127349909 -0.03907234686160827 0.06250868176135575 -0.03565516363173311 -0.0764346190028222 -0.08252770572978071 0.04876264781177618 0.008435767654856593 0.06579734417992583 0.009872886585215353 0.015882712278558336 -0.08206180279523015 0.07465781833264205 -0.04842915683596176 -0.07523018189984279 0.023744911804613293 0.02530425352452103 -0.03972890862351016 -0.01059446733372572 -0.08518924181574784 -0.04135246898564825 -0.11104179663131628 0.020754961733039305
