-0.022717343818261248 -0.008304881424748549 -0.00891707123749133 -0.01418439716312057 0.008976660682226214 -0.009125752874612158 -0.05073051948051947 0.0020942408376963375 -0.07321314175894572 0.0009440196356084202 -0.04721719911593329 -0.029439596256965617 -0.011077877478675086 0.05380393844829442 -0.014401810513321681 -0.07825542570951585 -0.011543708678770071 -0.06439435994226712 -0.0749375520399667 -0.011192511192511193 -0.11755658097121513 -0.06549983893482228 0.0010820168794633176 -0.025955149501661123 -0.11797090051120725 -0.07475331406359016 -0.09474232170744401 -0.037783375314861464 -0.0778443113772455 -0.061605930876057216 -0.04170676932948348 -0.01166520851560221 0.02396644697423607 -0.030819806862543653 6.938893903907229e-19 -0.025855210819411296 -0.07519628441888754 -0.0111185234600845 -0.03772747447847315 -0.012845965199112463 -0.03833457565754446 -0.009454476694714949 0.017680997580495073 0.027346420548881728 -0.014631291455325792 -0.0549615269311482 0.009627727856225931 -0.010826025765941317 0.026923475199337264 -0.02935318167522801 -0.09480989150620663 -0.04865063337617037 -0.06608695652173915 0.015320452804493997 -0.04763188640244451 0.022421524663677132 -0.04949994948984747 -0.01796660325512576 -0.06348534546608826 -0.024167279604917522 -0.06029684601113172 0.020505172895889646 -0.06876513317191282 0.013632645642097613 -0.009494872768704896 0.045862412761714856 -0.051175958188153306 0.0484669687071963 -0.09917884184707262 0.055446836268754074 -0.059799382716049385 -0.038322112894873125 -0.0876277905278531 0.011158449989855953 -0.049245921822099116 -0.031324260099373516 -0.011092623405435384 -0.04340084576007123 -0.033879781420765025 -0.07789568751411154 -0.018885741265344667 -0.05872565332289322 0.025911708253358923 0.010350018818216034 0.035067766088522426 -0.04460966542750929 0.03989501312335958 -0.03589148105140927 0.05079060852898898 -0.03785237573463492 -0.04253595300789954 -0.046162723600692436 -0.09753184713375798 -0.017710178143556625 -0.07987058942472955 -0.06368233751638884 -0.061728395061728406 -0.018161638583392186 -0.07137345679012347 -0.040974010770311396
-0.027959807776321538 -0.0018455292054996824 -0.019815713861091846 -0.008510638297872344 0.005385996409335727 -0.0009125752874612175 -0.047686688311688305 0.01780104712041885 -0.0722979774869589 0.011328235627301047 -0.05224030540486237 -0.027336767952896645 -0.02215575495735017 0.05810825352415797 -0.014401810513321678 -0.07616861435726209 0.0 -0.0499611413345176 -0.06869275603663613 -0.0020350020350020357 -0.11975390024170514 -0.05905723182647911 0.012984202553559837 -0.0114202657807309 -0.11993708218639403 -0.07475331406359018 -0.0999479437792816 -0.030436607892527296 -0.07784431137724548 -0.05534092095645817 -0.04384557801304673 -0.017497812773403322 0.022967845016976234 -0.015409903431271826 0.000947777461851957 -0.017899761336515514 -0.07630211213093001 -0.003335557038025347 -0.04549489569462938 -0.002335630036202266 -0.03620487700990309 -0.009454476694714949 0.012097524660338733 0.010743236644203536 -0.012680452594615688 -0.06095732986909164 0.013906718014548566 -0.007578218036158925 0.025887956922439677 -0.03144983750917287 -0.09383246994428697 -0.050486506333761706 -0.06434782608695652 0.010213635202995997 -0.045834456726880565 0.015881913303437967 -0.05051015254066068 -0.019023462270133164 -0.061369167283885306 -0.027319533466428503 -0.06586270871985159 0.015844906328641994 -0.08329297820823242 0.012723802599291106 -0.007595898214963916 0.030907278165503482 -0.0544425087108014 0.0389843009166579 -0.09704596352778075 0.045662100456621 -0.06558641975308643 -0.038322112894873125 -0.1043187982474442 -0.0060864272671941584 -0.056427618754488575 -0.04212572909915748 -0.019966722129783693 -0.042288003561095036 -0.041530054644808745 -0.07902461052156243 -0.027279404049942297 -0.06557697954389743 0.02207293666026872 0.008468197214904027 0.031276656241114593 -0.05204460966542751 0.04409448818897638 -0.04116964002955769 0.05270723526593196 -0.042832951489192146 -0.043548713793801895 -0.048086170417387955 -0.1005175159235669 -0.029169705177622674 -0.07683752906682842 -0.07679340700505713 -0.05413105413105414 -0.02017959842599132 -0.06558641975308642 -0.05151018496839147
-0.027086063783311493 -0.014764233643997421 -0.022788070940255624 -0.01418439716312057 -0.0008976660682226181 -0.014601204599379447 -0.048701298701298704 0.004188481675392671 -0.07870412739086666 -0.0009440196356084229 -0.051235684147076556 -0.018925454736620755 -0.019940179461615155 0.0548800172172603 -0.015430511264273222 -0.07616861435726209 -0.00419771224682548 -0.04329965582324859 -0.07493755203996669 0.003052503052503051 -0.11645792133597013 -0.07086867819177493 0.020558320709803075 -0.022840531561461798 -0.11403853716083368 -0.08472042260540219 -0.09161894846434146 -0.032535684298908484 -0.06986027944111775 -0.05742925759632452 -0.052400812747299755 -0.02333041703120443 0.00998601957259836 -0.017464557222108074 -0.014216661927779355 -0.02883850437549721 -0.07961959526705739 -0.010006671114076052 -0.05659121171770972 -0.005839075090505667 -0.038334575657544445 -0.009454476694714947 0.006514051740182399 -0.005859947260474651 -0.015606710885680847 -0.06695313280703508 0.013906718014548564 -0.004330410306376528 0.023816920368644502 -0.03354649334311773 -0.08894536213468869 -0.05232237929135304 -0.0608695652173913 0.005106817601497999 -0.04223959737575268 0.009342301943198805 -0.03333670067683604 -0.020080321285140562 -0.0507882763728706 -0.03047178732793948 -0.06957328385899815 0.01118463976139435 -0.0920096852300242 0.011814959556484598 -0.017090770983668815 0.015952143569292126 -0.05662020905923344 0.029501633126119486 -0.110909672603178 0.03587736464448793 -0.05594135802469137 -0.038322112894873125 -0.09075735447527643 -0.02333130452424427 -0.043090181594336724 -0.05292719809894146 -0.013311148086522461 -0.04117516136211885 -0.03934426229508197 -0.0801535335290133 -0.024131780505718188 -0.07242830576490164 0.028790786948176585 0.006586375611592021 0.029381101317410674 -0.05947955390334573 0.04514435695538058 -0.046447799007706105 0.054623862002874946 -0.04781352724374937 -0.04557423536560664 -0.05000961723408348 -0.10350318471337583 -0.04062923221168872 -0.08492569002123142 -0.08990447649372542 -0.055080721747388414 -0.02219755826859045 -0.07233796296296298 -0.062046359166471554
-0.026212319790301447 -0.027682938082495157 -0.025760428019419402 -0.019858156028368795 -0.007181328545780967 -0.02828983391129768 -0.049715909090909095 -0.00942408376963351 -0.08511027729477441 -0.013216274898517894 -0.05023106288929073 -0.010514141520344864 -0.017724603965880138 0.05165178091036264 -0.016459212015224774 -0.0761686143572621 -0.00839542449365096 -0.036638170311979565 -0.08118234804329724 0.00814000814000814 -0.11316194243023511 -0.08268012455707076 0.028132438866046307 -0.03426079734219269 -0.1081399921352733 -0.0946875311472142 -0.08328995314940132 -0.03463476070528968 -0.061876247504990003 -0.05951759423619087 -0.06095604748155277 -0.029163021289005542 -0.002995805871779508 -0.019519211012944314 -0.029381101317410667 -0.03977724741447891 -0.08293707840318479 -0.01667778519012675 -0.06768752774079005 -0.009342520144809062 -0.04046427430518581 -0.00945447669471495 0.0009305788200260568 -0.022463131165152844 -0.01853296917674601 -0.07294893574497852 0.013906718014548564 -0.0010826025765941314 0.021745883814849327 -0.035643149177062586 -0.08405825432509041 -0.05415825224894437 -0.05739130434782609 -2.7755575615628915e-18 -0.03864473802462479 0.002802690582959641 -0.016163248813011417 -0.02113718030014796 -0.040207385461855885 -0.03362404118945046 -0.07328385899814471 0.006524373194146701 -0.10072639225181598 0.01090611651367809 -0.026585643752373718 0.0009970089730807568 -0.05879790940766551 0.020018965335581083 -0.12477338167857524 0.02609262883235486 -0.0462962962962963 -0.03832211289487312 -0.07719591070310869 -0.040576181781294386 -0.029752744434184873 -0.06372866709872543 -0.006655574043261232 -0.040062319163142665 -0.037158469945355196 -0.0812824565364642 -0.020984156961494076 -0.07927963198590585 0.03550863723608445 0.004704554008280015 0.02748554639370676 -0.06691449814126395 0.046194225721784776 -0.05172595798585453 0.05654048873981793 -0.0527941029983066 -0.04759975693741138 -0.05866512790921331 -0.10648885350318474 -0.04792165850609439 -0.0930138509756344 -0.10301554598239368 -0.05603038936372269 -0.024215518111189584 -0.07908950617283952 -0.07258253336455163
-0.022717343818261248 -0.020300821260496447 -0.033686713563856135 -0.02080378250591016 -0.006283662477558345 -0.025552108048914036 -0.04667207792207792 0.0020942408376963375 -0.08144962020682714 -0.01132823562730105 -0.05224030540486237 -0.008411313216275891 -0.03434142018389277 0.06133648983105563 -0.019545314268079417 -0.06990818030050083 -0.01259313674047644 -0.036638170311979565 -0.08534554537885095 0.006105006105006105 -0.11096462315974512 -0.08268012455707074 0.03462454014282622 -0.041528239202657816 -0.09634290208415257 -0.10066779627230142 -0.08745445080687142 -0.049328295549958025 -0.0648702594810379 -0.07100344575545578 -0.05240081274729976 -0.034023524837173136 -0.003994407829039347 -0.023628518594616805 -0.030328878779262623 -0.03878281622911694 -0.08514873382726972 -0.020013342228152098 -0.06435863293386596 -0.01751722527151699 -0.04046427430518581 -0.018908953389429894 -0.0009305788200260623 -0.0322297099326106 -0.019508388607101062 -0.08394124113120816 0.014976465554129223 -0.01407383349572372 0.023816920368644502 -0.046126428346786874 -0.07526146026781351 -0.05507618872774004 -0.04869565217391304 -0.0017022725338326692 -0.031455019322369014 -0.0046711509715994005 -0.01414284271138499 -0.02747833439019235 -0.0433816527351603 -0.042030051486813075 -0.06215213358070502 -0.003728213253798118 -0.09588377723970945 0.0027265291284195247 -0.021838207368021268 -0.005982053838484543 -0.05226480836236933 0.010536297545042678 -0.11410899008211581 0.01304631441617743 -0.04243827160493828 -0.03625064733298809 -0.07406634675568537 -0.04463379995942381 -0.03693444136657433 -0.06588896089868224 -0.0033277870216306153 -0.046739372356999785 -0.03825136612021858 -0.08579814856626776 -0.026230196201867596 -0.07830087109719094 0.023992322456813826 0.006586375611592021 0.0199033266988911 -0.06585236325013277 0.04199475065616798 -0.05489285337274359 0.05079060852898898 -0.05877079390377528 -0.05165080008102087 -0.05577995768417003 -0.10648885350318471 -0.05313053443066986 -0.08694773025983217 -0.1020790410189174 -0.06172839506172839 -0.026233477953788713 -0.07523148148148148 -0.07492390540856941
-0.015727391874180867 -0.023069115068745965 -0.022788070940255624 -0.022695035460992906 0.005385996409335727 -0.030114984486220114 -0.03449675324675324 -0.001047120418848166 -0.06314633476709071 -0.022656471254602094 -0.051235684147076556 -0.0063084849122069155 -0.03655699567962778 0.07102119875174863 -0.011315708260467034 -0.06260434056761269 -0.00104942806170637 -0.029976684800710564 -0.07493755203996669 0.006105006105006105 -0.10876730388925511 -0.08268012455707074 0.02705042198658299 -0.04879568106312293 -0.08946126622099881 -0.10664806139738862 -0.08537220197813637 -0.06402183039462638 -0.061876247504990024 -0.08248929727472068 -0.049192599721954874 -0.03888402838534073 -0.006990213700818852 -0.027737826176289292 -0.022746659084446973 -0.037788385043754966 -0.08736038925135466 -0.023348899266177454 -0.06324900133155792 -0.02569193039822492 -0.030880630390799697 -0.028363430084144842 0.006514051740182385 -0.041996288700068364 -0.008778774873195479 -0.0949335465174378 0.029952931108258463 -0.027065064414853308 0.03831417624521072 -0.056609707516511176 -0.07917114651549213 -0.05599412520653572 -0.039999999999999994 -0.0034045450676653357 -0.025164015457895213 -0.012144992526158447 -0.012122436609758562 -0.033819488480236734 -0.04443974182626177 -0.05043606178417569 -0.0686456400742115 -0.01398079970174294 -0.09200968523002422 -0.005453058256839038 -0.025636156475503224 -0.01296111665004985 -0.06097560975609756 0.0010536297545042691 -0.12050762503999149 0.0 -0.04436728395061729 -0.03417918177110305 -0.07928228666805759 -0.048691418137553254 -0.03693444136657434 -0.06804925469863903 -0.0011092623405435382 -0.05341642555085689 -0.03278688524590164 -0.09031384059607132 -0.029377819746091705 -0.07732211020847606 0.023032629558541268 0.008468197214904027 0.021798881622595016 -0.0647902283590016 0.04409448818897638 -0.058059748759632636 0.05270723526593196 -0.06474748480924394 -0.047599756937411385 -0.052894787459126756 -0.09355095541401273 -0.058339410355245334 -0.06773834799312506 -0.10114253605544107 -0.05603038936372269 -0.028251437796387852 -0.06172839506172839 -0.07726527745258722
-0.008737439930100482 -0.025837408876995482 -0.011889428316655112 -0.02458628841607565 0.017055655296229804 -0.03467786092352619 -0.02232142857142857 -0.004188481675392671 -0.044843049327354265 -0.033984706881903144 -0.05023106288929073 -0.004205656608137945 -0.0387725711753628 0.08070590767244162 -0.0030861022528546485 -0.055300500834724556 0.0104942806170637 -0.023315199289441545 -0.06452955870108243 0.006105006105006105 -0.1065699846187651 -0.08268012455707074 0.01947630383033975 -0.056063122923588046 -0.08257963035784506 -0.11262832652247583 -0.08328995314940135 -0.0787153652392947 -0.0588822355289421 -0.09397514879398558 -0.04598438669661 -0.04374453193350832 -0.00998601957259836 -0.03184713375796178 -0.015164439389631315 -0.036793953858393 -0.08957204467543958 -0.026684456304202804 -0.062139369729249896 -0.03386663552493285 -0.021296986476413586 -0.037817906778859794 0.01395868230039084 -0.05176286746752612 0.0019508388607101016 -0.10592585190366743 0.044929396662387676 -0.040056295333982896 0.05281143212177695 -0.06709298668623546 -0.08308083276317076 -0.056912061685331375 -0.03130434782608695 -0.005106817601498001 -0.018873011593421408 -0.01961883408071749 -0.010102030508132137 -0.04016064257028112 -0.045497830917363244 -0.0588420720815383 -0.075139146567718 -0.015844906328642 -0.08813559322033898 -0.02272107607016268 -0.029434105582985187 -0.018943170488534396 -0.06968641114982578 -0.008429038036034139 -0.12690625999786714 -0.01304631441617743 -0.0462962962962963 -0.023821853961677887 -0.0844982265804298 -0.05680665449381213 -0.03693444136657433 -0.0777705767984446 0.0011092623405435389 -0.05341642555085689 -0.02732240437158471 -0.08015353352901332 -0.032525443290315814 -0.07634334931976117 0.022072936660268716 0.008468197214904027 0.02369443654629893 -0.06054168879447691 0.046194225721784776 -0.04855906259896547 0.054623862002874946 -0.06076302420559816 -0.043548713793801916 -0.04135410655895365 -0.08061305732484077 -0.0427127825815189 -0.048528965726417954 -0.1020790410189174 -0.050332383665717 -0.033296337402885685 -0.04822530864197531 -0.07492390540856941
-0.013979903888160769 -0.017532527452246933 -0.02179728524720103 -0.016075650118203312 0.00718132854578097 -0.031027559773681324 -0.03145292207792207 0.007329842931937171 -0.05399469204722247 -0.018880392712168417 -0.054249547920433995 -0.011565555672379352 -0.04209593441896533 0.07209727752071451 -0.01234440901141858 -0.056343906510851416 0.00209885612341274 -0.01887420894859554 -0.06973355537052456 0.011192511192511193 -0.11535926170072511 -0.06764737463760333 0.01731227007141311 -0.04568106312292359 -0.08454581203303184 -0.10266121798066381 -0.09057782404997396 -0.06507136859781697 -0.06287425149700598 -0.08353346559465386 -0.04170676932948349 -0.04082822980460776 -0.020970641102456562 -0.022601191699198685 -0.027485546393706754 -0.030827366746221156 -0.09510118323565189 -0.022237046920169003 -0.06990679094540612 -0.028027560434427185 -0.041529123629006494 -0.0359270114399168 1.908195823574488e-18 -0.06250610411172966 -0.01755754974639095 -0.10292795043469571 0.02246469833119384 -0.03247807729782397 0.030030030030030026 -0.056609707516511176 -0.09383246994428697 -0.05415825224894438 -0.039999999999999994 -0.0042556813345816695 -0.02426530062011324 -0.014947683109118088 -0.01818365491463784 -0.02747833439019235 -0.05290445455507353 -0.04833455920983504 -0.0686456400742115 -0.01770901295554106 -0.08426150121065376 -0.020903389984549665 -0.031333080136726164 -0.020937188434695914 -0.060975609756097546 -0.005268148772521332 -0.12264050335928338 -0.009784735812133072 -0.05401234567901235 -0.01967892283790782 -0.0970164823701231 -0.056806654493812135 -0.043090181594336724 -0.08209116439835819 -0.004437049362174155 -0.04562653015802359 -0.03825136612021859 -0.059832919394897266 -0.04196831392298815 -0.06166193598903787 0.0163147792706334 0.02822732404968009 0.015164439389631312 -0.03717472118959107 0.03359580052493438 -0.02111263591259368 0.046957355055103026 -0.04283295148919215 -0.04759975693741139 -0.029813425658780535 -0.08757961783439491 -0.027086154807792473 -0.05863916691942169 -0.08990447649372539 -0.05413105413105414 -0.024215518111189584 -0.0626929012345679 -0.058534301100444865
-0.01922236784622106 -0.009227646027498383 -0.03170514217774696 -0.007565011820330969 -0.0026929982046678624 -0.027377258623836463 -0.04058441558441558 0.01884816753926702 -0.06314633476709071 -0.003776078542433687 -0.05826803295157725 -0.018925454736620755 -0.04541929766256786 0.0634886473689874 -0.021602715769982513 -0.057387312186978304 -0.00629656837023822 -0.014433218607749529 -0.07493755203996669 0.01628001628001628 -0.1241485387826851 -0.05261462471813594 0.015148236312486468 -0.035299003322259145 -0.08651199370821863 -0.09269410943885178 -0.09786569495054658 -0.051427371956339216 -0.06686626746506986 -0.07309178239532213 -0.03742915196235698 -0.037911927675707204 -0.03195526263231476 -0.013355249640435593 -0.0398066533977822 -0.02486077963404932 -0.1006303217958642 -0.0177896375361352 -0.07767421216156237 -0.02218848534392152 -0.0617612607815994 -0.03403611610097381 -0.013958682300390846 -0.07324934075593319 -0.037065938353492006 -0.099930048965724 -2.7755575615628915e-18 -0.024899859261665044 0.007248627938283113 -0.04612642834678689 -0.10458410712540318 -0.05140444281255737 -0.04869565217391304 -0.003404545067665336 -0.029657589646805073 -0.010276532137518685 -0.02626527932114355 -0.014796026210103574 -0.06031107819278384 -0.03782704633813176 -0.06215213358070502 -0.019573119582440117 -0.08038740920096851 -0.01908570389893665 -0.03323205469046715 -0.02293120638085743 -0.05226480836236933 -0.00210725950900853 -0.11837474672069959 -0.006523157208088715 -0.06172839506172839 -0.015535991714137753 -0.10953473815981643 -0.056806654493812135 -0.0492459218220991 -0.08641175199827178 -0.009983361064891847 -0.037836634765190294 -0.04918032786885246 -0.039512305260781214 -0.05141118455566048 -0.04698052265831457 0.010556621880998082 0.047986450884456154 0.0066344422329636995 -0.013807753584705257 0.02099737532808399 0.006333790773778112 0.0392908481073311 -0.02490287877278614 -0.051650800081020874 -0.018272744758607427 -0.09454617834394904 -0.011459527034066037 -0.06874936811242545 -0.07772991196853342 -0.057929724596391265 -0.015134698819493485 -0.07716049382716048 -0.04214469679232029
-0.02446483180428135 -0.020300821260496447 -0.041612999108292886 -0.026477541371158392 -0.012567324955116695 -0.0410658879357547 -0.04971590909090908 0.0041884816753926715 -0.07229797748695892 -0.015104314169734729 -0.062286517982720516 -0.016822626432551783 -0.04874266090617039 0.05272785967932851 -0.030861022528546445 -0.06156093489148582 -0.01469199286388918 -0.01887420894859554 -0.08014154870940882 0.011192511192511193 -0.13293781586464512 -0.0654998389348223 0.012984202553559828 -0.060215946843853826 -0.08847817538340542 -0.09867437456393899 -0.10515356585111921 -0.06402183039462636 -0.07085828343313375 -0.08040096063485433 -0.03315153459523046 -0.05249343832020999 -0.04293988416217296 -0.04314772960756112 -0.05212776040185765 -0.04375497215592681 -0.10615946035607651 -0.0244607516121859 -0.0854416333777186 -0.031531005488730585 -0.08199339793419233 -0.0359270114399168 -0.02791736460078168 -0.08106260376989939 -0.05657432696059306 -0.09693214749675227 -0.02246469833119384 -0.024899859261665054 -0.015532774153463807 -0.04717475626375931 -0.11533574430651941 -0.062419680558105387 -0.05739130434782609 -0.026385224274406333 -0.035049878673496904 -0.021487294469357248 -0.03434690372764926 -0.023250898330162757 -0.06771770183049414 -0.05148681307134602 -0.04638218923933209 -0.031689812657283996 -0.06876513317191282 -0.030900663455421244 -0.029434105582985193 -0.040877367896311065 -0.04355400696864111 -0.016858076072068275 -0.11410899008211581 -0.021743857360295715 -0.05883487654320988 -0.01657172449508027 -0.09910285833507199 -0.060864272671941576 -0.044116138298963783 -0.08209116439835819 -0.006655574043261232 -0.032272423770309366 -0.04590163934426229 -0.04628584330548656 -0.04616514531528697 -0.05578937065674855 0.02111324376199616 0.030109145652992098 0.01042555208037153 -0.02124269782262348 0.01889763779527559 -0.00422252718251873 0.04312410158121706 -0.03386791513098915 -0.05367632165282561 -0.030775149067128294 -0.09056528662420382 -0.04583810813626419 -0.07178242847032656 -0.09365049634763063 -0.06932573599240266 -0.024215518111189584 -0.08584104938271606 -0.04448606883633809
-0.022717343818261248 -0.03137399649349451 -0.047557713266620436 -0.04539007092198581 -0.01885098743267504 -0.054754517247672926 -0.0588474025974026 -0.010471204188481673 -0.07870412739086666 -0.02643254979703578 -0.059272654209363076 -0.014719798128482809 -0.0509582364019054 0.04196707198966963 -0.034975825532352636 -0.06573455759599332 -0.023087417357540142 -0.023315199289441545 -0.07805995004163196 0.006105006105006106 -0.14062843331136013 -0.07838505315150865 0.0010820168794633128 -0.08513289036544851 -0.10125835627211954 -0.10465463968902619 -0.10827693909422176 -0.07661628883291352 -0.06287425149700598 -0.08771013887438654 -0.03849855630413859 -0.06707494896471275 -0.054923107649290995 -0.07294020957468667 -0.05876220263482135 -0.0626491646778043 -0.1127944266283313 -0.031131865688236605 -0.08655126498002665 -0.040873525633539645 -0.08305824725801299 -0.03781790677885979 -0.03536199516099013 -0.08887586678386561 -0.057549746390948106 -0.09393424602778055 -0.024604193410355156 -0.024899859261665047 -0.009319664492078283 -0.048223084180731735 -0.12315511680187666 -0.07343491830365338 -0.06521739130434782 -0.04936590348114734 -0.041340882537970705 -0.03269805680119581 -0.03131629457520961 -0.03170577045022194 -0.062427256374986785 -0.06514657980456026 -0.04359925788497217 -0.04380650573212787 -0.05617433414043582 -0.04271562301190584 -0.035131029244208134 -0.058823529411764705 -0.044642857142857144 -0.03160889263512802 -0.11410899008211581 -0.036964557512502716 -0.06172839506172839 -0.017607457276022788 -0.10640517421239308 -0.06492189085007102 -0.05334974864060736 -0.0777705767984446 -0.009983361064891847 -0.026708212775428442 -0.04699453551912568 -0.05305938135019191 -0.04511593746721226 -0.06459821865518252 0.019193857965451054 0.012231840421528039 0.005686664771111742 -0.028677642060541686 0.01889763779527559 -0.014778845138815574 0.04791566842357452 -0.04283295148919216 -0.05570184322463036 -0.04327755337564916 -0.0865843949044586 -0.08021668923846233 -0.0818926296633303 -0.10957108072672783 -0.0835707502374169 -0.03329633740288568 -0.08777006172839508 -0.0468274408803559
-0.020969855832241154 -0.04244717172649257 -0.053502427424947985 -0.06430260047281325 -0.02513464991023339 -0.06844314655959116 -0.06797889610389611 -0.025130890052356015 -0.08511027729477441 -0.03776078542433683 -0.05625879043600562 -0.012616969824413838 -0.05317381189764042 0.03120628430001076 -0.039090628536158835 -0.06990818030050085 -0.0314828418511911 -0.027756189630287552 -0.07597835137385511 0.0010175010175010174 -0.1483190507580751 -0.09127026736819502 -0.010820168794633198 -0.11004983388704317 -0.11403853716083365 -0.11063490481411342 -0.11140031233732431 -0.08921074727120067 -0.05489021956087824 -0.09501931711391876 -0.04384557801304674 -0.06318654612617867 -0.06690633113640902 -0.10273268954181221 -0.06539664486778504 -0.0815433571996818 -0.1194293929005861 -0.0378029797642873 -0.08766089658233467 -0.050216045778348706 -0.08412309658183366 -0.03309066843150231 -0.04280662572119858 -0.07227268287918744 -0.05852516582130316 -0.07794543819326472 -0.026743688489516478 -0.018404243802100255 -0.003106554830692761 -0.044029772512842014 -0.1309744892972339 -0.07435285478244906 -0.07304347826086957 -0.053621584815729 -0.047631886402444513 -0.02709267563527653 -0.028285685422769973 -0.02642147537518495 -0.05713681091947942 -0.06724808237890093 -0.04081632653061225 -0.043806505732127875 -0.043583535108958835 -0.0508952103971644 -0.04082795290543107 -0.06480558325024925 -0.04573170731707317 -0.03160889263512802 -0.11410899008211581 -0.02826701456838443 -0.06462191358024691 -0.017607457276022784 -0.11370749008971415 -0.05579224994927976 -0.06258335898225095 -0.0723698422985526 -0.013311148086522461 -0.03561095036723792 -0.04808743169398907 -0.05305938135019191 -0.044066729619137546 -0.05676813154546344 0.017274472168905958 0.0075272864132480246 0.0009477774618519535 -0.025491237387148175 0.01889763779527559 -0.016890108730074942 0.05270723526593196 -0.03685626058372349 -0.05772736479643509 -0.04039238315060589 -0.08260350318471338 -0.07188248775914156 -0.09200283085633404 -0.1076980707997752 -0.09781576448243115 -0.03632327716678438 -0.0896990740740741 -0.04214469679232031
-0.027086063783311493 -0.03598781950724371 -0.0505300703457842 -0.06619385342789598 -0.028725314183123872 -0.06022996897244022 -0.07711038961038962 -0.01884816753926701 -0.0970074128306031 -0.029264608703861033 -0.04822182037371911 -0.022079697192724214 -0.049850448654037885 0.022597654148283654 -0.03703322703425574 -0.0761686143572621 -0.03358169797460384 -0.041079160652825575 -0.07285595337218984 -0.009157509157509158 -0.14941771039332014 -0.08375389240846129 -0.02488638822765635 -0.09966777408637875 -0.11207235548564687 -0.1016645071264826 -0.10515356585111921 -0.09130982367758186 -0.05489021956087824 -0.08875430719431973 -0.039567960645920226 -0.060270243997278115 -0.055921709606550817 -0.10376001643723032 -0.06350108994408113 -0.08552108194112967 -0.12164104832467101 -0.044474093840338 -0.08877052818464269 -0.05488730585075323 -0.07986369928655095 -0.03781790677885979 -0.047459519821328865 -0.06641273561871278 -0.057549746390948106 -0.07694613770360748 -0.025673940949935813 -0.018404243802100248 -0.0020710365537951743 -0.04193311667889715 -0.13195191085915353 -0.07986047365522306 -0.07478260869565218 -0.056174993616478 -0.047631886402444513 -0.02802690582959641 -0.032326497626022827 -0.033819488480236734 -0.06771770183049414 -0.06724808237890091 -0.03710575139146568 -0.043806505732127875 -0.048426150121065374 -0.05907479778242297 -0.03987846562856058 -0.0707876370887338 -0.04355400696864111 -0.04109156042566642 -0.10984323344353206 -0.025005435964340073 -0.06076388888888888 -0.017607457276022784 -0.11057792614229082 -0.04666260904848853 -0.061557402277623886 -0.06696910779866061 -0.009983361064891847 -0.04451368795904741 -0.04043715846994535 -0.053059381350191906 -0.049312768859511066 -0.04893804443574434 0.002879078694817662 0.0028227324049680093 -0.0028433323855558724 -0.022304832713754646 0.011548556430446194 -0.019001372321334316 0.046957355055103026 -0.030879569678254816 -0.06481669029775168 -0.037507212925562604 -0.09554140127388536 -0.06354828627982081 -0.09402487109493479 -0.10582506087282262 -0.10256410256410256 -0.03935021693068308 -0.0954861111111111 -0.037461952704284714
-0.033202271734381825 -0.029528467287994836 -0.04755771326662043 -0.06808510638297872 -0.03231597845601436 -0.052016791385289286 -0.08624188311688312 -0.012565445026178013 -0.10890454836643178 -0.020768431983385252 -0.04018485031143259 -0.03154242456103459 -0.046527085410435355 0.013989023996556549 -0.034975825532352636 -0.08242904841402338 -0.035680554098016584 -0.054402131675363605 -0.06973355537052456 -0.01933251933251933 -0.15051637002856516 -0.07623751744872757 -0.038952607660679504 -0.0892857142857143 -0.11010617381046006 -0.09269410943885178 -0.0989068193649141 -0.09340890008396305 -0.05489021956087824 -0.08248929727472068 -0.03529034327879371 -0.05735394186837757 -0.044937088076692625 -0.10478734333264846 -0.0616055350203772 -0.08949880668257756 -0.12385270374875597 -0.0511452079163887 -0.08988015978695073 -0.059558565923157766 -0.07560430199126823 -0.04254514512621726 -0.052112413921459155 -0.06055278835823811 -0.05657432696059306 -0.07594683721395024 -0.024604193410355156 -0.018404243802100245 -0.0010355182768975834 -0.0398364608449523 -0.13292933242107322 -0.08536809252799707 -0.07652173913043478 -0.058728402417227 -0.047631886402444513 -0.028961136023916294 -0.036367309829275676 -0.04121750158528852 -0.07829859274150883 -0.06724808237890091 -0.0333951762523191 -0.04380650573212788 -0.053268765133171914 -0.06725438516768154 -0.03892897835169008 -0.07676969092721835 -0.04137630662020905 -0.05057422821620483 -0.10557747680494826 -0.021743857360295715 -0.05690586419753087 -0.017607457276022784 -0.1074483621948675 -0.037532968147697306 -0.06053144557299682 -0.06156837329876863 -0.006655574043261231 -0.05341642555085689 -0.03278688524590164 -0.05305938135019191 -0.05455880809988458 -0.04110795732602525 -0.011516314779270634 -0.0018818216033120061 -0.0066344422329636995 -0.019118428040361127 0.004199475065616798 -0.02111263591259369 0.04120747484427408 -0.02490287877278613 -0.07190601579906827 -0.03462204270051933 -0.10847929936305731 -0.055214084800500066 -0.09604691133353555 -0.10395205094587001 -0.10731244064577397 -0.04237715669458177 -0.10127314814814817 -0.032779208616249125
-0.03844473569244212 -0.03229676109624435 -0.04557614188051124 -0.06808510638297872 -0.04129263913824057 -0.05384194196021171 -0.09131493506493507 -0.014659685863874344 -0.11165004118239223 -0.02076843198338525 -0.05023106288929073 -0.03469666701713805 -0.043203722166832825 0.010760787689658886 -0.04114803003806193 -0.08347245409015025 -0.040927694406548434 -0.046630398578883084 -0.07389675270607828 -0.017297517297517297 -0.15381234893430015 -0.07408998174594653 -0.04760874269638606 -0.07475083056478407 -0.11698780967361386 -0.08272700089703976 -0.10203019260801667 -0.08186397984886651 -0.0558882235528942 -0.07309178239532213 -0.04277617367126511 -0.058326042578011085 -0.044937088076692625 -0.09965070885555785 -0.06539664486778504 -0.0914876690533015 -0.12385270374875594 -0.04780965087836335 -0.0887705281846427 -0.04437697068784304 -0.07879884996273027 -0.03687245910938829 -0.05211241392145914 -0.05469284109776344 -0.05267264923917285 -0.0649545318277206 -0.024604193410355156 -0.00433041030637653 -0.003106554830692761 -0.02515987000733829 -0.14270354804026977 -0.0899577749219754 -0.0791304347826087 -0.07149544642097201 -0.05122674575357239 -0.03176382660687594 -0.0454591372865946 -0.039103783555273726 -0.08358903819701619 -0.06094357465587895 -0.038033395176252316 -0.041942399105228824 -0.056174334140435836 -0.06816322821048805 -0.04462590201291303 -0.08175473579262213 -0.04899825783972125 -0.05057422821620483 -0.11304255092246988 -0.016307893020221786 -0.061728395061728406 -0.02278612118073537 -0.10118923430002087 -0.049705822682085614 -0.06566122909613213 -0.06588896089868221 -0.017748197448696615 -0.04673937235699978 -0.032786885245901634 -0.04289907428313389 -0.05770643164410869 -0.04110795732602525 -0.011516314779270634 -0.0075272864132480246 -0.011373329542223486 -0.019118428040361127 0.002099737532808399 -0.021112635912593686 0.04312410158121706 -0.021914533320051797 -0.07595705894267775 -0.03654548951721485 -0.11146496815286625 -0.05208875924575477 -0.09907997169143666 -0.10301554598239368 -0.10256410256410256 -0.03935021693068308 -0.09837962962962964 -0.02458440646218684
-0.030581039755351685 -0.038756113315493224 -0.030714356484692357 -0.06713947990543735 -0.030520646319569123 -0.05840481839751779 -0.0791396103896104 -0.015706806282722516 -0.10432872700649765 -0.014160294534126311 -0.04219409282700422 -0.03995373777731048 -0.04320372216683284 0.0010760787689658908 -0.030861022528546445 -0.08764607679465776 -0.0314828418511911 -0.053291884090152106 -0.06973355537052457 -0.01628001628001628 -0.15491100856954515 -0.07516374959733704 -0.06492101276779917 -0.07371262458471763 -0.12288635469917422 -0.08173029004285856 -0.10098906819364913 -0.07346767422334174 -0.05489021956087823 -0.06787094079565625 -0.05774783445620789 -0.0592981432876446 -0.05392450569203115 -0.09451407437846723 -0.0682399772533409 -0.09347653142402544 -0.12274687603671348 -0.044474093840338 -0.09653794940079893 -0.031531005488730585 -0.06921520604834416 -0.031199773092559325 -0.046528941001302816 -0.048832893837288796 -0.04779555208739759 -0.05396222644149096 -0.01711596063329054 0.009743423189347192 0.0010355182768975874 -0.010483279169724292 -0.13195191085915356 -0.09454745731595374 -0.08347826086956521 -0.08426249042471698 -0.04763188640244451 -0.034566517189835576 -0.030306091524396405 -0.03699006552525893 -0.06560152364829117 -0.05463906693285699 -0.029684601113172542 -0.040078292478329766 -0.05036319612590799 -0.06907207125329456 -0.03133308013672616 -0.08673978065802593 -0.03484320557491288 -0.05057422821620483 -0.10131172016636451 -0.010871928680147858 -0.04340277777777779 -0.027964785085447953 -0.09075735447527646 -0.06187867721647393 -0.0554016620498615 -0.07020954849859581 -0.0011092623405435404 -0.040062319163142665 -0.01639344262295082 -0.03273876721607586 -0.05036197670758578 -0.04110795732602525 -0.022072936660268713 -0.013172751223184042 -0.01042555208037153 -0.019118428040361127 0.002099737532808399 -0.021112635912593686 0.046957355055103026 -0.01892618786731746 -0.08304638444399433 -0.03846893633391037 -0.12440286624203822 -0.048963433691009486 -0.10413507228793854 -0.1020790410189174 -0.1054131054131054 -0.03632327716678438 -0.1070601851851852 -0.016389604308124563
-0.022717343818261255 -0.04521546553474209 -0.015852571088873474 -0.06619385342789598 -0.01974865350089767 -0.06296769483482387 -0.06696428571428573 -0.016753926701570682 -0.09700741283060307 -0.007552157084867367 -0.034157122764717704 -0.04521080853748292 -0.04320372216683284 -0.008608630151727106 -0.02057401501903096 -0.09181969949916527 -0.02203798929583377 -0.059953369601421114 -0.06557035803497085 -0.01526251526251526 -0.15600966820479018 -0.07623751744872759 -0.08223328283921229 -0.07267441860465118 -0.1287848997247346 -0.08073357918867737 -0.09994794377928162 -0.06507136859781695 -0.05389221556886228 -0.06265009919599038 -0.07271949524115069 -0.060270243997278115 -0.06291192330736968 -0.08937743990137662 -0.07108330963889678 -0.0954653937947494 -0.12164104832467101 -0.04113853680231265 -0.10430537061695518 -0.01868504028961812 -0.05963156213395805 -0.02552708707573036 -0.04094546808114648 -0.04297294657681414 -0.04291845493562232 -0.04296992105526132 -0.009627727856225926 0.02381725668507091 0.005177591384487934 0.004193311667889716 -0.12120027367803736 -0.09913713970993208 -0.08782608695652175 -0.09702953442846199 -0.04403702705131661 -0.03736920777279522 -0.015153045762198197 -0.03487634749524414 -0.04761400909956619 -0.048334559209835024 -0.02133580705009277 -0.0382141858514307 -0.04455205811138015 -0.06998091429610107 -0.018040258260539305 -0.09172482552342971 -0.02068815331010453 -0.05057422821620483 -0.08958088941025914 -0.005435964340073929 -0.025077160493827168 -0.033143448990160536 -0.08032547465053204 -0.07405153175086224 -0.04514209500359086 -0.07453013609850939 0.01552967276760954 -0.03338526596928555 5.551115123125783e-18 -0.02257846014901783 -0.04301752177106285 -0.04110795732602525 -0.0326295585412668 -0.01881821603312006 -0.009477774618519568 -0.019118428040361124 0.002099737532808399 -0.021112635912593686 0.05079060852898898 -0.015937842414583125 -0.09013570994531092 -0.04423927678399692 -0.13734076433121017 -0.05729763517033024 -0.10919017288444041 -0.10114253605544107 -0.10826210826210825 -0.03329633740288568 -0.11574074074074074 -0.008194802154062281
-0.013106159895150727 -0.04429270093199225 -0.004953928465272951 -0.08416075650118203 -0.002692998204667868 -0.07483117357181966 -0.04870129870129871 -0.01884816753926702 -0.07778896311887983 -0.005664117813650525 -0.031143258991360258 -0.03785090947324151 -0.04209593441896533 -0.015065102765522437 -0.012344409011418572 -0.09912353923205341 -0.01469199286388918 -0.055512379260575104 -0.0593255620316403 -0.0020350020350020344 -0.15600966820479018 -0.0805325888542897 -0.09629950227223545 -0.08098006644518274 -0.13075108139992137 -0.08671384431376458 -0.09994794377928164 -0.06717044500419815 -0.05588822355289421 -0.054296752636525 -0.07592770826649556 -0.0592981432876446 -0.06391052526462951 -0.09656872816930347 -0.06160553502037721 -0.09745425616547335 -0.11500608205241622 -0.028908160996219696 -0.09764758100310697 -0.0023356300362022604 -0.05537216483867533 -0.02363619173678737 -0.05118183510143311 -0.04297294657681414 -0.04291845493562232 -0.05196362546217648 -0.011767222935387246 0.020569448955288516 -0.003106554830692762 0.022014886256421007 -0.12315511680187667 -0.10372682210391042 -0.09739130434782609 -0.09617839816154565 -0.048530601240226484 -0.04204035874439462 -0.018183654914637838 -0.04121750158528852 -0.05396254364617501 -0.04728380792266469 -0.030612244897959183 -0.04101034579177929 -0.03680387409200968 -0.09179314732345725 -0.01709077098366881 -0.09770687936191427 -0.029398954703832754 -0.04741333895269203 -0.08744801109096727 0.0010871928680147858 -0.02797067901234568 -0.020714655618850334 -0.09493010640517421 -0.08723879082978292 -0.0523237919359803 -0.08101101749837977 0.012201885745978924 -0.038949476964166486 0.0010928961748633906 -0.01580492210431248 -0.04931276885951107 -0.05578937065674856 -0.0326295585412668 -0.04610462928114415 -0.006634442232963697 -0.04248539564524695 0.0031496062992125984 -0.029557690277631155 0.046957355055103026 -0.01294949696184879 -0.09317399230301804 -0.04423927678399692 -0.1423168789808917 -0.06875716220439629 -0.11020119300374079 -0.10863457576325153 -0.11111111111111112 -0.03329633740288568 -0.10995370370370372 -0.002341372044017795
-0.015727391874180867 -0.043369936329242416 -0.0069354998513821405 -0.10212765957446808 5.551115123125783e-18 -0.08669465230881548 -0.0497159090909091 -0.020942408376963352 -0.07504347030291936 -0.0037760785424336835 -0.031143258991360258 -0.030491010409000104 -0.055389387393375435 -0.021521575379317766 -0.016459212015224767 -0.10642737896494156 -0.01679084898730192 -0.05107138891972911 -0.06973355537052457 0.011192511192511193 -0.1615029663810152 -0.0848276602598518 -0.0995455529106254 -0.08928571428571432 -0.13370035391270155 -0.09269410943885178 -0.10411244143675169 -0.06926952141057935 -0.05988023952095808 -0.045943406077059615 -0.07913592129184045 -0.05832604257801107 -0.06490912722188934 -0.10376001643723032 -0.06255331248222917 -0.09944311853619729 -0.11500608205241622 -0.016677785190126748 -0.0887705281846427 0.014013780217213594 -0.051112767543392626 -0.021745296397844383 -0.06141820212171971 -0.04297294657681414 -0.042918454935622324 -0.06095732986909164 -0.013906718014548566 0.01732164122550612 -0.011390701045873457 0.03983646084495231 -0.12510995992571597 -0.10831650449788877 -0.10695652173913044 -0.09532726189462933 -0.053024175429136344 -0.04671150971599402 -0.021214264067077482 -0.04755865567533291 -0.06031107819278383 -0.04623305663549438 -0.03988868274582561 -0.043806505732127875 -0.029055690072639216 -0.11360538035081343 -0.01614128370679832 -0.1036889332003988 -0.038109756097560975 -0.04425244968917923 -0.08531513277167538 0.0076103500761035 -0.030864197530864203 -0.008285862247540132 -0.1095347381598164 -0.10042604990870359 -0.059505488868369746 -0.08749189889825017 0.008874098724348307 -0.0445136879590474 0.002185792349726773 -0.00903138405960713 -0.0556080159479593 -0.07047078398747186 -0.03262955854126679 -0.07339104252916824 -0.0037911098474078244 -0.06585236325013277 0.004199475065616798 -0.03800274464266863 0.04312410158121706 -0.009961151509114457 -0.09621227466072513 -0.04423927678399692 -0.14729299363057327 -0.08021668923846233 -0.11121221312304115 -0.116126615471062 -0.11396011396011396 -0.03329633740288568 -0.10416666666666667 0.003512058066026691
-0.018348623853211014 -0.043369936329242416 -0.008917071237491324 -0.09645390070921986 0.002692998204667868 -0.09490782989596641 -0.0507305194805195 -0.023036649214659692 -0.0722979774869589 0.0037760785424336835 -0.031143258991360258 -0.033645252865103566 -0.06868284036778553 -0.021521575379317766 -0.020574015019030962 -0.10747078464106845 -0.01888970511071466 -0.045520150993671585 -0.08014154870940884 0.02543752543752544 -0.16699626455724018 -0.08590142811124235 -0.10279160354901536 -0.08098006644518274 -0.1366496264254817 -0.0966809528555766 -0.10827693909422176 -0.06926952141057933 -0.06387225548902195 -0.039678396157460584 -0.08234413431718532 -0.0651307475454457 -0.0659077291791492 -0.09759605506472158 -0.06350108994408113 -0.10043754972155927 -0.11500608205241622 -0.01890148988214365 -0.07989347536617841 0.015181595235314732 -0.04685337024810989 -0.03309066843150232 -0.07165456914200632 -0.05371618322101768 -0.042918454935622324 -0.0799440391725792 -0.016046213093709884 0.0032478077297823983 -0.019674847261054156 0.030401509592200438 -0.12706480304955528 -0.11107031393427577 -0.11652173913043477 -0.08936930802621498 -0.0575177496180462 -0.05418535127055306 -0.024244873219517123 -0.05601352779539209 -0.06665961273939265 -0.04308080277398339 -0.04916512059369203 -0.056855252120421286 -0.021307506053268765 -0.10906116513678088 -0.015191796429927833 -0.10568295114656032 -0.0468205574912892 -0.04530607944368349 -0.0831822544523835 0.004348771472059143 -0.03375771604938271 -0.016571724495080268 -0.12413936991445858 -0.10854128626496244 -0.06668718580075919 -0.09937351479801253 0.00554631170271769 -0.053416425550856884 0.003278688524590165 -0.011289230074508917 -0.06190326303640751 -0.08025839287462073 -0.03262955854126679 -0.07527286413248024 -0.0009477774618519577 -0.07434944237918215 0.005249343832020997 -0.04222527182518737 0.0392908481073311 -0.00896503635820301 -0.0941867530889204 -0.04616272360069244 -0.1512738853503185 -0.05729763517033024 -0.11222323324234154 -0.11144409065368047 -0.11680911680911683 -0.03329633740288567 -0.09837962962962962 -1.2143064331837649e-18
-0.015727391874180867 -0.053520346959490636 0.011889428316655109 -0.0851063829787234 0.014362657091561943 -0.09673298047088885 -0.03551136363636363 -0.028272251308900532 -0.06223117049510386 0.0009440196356084195 -0.04018485031143258 -0.03679949532120703 -0.06868284036778553 -0.026901969224147206 -0.023660117271885606 -0.10851419031719531 -0.02413684541924651 -0.0532918840901521 -0.08846794338051625 0.021367521367521368 -0.15600966820479018 -0.08697519596263288 -0.10062756979008872 -0.07267441860465115 -0.12288635469917422 -0.10066779627230141 -0.10307131702238417 -0.06926952141057933 -0.06686626746506985 -0.03341338623786154 -0.0812747299754037 -0.07193545251288033 -0.05891751547833034 -0.09143209369221286 -0.057814425172969384 -0.10143198090692125 -0.1127944266283313 -0.02112519457416055 -0.0821127385707945 0.016349410253415863 -0.05430731551485465 -0.044436040465160254 -0.06327935976177182 -0.06445941986522122 -0.04779555208739759 -0.09893074847606675 -0.02781343602909713 -0.010826025765941322 -0.02588795692243968 0.020966558339448573 -0.122177695239957 -0.11382412337066276 -0.10782608695652174 -0.08341135415780068 -0.050328030915790425 -0.061659192825112105 -0.024244873219517123 -0.06446839991545128 -0.06665961273939265 -0.03992854891247242 -0.039888682745825604 -0.06990399850871469 -0.01743341404358353 -0.10451694992274833 0.0009494872768704907 -0.10767696909272184 -0.033754355400696864 -0.046359709198187764 -0.07678361949450785 0.0010871928680147858 -0.02989969135802469 -0.024857586742620404 -0.10223242228249532 -0.11665652262122132 -0.04924592182209911 -0.1112551306977749 0.011092623405435379 -0.06231916314266637 0.01857923497267759 -0.013547076089410701 -0.05875563949218341 -0.09004600176176959 -0.023992322456813816 -0.07715468573579225 0.001895554923703914 -0.08284652150823155 0.005249343832020997 -0.046447799007706105 0.0392908481073311 -0.007968921207291563 -0.08608466680170143 -0.04808617041738796 -0.1423168789808917 -0.03437858110219814 -0.09503589121423515 -0.10676156583629895 -0.10161443494776827 -0.03329633740288567 -0.08680555555555555 -0.003512058066026694
-0.01310615989515072 -0.06367075758973886 0.03269592787080155 -0.07375886524822695 0.02603231597845602 -0.09855813104581128 -0.02029220779220779 -0.033507853403141365 -0.05216436350324884 -0.0018880392712168404 -0.04922644163150493 -0.03995373777731049 -0.06868284036778553 -0.03228236306897665 -0.02674621952474025 -0.1095575959933222 -0.02938398572777836 -0.06106361718663261 -0.09679433805162366 0.017297517297517294 -0.14502307185234015 -0.08804896381402341 -0.09846353603116206 -0.06436877076411959 -0.1091230829728667 -0.10465463968902622 -0.0978656949505466 -0.06926952141057932 -0.06986027944111775 -0.0271483763182625 -0.08020532563362208 -0.07874015748031496 -0.051927301777511495 -0.08526813231970413 -0.05212776040185765 -0.10242641209228323 -0.11058277120424635 -0.02334889926617745 -0.08433200177541059 0.017517225271516997 -0.0617612607815994 -0.0557814124988182 -0.05490415038153732 -0.07520265650942475 -0.05267264923917285 -0.11791745777955431 -0.039580658964484386 -0.02489985926166504 -0.03210106658382521 0.011531607086696722 -0.11729058743035872 -0.11657793280704976 -0.0991304347826087 -0.07745340028938634 -0.04313831221353465 -0.06913303437967114 -0.024244873219517123 -0.07292327203551047 -0.06665961273939265 -0.03677629505096143 -0.030612244897959183 -0.07922453164321 -0.013559322033898305 -0.10269926383713532 0.01709077098366882 -0.10468594217347957 -0.02068815331010453 -0.047413338952692036 -0.07038498453663218 -0.0021743857360295715 -0.026041666666666668 -0.03314344899016054 -0.08032547465053204 -0.11868533171028603 -0.031804657843439006 -0.1134154244977317 0.016638935108153074 -0.06120632094369018 0.03387978142076502 -0.015804922104312485 -0.0556080159479593 -0.09493980620534402 -0.015355086372360844 -0.08091832894241627 0.004738887309259784 -0.08815719596388741 0.005249343832020997 -0.04750343080333578 0.039290848107331106 -0.005976690905468674 -0.07798258051448248 -0.04520100019234468 -0.13335987261146498 -0.02500260443796229 -0.0778485491861288 -0.10395205094587001 -0.08641975308641975 -0.028251437796387845 -0.07523148148148147 0.0035120580660266895
-0.012232415902140673 -0.059056934575989664 0.03665907064301992 -0.06619385342789597 0.027827648114901266 -0.10220843219565615 -0.010146103896103894 -0.029319371727748695 -0.044843049327354265 -0.0009440196356084209 -0.053244926662648184 -0.04205656608137946 -0.07200620361138807 -0.022597654148283658 -0.02674621952474025 -0.10538397328881469 -0.0314828418511911 -0.0532918840901521 -0.10407993338884262 0.02238502238502238 -0.14502307185234015 -0.07731128530011812 -0.10170958666955203 -0.05606312292358804 -0.1130554463232403 -0.09967108541812021 -0.11348256116605934 -0.06297229219143577 -0.08283433133732535 -0.025060039678396158 -0.08982996470965673 -0.07582385535141442 -0.06890353505092871 -0.08218615163344976 -0.057814425172969384 -0.09645982498011137 -0.11942939290058607 -0.012230375806092948 -0.09764758100310697 0.026859745416326058 -0.06282611010542008 -0.044436040465160254 -0.046528941001302816 -0.06641273561871278 -0.04682013265704253 -0.10692515239332467 -0.04813863928112966 -0.014073833495723716 -0.04349176762969867 0.01991823042247614 -0.12022285211611769 -0.10189094914631906 -0.10347826086956521 -0.06213294748489232 -0.044037027051316624 -0.053251121076233185 -0.035357106778462474 -0.05284295075036991 -0.07512432546820443 -0.026268782179258172 -0.04267161410018553 -0.0764283717028614 -0.014527845036319615 -0.09270199036626375 0.008545385491834413 -0.09172482552342971 -0.033754355400696864 -0.03582341165314509 -0.07998293697344566 -0.0010871928680147858 -0.028935185185185185 -0.03003625064733299 -0.0844982265804298 -0.11259890444309188 -0.03385657125269313 -0.11557571829768849 0.00332778702163061 -0.053416425550856884 0.02404371584699453 -0.011289230074508917 -0.06085405518833281 -0.09298228442791426 -0.02303262955854127 -0.08185923974407226 0.0056866647711117406 -0.08284652150823155 0.0010498687664041995 -0.03694711284703895 0.027791087685673222 -0.003984460603645784 -0.0840591452298967 -0.0423158299673014 -0.1214171974522293 -0.015626627773726427 -0.07582650894752806 -0.09926952612848848 -0.09021842355175688 -0.025224498032489145 -0.08294753086419752 0.008194802154062281
-0.010484927916120578 -0.054443111562240465 0.029723570791637777 -0.058628841607565 0.027827648114901266 -0.105858733345501 -0.010146103896103898 -0.025130890052356025 -0.03752173515145969 6.938893903907229e-19 -0.05726341169379144 -0.04415939438544843 -0.07532956685499058 -0.01291294522759066 -0.02674621952474025 -0.10121035058430719 -0.03358169797460384 -0.045520150993671585 -0.11344712739383847 0.027472527472527458 -0.14502307185234015 -0.06657360678621282 -0.104955637307942 -0.04775747508305648 -0.11698780967361386 -0.09468753114721419 -0.1290994273815721 -0.05667506297229219 -0.09580838323353293 -0.02297170303852981 -0.09945460378569138 -0.07290755322251385 -0.08587976832434593 -0.07910417094719539 -0.06350108994408113 -0.09049323786793953 -0.12827601459692578 -0.0011118523460084523 -0.1109631602308034 0.03620226556113512 -0.06389095942924077 -0.03309066843150231 -0.038153731621068304 -0.05762281472800078 -0.040967616074912214 -0.09593284700709503 -0.05669661959777493 -0.0032478077297823918 -0.05488246867557213 0.02830485375825557 -0.12315511680187666 -0.08720396548558841 -0.10782608695652174 -0.046812494680398324 -0.04493574188909859 -0.03736920777279521 -0.04646934033740782 -0.03276262946522934 -0.0835890381970162 -0.0157612693075549 -0.05473098330241187 -0.0736322117625128 -0.01549636803874092 -0.08270471689539219 5.551115123125783e-18 -0.07876370887337986 -0.046820557491289196 -0.024233484353598147 -0.08958088941025914 0.0 -0.031828703703703706 -0.02692905230450544 -0.08867097851032757 -0.10651247717589771 -0.035908484661947265 -0.11773601209764528 -0.009983361064891855 -0.04562653015802358 0.014207650273224038 -0.006773538044705349 -0.06610009442870632 -0.09102476265048448 -0.030710172744721688 -0.08280015054572827 0.0066344422329636995 -0.07753584705257568 -0.0031496062992125984 -0.026390794890742107 0.01629132726401534 -0.0019922303018228894 -0.09013570994531092 -0.03943065974225812 -0.10947452229299363 -0.0062506511094905706 -0.0738044687089273 -0.09458700131110695 -0.094017094017094 -0.022197558268590455 -0.09066358024691358 0.012877546242097873
-0.007863695937090433 -0.05628864076774015 0.03368671356385614 -0.040661938534278956 0.034111310592459615 -0.10312100748311734 -0.0030438311688311655 -0.026178010471204195 -0.034776242335499225 -0.0037760785424336826 -0.04420333534257585 -0.03679949532120702 -0.07200620361138806 -0.007532551382761219 -0.014401810513321673 -0.0949499165275459 -0.0209885612341274 -0.048850893749306096 -0.1072023313905079 0.03357753357753356 -0.14062843331136016 -0.06979491034038442 -0.09738151915169876 -0.04256644518272427 -0.11108926464805349 -0.09468753114721419 -0.12285268089536698 -0.054575986565911005 -0.09181636726546905 -0.01879502975879712 -0.09410758207678324 -0.0690191503839798 -0.08388256440982625 -0.07191288267926854 -0.06065775755852526 -0.08651551312649164 -0.12385270374875593 -0.003335557038025351 -0.1120727918331114 0.026859745416326065 -0.05643701416249601 -0.036872459109388286 -0.03722315280104225 -0.05371618322101768 -0.030238002341006633 -0.099930048965724 -0.052417629439452294 -0.007578218036158923 -0.05074039556798178 0.02096655833944858 -0.11729058743035872 -0.07802460069763173 -0.11130434782608696 -0.021278406672908333 -0.041340882537970705 -0.01961883408071749 -0.03939791898171533 -0.022194039315155355 -0.07829859274150883 -0.00630450772302196 -0.05102040816326531 -0.07642837170286139 -0.00871670702179177 -0.09088430428065075 0.012343334599316375 -0.07078763708873378 -0.0348432055749129 -0.021072595090085345 -0.08638157193132132 -0.0021743857360295715 -0.028935185185185185 -0.03210771620921802 -0.09493010640517421 -0.09738283627510651 -0.026674874320303688 -0.11341542449773168 -0.00443704936217416 -0.0523035833518807 0.01420765027322404 -0.016933845111763376 -0.056657223796033995 -0.09885484976020356 -0.023032629558541264 -0.08468197214904027 0.012321107004075441 -0.0807222517259692 0.0031496062992125984 -0.019001372321334316 0.016291327264015335 -0.005976690905468672 -0.08405914522989669 -0.04904789382573572 -0.09952229299363057 -0.01979372851338681 -0.0667273278738247 -0.09365049634763065 -0.09306742640075974 -0.016143678740793053 -0.09066358024691358 0.004682744088035593
-0.019222367846221063 -0.062747992986989 0.02377885663331022 -0.05673758865248226 0.011669658886894085 -0.10585873334550103 -0.023336038961038964 -0.026178010471204195 -0.0503340349592752 -0.01510431416973473 -0.05525416917821981 -0.04415939438544843 -0.07200620361138806 -0.010760787689658885 -0.02674621952474025 -0.10121035058430719 -0.03358169797460384 -0.0510713889197291 -0.12073272273105744 0.027472527472527465 -0.13843111404087013 -0.07838505315150865 -0.08115126595974899 -0.048795681063122924 -0.11010617381046009 -0.093690820293033 -0.12077043206663199 -0.046179680940386235 -0.09081836327345308 -0.01670669311893077 -0.08555234734253021 -0.07096335180324682 -0.07789095266626724 -0.0801314978426135 -0.06823997725334092 -0.08154335719968178 -0.12827601459692578 -0.003335557038025351 -0.10985352862849536 0.016349410253415873 -0.07028005537216483 -0.041599697456745764 -0.043737204541224636 -0.05859947260474655 -0.04682013265704253 -0.10592585190366743 -0.0780915703893881 -0.016239038648911984 -0.07559283421352386 0.013628262920641575 -0.125109959925716 -0.07802460069763173 -0.11565217391304347 -0.014469316537577676 -0.045834456726880565 -0.01775037369207773 -0.05051015254066068 -0.013739167195096172 -0.08887948365252354 -0.0031522538615109804 -0.06586270871985159 -0.07922453164320997 -0.018401937046004846 -0.09906389166590931 -0.016141283706798328 -0.06281156530408773 -0.06097560975609756 -0.02001896533558108 -0.10237815932601044 -0.008697542944118286 -0.04918981481481481 -0.03728638011393061 -0.09597329438764866 -0.08825319537431528 -0.04103826818508259 -0.10909483689781807 -0.027731558513588467 -0.058980636545737805 -0.010928961748633882 -0.027094152178821405 -0.06295247088448222 -0.10668493686992267 -0.011516314779270634 -0.08656379375235228 0.010425552080371528 -0.08390865639936271 -0.0010498687664041995 -0.011611949751926523 0.00287494010541447 -0.009961151509114453 -0.08304638444399433 -0.05866512790921331 -0.09454617834394904 -0.033336805917283045 -0.07987058942472956 -0.09271399138415434 -0.10256410256410256 -0.01008979921299566 -0.0906635802469136 -0.003512058066026688
-0.030581039755351685 -0.06920734520623788 0.013870999702764295 -0.07281323877068559 -0.010771992818671455 -0.10859645920788467 -0.04362824675324675 -0.026178010471204195 -0.06589182758305116 -0.02643254979703578 -0.06630500301386377 -0.05151929344968983 -0.07200620361138807 -0.013989023996556549 -0.039090628536158835 -0.10747078464106845 -0.046174834715080285 -0.053291884090152106 -0.134263114071607 0.021367521367521354 -0.13623379477038014 -0.08697519596263288 -0.06492101276779919 -0.055024916943521594 -0.10912308297286669 -0.09269410943885178 -0.11868818323789694 -0.037783375314861464 -0.08982035928143711 -0.014618356479064426 -0.07699711260827719 -0.07290755322251384 -0.07189934092270821 -0.08835011300595849 -0.07582219694815659 -0.07657120127287191 -0.13269932544509566 -0.003335557038025351 -0.10763426542387929 0.005839075090505674 -0.08412309658183367 -0.04632693580410324 -0.05025125628140703 -0.06348276198847544 -0.06340226297307841 -0.11192165484161087 -0.10376551133932392 -0.024899859261665047 -0.10044527285906595 0.006289967501834569 -0.13292933242107324 -0.07802460069763173 -0.12000000000000002 -0.007660226402247001 -0.05032803091579041 -0.015881913303437967 -0.06162238609960604 -0.005284295075036987 -0.09946037456353826 0.0 -0.08070500927643785 -0.08202069158355856 -0.028087167070217918 -0.10724347905116786 -0.04462590201291302 -0.05483549351944167 -0.08710801393728224 -0.01896533558107681 -0.11837474672069959 -0.015220700152207 -0.06944444444444445 -0.04246504401864319 -0.0970164823701231 -0.07912355447352407 -0.0554016620498615 -0.1047742492979045 -0.05102606766500277 -0.06565768973959493 -0.0360655737704918 -0.03725445924587943 -0.06924771797293043 -0.11451502397964178 0.0 -0.08844561535566428 0.008529997156667616 -0.08709506107275623 -0.005249343832020997 -0.004222527182518735 -0.010541447053186392 -0.013945612112760237 -0.08203362365809196 -0.06828236199269092 -0.08957006369426751 -0.04687988332117928 -0.09301385097563443 -0.09177748642067804 -0.1120607787274454 -0.0040359196851982625 -0.0906635802469136 -0.011706860220088969
-0.04193971166448231 -0.059979699178739486 0.0039631427722183685 -0.06808510638297872 -0.03321364452423699 -0.08760722759627668 -0.06392045454545456 -0.009424083769633513 -0.08144962020682713 -0.01982441234777683 -0.07735583684950774 -0.05046787929765535 -0.07200620361138807 -0.007532551382761219 -0.05143503754757741 -0.0907762938230384 -0.05876797145555672 -0.04663039857888309 -0.14779350541215652 0.016280016280016282 -0.13403647549989012 -0.09556533877375711 -0.04869075957584938 -0.07059800664451828 -0.10813999213527328 -0.10066779627230141 -0.1166059344091619 -0.044080604534005044 -0.08882235528942115 -0.028192544638195677 -0.0737888995829323 -0.05832604257801107 -0.06391052526462952 -0.09451407437846723 -0.08340441664297224 -0.06364359586316626 -0.13712263629326552 0.0033355570380253496 -0.10541500221926321 4.163336342344337e-18 -0.08092854861037163 -0.042545145126217265 -0.03908431044109435 -0.06934270924895009 -0.06730394069449863 -0.10292795043469571 -0.10483525887890457 -0.007578218036158921 -0.09423216319768044 0.0010483279169724274 -0.1270648030495553 -0.07527079126124472 -0.10956521739130434 -0.006809090135330667 -0.045834456726880565 -0.007473841554559045 -0.057581573896353176 0.0021137180300147993 -0.09311184001692945 -0.005253756435851633 -0.08441558441558442 -0.06710783856836608 -0.03583535108958838 -0.10088157775152232 -0.05032282567413597 -0.03788634097706879 -0.09581881533101046 -0.008429038036034139 -0.12157406419963741 -0.009784735812133072 -0.07040895061728394 -0.0486794407042983 -0.08345503859795536 -0.08825319537431528 -0.0554016620498615 -0.10261395549794772 -0.061009428729894635 -0.04673937235699978 -0.041530054644808745 -0.03951230526078122 -0.06610009442870632 -0.10962121953606734 -0.008637236084452975 -0.07903650733910425 -0.004738887309259786 -0.06691449814126393 -0.011548556430446194 2.7755575615628915e-18 -0.010541447053186392 -0.020918418169140356 -0.08507190601579907 -0.06732063858434315 -0.08857484076433121 -0.04896343369100948 -0.09806895157213628 -0.0852219516763439 -0.10921177587844255 0.0020179598425991347 -0.0925925925925926 -0.00936548817607118
-0.0454346876365225 -0.05075205315124111 0.010898642623600515 -0.06335697399527186 -0.03500897666068223 -0.06661799598466873 -0.0700081168831169 0.007329842931937172 -0.0841951130227876 -0.013216274898517889 -0.07936507936507937 -0.049416465145620855 -0.058712750636977964 -0.0010760787689658886 -0.05246373829852896 -0.07408180300500834 -0.06401511176408857 -0.039968913067614076 -0.14154870940882597 0.011192511192511191 -0.13513513513513514 -0.10415548158488135 -0.06167496212940922 -0.08617109634551497 -0.11797090051120722 -0.10864148310575102 -0.11764705882352941 -0.050377833753148624 -0.09481037924151695 -0.04176673279732693 -0.07592770826649554 -0.04374453193350829 -0.056920311563810666 -0.10067803575097596 -0.07961330679556441 -0.050715990453460626 -0.13712263629326552 0.010006671114076049 -0.10652463382157122 -0.005839075090505662 -0.07028005537216482 -0.038763354448331275 -0.025125628140703515 -0.07520265650942473 -0.05852516582130316 -0.09393424602778055 -0.09413778348309798 0.009743423189347195 -0.07662835249042146 -0.004193311667889721 -0.1241325383637963 -0.0725169818248577 -0.09739130434782609 -0.005957953868414334 -0.049429316078008455 0.0009342301943198822 -0.058591776947166385 0.009511731135066585 -0.0941699291080309 -0.010507512871703267 -0.08812615955473098 -0.052194985553173624 -0.04358353510895884 -0.09451967645187678 -0.0560197493353589 -0.020937188434695914 -0.10235191637630663 0.00210725950900853 -0.13010557747680496 -0.004348771472059143 -0.07137345679012345 -0.05489383738995339 -0.06989359482578762 -0.09738283627510651 -0.0554016620498615 -0.10045366169799093 -0.07099278979478647 -0.027821054974404635 -0.04699453551912568 -0.041770151275682996 -0.06295247088448222 -0.1047274150924929 -0.01727447216890595 -0.06962739932254422 -0.018007771775187188 -0.04673393520977165 -0.01784776902887139 0.00422252718251874 -0.010541447053186392 -0.027891224225520466 -0.08811018837350618 -0.06635891517599539 -0.0875796178343949 -0.05104698406083967 -0.10312405216863815 -0.07866641693200976 -0.10636277302943971 0.00807183937039653 -0.09452160493827161 -0.007024116132053382
-0.04892966360856269 -0.041524407123742724 0.01783414247498266 -0.058628841607565006 -0.03680430879712747 -0.045628764373060765 -0.07609577922077923 0.024083769633507855 -0.08694060583874805 -0.00660813744925894 -0.081374321880651 -0.0462622226895174 -0.04541929766256786 0.005380393844829441 -0.05349243904948051 -0.05738731218697829 -0.06926225207262042 -0.03330742755634506 -0.13530391340549544 0.006105006105006106 -0.13623379477038014 -0.10093417803070977 -0.07465916468296906 -0.09240033222591364 -0.12780180888714116 -0.10365792883484504 -0.11868818323789691 -0.045130142737195636 -0.10079840319361275 -0.0428109011172601 -0.07806651695005881 -0.016525712063769796 -0.04993009786299182 -0.09656872816930348 -0.07582219694815659 -0.02883850437549721 -0.13712263629326552 0.030020013342228147 -0.10763426542387926 0.007006890108606797 -0.05963156213395804 -0.036872459109388286 -0.01116694584031267 -0.07422599863267897 -0.04974639094810769 -0.074947536724293 -0.08344030808729139 0.044386705640359424 -0.05902454178316248 0.022014886256421007 -0.12120027367803735 -0.06884523590967503 -0.08521739130434784 -0.0008511362669163348 -0.05302417542913633 0.0 -0.059601979997979594 0.015852885225110965 -0.09522801819913237 -0.010507512871703267 -0.09183673469387754 -0.042874452418678335 -0.0513317191283293 -0.09542851949468328 -0.06171667299658183 -0.023928215353938184 -0.1088850174216028 0.004214519018017067 -0.1386370907539725 -0.011959121548162643 -0.07233796296296298 -0.05178663904712585 -0.05633215105361986 -0.09129640900791235 -0.0554016620498615 -0.10045366169799094 -0.08097615085967831 -0.024482528377476075 -0.05245901639344262 -0.03951230526078122 -0.05980484734025811 -0.1047274150924929 -0.025911708253358923 -0.07150922092585624 -0.03127665624111459 -0.05735528412108337 -0.024146981627296588 -0.0010556317956296828 -0.010541447053186392 -0.037852375734634916 -0.09114847073121328 -0.06539719176764763 -0.0865843949044586 -0.04792165850609439 -0.10817915276514004 -0.0833489417493913 -0.10351377018043686 0.007062859449096964 -0.09645061728395062 -0.015218918286115667
