-0.023591087811271297 -0.029528467287994832 -0.027741999405528583 -0.013238770685579193 -0.020646319569120282 -0.020989231611607956 -0.07406655844155845 0.006282722513089004 -0.08694060583874808 -0.015104314169734729 -0.054249547920433995 0.01156555567237935 -0.0775451423507256 0.0365866781448402 -0.04732023454377122 -0.06886477462437395 -0.0314828418511911 -0.057732874430998116 -0.1072023313905079 -0.014245014245014242 -0.13293781586464512 -0.045098249758402244 -0.04219865829906947 -0.053986710963455156 -0.08454581203303184 -0.07874015748031496 -0.07808433107756377 -0.06297229219143577 -0.06487025948103793 -0.03759005951759424 -0.04170676932948347 -0.033051424127539614 -0.0329538645895746 -0.04725703718923362 -0.042649985783338076 -0.05966587112171838 -0.0519739024659958 0.021125194574160552 -0.03772747447847315 0.01284596519911246 -0.06815035672452348 -0.012290819703129431 -0.07909919970221478 0.039066315069831034 -0.06340226297307842 -0.04796642350354752 -0.049208386820710305 0.01515643607231785 -0.059024541783162465 -0.02411154209036587 -0.08014856807741179 -0.0872039654855884 -0.03826086956521739 -0.026385224274406326 0.01078457805338366 -0.0289611360239163 0.02020406101626427 -0.03593320651025154 -0.022219870913130886 -0.030471787327939474 -0.046382189239332086 0.005592319880697175 -0.043583535108958835 -0.034536035626647275 -0.029434105582985193 0.027916251246261216 -0.039198606271777 0.061110525761247515 -0.07465074117521595 0.05653402913676886 -0.039544753086419755 0.008285862247540136 -0.06780721886083872 0.02333130452424427 -0.02564891761567662 -0.057247785698855046 -0.005546311702717691 -0.05341642555085689 -0.020765027322404376 -0.05418830435764281 -0.03567306683453993 -0.04991680532445923 -0.00671785028790787 -0.04422280767783214 0.0018955549237039133 -0.004248539564524695 0.027296587926509186 -0.0063337907737781056 0.022041207474844275 -0.009961151509114452 -0.07190601579906827 -0.05097134064243124 -0.12937898089171973 0.012501302218981141 -0.09907997169143665 -0.08334894174939128 -0.09971509971509972 -0.0474220563010796 -0.10320216049382716 -0.04331538281432919
-0.023591087811271293 -0.023991879671495804 -0.04953928465272961 -0.00851063829787234 -0.024236983842010767 -0.010038328162073368 -0.0801542207792208 0.01780104712041885 -0.10341356273451086 -0.011328235627301045 -0.059272654209363076 0.01156555567237935 -0.07865293009859312 0.03335844183794254 -0.06172204505709289 -0.07095158597662769 -0.040927694406548434 -0.05662262684578662 -0.11448792672772687 -0.012210012210012208 -0.14941771039332016 -0.04617201760979277 -0.0443626920579961 -0.07267441860465115 -0.09535981124655919 -0.09070068773048938 -0.09474232170744404 -0.07031905961376995 -0.08083832335329341 -0.0469875743969928 -0.04277617367126511 -0.023330417031204437 -0.04693429199121231 -0.040065748921306765 -0.04928442801630177 -0.054693715194908524 -0.06082052416233551 0.0289081609962197 -0.05215268530847759 0.01634941025341586 -0.0724097540198062 -0.0037817906778859793 -0.09678019728270984 0.06152944623498389 -0.07803355442840422 -0.03197761566903168 -0.052417629439452273 0.020569448955288512 -0.0714507611059335 -0.017821574588531296 -0.08014856807741179 -0.07710666421883607 -0.036521739130434785 -0.03404545067665333 0.022467870944549294 -0.0289611360239163 0.03535710677846247 -0.03064891143521455 -0.016929425457623534 -0.027319533466428497 -0.05102040816326529 0.008388479821045763 -0.06101694915254237 -0.030900663455421244 -0.03038359285985568 0.028913260219341975 -0.041376306620209066 0.05478874723422189 -0.08958088941025914 0.04892367906066536 -0.04050925925925926 0.0 -0.08867097851032756 0.017244877257050113 -0.03693444136657433 -0.06048822639879024 -0.007764836383804768 -0.05675495214778544 -0.030601092896174863 -0.05305938135019193 -0.04091910607491343 -0.05481060976803367 0.002879078694817662 -0.04610462928114415 0.010425552080371525 -0.003186404673393521 0.025196850393700787 -0.0063337907737781056 0.019166267369429807 -0.009961151509114452 -0.06380392951184932 -0.04616272360069244 -0.13236464968152867 0.011459527034066047 -0.0970579314528359 -0.08147593182243867 -0.09971509971509973 -0.040359196851982644 -0.11188271604938271 -0.03863263872629361
-0.03494975972040192 -0.017532527452246933 -0.06142871296938472 0.0037825059101654858 -0.04039497307001795 -0.0027377258623836435 -0.09232954545454547 0.02722513089005235 -0.11256520545437906 -0.0018880392712168383 -0.062286517982720516 0.013668383976448322 -0.09637753406447326 0.037662756913806085 -0.06480814730994752 -0.06990818030050083 -0.04722426277678665 -0.05662262684578662 -0.12281432139883428 -0.009157509157509156 -0.15381234893430015 -0.04939332116396436 -0.06167496212940922 -0.08409468438538206 -0.1101061738104601 -0.08870726602212697 -0.10411244143675169 -0.06717044500419815 -0.08682634730538921 -0.04594340607705962 -0.042776173671265114 -0.01360940993486926 -0.05292590373477132 -0.029792479967125546 -0.055918870249265486 -0.04375497215592681 -0.06413800729846289 0.0400266844563042 -0.0554815801154017 0.026859745416326054 -0.0670855074007028 -0.0018908953389429912 -0.10236367020286619 0.056646156851255 -0.074131876706984 -0.03197761566903168 -0.04492939666238767 0.01623903864891198 -0.07041524282903591 -0.013628262920641575 -0.08894536213468869 -0.07986047365522306 -0.06173913043478261 -0.04170567707890033 0.0026961445133459176 -0.027092675635276536 0.02020406101626427 -0.027478334390192354 -0.030684583641942653 -0.025218030892087843 -0.051948051948051945 0.011184639761394352 -0.06973365617433414 -0.02726529128419522 -0.03892897835169009 0.029910269192422734 -0.048998257839721254 0.056896006743230434 -0.0906473285699051 0.05435964340073929 -0.04533179012345679 -0.008285862247540136 -0.09701648237012309 0.011158449989855957 -0.04719400841284498 -0.06372866709872542 -0.012201885745978922 -0.060093478744714005 -0.03825136612021858 -0.05193045834274103 -0.03986989822683874 -0.0597044142116081 -0.0019193857965451055 -0.047986450884456154 0.008529997156667612 -0.0021242697822623476 0.02204724409448819 -0.0063337907737781056 0.019166267369429803 -0.009961151509114452 -0.0577273647964351 -0.04135410655895365 -0.12838375796178342 0.010417751849150952 -0.1011020119300374 -0.07960292189548607 -0.10256410256410257 -0.03329633740288568 -0.10706018518518519 -0.03394989463825802
-0.04630843162953255 -0.011073175232998063 -0.07331814128603983 0.016075650118203312 -0.05655296229802513 0.00456287643730608 -0.10450487012987016 0.03664921465968586 -0.1217168481742473 0.007552157084867367 -0.06530038175607797 0.015771212280517297 -0.11410213803035338 0.04196707198966964 -0.06789424956280218 -0.06886477462437397 -0.05352083114702487 -0.05662262684578662 -0.13114071606994168 -0.006105006105006106 -0.15820698747528014 -0.05261462471813595 -0.07898723220082234 -0.09551495016611297 -0.12485253637436103 -0.08671384431376457 -0.11348256116605933 -0.06402183039462636 -0.09281437125748503 -0.044899237757126446 -0.042776173671265114 -0.0038884028385340803 -0.05891751547833034 -0.019519211012944328 -0.06255331248222919 -0.03281622911694511 -0.06745549043459029 0.0511452079163887 -0.058810474922325794 0.037370080579236256 -0.0617612607815994 -2.7755575615628915e-18 -0.10794714312302252 0.05176286746752613 -0.07023019898556379 -0.03197761566903168 -0.03744116388532306 0.01190862834253545 -0.06937972455213834 -0.009434951252751862 -0.09774215619196559 -0.08261428309161006 -0.08695652173913046 -0.049365903481147326 -0.017075581917857463 -0.02522421524663677 0.005051015254066067 -0.02430775734517016 -0.04443974182626177 -0.023116528317747187 -0.05287569573283859 0.01398079970174294 -0.07845036319612589 -0.023629919112969192 -0.047474363843524506 0.03090727816550349 -0.05662020905923345 0.05900326625223897 -0.09171376772955103 0.05979560774081322 -0.05015432098765431 -0.01657172449508027 -0.10536198622991863 0.005072022722661801 -0.05745357545911565 -0.06696910779866061 -0.016638935108153074 -0.06343200534164255 -0.04590163934426229 -0.050801535335290124 -0.03882069037876403 -0.06459821865518253 -0.00671785028790787 -0.049868272487768164 0.0066344422329636995 -0.0010621348911311738 0.01889763779527559 -0.006333790773778112 0.0191662673694298 -0.009961151509114455 -0.05165080008102087 -0.036545489517214855 -0.1244028662420382 0.009375976664235858 -0.10514609240723889 -0.07772991196853345 -0.10541310541310542 -0.026233477953788713 -0.10223765432098766 -0.029267150550222425
-0.049803407601572744 -0.010150410630248224 -0.08619835529574953 0.033096926713948 -0.059245960502693 0.007300602299689726 -0.10551948051948054 0.03455497382198953 -0.1143955339983527 0.004720098178042105 -0.07434197307615029 0.0021028283040689737 -0.11853328902182343 0.030130205531044875 -0.06686554881185064 -0.06990818030050083 -0.054570259208731244 -0.06439435994226714 -0.12281432139883428 -0.009157509157509158 -0.16479894528675015 -0.03865564265005906 -0.0768231984418957 -0.05606312292358804 -0.1238694455367676 -0.07475331406359015 -0.11140031233732431 -0.05667506297229219 -0.09081836327345308 -0.034457554557794715 -0.04384557801304674 -0.006804704967434629 -0.06690633113640902 -0.019519211012944324 -0.05876220263482135 -0.030827366746221163 -0.06192635187437797 0.0378029797642873 -0.05437194851309365 0.028027560434427185 -0.06708550740070279 0.0018908953389429907 -0.11725293132328307 0.04297294657681415 -0.06730394069449863 -0.04097132007594684 -0.03209242618741977 0.002165205153188265 -0.06523765144454799 -0.014676590837614006 -0.10458410712540318 -0.08812190196438408 -0.09478260869565218 -0.05957953868414332 -0.023366585782331264 -0.03456651718983557 -0.001010203050813216 -0.03381948848023674 -0.04973018728176913 -0.02942103604076915 -0.05658627087198516 0.007456426507596235 -0.08426150121065375 -0.02908297736980824 -0.04462590201291302 0.020937188434695914 -0.05662020905923345 0.04319881993467496 -0.0831822544523835 0.04674929332463579 -0.05304783950617283 -0.023821853961677887 -0.11370749008971417 -0.01927368634611483 -0.06155740227762389 -0.07885072369842298 -0.018857459789240152 -0.07789895392833297 -0.04153005464480875 -0.05757507337999548 -0.04091910607491344 -0.06949202309875697 -0.01343570057581574 -0.05363191569439217 0.005686664771111741 -0.012745618693574084 0.014698162729658792 -0.015834476934445264 0.02012458073790129 -0.011953381810937344 -0.050638039295118495 -0.036545489517214855 -0.12838375796178342 0.010417751849150954 -0.10312405216863814 -0.07960292189548605 -0.09971509971509973 -0.027242457875088288 -0.09741512345679013 -0.032779208616249125
-0.040192223678462216 -0.012918704438497736 -0.06539185574160308 0.037825059101654845 -0.04308797127468582 0.0036503011498448617 -0.0903003246753247 0.02513089005235602 -0.1015832341905372 -0.001888039271216839 -0.05625879043600562 -0.006308484912206917 -0.1030242605516783 0.020445496610351877 -0.040119329287110386 -0.08034223706176961 -0.03463112603631021 -0.07771733096480515 -0.09679433805162366 -0.01628001628001628 -0.16260162601626016 -0.03865564265005905 -0.06167496212940922 -0.048795681063122924 -0.11600471883602044 -0.07973686833449616 -0.11348256116605933 -0.06192275398824517 -0.08982035928143713 -0.03236921791792837 -0.04170676932948348 -0.009721007096335183 -0.059916117435590166 -0.01951921101294432 -0.057814425172969384 -0.028838504375497214 -0.06524383501050537 0.0244607516121859 -0.055481580115401684 0.015181595235314729 -0.0617612607815994 0.003781790677885981 -0.10980830076307464 0.03418302568610217 -0.06242684354272336 -0.049965024482862 -0.02567394094993582 -0.007578218036158928 -0.05384695039867453 -0.019918230422476153 -0.10165184243964423 -0.09362952083715807 -0.0947826086956522 -0.06979317388713932 -0.026062730295677176 -0.04390881913303438 -6.938893903907229e-19 -0.04333121961530332 -0.05713681091947943 -0.03572554376379111 -0.0575139146567718 0.0009320533134495295 -0.07748184019370459 -0.034536035626647275 -0.0379794910748196 0.010967098703888333 -0.04899825783972126 0.027394373617110952 -0.07465074117521596 0.03370297890845836 -0.04050925925925925 -0.031071983428275506 -0.0970164823701231 -0.04361939541489146 -0.04411613829896379 -0.09073233959818536 -0.002218524681087075 -0.09236590251502337 -0.02076502732240437 -0.06434861142470082 -0.034623858986465215 -0.0743858275423314 -0.009596928982725527 -0.057395558901016185 0.014216661927779359 -0.024429102496016993 0.023097112860892388 -0.025335163095112422 0.02587446094873024 -0.013945612112760237 -0.04759975693741139 -0.036545489517214855 -0.12440286624203825 0.01145952703406605 -0.09099181073703365 -0.08147593182243865 -0.0949667616334283 -0.028251437796387852 -0.08584104938271604 -0.036291266682275815
-0.03058103975535168 -0.015686998246747255 -0.04458535618745665 0.042553191489361694 -0.02692998204667863 0.0 -0.07508116883116885 0.015706806282722512 -0.0887709343827217 -0.008496176720475783 -0.03817560779586096 -0.014719798128482809 -0.08751523208153318 0.010760787689658883 -0.013373109762370123 -0.0907762938230384 -0.01469199286388918 -0.09104030198734318 -0.070774354704413 -0.0234025234025234 -0.16040430674577016 -0.03865564265005905 -0.04652672581692274 -0.04152823920265781 -0.10813999213527328 -0.08472042260540218 -0.11556480999479438 -0.06717044500419815 -0.08882235528942115 -0.03028088127806202 -0.03956796064592022 -0.012637309225235732 -0.05292590373477131 -0.01951921101294432 -0.056866647711117435 -0.026849642004773272 -0.06856131814663276 0.0111185234600845 -0.05659121171770972 0.002335630036202266 -0.056437014162496 0.005672686016828972 -0.10236367020286616 0.02539310479539018 -0.057549746390948106 -0.05895872888977716 -0.01925545571245186 -0.017321641225506116 -0.04245624935280108 -0.025159870007338297 -0.09871957775388525 -0.09913713970993207 -0.0947826086956522 -0.08000680909013533 -0.028758874809023095 -0.053251121076233185 0.0010102030508132103 -0.0528429507503699 -0.06454343455718972 -0.042030051486813075 -0.05844155844155845 -0.005592319880697176 -0.07070217917675545 -0.03998909388348633 -0.031333080136726164 0.0009970089730807568 -0.04137630662020906 0.01158992729954694 -0.06611922789804843 0.02065666449228093 -0.027970679012345668 -0.038322112894873125 -0.08032547465053204 -0.06796510448366808 -0.026674874320303688 -0.10261395549794772 0.014420410427066002 -0.10683285110171378 -2.7755575615628915e-18 -0.07112214946940618 -0.028328611898017005 -0.07927963198590585 -0.005758157389635319 -0.0611592021076402 0.022746659084446973 -0.036112586298459905 0.031496062992125984 -0.03483584925577959 0.03162434115955918 -0.01593784241458313 -0.04456147457970429 -0.028851702250432775 -0.12042197452229302 0.002083550369830192 -0.07885956930542916 -0.08334894174939127 -0.09021842355175691 -0.02926041771768742 -0.07426697530864196 -0.039803324748302504
-0.022717343818261248 -0.006459352219248868 -0.025760428019419402 0.04160756501182032 -0.0170556552962298 -0.006388027012228509 -0.06899350649350651 0.023036649214659678 -0.08602544156676123 -0.005664117813650522 -0.02812939521800281 -0.015771212280517293 -0.08751523208153318 -0.001076078768965888 0.005143503754757745 -0.08764607679465777 0.00209885612341274 -0.07549683579438217 -0.05412156536219818 -0.02035002035002035 -0.14062843331136016 -0.03328680339310641 -0.029214455745509627 -0.04152823920265781 -0.09634290208415258 -0.08472042260540216 -0.1051535658511192 -0.05037783375314862 -0.08183632734530936 -0.029236712958128845 -0.049192599721954874 -0.0029163021289005564 -0.056920311563810666 -0.00410930758167249 -0.06444886740593309 -0.01988862370723946 -0.07851376755501492 0.01890148988214365 -0.05992010652463382 0.005839075090505663 -0.056437014162496 0.004727238347357474 -0.10329424902289223 0.015626526027932415 -0.05559890753023801 -0.06795243329669232 -0.017115960633290538 -0.019486846378694384 -0.041420731075903494 -0.033546493343117725 -0.09676473463004594 -0.09362952083715807 -0.09130434782608696 -0.08766703549238233 -0.026062730295677176 -0.05418535127055306 -1.0408340855860842e-18 -0.041217501585288516 -0.06454343455718972 -0.03782704633813176 -0.0593692022263451 -0.00279615994034859 -0.07167070217917676 -0.03271834954103427 -0.031333080136726164 0.0009970089730807566 -0.04790940766550523 0.021072595090085345 -0.0778500586541538 0.017395085888236572 -0.02700617283950617 -0.03728638011393061 -0.08971416649280202 -0.06897950902820044 -0.021545090797168362 -0.09937351479801254 0.018857459789240156 -0.09904295570888048 -0.0032786885245901683 -0.07337999548430796 -0.03357465113839052 -0.06459821865518253 -0.005758157389635319 -0.047986450884456154 0.02558999147000284 -0.027615507169410514 0.029396325459317585 -0.015834476934445264 0.030666027791087687 -0.003984460603645781 -0.05266356086692323 -0.015387574533564147 -0.13236464968152867 0.01562662777372643 -0.08391466990193103 -0.07772991196853342 -0.0959164292497626 -0.012107759055594792 -0.08294753086419751 -0.030437836572231324
-0.027086063783311486 0.0027682938082495196 -0.02873278509858318 0.04066193853427896 -0.017055655296229804 -0.012776054024457018 -0.07406655844155845 0.03036649214659685 -0.09609224855861627 -0.0028320589068252617 -0.031143258991360258 -0.01682262643255178 -0.08640744433366568 -0.01291294522759066 0.00925830675856394 -0.08451585976627714 0.00314828418511911 -0.05995336960142113 -0.05412156536219818 -0.0172975172975173 -0.13183915622940015 -0.027917964136153762 -0.030296472624972943 -0.04152823920265781 -0.09929217459693276 -0.08472042260540216 -0.10931806350858926 -0.033585222502099076 -0.08882235528942115 -0.02819254463819567 -0.05881723879798952 0.0068047049674346246 -0.06091471939285 0.01130059584959934 -0.07203108710074875 -0.01292760540970565 -0.0884662169633971 0.026684456304202804 -0.07878384376387039 0.009342520144809064 -0.056437014162496 0.0037817906778859775 -0.10422482784291828 0.005859947260474658 -0.053648068669527905 -0.07694613770360748 -0.014976465554129223 -0.021652051531882648 -0.04038521279900591 -0.04193311667889716 -0.09480989150620663 -0.08812190196438405 -0.08782608695652176 -0.09532726189462934 -0.023366585782331268 -0.055119581464872947 -0.0010102030508132146 -0.029592052420207137 -0.06454343455718972 -0.03362404118945046 -0.06029684601113172 2.7755575615628915e-18 -0.07263922518159807 -0.02544760519858221 -0.03133308013672617 0.0009970089730807548 -0.0544425087108014 0.03055526288062375 -0.08958088941025914 0.014133507284192215 -0.026041666666666668 -0.03625064733298809 -0.09910285833507197 -0.0699939135727328 -0.016415307274033043 -0.09613307409807735 0.023294509151414306 -0.0912530603160472 -0.006557377049180331 -0.07563784149920974 -0.03882069037876404 -0.04991680532445923 -0.005758157389635319 -0.03481369966127211 0.028433323855558724 -0.019118428040361127 0.027296587926509186 0.0031668953868890515 0.029707714422616195 0.007968921207291563 -0.06076564715414219 -0.001923446816695519 -0.1443073248407643 0.029169705177622674 -0.0889697704984329 -0.07211088218767558 -0.1016144349477683 0.005044899606497834 -0.09162808641975308 -0.02107234839616015
-0.03145478374836173 -0.004613823013749192 -0.031705142177746955 0.03309692671394798 -0.0170556552962298 -0.016426355174301875 -0.0791396103896104 0.024083769633507845 -0.1061590555504713 -0.010384215991692624 -0.034157122764717704 -0.021028283040689724 -0.08529965658579816 -0.01183686645862477 0.013373109762370133 -0.07929883138564275 0.00419771224682548 -0.0510713889197291 -0.05412156536219818 -0.014245014245014245 -0.12304987914744014 -0.034360571244496936 -0.031378489504436266 -0.04152823920265781 -0.10224144710971295 -0.07973686833449614 -0.11348256116605933 -0.033585222502099076 -0.09580838323353294 -0.03028088127806202 -0.06844187787402416 0.0009721007096335187 -0.06490912722188935 -0.0010273268954181223 -0.0796133067955644 -0.017899761336515517 -0.09841866637177929 0.030020013342228154 -0.09764758100310697 0.002335630036202261 -0.056437014162496 -0.004727238347357473 -0.10515540666294435 -0.017579841781423966 -0.0516972298088178 -0.09093634455880883 -0.012836970474967907 -0.02489985926166504 -0.03934969452210832 -0.04612642834678688 -0.09285504838236731 -0.10097301266752338 -0.08434782608695654 -0.09617839816154566 -0.020670441268985353 -0.05605381165919282 -0.0020204061016264297 -0.03699006552525892 -0.06454343455718972 -0.03677629505096144 -0.061224489795918366 -0.0046602665672476435 -0.07360774818401938 -0.031809506498227766 -0.03133308013672618 -1.0408340855860842e-18 -0.060975609756097573 0.03160889263512802 -0.10131172016636451 0.011959121548162643 -0.02507716049382716 -0.05282237182806837 -0.10849155017734195 -0.08318117265165348 -0.011285523750897712 -0.10369410239792612 0.02773155851358846 -0.09347874471399956 -0.009836065573770494 -0.08128245653646421 -0.04406672961913756 -0.06068317510032299 -0.005758157389635319 -0.041400075272864136 0.031276656241114593 -0.024429102496016996 0.025196850393700787 0.0 0.028749401054144696 0.0 -0.07696981972858011 -0.01346412771686863 -0.14928343949044584 0.007292426294405667 -0.09806895157213627 -0.07866641693200974 -0.10636277302943971 -0.009080819291696091 -0.10030864197530862 -0.03746195270428471
-0.031454783748361734 -0.011995939835747899 -0.01684335678192807 0.025531914893617013 -0.009874326750448829 -0.02007665632414674 -0.0689935064935065 0.01570680628272251 -0.0933467557426558 -0.014160294534126311 -0.019087803897930477 -0.02523393964882767 -0.10856319929101584 -0.010760787689658883 0.02160271576998251 -0.07408180300500836 0.017840277049008292 -0.04218940823803708 -0.04059117402164862 -0.011192511192511195 -0.09997802680729512 -0.04080317835284011 -0.023804371348193028 -0.04152823920265781 -0.08749508454581205 -0.07475331406359015 -0.09161894846434149 -0.033585222502099076 -0.07485029940119761 -0.032369217917928364 -0.07271949524115066 -0.004860503548167588 -0.05192730177751148 -0.013355249640435584 -0.06729219979148895 -0.02287191726332538 -0.08957204467543957 0.0333555703802535 -0.0821127385707945 -0.004671260072404531 -0.05004791821957193 -0.013236267372600927 -0.08747440908244927 -0.04101963082332259 -0.04291845493562232 -0.1049265514140102 -0.0074882327770646115 -0.02814766699144744 -0.02174588381484933 -0.050319740014676595 -0.09480989150620663 -0.11382412337066272 -0.08260869565217391 -0.097029534428462 -0.03325244899793296 -0.056988041853512694 -0.01313263966057178 -0.044388078630310704 -0.06242725637498677 -0.03992854891247242 -0.0640074211502783 -0.00932053313449529 -0.06973365617433415 -0.038171407797873314 -0.0284846183061147 -0.0009970089730807611 -0.05117595818815333 0.032662522389632284 -0.09171376772955102 0.009784735812133072 -0.023148148148148147 -0.06939409632314865 -0.11057792614229082 -0.09636843173057416 -0.01641530727403304 -0.1112551306977749 0.026622296173044922 -0.09570442911195194 -0.0076502732240437184 -0.08692707157371866 -0.026230196201867582 -0.07144954487618675 -0.0009596928982725537 -0.047986450884456154 0.033172211164818506 -0.029739776951672865 0.03674540682414698 -0.0031668953868890515 0.0383325347388596 -0.007968921207291563 -0.07696981972858012 -0.02500480861704174 -0.1393312101910828 -0.014584852588811339 -0.08391466990193104 -0.08522195167634387 -0.09306742640075974 -0.02320653818989002 -0.07908950617283951 -0.05385155701240927
-0.031454783748361734 -0.019378056657746612 -0.001981571386109185 0.017966903073286043 -0.002692998204667863 -0.023726957473991603 -0.0588474025974026 0.007329842931937172 -0.0805344559348403 -0.017936373076559993 -0.004018485031143257 -0.029439596256965617 -0.1318267419962335 -0.009684708920692989 0.029832321777594893 -0.06886477462437397 0.0314828418511911 -0.03330742755634506 -0.027060782681099082 -0.008140008140008145 -0.07690617446715006 -0.047245785461183284 -0.016230253191949793 -0.04152823920265781 -0.07274872198191114 -0.06976975979268414 -0.06975533576262363 -0.033585222502099076 -0.05389221556886229 -0.034457554557794715 -0.07699711260827719 -0.010693107805968698 -0.03894547633313361 -0.025683172385453056 -0.05497109278741351 -0.027844073190135245 -0.08072542297909986 0.03669112741827885 -0.06657789613848203 -0.01167815018101133 -0.04365882227664785 -0.021745296397844376 -0.06979341150195423 -0.0644594198652212 -0.03413968006242684 -0.11891675826921155 -0.0021394950791613194 -0.03139547472122983 -0.004142073107590348 -0.0545130516825663 -0.09676473463004594 -0.12667523407380205 -0.08086956521739132 -0.09788067069537834 -0.045834456726880565 -0.05792227204783258 -0.02424487321951712 -0.05178609173536249 -0.06031107819278383 -0.04308080277398339 -0.06679035250463823 -0.020505172895889646 -0.06585956416464891 -0.04816868126874489 -0.025636156475503224 -0.009970089730807577 -0.041376306620209066 0.03371615214413655 -0.08211581529273752 0.0076103500761035 -0.021219135802469136 -0.06214396685655103 -0.11266430210723972 -0.08723879082978292 -0.021545090797168362 -0.10261395549794772 0.02551303383250138 -0.08568884932116627 -0.005464480874316939 -0.0824113795439151 -0.008393662784597628 -0.08025839287462073 0.0038387715930902093 -0.05457282649604818 0.03506776608852242 -0.03717472118959107 0.048293963254593175 -0.0063337907737781056 0.047915668423574496 -0.013945612112760237 -0.07696981972858012 -0.027889978842085016 -0.12937898089171973 -0.02812792999270758 -0.0697603882317258 -0.08803146656677278 -0.07977207977207977 -0.024215518111189584 -0.05787037037037037 -0.06087567314446265
-0.027959807776321538 -0.023991879671495804 -0.005944714158327554 -0.004728132387706857 -0.010771992818671453 -0.032852710348603764 -0.05986201298701298 -0.005235602094240839 -0.08602544156676123 -0.02643254979703578 -0.004018485031143257 -0.038902323625276 -0.1296111665004985 -0.006456472613795329 0.020574015019030962 -0.06469115191986645 0.027285129604365622 -0.036638170311979565 -0.03018318068276436 -0.010175010175010176 -0.08239947264337508 -0.03543433909588747 -0.021640337589266395 -0.04775747508305648 -0.07864726700747149 -0.07575002491777136 -0.07287870900572618 -0.034634760705289674 -0.057884231536926144 -0.034457554557794715 -0.08020532563362207 -0.01749781277340332 -0.029958058717795083 -0.05650297924799672 -0.06255331248222916 -0.04077167859984089 -0.0917837000995245 0.026684456304202804 -0.07989347536617844 -0.017517225271516994 -0.045788520924289214 -0.019854401058901388 -0.07351572678205845 -0.06055278835823811 -0.04486929379633242 -0.11092235435195363 -0.016046213093709884 -0.028147666991447433 -0.010355182768975874 -0.05136806793164902 -0.09774215619196559 -0.11290618689186707 -0.06260869565217392 -0.09277385309388034 -0.044935741889098595 -0.051382660687593416 -0.02828568542276998 -0.05178609173536249 -0.06771770183049411 -0.04203005148681307 -0.06307977736549167 -0.02423338614968776 -0.06779661016949154 -0.0599836408252295 -0.032282567413596655 -0.016949152542372885 -0.041376306620209066 0.021072595090085345 -0.09171376772955102 -0.010871928680147858 -0.022183641975308643 -0.0538581046090109 -0.11162111412476527 -0.07405153175086225 -0.03180465784343901 -0.09073233959818536 0.016638935108153074 -0.08123748052526153 -0.005464480874316941 -0.07337999548430797 -0.022033364809568776 -0.07242830576490164 0.0019193857965451046 -0.05175009409108017 0.022746659084446973 -0.03717472118959107 0.029396325459317585 -0.010556317956296845 0.02683277431720172 -0.013945612112760237 -0.07899534130038485 -0.030775149067128294 -0.14032643312101908 -0.04167100739660382 -0.07784854918612878 -0.09552350627458324 -0.0835707502374169 -0.026233477953788713 -0.06558641975308642 -0.06087567314446265
-0.024464831804281346 -0.028605702685244993 -0.009907856930545921 -0.027423167848699765 -0.018850987432675045 -0.04197846322321592 -0.060876623376623376 -0.01780104712041885 -0.09151642719868217 -0.03492872651751156 -0.004018485031143257 -0.04836505099358638 -0.1273955910047635 -0.003228236306897658 0.011315708260467027 -0.06051752921535893 0.023087417357540142 -0.039968913067614076 -0.03330557868442964 -0.012210012210012212 -0.08789277081960008 -0.023622892730591642 -0.027050421986582994 -0.053986710963455156 -0.08454581203303185 -0.08173029004285856 -0.07600208224882873 -0.035684298908480266 -0.061876247504990024 -0.034457554557794715 -0.08341353865896697 -0.024302517740837942 -0.020970641102456555 -0.08732278611054037 -0.07013553217704482 -0.05369928400954653 -0.10284197721994914 0.016677785190126748 -0.09320905459387482 -0.023356300362022655 -0.04791821957193057 -0.0179635057199584 -0.07723804206216266 -0.056646156851255 -0.055598907530237995 -0.10292795043469571 -0.029952931108258453 -0.02489985926166504 -0.016568292430361398 -0.048223084180731735 -0.09871957775388525 -0.09913713970993204 -0.04434782608695652 -0.08766703549238233 -0.044037027051316624 -0.04484304932735425 -0.03232649762602283 -0.05178609173536249 -0.07512432546820443 -0.04097930019964273 -0.0593692022263451 -0.02796159940348588 -0.06973365617433415 -0.0717986003817141 -0.03892897835169008 -0.02392821535393819 -0.041376306620209066 0.00842903803603414 -0.1013117201663645 -0.029354207436399216 -0.02314814814814815 -0.04557224236147074 -0.11057792614229082 -0.06086427267194159 -0.04206422488970966 -0.07885072369842297 0.007764836383804763 -0.07678611172935677 -0.005464480874316939 -0.06434861142470084 -0.03567306683453993 -0.06459821865518253 -1.3877787807814458e-18 -0.048927361686112156 0.010425552080371528 -0.03717472118959107 0.010498687664041995 -0.014778845138815583 0.005749880210828939 -0.013945612112760237 -0.0810208628721896 -0.03366031929217157 -0.15127388535031847 -0.05521408480050005 -0.08593671014053177 -0.10301554598239371 -0.08736942070275402 -0.028251437796387845 -0.07330246913580248 -0.06087567314446265
-0.019222367846221056 -0.016609762849497094 0.0009907856930545915 -0.032151300236406624 -0.01615798922800718 -0.03650301149844863 -0.05681818181818181 -0.010471204188481676 -0.09700741283060309 -0.031152647975077878 0.008036970062286517 -0.03469666701713805 -0.12407222776116097 0.013989023996556549 0.01645921201522477 -0.05530050083472454 0.0314828418511911 -0.031086932385922066 -0.034346378018318066 -0.004070004070004072 -0.08789277081960009 -0.03221303554171587 -0.031378489504436266 -0.07267441860465117 -0.07963035784506489 -0.09169739858467059 -0.07808433107756377 -0.04722921914357683 -0.06087824351297405 -0.03863422783752741 -0.07271949524115069 -0.010693107805968697 -0.014979029358897542 -0.07191288267926854 -0.07013553217704482 -0.04077167859984089 -0.10173614950790666 0.03224371803424505 -0.1020861074123391 -0.01284596519911246 -0.03194547971462038 -0.016072610381015408 -0.07165456914200632 -0.04590292020705146 -0.05462348809988295 -0.0899370440691516 -0.025673940949935813 -0.01948684637869438 -0.015532774153463807 -0.04193311667889716 -0.08992278369660835 -0.09638333027354508 -0.0417391304347826 -0.07489999148863734 -0.035948593511278874 -0.03923766816143499 -0.025255076270330336 -0.0465017966603255 -0.06665961273939267 -0.03572554376379111 -0.053803339517625226 -0.019573119582440113 -0.06779661016949154 -0.07088975733890758 -0.0379794910748196 -0.01694915254237288 -0.03266550522648084 0.01580444631756401 -0.10984323344353204 -0.0228310502283105 -0.02218364197530864 -0.035214914552045576 -0.1074483621948675 -0.044633799959423834 -0.036934441366574325 -0.06804925469863901 0.01663893510815307 -0.057867794346761633 -0.005464480874316937 -0.05080153533529014 -0.02832861189801699 -0.058725653322893215 0.0019193857965451046 -0.04704554008280015 0.017059994313335235 -0.03929899097185342 0.01994750656167979 -0.012667581547556211 0.008624820316243415 -0.013945612112760237 -0.07595705894267775 -0.029813425658780535 -0.146297770700637 -0.05000520887592458 -0.08391466990193105 -0.1002060310919648 -0.08547008547008547 -0.028251437796387845 -0.07426697530864197 -0.05619292905642705
-0.02533857579729139 -0.008304881424748547 -0.009907856930545925 -0.03687943262411347 -0.017953321364452424 -0.031940135061142544 -0.05986201298701298 1.3877787807814458e-18 -0.09883774137457675 -0.022656471254602097 -0.0030138637733574435 -0.031542424561034586 -0.12296444001329347 0.01721726030345421 0.002057401501903098 -0.05321368948247078 0.0209885612341274 -0.023315199289441552 -0.046835970024979176 0.00407000407000407 -0.10217534607778511 -0.024696660581982173 -0.04760874269638606 -0.07267441860465115 -0.0943767204089658 -0.09568424200139539 -0.0864133263925039 -0.04617968094038623 -0.06087824351297405 -0.03967839615746058 -0.08020532563362208 -0.0068047049674346246 -0.02196924305971639 -0.08013149784261352 -0.07203108710074874 -0.04673826571201273 -0.09841866637177929 0.038914832110295755 -0.09986684420772304 -0.005839075090505664 -0.03939942498136514 -0.01607261038101541 -0.0846826726223711 -0.04785623596054302 -0.06340226297307841 -0.08194264015189368 -0.031022678647839107 -0.011908628342535452 -0.02278140209174692 -0.036691477094035016 -0.09480989150620663 -0.09821920323113642 -0.04782608695652173 -0.07745340028938634 -0.040442167700188734 -0.043908819133034384 -0.027275482371956768 -0.047558655675332906 -0.06454343455718972 -0.03782704633813176 -0.05473098330241186 -0.01118463976139435 -0.06876513317191284 -0.06998091429610107 -0.037979491074819606 -0.009970089730807579 -0.03157665505226481 0.028448003371615217 -0.10877679428388609 -0.010871928680147858 -0.03375771604938272 -0.024857586742620407 -0.11579386605466302 -0.028403327246906064 -0.05027187852672617 -0.05724778569885506 0.0011092623405435324 -0.03894947696416648 -0.017486338797814208 -0.03725445924587943 -0.041968313922988144 -0.0528530879906039 -0.0047984644913627635 -0.04516371847948815 0.002843332385555871 -0.041423260754115766 0.007349081364829396 -0.010556317956296843 0.002874940105414469 -0.013945612112760237 -0.09013570994531092 -0.0259665320253895 -0.1572452229299363 -0.04479633295134909 -0.09099181073703368 -0.09739651620153586 -0.08547008547008547 -0.028251437796387852 -0.07716049382716049 -0.05151018496839147
-0.03145478374836173 0.0 -0.020806499554146433 -0.041607565011820336 -0.019748653500897665 -0.027377258623836463 -0.06290584415584415 0.010471204188481676 -0.1006680699185504 -0.014160294534126313 -0.014064697609001406 -0.02838818210493113 -0.12185665226542597 0.02044549661035188 -0.012344409011418579 -0.051126878130217025 0.0104942806170637 -0.015543466192961033 -0.059325562031640286 0.012210012210012208 -0.11645792133597013 -0.01718028562224847 -0.06383899588833584 -0.07267441860465115 -0.1091230829728667 -0.09967108541812021 -0.09474232170744404 -0.045130142737195636 -0.06087824351297405 -0.04072256447739375 -0.08769115602609348 -0.0029163021289005525 -0.028959456760535247 -0.08835011300595849 -0.07392664202445265 -0.052704852824184564 -0.09510118323565189 0.045585946186346454 -0.09764758100310697 0.001167815018101133 -0.04685337024810989 -0.01607261038101541 -0.09771077610273589 -0.049809551714034575 -0.07218103784627389 -0.07394823623463576 -0.036371416345742404 -0.004330410306376526 -0.03003003003003003 -0.031449837509172865 -0.0996969993158049 -0.10005507618872775 -0.053913043478260855 -0.08000680909013533 -0.044935741889098595 -0.04857997010463379 -0.029295888473583186 -0.04861551469034031 -0.06242725637498677 -0.03992854891247242 -0.05565862708719851 -0.0027961599403485875 -0.06973365617433415 -0.06907207125329455 -0.0379794910748196 -0.0029910269192422742 -0.030487804878048787 0.041091560425666425 -0.10771035512424017 0.0010871928680147858 -0.0453317901234568 -0.014500258933195237 -0.12413936991445855 -0.012172854534388313 -0.06360931568687803 -0.046446316699071066 -0.014420410427066002 -0.020031159581571333 -0.029508196721311476 -0.02370738315646873 -0.05560801594795928 -0.04698052265831457 -0.011516314779270634 -0.04328189687617614 -0.011373329542223485 -0.04354753053637812 -0.005249343832020997 -0.008445054365037475 -0.0028749401054144726 -0.013945612112760237 -0.10431436094794408 -0.02211963839199846 -0.1681926751592357 -0.03958745702677362 -0.0980689515721363 -0.09458700131110695 -0.08547008547008547 -0.028251437796387852 -0.08005401234567901 -0.04682744088035589
-0.03757099169943206 -0.0009227646027498385 -0.031705142177746955 -0.032151300236406624 -0.021543985637342906 -0.010950903449534588 -0.06594967532467533 0.015706806282722512 -0.10249839846252402 -0.0028320589068252617 -0.025115531444645366 -0.02838818210493113 -0.12074886451755844 0.04304315075863553 -0.026746219524740256 -0.044866444073455754 0.0 -0.013322971022538026 -0.07181515403830141 0.014245014245014242 -0.13074049659415515 -0.027917964136153765 -0.08006924908028565 -0.059177740863787374 -0.1238694455367676 -0.08970397687630818 -0.10307131702238417 -0.05037783375314862 -0.06087824351297405 -0.04072256447739375 -0.0844829430007486 -0.015553611354136288 -0.018973437187936884 -0.0975960550647216 -0.06729219979148895 -0.054693715194908524 -0.08736038925135464 0.03891483211029575 -0.09542831779849092 -0.002335630036202265 -0.044723671600468536 -0.015127162711543915 -0.10329424902289223 -0.03515968356284794 -0.07315645727662894 -0.05895872888977716 -0.03316217372700042 0.005413012882970662 -0.027958993476234855 -0.024111542090365867 -0.09676473463004594 -0.09638333027354508 -0.04782608695652173 -0.048514767214231 -0.045834456726880565 -0.03082959641255606 -0.023234670168703914 -0.04227436060029592 -0.058194900010580884 -0.03362404118945046 -0.058441558441558426 -0.0027961599403485875 -0.06295399515738499 -0.06543669908206853 -0.03987846562856058 0.0049850448654037895 -0.016332752613240426 0.04003793067116216 -0.08851445025061319 0.008697542944118286 -0.05111882716049383 -0.009321595028482652 -0.13352806175672857 -0.002028809089064718 -0.08207653637016518 -0.03240440699935191 -0.026622296173044922 -0.012241264188738037 -0.033879781420765025 -0.013547076089410703 -0.05455880809988458 -0.06068317510032299 -0.012476007677543187 -0.03293187805796011 -0.017059994313335224 -0.03929899097185342 -0.010498687664041995 -0.012667581547556211 0.0019166267369429806 -0.018926187867317465 -0.10026331780433462 -0.029813425658780535 -0.16819267515923567 -0.03958745702677362 -0.09806895157213628 -0.0880314665667728 -0.08547008547008547 -0.035314297245484814 -0.07716049382716049 -0.04214469679232031
-0.031454783748361734 -0.001845529205499677 -0.0247696423263648 -0.02269503546099291 -0.024236983842010767 0.005475451724767291 -0.0689935064935065 0.020942408376963352 -0.09792257710258992 0.008496176720475788 -0.029134016475788626 -0.02838818210493113 -0.13293452974410105 0.06564080490691919 -0.03909062853615883 -0.03860601001669448 -0.0104942806170637 -0.011102475852115021 -0.07389675270607825 0.01628001628001628 -0.13074049659415515 -0.038655642650059066 -0.07574118156243237 -0.04568106312292358 -0.13075108139992137 -0.07973686833449616 -0.10827693909422176 -0.0556255247691016 -0.06087824351297405 -0.04072256447739375 -0.07806651695005883 -0.02819092057937202 -0.013980427401637708 -0.1068419971234847 -0.06255331248222916 -0.05668257756563246 -0.09288952781156697 0.03224371803424505 -0.08433200177541059 -0.005839075090505663 -0.03939942498136514 -0.014181715042072421 -0.10608598548297041 -0.020509815411661296 -0.08095981271946937 -0.04396922154491856 -0.035301668806161736 0.015156436072317852 -0.02588795692243968 -0.016773246671558863 -0.0996969993158049 -0.09271158435836238 -0.039999999999999994 -0.017022725338326668 -0.05392289026691831 -0.013079222720478328 -0.02828568542276998 -0.035933206510251524 -0.06454343455718971 -0.027319533466428503 -0.061224489795918345 -0.0027961599403485875 -0.05617433414043582 -0.06180132691084249 -0.04177744018230156 0.012961116650049847 -0.020688153310104533 0.03898430091665789 -0.08958088941025913 0.016307893020221786 -0.05690586419753087 -0.004142931123770068 -0.14291675359899852 0.008115236356258876 -0.10054375705345235 -0.018362497299632748 -0.038824181919023856 -0.00445136879590474 -0.03825136612021858 -0.0033867690223526757 -0.05350960025180988 -0.0743858275423314 -0.01343570057581574 -0.022581859239744075 -0.02274665908444697 -0.03505045140732873 -0.015748031496062992 -0.01689010873007495 0.006708193579300431 -0.02390676362187469 -0.09621227466072514 -0.037507212925562604 -0.16819267515923567 -0.03958745702677362 -0.09806895157213627 -0.08147593182243865 -0.08547008547008547 -0.04237715669458178 -0.07426697530864197 -0.03746195270428472
-0.025338575797291395 0.0 -0.01783414247498266 -0.012293144208037825 -0.026929982046678635 0.013688629311918232 -0.07203733766233766 0.02617801047120419 -0.0933467557426558 0.019824412347776835 -0.03315250150693189 -0.025233939648827676 -0.14512019497064363 0.07209727752071451 -0.05143503754757741 -0.03338898163606009 -0.0209885612341274 -0.007771733096480518 -0.07597835137385511 0.01933251933251933 -0.13074049659415515 -0.04509824975840224 -0.07141311404457909 -0.025955149501661123 -0.13763271726307513 -0.07375660320940894 -0.11348256116605933 -0.05667506297229219 -0.06087824351297405 -0.03759005951759423 -0.07165009089936905 -0.025274618450471464 -0.008987417615338524 -0.1017053626463941 -0.057814425172969384 -0.05171042163882259 -0.09841866637177928 0.021125194574160545 -0.07323568575233023 -0.007006890108606796 -0.034075178362261746 -0.016072610381015408 -0.10887772194304857 -0.019533157534915517 -0.0887631681623098 -0.04197062056560408 -0.03744116388532306 0.008660820612753058 -0.02381692036864451 -0.017821574588531293 -0.10262926400156387 -0.09362952083715806 -0.03217391304347826 -0.017022725338326668 -0.062011323806956065 -0.014947683109118088 -0.03333670067683604 -0.04333121961530332 -0.07089196910379852 -0.0315225386151098 -0.06400742115027828 0.00093205331344953 -0.04939467312348668 -0.06089248386803599 -0.04367641473604254 0.006979062811565305 -0.025043554006968644 0.02844800337161521 -0.09064732856990508 0.015220700152207 -0.0626929012345679 -0.015535991714137753 -0.15230544544126853 -0.0020288090890647204 -0.11901097773673949 -0.023763231799524737 -0.05102606766500277 -0.00890273759180948 -0.04262295081967213 -0.010160307067058028 -0.05246039240373518 -0.07047078398747186 -0.014395393474088292 -0.019759126834776063 -0.02843332385555871 -0.029739776951672858 -0.02099737532808399 -0.021112635912593686 0.011499760421657882 -0.022910648470963243 -0.09216123151711567 -0.031736872475476054 -0.16819267515923567 -0.04167100739660381 -0.09806895157213627 -0.08709496160329648 -0.08547008547008547 -0.048431036222379174 -0.07137345679012344 -0.033949894638258024
-0.01834862385321101 -0.006459352219248869 -0.026751213712473992 -0.02458628841607565 -0.027827648114901255 0.0027377258623836444 -0.06594967532467533 0.014659685863874344 -0.09060126292669536 0.011328235627301049 -0.033152501506931886 -0.022079697192724214 -0.10967098703888334 0.059184332293123865 -0.04320543153996502 -0.03756260434056761 -0.02203798929583377 -0.015543466192961037 -0.07077435470441297 0.010175010175010171 -0.12414853878268513 -0.04509824975840224 -0.07141311404457909 -0.021802325581395353 -0.13370035391270155 -0.07874015748031496 -0.10203019260801664 -0.06402183039462636 -0.04990019960079841 -0.036545891197661065 -0.060956047481552776 -0.02235831632157091 -0.003994407829039343 -0.09656872816930347 -0.05686664771111742 -0.04673826571201273 -0.08625456153931219 0.010006671114076056 -0.06324900133155793 -0.003503445054303398 -0.0362048770099031 -0.0179635057199584 -0.11818351014330915 -0.018556499658169745 -0.08486149044088957 -0.0399720195862896 -0.031022678647839107 0.002165205153188264 -0.020710365537951747 -0.018869902505503723 -0.09578731306812628 -0.09454745731595374 -0.03826086956521739 -0.017022725338326668 -0.05032803091579043 -0.01681614349775785 -0.02020406101626427 -0.0507292327203551 -0.06454343455718971 -0.03572554376379111 -0.05102040816326529 0.004660266567247645 -0.04261501210653752 -0.05998364082522948 -0.037030003797949115 0.0009970089730807568 -0.01851045296167248 0.017911705826572543 -0.08211581529273755 0.014133507284192215 -0.06172839506172839 -0.02692905230450544 -0.12831212184435636 -0.012172854534388317 -0.1015697137580794 -0.02916396629941672 -0.03882418191902385 -0.013354106387714221 -0.027322404371584695 -0.016933845111763376 -0.049312768859511066 -0.06655574043261232 -0.0163147792706334 -0.016936394429808054 -0.02274665908444697 -0.024429102496016996 -0.01679790026246719 -0.025335163095112422 0.022999520843315763 -0.021914533320051797 -0.08507190601579907 -0.0259665320253895 -0.1632165605095541 -0.043754557766434 -0.10211303204933778 -0.09271399138415432 -0.08452041785375118 -0.054484915750176575 -0.07040895061728394 -0.03043783657223132
-0.01135867190913063 -0.012918704438497738 -0.03566828494996532 -0.03687943262411347 -0.028725314183123872 -0.008213177587150945 -0.05986201298701299 0.0031413612565445045 -0.0878557701107349 0.0028320589068252635 -0.033152501506931886 -0.018925454736620752 -0.07422177910712308 0.0462713870655332 -0.034975825532352636 -0.04173622704507512 -0.023087417357540142 -0.02331519928944155 -0.06557035803497084 0.0010175010175010157 -0.11755658097121513 -0.04509824975840223 -0.07141311404457909 -0.017649501661129573 -0.12976799056232796 -0.08372371175122097 -0.09057782404997397 -0.07136859781696053 -0.03892215568862276 -0.03550172287772788 -0.05026200406373649 -0.019442014192670356 0.0009986019572598367 -0.09143209369221286 -0.055918870249265465 -0.041766109785202864 -0.07409045670684507 -0.0011118523460084489 -0.053262316910785625 3.4694469519536144e-19 -0.03833457565754446 -0.01985440105890139 -0.1274892983435697 -0.01757984178142397 -0.08095981271946937 -0.03797341860697512 -0.024604193410355156 -0.00433041030637653 -0.01760381070725899 -0.019918230422476153 -0.08894536213468869 -0.09546539379474941 -0.04434782608695652 -0.017022725338326664 -0.03864473802462479 -0.01868460388639761 -0.007071421355692493 -0.05812724582540688 -0.05819490001058088 -0.039928548912472425 -0.03803339517625232 0.008388479821045763 -0.03583535108958838 -0.059074797782422986 -0.03038359285985568 -0.004985044865403789 -0.01197735191637631 0.007375408281529871 -0.07358430201557001 0.01304631441617743 -0.06076388888888888 -0.038322112894873125 -0.1043187982474442 -0.02231689997971191 -0.08412844977941929 -0.03456470079930871 -0.026622296173044922 -0.01780547518361896 -0.012021857923497262 -0.023707383156468732 -0.04616514531528695 -0.06264069687775277 -0.018234165067178502 -0.014113662024840046 -0.017059994313335224 -0.019118428040361124 -0.012598425196850394 -0.02955769027763116 0.03449928126497365 -0.020918418169140352 -0.0779825805144825 -0.0259665320253895 -0.15824044585987257 -0.04167100739660381 -0.10615711252653925 -0.09833302116501216 -0.0835707502374169 -0.06053879527797397 -0.06944444444444443 -0.026925778506204635
-0.0008737439930100483 -0.020300821260496447 -0.04359457049440206 -0.030260047281323872 -0.0170556552962298 -0.008213177587150945 -0.04261363636363637 0.008376963350785343 -0.07229797748695893 0.0009440196356084243 -0.03013863773357444 -0.01787404058458627 -0.058712750636977964 0.033358441837942544 -0.024688818022837157 -0.051126878130217025 -0.01679084898730192 -0.017763961363384036 -0.053080766028309745 0.0020350020350020314 -0.10217534607778508 -0.055835928272307524 -0.060592945249945906 -0.006229235880398672 -0.1091230829728667 -0.07475331406359015 -0.06767308693388858 -0.07031905961376993 -0.01796407185628743 -0.03863422783752741 -0.045984386696609994 -0.021386215611937397 -0.010984621529858199 -0.0749948633655229 -0.05212776040185764 -0.04375497215592681 -0.05860886873825057 -0.01000667111407605 -0.025521526853084776 -0.00817470512670793 -0.03194547971462038 -0.02174529639784438 -0.11539177368323099 -0.014649868151186638 -0.06925477955520873 -0.04596782252423304 -0.009627727856225931 -0.007578218036158928 -0.0031065548306927625 -0.02725652584128315 -0.090900205258528 -0.10556269506150176 -0.06347826086956522 -0.02127840667290833 -0.03954345286240676 -0.029895366218236175 0.0010102030508132125 -0.06129782287042908 -0.049730187281769124 -0.045182305348324056 -0.0352504638218924 0.0037282132537981164 -0.02421307506053269 -0.05543942561119695 -0.023737181921762253 -0.00897308075772682 -0.009799651567944252 0.009482667790538406 -0.06505278873840246 0.01304631441617743 -0.06751543209876543 -0.03935784567581564 -0.11266430210723974 -0.03144654088050315 -0.08207653637016517 -0.044286022899114284 -0.02551303383250139 -0.014466948586690407 -0.016393442622950817 -0.03273876721607586 -0.047214353163361665 -0.07340706665361653 -0.01727447216890595 -0.01787730523146406 -0.015164439389631315 -0.027615507169410514 0.0 -0.03061332207326085 0.049832295160517494 -0.021914533320051797 -0.07899534130038487 -0.034622042700519336 -0.15326433121019106 -0.03229503073236796 -0.09806895157213627 -0.09177748642067803 -0.0731244064577398 -0.05852083543537484 -0.059799382716049364 -0.032779208616249125
0.0008737439930100457 -0.027682938082495157 -0.03764985633607451 -0.02364066193853428 -0.010771992818671455 -0.008213177587150943 -0.0395698051948052 0.013612565445026181 -0.06314633476709071 -0.0009440196356084188 -0.034157122764717704 -0.01682262643255178 -0.05649717514124294 0.020445496610351884 -0.02263141652093406 -0.06051752921535893 -0.01259313674047644 -0.012212723437326524 -0.04891756869275604 0.003052503052503053 -0.09887936717205008 -0.06657360678621282 -0.05410084397316598 0.005191029900332228 -0.09929217459693276 -0.06578291637595933 -0.05934409161894846 -0.06926952141057933 -0.009980039920159682 -0.04176673279732693 -0.04170676932948349 -0.02333041703120443 -0.02296784501697623 -0.058557633038832956 -0.048336650554449814 -0.04574383452665076 -0.04312728076965609 -0.01890148988214365 -0.004438526409232135 -0.01634941025341586 -0.025556383771696306 -0.023636191736787368 -0.10329424902289226 -0.011719894520949313 -0.0575497463909481 -0.05396222644149096 0.005348737697903294 -0.010826025765941324 0.01139070104587346 -0.034594821260090156 -0.09285504838236731 -0.11565999632825408 -0.08260869565217391 -0.025534088007489998 -0.04044216770018873 -0.04110612855007474 0.009091827457318924 -0.06446839991545127 -0.04126547455295736 -0.05043606178417569 -0.03246753246753247 -0.0009320533134495292 -0.012590799031476998 -0.05180405343997091 -0.01709077098366882 -0.01296111665004985 -0.007621951219512197 0.01158992729954694 -0.056521275461234935 0.01304631441617743 -0.07426697530864197 -0.04039357845675816 -0.12100980596703523 -0.040576181781294386 -0.08002462296091103 -0.05400734499891986 -0.024403771491957854 -0.011128421989761852 -0.020765027322404365 -0.041770151275682996 -0.048263561011436376 -0.08417343642948029 -0.0163147792706334 -0.02164094843808807 -0.013268884465927399 -0.03611258629845991 0.012598425196850394 -0.031668953868890536 0.06516530905606134 -0.02291064847096324 -0.08000810208628724 -0.04327755337564916 -0.14828821656050956 -0.022919054068132102 -0.08998079061773327 -0.08522195167634389 -0.06267806267806267 -0.05650287559277571 -0.05015432098765431 -0.03863263872629361
-2.4286128663675298e-18 -0.03875611331549322 -0.03963142772218369 -0.029314420803782503 -0.017055655296229804 -0.010038328162073371 -0.04768668831168831 0.009424083769633511 -0.06772215612702481 -0.002832058906825257 -0.034157122764717704 -0.022079697192724214 -0.043203722166832846 0.005380393844829444 -0.02160271576998251 -0.06573455759599331 -0.01993913317242103 -0.014433218607749529 -0.05620316402997503 -2.0816681711721684e-18 -0.09009009009009007 -0.07086867819177492 -0.0497727764553127 -0.0031146179401993334 -0.10322453794730632 -0.06478620552177813 -0.05830296720458095 -0.06297229219143577 -0.010978043912175649 -0.04907591103685914 -0.03956796064592023 -0.03402352483717312 -0.02296784501697623 -0.07704951715635915 -0.04738887309259786 -0.05071599045346061 -0.05086807475395334 -0.023348899266177454 -0.007767421216156235 -0.02335630036202265 -0.026621233095516988 -0.028363430084144842 -0.0958496184626838 -0.018556499658169745 -0.062426843542723376 -0.06095732986909164 -0.004278990158322634 -0.01407383349572372 0.002071036553795174 -0.04193311667889717 -0.09285504838236731 -0.10923444097668442 -0.07565217391304349 -0.028938633075155335 -0.03864473802462477 -0.030829596412556053 0.013132639660571776 -0.06129782287042908 -0.04655592000846471 -0.04938531049700536 -0.030612244897959183 -0.004660266567247646 -0.002905569007263924 -0.055439425611196934 -0.018989745537409803 -0.018943170488534396 -0.0195993031358885 0.013697186808555476 -0.06185347125946463 0.008697542944118286 -0.06847993827160494 -0.04867944070429829 -0.11788024201961193 -0.03854737269222967 -0.08105057966553811 -0.05508749189889826 -0.02551303383250139 -0.021144001780547518 -0.02185792349726776 -0.050801535335290124 -0.04931276885951107 -0.0900460017617696 -0.008637236084452975 -0.02164094843808807 -0.016112216851483268 -0.027615507169410514 0.009448818897637795 -0.027446426686371796 0.06229036895064686 -0.020918418169140352 -0.07696981972858014 -0.05385651086747452 -0.14331210191082805 -0.04167100739660382 -0.08593671014053178 -0.08053942685896236 -0.06362773029439697 -0.04944001614367874 -0.05015432098765431 -0.04565675485834699
0.0034949759720401914 -0.04521546553474209 -0.04359457049440206 -0.03593380614657211 -0.02513464991023339 -0.023726957473991606 -0.05478896103896104 -0.003141361256544499 -0.07412830603093257 -0.016992353440951565 -0.03214788024914607 -0.019976868888655245 -0.03101805694029025 -0.007532551382761217 -0.020574015019030965 -0.07408180300500836 -0.027285129604365622 -0.021094704119018544 -0.062447960033305584 -0.012210012210012212 -0.07800483410239507 -0.07516374959733704 -0.03787059078121619 -0.0031146179401993317 -0.09535981124655918 -0.06578291637595934 -0.053097345132743355 -0.06087321578505458 -0.011976047904191617 -0.048031742716925965 -0.04063736498770185 -0.04568873335277534 -0.024965048931495905 -0.08526813231970413 -0.04928442801630177 -0.06066030230708035 -0.05971469645029305 -0.03891483211029575 -0.01553484243231247 -0.03503445054303398 -0.027686082419337666 -0.03403611610097381 -0.08468267262237111 -0.03222970993261061 -0.06047600468201327 -0.07294893574497852 -0.0032092426187419775 -0.019486846378694384 0.006213109661385522 -0.05031974001467661 -0.09187762682044766 -0.10556269506150173 -0.07130434782608695 -0.024682951740573673 -0.03594859351127886 -0.028026905829596417 0.012122436609758563 -0.05812724582540688 -0.04232356364405883 -0.05148681307134602 -0.04081632653061225 -0.013048746388293408 -0.006779661016949154 -0.052712896482777424 -0.03418154196733764 -0.025922233300099694 -0.04137630662020906 0.0010536297545042678 -0.07571718033486188 -0.004348771472059143 -0.07330246913580248 -0.058001035732780946 -0.11683705403713748 -0.05984986812740921 -0.08823227659792755 -0.07885072369842298 -0.028840820854132004 -0.040062319163142665 -0.019672131147540982 -0.07337999548430797 -0.05141118455566048 -0.08613095820691005 -0.008637236084452977 -0.016936394429808054 -0.017059994313335224 -0.022304832713754646 0.0031496062992125984 -0.019001372321334316 0.06133205558217536 -0.018926187867317458 -0.0708932550131659 -0.06443546835929988 -0.12639331210191088 -0.06042296072507554 -0.08290364978263065 -0.09552350627458325 -0.06362773029439697 -0.0625567551205731 -0.048225308641975315 -0.058534301100444865
0.010484927916120577 -0.051674817753990965 -0.04161299910829288 -0.04255319148936171 -0.026929982046678635 -0.037415586785909845 -0.05478896103896104 -0.01570680628272251 -0.0713828132149721 -0.031152647975077878 -0.03013863773357444 -0.01787404058458627 -0.02547911820095271 -0.020445496610351877 -0.027774920275691804 -0.08242904841402338 -0.0314828418511911 -0.027756189630287552 -0.06036636136552872 -0.02442002442002442 -0.06591957811470008 -0.07945882100289917 -0.025968405107119664 -0.003114617940199335 -0.08749508454581204 -0.06677962723014054 -0.04789172306090578 -0.05877413937867339 -0.012974051896207584 -0.04698757439699279 -0.04170676932948348 -0.05735394186837757 -0.026962252846015576 -0.09348674748304911 -0.05117998294000568 -0.07060461416070009 -0.06856131814663276 -0.05448076495441405 -0.023302263648468706 -0.0467126007240453 -0.028750931743158348 -0.039708802117802776 -0.07351572678205845 -0.045902920207051466 -0.05852516582130317 -0.0849405416208654 -0.002139495079161318 -0.024899859261665047 0.010355182768975872 -0.05870636335045604 -0.090900205258528 -0.10189094914631906 -0.06695652173913043 -0.020427270405992008 -0.033252448997932955 -0.02522421524663677 0.011112233558945347 -0.05495666878038469 -0.03809120727965294 -0.05358831564568667 -0.05102040816326529 -0.02143722620933917 -0.010653753026634384 -0.049986367354357894 -0.04937333839726548 -0.032901296111665 -0.06315331010452961 -0.011589927299546937 -0.08958088941025914 -0.017395085888236572 -0.078125 -0.06732263076126359 -0.11579386605466305 -0.08115236356258877 -0.09541397353031701 -0.10261395549794772 -0.03216860787576262 -0.05898063654573782 -0.017486338797814208 -0.0959584556333258 -0.05350960025180988 -0.0822159146520505 -0.008637236084452982 -0.012231840421528039 -0.018007771775187188 -0.01699415825809878 -0.0031496062992125984 -0.010556317956296843 0.06037374221370388 -0.01693395756549457 -0.06481669029775165 -0.07501442585112524 -0.10947452229299366 -0.07917491405354725 -0.07987058942472955 -0.11050758569020416 -0.06362773029439697 -0.07567349409746746 -0.0462962962962963 -0.07141184734254273
0.01747487986020096 -0.050752053151241115 -0.03963142772218369 -0.04917257683215131 -0.028725314183123872 -0.044716189085599566 -0.05478896103896104 -0.020942408376963352 -0.06863732039901163 -0.038704805059945245 -0.02812939521800281 -0.01997686888865524 -0.019940179461615155 -0.041967071989669646 -0.03497582553235264 -0.08660267111853089 -0.035680554098016584 -0.031086932385922056 -0.05828476269775188 -0.031542531542531546 -0.05383432212700505 -0.08160635670568024 -0.014066219433023153 -0.03010797342192691 -0.07963035784506489 -0.08073357918867737 -0.04268610098906819 -0.06402183039462636 -0.01397205588822355 -0.053252584316591835 -0.0427761736712651 -0.04666083406240886 -0.028959456760535258 -0.09656872816930347 -0.053075537863709596 -0.06463802704852825 -0.07740793984297246 -0.048921503224371804 -0.03106968486462494 -0.04671260072404532 -0.02981578106697902 -0.047272383473574736 -0.06234878094174577 -0.06250610411172966 -0.05657432696059307 -0.09393424602778055 -0.0010697475395806586 -0.03031287214463571 0.01449725587656622 -0.05975469126742846 -0.08992278369660835 -0.11198825041307141 -0.0626086956521739 -0.04511022214656567 -0.030556304484587037 -0.03736920777279522 0.010102030508132135 -0.06552525893045867 -0.033858850915247055 -0.0630450772302196 -0.05380333951762524 -0.0223692795227887 -0.012590799031476998 -0.062710169953649 -0.052221800227876945 -0.044865403788634094 -0.08493031358885018 -0.017911705826572543 -0.10344459848565639 -0.029354207436399216 -0.07426697530864199 -0.06525116519937856 -0.1022324222824953 -0.09231081355244472 -0.0841284497794193 -0.10261395549794775 -0.023294509151414313 -0.05452926774983309 -0.006557377049180327 -0.09370060961842402 -0.05141118455566048 -0.07927963198590585 -0.0019193857965451055 -0.02822732404968009 -0.00947777461851957 -0.022304832713754646 0.005249343832020997 -0.012667581547556211 0.06708193579300432 -0.014941727263671678 -0.05570184322463033 -0.07405270244277745 -0.09952229299363058 -0.10521929367642464 -0.06976038823172581 -0.1179996253980146 -0.0560303893637227 -0.07365553425486833 -0.03858024691358025 -0.07843596347459611
0.022717343818261248 -0.04982928854849127 -0.04260378480134747 -0.05579196217494089 -0.02154398563734291 -0.05201679138528929 -0.049715909090909095 -0.026178010471204195 -0.0631463347670907 -0.04625696214481261 -0.02109704641350211 -0.022079697192724214 -0.012185665226542594 -0.0634886473689874 -0.026746219524740256 -0.0907762938230384 -0.02413684541924651 -0.03441767514155657 -0.05308076602830973 -0.03866503866503866 -0.05053834322127004 -0.08375389240846129 -0.016230253191949796 -0.05710132890365449 -0.07078254030672435 -0.0946875311472142 -0.03331598125976054 -0.06926952141057933 -0.008982035928143714 -0.05951759423619085 -0.04170676932948347 -0.035967726256440166 -0.027960854803275415 -0.09965070885555782 -0.04075443085963415 -0.05867143993635641 -0.05971469645029304 -0.043362241494329545 -0.01886373723923657 -0.04671260072404532 -0.015972739857310188 -0.054835964829346696 -0.04280662572119859 -0.07910928801640785 -0.03999219664455716 -0.10292795043469571 0.01069747539580659 -0.035725885027606374 0.020710365537951744 -0.0608030191844009 -0.0821034112012511 -0.12208555167982375 -0.06956521739130433 -0.06979317388713935 -0.025164015457895213 -0.04951420029895366 0.01212243660975856 -0.07609384908053266 -0.030684583641942646 -0.07250183881475256 -0.05658627087198516 -0.023301332836238232 -0.028087167070217918 -0.07543397255294013 -0.05127231295100646 -0.0568295114656032 -0.08057491289198607 -0.024233484353598143 -0.09597952436813481 -0.04131332898456186 -0.061728395061728406 -0.06317969963749352 -0.08658460254537867 -0.10346926354230068 -0.06771314250538626 -0.10261395549794772 -0.013311148086522465 -0.050077898953928335 -0.0010928961748633847 -0.09144276360352224 -0.03986989822683874 -0.0763433493197612 -0.005758157389635317 -0.04422280767783214 -0.0066344422329636995 -0.027615507169410514 0.010498687664041995 -0.01477884513881558 0.06708193579300432 -0.01294949696184879 -0.04658699615150901 -0.0730909790344297 -0.08957006369426752 -0.131263673299302 -0.055606106561520575 -0.12549166510582507 -0.045584045584045586 -0.07163757441226919 -0.026041666666666668 -0.08546007960664949
0.02795980777632153 -0.04890652394574144 -0.04557614188051125 -0.06241134751773049 -0.01436265709156194 -0.05931739368497903 -0.044642857142857144 -0.03141361256544503 -0.05765534913516977 -0.05380911922967998 -0.014064697609001406 -0.02418252549679319 -0.0044311509914700346 -0.08501022274830516 -0.01851661351712787 -0.0949499165275459 -0.01259313674047644 -0.037748417897191064 -0.04787676935886761 -0.04578754578754579 -0.04724236431553505 -0.08590142811124235 -0.018394286950876432 -0.08409468438538206 -0.06193472276838381 -0.10864148310575103 -0.02394586153045289 -0.07451721242653232 -0.003992015968063869 -0.06578260415578992 -0.04063736498770185 -0.03693982696607369 -0.026962252846015576 -0.10067803575097593 -0.028433323855558707 -0.05668257756563246 -0.04202145305761362 -0.04225038914832109 -0.006657789613848197 -0.04671260072404532 -0.0021296986476413565 -0.06145409851564716 -0.023264470500651405 -0.08692255103037405 -0.023410066328521266 -0.10592585190366743 0.022464698331193838 -0.03356067987441811 0.026923475199337264 -0.056609707516511176 -0.07428403870589385 -0.1239214246374151 -0.07652173913043477 -0.06894203762022302 -0.01977172643120338 -0.043908819133034384 0.01414284271138499 -0.06975269499048826 -0.027510316368638238 -0.06934958495324156 -0.059369202226345084 -0.022369279522788704 -0.043583535108958835 -0.06998091429610107 -0.050322825674135964 -0.04885343968095713 -0.07621951219512195 -0.018965335581076808 -0.08851445025061319 -0.04022613611654707 -0.04918981481481481 -0.06110823407560849 -0.07093678280826204 -0.10144045445323598 -0.05129783523135324 -0.1069345430978613 -0.0033277870216306183 -0.06231916314266637 0.004371584699453552 -0.09257168661097313 -0.028328611898016998 -0.08025839287462073 -0.009596928982725527 -0.05363191569439217 -0.0037911098474078266 -0.0403611258629846 0.015748031496062992 -0.023223899503853056 0.06708193579300432 -0.023906763621874688 -0.03747214907838769 -0.08174648970955953 -0.07961783439490447 -0.12501302218981142 -0.04145182489131534 -0.12549166510582507 -0.035137701804368475 -0.07264655433356877 -0.013503086419753086 -0.09482556778272067
