-0.05504587155963303 -0.05813416997323982 -0.0525116417318934 -0.042553191489361694 -0.04398563734290843 -0.03285271034860376 -0.09943181818181819 -0.0010471204188481687 -0.08144962020682714 -0.05569715850089683 -0.08237894313843679 -0.07149616233834508 -0.04431150991470034 -0.03120628430001076 -0.024688818022837157 -0.10538397328881469 -0.054570259208731244 -0.057732874430998116 -0.0957535387177352 -0.030525030525030528 -0.15930564711052514 -0.08160635670568024 -0.11361177234364857 -0.09966777408637875 -0.1838379866299646 -0.0966809528555766 -0.1540864133263925 -0.061922753988245184 -0.1217564870259481 -0.05742925759632452 -0.0962463907603465 -0.03305142412753962 -0.07789095266626725 -0.06780357509759606 -0.1033077433418633 -0.036793953858393 -0.1702974676545394 -0.010006671114076058 -0.09098979138925875 -0.011678150181011334 -0.09370674049621978 -0.07563581355771959 -0.08933556672250138 -0.05371618322101768 -0.09364026531408506 -0.11192165484161087 -0.0652545999144202 -0.03139547472122984 -0.06109557833695763 -0.05556137959953873 -0.13390675398299287 -0.09546539379474941 -0.08260869565217391 -0.07745340028938633 -0.08537790958928733 -0.046711509715994026 -0.08485705626830993 -0.06129782287042908 -0.09099566183472649 -0.06829883366607123 -0.07328385899814474 -0.03914623916488024 -0.08910411622276028 -0.08724893210942472 -0.040827952905431064 -0.023928215353938184 -0.08384146341463414 1.3877787807814458e-18 -0.08851445025061319 -0.0076103500761035 -0.10609567901234569 -0.05178663904712584 -0.059461715001043206 -0.04463379995942383 -0.06360931568687803 -0.06480881399870383 -0.04104270660011093 -0.016692632984642776 -0.040437158469945354 -0.040641228268232105 -0.08603504354212568 -0.09200352353919936 -0.051823416506717845 -0.07903650733910425 -0.057814425172969384 -0.06160382368560807 -0.03254593175853018 -0.022168267708223378 -0.0009583133684714911 -0.03984460603645781 -0.120518533522382 -0.08655510675129832 -0.18312101910828021 -0.0645900614647359 -0.13749873622485087 -0.09177748642067803 -0.14719848053181386 -0.07062859449096963 -0.11863425925925927 -0.06438773121048935
-0.055919615552643076 -0.07197563901448739 -0.049539284652729616 -0.06619385342789598 -0.04398563734290843 -0.05019164081036685 -0.09030032467532469 -0.010471204188481678 -0.07412830603093257 -0.06513735485698104 -0.1034759895519389 -0.07149616233834508 -0.06646726487205051 -0.029054126762078986 -0.040119329287110386 -0.11060100166944906 -0.056669115332143985 -0.059953369601421114 -0.10824313072439631 -0.03663003663003663 -0.17029224346297517 -0.07516374959733707 -0.11793983986150183 -0.10485880398671096 -0.18973653165552495 -0.08771055516794578 -0.15200416449765747 -0.05667506297229221 -0.12275449101796407 -0.0501200793567923 -0.10266281681103626 -0.035967726256440166 -0.06690633113640905 -0.07088555578385042 -0.08719552649038007 -0.03480509148766905 -0.15813336282207233 -0.013342228152101404 -0.08433200177541054 -0.014013780217213601 -0.08944734320093706 -0.07185402287983361 -0.09584961846268378 -0.05371618322101768 -0.09461568474444013 -0.10792445288298191 -0.05134788189987164 -0.027065064414853308 -0.06213109661385523 -0.05346472376559387 -0.14563581272602874 -0.1046447585827061 -0.08521739130434783 -0.08511362669163333 -0.08987148377819718 -0.05231689088191331 -0.08687746236993635 -0.06658211794546606 -0.09311184001692943 -0.07775559525060416 -0.08070500927643784 -0.03728213253798119 -0.08329297820823242 -0.09361083340907027 -0.03892897835169009 -0.023928215353938187 -0.0751306620209059 0.007375408281529873 -0.08424869361202944 -0.0010871928680147858 -0.11670524691358027 -0.047643707923355774 -0.058418527018568756 -0.058835463582876855 -0.06463527239150509 -0.06912940159861743 -0.03771491957848032 -0.013354106387714221 -0.04590163934426229 -0.03951230526078122 -0.09967474556709684 -0.09102476265048448 -0.06813819577735125 -0.08468197214904027 -0.066344422329637 -0.07116303770578865 -0.03359580052493438 -0.02533516309511243 -0.0009583133684714911 -0.04880964239466081 -0.12659509823779622 -0.08655510675129832 -0.17515923566878983 -0.0645900614647359 -0.12334445455464563 -0.08428544671286757 -0.1329534662867996 -0.07365553425486833 -0.10609567901234569 -0.06438773121048934
-0.0489296636085627 -0.07197563901448739 -0.04854849895967503 -0.061465721040189124 -0.04308797127468582 -0.04927906552290563 -0.08624188311688312 -0.007329842931937172 -0.07046764894298527 -0.05758519777211365 -0.10849909584086796 -0.06939333403427611 -0.07089841586352055 -0.023673732917249543 -0.04423413229091657 -0.10538397328881469 -0.06401511176408857 -0.05551237926057512 -0.1072023313905079 -0.02747252747252747 -0.15491100856954515 -0.0762375174487276 -0.10820168794633193 -0.0965531561461794 -0.1828548957923712 -0.08571713345958337 -0.1374284226965122 -0.053526448362720414 -0.12075848303393215 -0.048031742716925965 -0.10480162549459951 -0.04082822980460775 -0.06790493309366888 -0.07191288267926854 -0.08529997156667615 -0.031821797931583136 -0.1581333628220723 -0.005559261730042247 -0.07767421216156235 -8.673617379884035e-19 -0.09264189117239911 -0.0746903658882481 -0.0977107761027359 -0.049809551714034575 -0.09266484588373002 -0.1049265514140102 -0.056696619597774923 -0.03247807729782397 -0.06213109661385523 -0.0471747562637593 -0.13879386179259118 -0.10923444097668444 -0.08782608695652175 -0.084262490424717 -0.08537790958928732 -0.04017189835575486 -0.08182644711587028 -0.0549566687803847 -0.09311184001692943 -0.07040033624041189 -0.08441558441558442 -0.03635007922453165 -0.08523002421307505 -0.09542851949468327 -0.03892897835169008 -0.02392821535393818 -0.07186411149825783 0.011589927299546941 -0.07998293697344568 0.005435964340073929 -0.11381172839506173 -0.05385810460901087 -0.054245775088670976 -0.06187867721647393 -0.06463527239150509 -0.07020954849859581 -0.03771491957848032 -0.020031159581571333 -0.04590163934426229 -0.045156920298035676 -0.09442870632672332 -0.09787608887148869 -0.06621880998080613 -0.0931501693639443 -0.06444886740593309 -0.07966011683483802 -0.03674540682414698 -0.031668953868890536 -2.0816681711721684e-18 -0.04880964239466081 -0.13368442373911282 -0.09328717060973264 -0.1701831210191083 -0.08230023960829252 -0.12132241431604489 -0.09646001123805956 -0.12820512820512822 -0.0686106346483705 -0.10030864197530864 -0.06555841723249825
-0.04456094364351246 -0.07382116821998708 -0.0396314277221837 -0.07092198581560284 -0.03680430879712747 -0.059317393684979 -0.08421266233766234 -0.006282722513089004 -0.06772215612702481 -0.055697158500896814 -0.09945750452079563 -0.07675323309851752 -0.07532956685499059 -0.03766275691380609 -0.04526283304186812 -0.11060100166944906 -0.051421975023612135 -0.06106361718663263 -0.09783513738551206 -0.031542531542531546 -0.16699626455724015 -0.07838505315150865 -0.09738151915169876 -0.10485880398671096 -0.1828548957923712 -0.09767766370975779 -0.13846954711087975 -0.05457598656591099 -0.125748502994012 -0.052208415996658666 -0.09303817773500161 -0.048605035481675905 -0.05292590373477133 -0.08321347852886789 -0.07676997441000853 -0.036793953858393 -0.14375760256552028 0.0011118523460084504 -0.06990679094540611 0.003503445054303396 -0.08092854861037162 -0.08036305190507706 -0.08096035734226689 -0.049809551714034575 -0.08291065158017949 -0.10392725092435295 -0.04920838682071031 -0.03897369275738877 -0.05798902350626488 -0.046126428346786874 -0.15052292053562702 -0.11382412337066275 -0.0991304347826087 -0.08341135415780067 -0.09436505796710702 -0.03736920777279522 -0.09293868067481563 -0.05072923272035511 -0.10686699820124854 -0.06724808237890093 -0.08534322820037106 -0.03541802591108211 -0.08619854721549634 -0.09724620558029627 -0.03987846562856058 -0.02392821535393818 -0.06750871080139373 0.01580444631756401 -0.08104937613309161 0.011959121548162643 -0.11188271604938269 -0.06007250129466598 -0.04902983517629877 -0.06492189085007101 -0.06463527239150509 -0.0712896953985742 -0.036605657237936774 -0.026708212775428442 -0.04590163934426229 -0.05080153533529014 -0.11016682404784388 -0.10472741509249288 -0.07773512476007678 -0.10161836657884833 -0.07582219694815658 -0.08815719596388742 -0.048293963254593175 -0.038002744642668645 -0.010541447053186393 -0.048809642394660825 -0.13570994531091757 -0.10001923446816696 -0.15824044585987262 -0.10001041775184913 -0.124355474673946 -0.10863457576325156 -0.12060778727445394 -0.06356573504187267 -0.09741512345679013 -0.06672910325450714
-0.040192223678462216 -0.07566669742548676 -0.030714356484692368 -0.08037825059101655 -0.030520646319569116 -0.06935572184705238 -0.08218344155844155 -0.005235602094240832 -0.06497666331106436 -0.05380911922967998 -0.09041591320072331 -0.08411313216275892 -0.07976071784646063 -0.05165178091036264 -0.046291533792819674 -0.11581803005008347 -0.03882883828313569 -0.06661485511269014 -0.08846794338051624 -0.03561253561253561 -0.17908152054493515 -0.08053258885428971 -0.08656135035706557 -0.11316445182724252 -0.18285489579237124 -0.10963819395993221 -0.1395106715252473 -0.0556255247691016 -0.13073852295409186 -0.05638508927639137 -0.08127472997540372 -0.05638184115874405 -0.03794687437587377 -0.09451407437846722 -0.06823997725334091 -0.041766109785202864 -0.12938184230896826 0.007782966422059156 -0.06213936972924987 0.007006890108606796 -0.06921520604834416 -0.08603573792190604 -0.06420993858179788 -0.049809551714034575 -0.07315645727662895 -0.10292795043469571 -0.041720154043645694 -0.045469308216953566 -0.05384695039867453 -0.04507810042981445 -0.1622519792786629 -0.11841380576464108 -0.11043478260869566 -0.08256021789088433 -0.10335220634492674 -0.03456651718983558 -0.10405091423376098 -0.04650179666032551 -0.12062215638556766 -0.06409582851738996 -0.0862708719851577 -0.03448597259763258 -0.08716707021791768 -0.09906389166590929 -0.04082795290543108 -0.02392821535393818 -0.06315331010452961 0.020018965335581083 -0.08211581529273755 0.018482278756251358 -0.10995370370370368 -0.06628689798032109 -0.04381389526392656 -0.06796510448366808 -0.06463527239150509 -0.0723698422985526 -0.03549639489739324 -0.03338526596928555 -0.04590163934426229 -0.05644615037254459 -0.12590494176896444 -0.1115787413134971 -0.08925143953934742 -0.11008656379375234 -0.08719552649038005 -0.09665427509293681 -0.05984251968503936 -0.04433653541644675 -0.021082894106372783 -0.04880964239466083 -0.13773546688272228 -0.10675129832660128 -0.14629777070063696 -0.11772059589540577 -0.12738853503184716 -0.12080914028844351 -0.11301044634377966 -0.05852083543537484 -0.09452160493827162 -0.06789978927651603
-0.03582350371341198 -0.06551628679523853 -0.02179728524720103 -0.06713947990543737 -0.02423698384201077 -0.06844314655959116 -0.08015422077922077 -0.007329842931937169 -0.062231170495103884 -0.05380911922967998 -0.081374321880651 -0.08306171801072443 -0.08419186883793066 -0.0548800172172603 -0.047320234543771225 -0.1189482470784641 -0.02623570154265925 -0.07993782613522817 -0.0791007493755204 -0.045787545787545784 -0.18347615908591514 -0.07408998174594653 -0.0887253841159922 -0.09032392026578073 -0.18187180495477784 -0.10465463968902622 -0.1457574180114524 -0.06087321578505458 -0.13572854291417166 -0.05429675263652502 -0.07271949524115069 -0.04957713619130943 -0.04094268024765328 -0.10170536264639407 -0.06823997725334091 -0.03778838504375497 -0.11832356518854366 0.008894818768067598 -0.05437194851309364 0.014013780217213589 -0.07134490469598552 -0.08414484258296305 -0.05490415038153732 -0.04101963082332259 -0.06730394069449863 -0.09793144798640951 -0.044929396662387676 -0.05196492367651835 -0.04970487729108418 -0.04088478876192473 -0.15443260678330564 -0.1156599963282541 -0.1156521739130435 -0.06553749255255767 -0.09706120248045294 -0.036434977578475344 -0.09192847762400243 -0.05601352779539209 -0.1163898000211618 -0.06514657980456026 -0.08070500927643785 -0.033553919284183054 -0.08619854721549638 -0.09997273470871579 -0.04367641473604254 -0.023928215353938184 -0.05553135888501742 0.012643557054051211 -0.07678361949450782 0.01304631441617743 -0.1089891975308642 -0.059036768513723456 -0.05111621114124765 -0.0598498681274092 -0.07284292602852159 -0.07669042989846618 -0.04326123128119801 -0.04562653015802358 -0.05027322404371585 -0.06547753443215173 -0.12590494176896444 -0.09396104531662912 -0.09692898272552783 -0.09597290176891231 -0.08529997156667614 -0.07434944237918216 -0.05984251968503936 -0.029557690277631166 -0.022999520843315763 -0.03486403028190059 -0.13064614138140568 -0.09521061742642818 -0.14231687898089174 -0.11251171997083029 -0.13143261550904867 -0.11893613036149091 -0.1158594491927825 -0.05852083543537484 -0.09741512345679013 -0.05853430110044485
-0.034076015727391884 -0.055365876164990314 -0.020806499554146436 -0.053900709219858164 -0.024236983842010774 -0.06753057127212994 -0.07609577922077922 -0.0094240837696335 -0.062231170495103884 -0.05380911922967998 -0.07836045810729356 -0.08201030385868993 -0.09416195856873824 -0.05810825352415797 -0.05246373829852896 -0.12207846410684473 -0.03463112603631021 -0.09326079715776618 -0.08534554537885097 -0.05596255596255596 -0.18237749945067017 -0.06764737463760336 -0.09197143475438217 -0.06748338870431894 -0.17695635076681088 -0.0996710854181202 -0.14679854242581988 -0.06612090680100755 -0.13273453093812373 -0.052208415996658666 -0.06416426050689768 -0.04277243122387479 -0.04793289394847213 -0.10889665091432092 -0.07108330963889678 -0.03381066030230708 -0.11058277120424638 0.010006671114076049 -0.05104305370616954 0.021020670325820386 -0.07347460334362689 -0.08225394724402006 -0.05676530802158943 -0.03222970993261061 -0.07120561841591884 -0.09293494553812331 -0.05883611467693624 -0.058460539136083144 -0.05074039556798175 -0.036691477094035016 -0.14661323428794842 -0.11290618689186709 -0.12086956521739131 -0.048514767214230994 -0.09077019861597914 -0.0383034379671151 -0.07980604101424386 -0.06552525893045867 -0.11215744365675591 -0.06619733109173058 -0.075139146567718 -0.03262186597073352 -0.08523002421307506 -0.10088157775152232 -0.04652487656665401 -0.023928215353938187 -0.04790940766550522 0.005268148772521334 -0.07145142369627812 0.0076103500761035 -0.10802469135802469 -0.05178663904712585 -0.05841852701856874 -0.05173463177115033 -0.08105057966553811 -0.08101101749837977 -0.05102606766500277 -0.05786779434676161 -0.054644808743169404 -0.07450891849175886 -0.12590494176896444 -0.07634334931976117 -0.10460652591170827 -0.08185923974407226 -0.08340441664297223 -0.05204460966542751 -0.05984251968503936 -0.014778845138815583 -0.024916147580258747 -0.020918418169140363 -0.12355681588008909 -0.08366993652625505 -0.13833598726114654 -0.10730284404625481 -0.13547669598625012 -0.1170631204345383 -0.11870845204178537 -0.05852083543537484 -0.10030864197530864 -0.04916881292437368
-0.03232852774137178 -0.04890652394574146 -0.019815713861091842 -0.04822695035460994 -0.024236983842010774 -0.06296769483482387 -0.07203733766233766 -0.017801047120418845 -0.062231170495103884 -0.054753138865288396 -0.07534659433393612 -0.06623909157817263 -0.10413204829954581 -0.04842354460346497 -0.0576072420532867 -0.11373121869782972 -0.04302655052996117 -0.09326079715776618 -0.09159034138218151 -0.05087505087505088 -0.18127883981542517 -0.05261462471813594 -0.09521748539277214 -0.04671926910299004 -0.1720408965788439 -0.08771055516794579 -0.14783966684018743 -0.06192275398824517 -0.12974051896207586 -0.043855069437193285 -0.05560902577264465 -0.05152133761057646 -0.05492310764929098 -0.0986233819601397 -0.07392664202445266 -0.04673826571201273 -0.10284197721994912 -0.0111185234600845 -0.04771415889924544 0.02218848534392152 -0.07560430199126825 -0.07279947054930509 -0.058626465661641536 -0.03515968356284793 -0.07510729613733905 -0.08593984211052264 -0.07274283269148481 -0.04871711594673596 -0.051775913844879354 -0.029353181675228008 -0.13879386179259118 -0.11841380576464108 -0.12608695652173915 -0.05277044854881265 -0.08447919475150532 -0.04110612855007474 -0.06768360440448531 -0.06975269499048828 -0.10792508729235004 -0.06934958495324157 -0.06957328385899816 -0.03541802591108211 -0.08426150121065376 -0.09906389166590929 -0.04937333839726547 -0.024925224327018942 -0.040287456445993026 0.0021072595090085335 -0.0661192278980484 0.0010871928680147858 -0.10706018518518519 -0.04557224236147074 -0.06572084289588984 -0.054777845404747415 -0.08925823330255464 -0.07885072369842298 -0.05879090404880753 -0.05675495214778544 -0.05901639344262295 -0.07112214946940619 -0.12590494176896444 -0.07340706665361652 -0.11228406909788868 -0.07809559653744826 -0.08150886171926831 -0.05629314922995221 -0.05984251968503936 -0.020057004116964004 -0.026832774317201723 -0.022910648470963246 -0.12051853352238198 -0.08655510675129832 -0.1343550955414013 -0.10105219293676423 -0.1395207764634516 -0.11987263532496724 -0.12155745489078824 -0.06457471496317223 -0.10320216049382716 -0.06204635916647154
-0.033202271734381825 -0.05444311156224048 -0.030714356484692357 -0.05295508274231679 -0.026032315978456018 -0.06661799598466873 -0.07102272727272728 -0.029319371727748685 -0.07046764894298527 -0.06136127631454735 -0.07635121559172192 -0.05467353590579329 -0.11964107676969093 -0.03766275691380609 -0.06995165106470527 -0.11164440734557597 -0.04932311890019939 -0.08770955923170867 -0.10407993338884262 -0.04578754578754578 -0.18567347835640519 -0.05154085686674541 -0.10279160354901537 -0.04775747508305647 -0.1631930790405034 -0.0926941094388518 -0.14159292035398233 -0.06612090680100755 -0.1277445109780439 -0.04907591103685914 -0.0652336648486793 -0.06027024399727813 -0.050928699820251645 -0.08835011300595848 -0.07203108710074875 -0.059665871121718374 -0.10284197721994914 -0.03224371803424505 -0.05992010652463382 0.0023356300362022617 -0.07453945266744758 -0.06334499385459014 -0.059557044481667584 -0.038089657193085255 -0.0760827155676941 -0.07894473868292196 -0.07274283269148482 -0.03897369275738877 -0.05798902350626487 -0.022014886256421007 -0.13292933242107324 -0.12392142463741511 -0.13478260869565217 -0.057026129883394325 -0.08178305023815942 -0.04390881913303439 -0.06162238609960603 -0.07398013105051784 -0.10686699820124856 -0.07250183881475254 -0.06679035250463823 -0.0382141858514307 -0.07941888619854723 -0.09724620558029627 -0.047474363843524506 -0.0259222333000997 -0.029398954703832754 -0.001053629754504267 -0.059720592940172755 -0.005435964340073929 -0.11188271604938271 -0.03935784567581564 -0.08554141456290423 -0.05782105903834449 -0.09131014671180877 -0.0766904298984662 -0.06100942872989461 -0.05564210994880926 -0.06666666666666668 -0.06773538044705352 -0.12695414961703916 -0.07047078398747185 -0.10748560460652593 -0.07433195333082424 -0.07392664202445266 -0.0605416887944769 -0.06089238845144358 -0.025335163095112422 -0.03545759463344514 -0.02490287877278614 -0.11849301195057726 -0.0894402769763416 -0.14729299363057327 -0.09480154182727366 -0.14255383682135273 -0.12268215021539616 -0.11301044634377969 -0.07062859449096963 -0.10320216049382717 -0.07492390540856943
-0.03407601572739187 -0.0599796991787395 -0.04161299910829287 -0.057683215130023655 -0.027827648114901255 -0.07026829713451362 -0.07000811688311688 -0.04083769633507852 -0.07870412739086666 -0.0679694137638063 -0.07735583684950774 -0.04310798023341394 -0.13515010523983606 -0.02690196922414721 -0.08229606007612385 -0.1095575959933222 -0.05561968727043761 -0.08215832130565115 -0.11656952539550373 -0.0407000407000407 -0.1900681168973852 -0.050467089015354884 -0.11036572170525863 -0.04879568106312292 -0.15434526150216285 -0.0976776637097578 -0.1353461738677772 -0.07031905961376993 -0.12574850299401197 -0.054296752636525 -0.07485830392471396 -0.0690191503839798 -0.04693429199121231 -0.07807684405177727 -0.07013553217704484 -0.07259347653142402 -0.10284197721994914 -0.05336891260840561 -0.07212605415002218 -0.01751722527151699 -0.07347460334362689 -0.053890517159875195 -0.06048762330169364 -0.04101963082332259 -0.07705813499804914 -0.07194963525532128 -0.07274283269148481 -0.029230269568041572 -0.0642021331676504 -0.014676590837614006 -0.12706480304955528 -0.1294290435101891 -0.14347826086956522 -0.061281811217976004 -0.0790869057248135 -0.04671150971599404 -0.05556116779472674 -0.07820756711054744 -0.10580890911014709 -0.07565409267626352 -0.06400742115027831 -0.041010345791779285 -0.07457627118644068 -0.09542851949468327 -0.04557538928978352 -0.02691924227318046 -0.018510452961672474 -0.0042145190180170695 -0.05332195798229711 -0.011959121548162643 -0.11670524691358024 -0.04557224236147074 -0.10536198622991862 -0.06086427267194157 -0.09336206012106288 -0.0745301360985094 -0.0632279534109817 -0.05452926774983306 -0.07431693989071038 -0.06434861142470084 -0.12800335746511388 -0.08025839287462072 -0.10268714011516314 -0.05457282649604818 -0.06634442232963701 -0.057355284121083386 -0.06194225721784778 -0.03061332207326085 -0.04408241494968855 -0.02689510907460903 -0.11646749037877253 -0.1009809578765147 -0.16023089171974522 -0.09480154182727366 -0.14558689717925383 -0.13111069488668292 -0.10446343779677111 -0.07062859449096963 -0.10320216049382717 -0.0842893935846406
-0.03844473569244212 -0.06551628679523853 -0.046566927573565835 -0.042553191489361715 -0.03590664272890485 -0.059317393684979014 -0.08522727272727273 -0.03560209424083769 -0.08968609865470852 -0.0641933352213726 -0.07735583684950773 -0.05151929344968983 -0.14401240722277614 -0.015065102765522443 -0.08949696533278469 -0.09703672787979965 -0.06926225207262042 -0.08104807372043965 -0.1228143213988343 -0.036630036630036625 -0.19226543616787523 -0.05154085686674541 -0.11252975546418524 -0.030107973421926903 -0.15237907982697607 -0.1016645071264826 -0.13951067152524727 -0.07451721242653232 -0.13572854291417163 -0.056385089276391354 -0.07271949524115069 -0.07193545251288035 -0.05592170960655083 -0.061639613725087326 -0.08245663918112027 -0.06662688941925218 -0.11168859891628884 -0.05003335557038026 -0.0854416333777186 -0.01634941025341586 -0.07986369928655096 -0.06145409851564716 -0.06141820212171971 -0.03613634143959371 -0.07705813499804917 -0.07194963525532128 -0.08237056054771075 -0.030312872144635704 -0.06730868799834318 -0.018869902505503723 -0.1280422246114749 -0.12759317055259778 -0.1452173913043478 -0.061281811217976004 -0.07369461669812169 -0.04110612855007474 -0.06263258915041922 -0.07503699006552525 -0.11533171093006034 -0.07250183881475254 -0.06679035250463823 -0.05219498555317363 -0.08426150121065376 -0.09270199036626375 -0.05127231295100646 -0.024925224327018942 -0.028310104529616725 -0.006321778527025606 -0.06611922789804843 -0.017395085888236572 -0.11863425925925926 -0.05282237182806836 -0.11892343000208638 -0.049705822682085614 -0.10362162716733354 -0.06912940159861741 -0.0776483638380477 -0.05786779434676161 -0.07868852459016394 -0.06547753443215173 -0.13220018885741266 -0.08417343642948028 -0.11036468330134355 -0.031990967256304105 -0.07203108710074876 -0.0446096654275093 -0.07559055118110236 -0.031668953868890536 -0.05941542884523239 -0.022910648470963246 -0.1144419688069678 -0.11155991536834006 -0.16819267515923567 -0.10417751849150951 -0.15670811849155794 -0.14234875444839862 -0.1120607787274454 -0.07163757441226921 -0.11863425925925926 -0.0854600796066495
-0.04281345565749235 -0.07105287441173756 -0.051520856038838804 -0.02742316784869977 -0.04398563734290844 -0.04836649023544442 -0.10044642857142856 -0.03036649214659686 -0.10066806991855037 -0.060417256678938915 -0.07735583684950773 -0.059930606665965724 -0.15287470920571616 -0.0032282363068976694 -0.09669787058944553 -0.08451585976627711 -0.08290481687480324 -0.07993782613522815 -0.12905911740216486 -0.03256003256003256 -0.1944627554383652 -0.05261462471813594 -0.11469378922311187 -0.011420265780730895 -0.15041289815178924 -0.1056513505432074 -0.14367516918271733 -0.0787153652392947 -0.14570858283433133 -0.05847342591625769 -0.07058068655758742 -0.07485175464178091 -0.06490912722188937 -0.04520238339839736 -0.09477774618519572 -0.06066030230708035 -0.12053522061262856 -0.04669779853235491 -0.098757212605415 -0.015181595235314722 -0.08625279522947503 -0.06901767987141912 -0.062348780941745764 -0.03125305205586483 -0.07705813499804917 -0.07194963525532128 -0.09199828840393667 -0.03139547472122984 -0.07041524282903593 -0.023063214173393434 -0.1290196461733946 -0.12575729759500645 -0.1469565217391304 -0.061281811217976004 -0.06830232767142987 -0.03550074738415545 -0.06970401050611172 -0.07186641302050306 -0.12485451274997357 -0.06934958495324157 -0.06957328385899815 -0.06337962531456798 -0.09394673123486683 -0.08997546123784425 -0.0569692366122294 -0.02293120638085743 -0.038109756097560975 -0.008429038036034139 -0.07891649781379972 -0.0228310502283105 -0.12056327160493825 -0.06007250129466598 -0.13248487377425414 -0.03854737269222966 -0.11388119421360418 -0.06372866709872543 -0.0920687742651137 -0.06120632094369018 -0.08306010928961749 -0.06660645743960264 -0.13639702024971148 -0.08808847998433983 -0.11804222648752398 -0.00940910801656003 -0.0777177518718605 -0.03186404673393521 -0.08923884514435695 -0.032724585664520224 -0.07474844274077623 -0.01892618786731746 -0.11241644723516306 -0.12213887286016542 -0.17615445859872608 -0.11355349515574538 -0.16782933980386208 -0.15358681401011426 -0.11965811965811968 -0.07264655433356877 -0.13406635802469136 -0.08663076562865839
-0.03844473569244211 -0.062747992986989 -0.0505300703457842 -0.030260047281323883 -0.03859964093357271 -0.04836649023544442 -0.10044642857142856 -0.02513089005235602 -0.10707421982245813 -0.055697158500896814 -0.06931886678722121 -0.062033434970034704 -0.1440124072227761 -0.009684708920693001 -0.09052566608373622 -0.08973288814691152 -0.07765767656627139 -0.08993005440213167 -0.13114071606994174 -0.03154253154253154 -0.19666007470885521 -0.0622785353806507 -0.12226790737935511 -0.02387873754152824 -0.1513959889893826 -0.11960530250174424 -0.1478396668401874 -0.09235936188077246 -0.14670658682634727 -0.06473843583585674 -0.059886643139771156 -0.07193545251288035 -0.0659077291791492 -0.04931169098006985 -0.08909108141408398 -0.061654733492442326 -0.12053522061262853 -0.04558594618634645 -0.10319573901464714 -0.01751722527151699 -0.08412309658183367 -0.07090857521036212 -0.05490415038153731 -0.03808965719308526 -0.07315645727662895 -0.07694613770360748 -0.08771929824561402 -0.03789109018079463 -0.07145076110593351 -0.02935318167522801 -0.12510995992571597 -0.1266752340738021 -0.1417391304347826 -0.06553749255255767 -0.0674036128336479 -0.053251121076233185 -0.06566319830285887 -0.08560558021559923 -0.1195640672944662 -0.07250183881475254 -0.05287569573283859 -0.05405909218007269 -0.09007263922518159 -0.07816050168135964 -0.052221800227876945 -0.015952143569292122 -0.038109756097560975 -0.005268148772521339 -0.07891649781379974 -0.011959121548162643 -0.11863425925925923 -0.05282237182806836 -0.13144168579177967 -0.024345709068776623 -0.10875141069046887 -0.05292719809894146 -0.09095951192457016 -0.05786779434676161 -0.08633879781420765 -0.054188304357642825 -0.13220018885741264 -0.08710971909562494 -0.11132437619961613 -0.0075272864132480246 -0.066344422329637 -0.032926181625066386 -0.07874015748031496 -0.03166895386889053 -0.0680402491614758 -0.01892618786731746 -0.10937816487745596 -0.1182919792267744 -0.18013535031847133 -0.09896864256693405 -0.16277423920736023 -0.14890428919273274 -0.12440645773979109 -0.07365553425486833 -0.1417824074074074 -0.08663076562865839
-0.045434687636522496 -0.060902463781489335 -0.06043792727633014 -0.018912529550827423 -0.04757630161579892 -0.05110421609782807 -0.10754870129870128 -0.029319371727748688 -0.12080168390226047 -0.05852921740772208 -0.07936507936507936 -0.04626222268951741 -0.14068904397917356 0.021521575379317762 -0.08949696533278469 -0.06990818030050083 -0.0839542449365096 -0.07882757855001664 -0.13738551207327226 -0.017297517297517294 -0.1922654361678752 -0.06657360678621282 -0.13092404241506167 -0.011420265780730895 -0.1484467164766024 -0.11462174823083823 -0.13846954711087972 -0.09655751469353484 -0.1397205588822355 -0.05951759423619087 -0.06844187787402417 -0.06124234470691163 -0.07489514679448771 -0.04520238339839736 -0.09572552364704766 -0.05568814638027049 -0.13491098086918057 -0.0489215032243718 -0.12094984465157568 -0.017517225271516994 -0.1032903844106059 -0.06429044152406165 -0.06514051740182393 -0.02539310479539018 -0.08388607101053454 -0.06695313280703508 -0.09413778348309798 -0.031395474721229846 -0.07559283421352386 -0.01886990250550372 -0.12706480304955528 -0.12300348815861943 -0.14782608695652172 -0.058728402417227 -0.06830232767142987 -0.05044843049327354 -0.06364279220123245 -0.08349186218558444 -0.11427362183895887 -0.06514657980456026 -0.051948051948051945 -0.052194985553173645 -0.08716707021791767 -0.06816322821048805 -0.052221800227876945 -0.015952143569292122 -0.04355400696864112 -0.009482667790538406 -0.0885144502506132 -0.016307893020221786 -0.12442129629629628 -0.045572242361470734 -0.14083037763404965 -0.010144045445323593 -0.11182928080435006 -0.04212572909915748 -0.08874098724348309 -0.05452926774983306 -0.08961748633879782 -0.041770151275682996 -0.12800335746511385 -0.08613095820691005 -0.11420345489443377 -0.005645464809936019 -0.06255331248222917 -0.03398831651619756 -0.07874015748031496 -0.03061332207326084 -0.06708193579300432 -0.01892618786731746 -0.11039092566335833 -0.11444508559338336 -0.18809713375796178 -0.08438378997812272 -0.1627742392073602 -0.14422176437535122 -0.12535612535612534 -0.0746645141761679 -0.14660493827160492 -0.08663076562865839
-0.05242463958060288 -0.059056934575989664 -0.07034578420687607 -0.007565011820330968 -0.05655296229802513 -0.05384194196021171 -0.11465097402597402 -0.033507853403141365 -0.1345291479820628 -0.06136127631454734 -0.08941129194293751 -0.030491010409000107 -0.13736568073557107 0.052727859679328526 -0.08846826458183314 -0.05008347245409015 -0.09025081330674782 -0.06772510269790163 -0.14363030807660288 -0.0030525030525030516 -0.1878707976268952 -0.07086867819177493 -0.13958017745076823 0.0010382059800664507 -0.14549744396382228 -0.10963819395993224 -0.12909942738157207 -0.10075566750629723 -0.13273453093812373 -0.054296752636525 -0.07699711260827719 -0.05054923690094293 -0.08388256440982624 -0.041093075816724875 -0.10235996588001137 -0.04972155926809864 -0.14928674112573262 -0.05225706026239716 -0.1387039502885042 -0.017517225271516994 -0.12245767223937812 -0.057672307837761186 -0.07537688442211055 -0.012696552397695089 -0.09461568474444011 -0.05696012791046268 -0.10055626872058195 -0.024899859261665047 -0.07973490732111421 -0.008386623335779431 -0.1290196461733946 -0.11933174224343675 -0.15391304347826082 -0.051919312281896335 -0.06920104250921183 -0.04764573991031389 -0.06162238609960602 -0.08137814415556964 -0.1089831763834515 -0.057791320794367974 -0.05102040816326531 -0.05033087892627458 -0.08426150121065376 -0.058165954739616464 -0.052221800227876945 -0.015952143569292122 -0.048998257839721254 -0.013697186808555473 -0.09811240268742669 -0.02065666449228093 -0.13020833333333334 -0.03832211289487312 -0.15021906947631966 0.004057618178129439 -0.11490715091823127 -0.03132426009937351 -0.086522462562396 -0.05119074115290452 -0.092896174863388 -0.029351998193723184 -0.12380652607281503 -0.08515219731819516 -0.11708253358925144 -0.0037636432066240123 -0.05876220263482135 -0.03505045140732873 -0.07874015748031496 -0.029557690277631155 -0.06612362242453282 -0.01892618786731746 -0.11140368644926069 -0.11059819195999232 -0.19605891719745222 -0.06979893738931138 -0.1627742392073602 -0.13953923955796968 -0.12630579297245964 -0.07567349409746747 -0.15142746913580246 -0.08663076562865839
-0.05941459152468327 -0.06459352219248868 -0.08025364113742198 -0.017021276595744678 -0.06552962298025135 -0.06661799598466873 -0.12175324675324675 -0.0356020942408377 -0.14825661206186513 -0.0594732370433305 -0.09945750452079566 -0.025233939648827662 -0.13404231749196854 0.06348864736898742 -0.0874395638308816 -0.046953255425709516 -0.09654738167698604 -0.059953369601421114 -0.1498751040799334 0.0020350020350020353 -0.1834761590859152 -0.07945882100289917 -0.14823631248647479 -0.011420265780730892 -0.14254817145104207 -0.11661516993920065 -0.11972930765226444 -0.10180520570948784 -0.12574850299401194 -0.06056176255612404 -0.0855523473425302 -0.0592981432876446 -0.09286998202516476 -0.04314772960756112 -0.10899440811297507 -0.06165473349244231 -0.16366250138228466 -0.05670446964643096 -0.15645805592543277 -0.023356300362022655 -0.12565222021084016 -0.05956320317670418 -0.08561325144239716 -0.022463131165152847 -0.10534529847834569 -0.07594683721395024 -0.10697475395806591 -0.03247807729782397 -0.08387698042870455 -0.022014886256421007 -0.13781644023067147 -0.12483936111621077 -0.16086956521739126 -0.05106817601498 -0.07279590186033971 -0.04577727952167414 -0.06667340135367208 -0.08349186218558444 -0.10157655274574118 -0.059892823368708624 -0.05565862708719852 -0.05499114549352223 -0.07941888619854723 -0.058165954739616464 -0.048423851120394996 -0.02093718843469591 -0.05553135888501742 -0.013697186808555473 -0.10024528100671856 -0.02065666449228093 -0.12345679012345681 -0.03832211289487312 -0.15334863342374297 0.0020288090890647212 -0.09951780034882529 -0.042125729099157475 -0.07542983915696062 -0.04896505675495215 -0.0819672131147541 -0.031609844208624976 -0.12800335746511385 -0.09396104531662915 -0.11324376199616122 -0.006586375611592021 -0.06539664486778506 -0.046733935209771635 -0.08188976377952757 -0.044336535416446735 -0.06324868231911837 -0.03187568482916626 -0.11342920802106544 -0.11636853241007887 -0.20203025477707004 -0.060422960725075525 -0.15468607825295727 -0.14422176437535122 -0.12345679012345678 -0.08172737362526486 -0.14949845679012347 -0.09014282369468508
-0.05941459152468326 -0.0701301098089877 -0.08817992668185873 -0.026477541371158392 -0.06912028725314182 -0.07939405000912575 -0.12378246753246754 -0.03769633507853404 -0.15008694060583877 -0.05758519777211365 -0.09443439823186658 -0.019976868888655235 -0.128503378752631 0.0742494350586463 -0.07406645406851146 -0.04382303839732889 -0.08500367299821597 -0.05218163650494061 -0.13530391340549547 0.007122507122507121 -0.1779828609096902 -0.08804896381402341 -0.14174421120969488 -0.02387873754152824 -0.1376327172630751 -0.12359214591846905 -0.11764705882352941 -0.10285474391267843 -0.12275449101796405 -0.06682677247572308 -0.0887605603678751 -0.06804704967434626 -0.09187138006790493 -0.04520238339839737 -0.09951663349445548 -0.073587907716786 -0.16366250138228466 -0.06115187903046475 -0.1542387927208167 -0.029195375452528316 -0.1171334256202747 -0.06145409851564716 -0.07816862088218872 -0.032229709932610616 -0.09754194303550527 -0.0949335465174378 -0.09520753102267866 -0.0400562953339829 -0.07352179765972869 -0.035643149177062586 -0.14172612647835012 -0.13034697998898476 -0.15826086956521737 -0.05021703974806367 -0.07549204637368563 -0.04390881913303437 -0.0747550257601778 -0.08560558021559922 -0.09734419638133532 -0.06199432594304928 -0.06586270871985159 -0.05965141206076987 -0.08329297820823245 -0.058165954739616464 -0.04557538928978352 -0.0259222333000997 -0.059886759581881534 -0.013697186808555473 -0.10451103764530231 -0.02065666449228093 -0.11670524691358027 -0.03832211289487312 -0.15647819737116625 1.3877787807814458e-18 -0.08412844977941931 -0.052927198098941454 -0.06433721575152523 -0.04673937235699978 -0.07103825136612021 -0.033867690223526765 -0.13220018885741266 -0.10276989331506312 -0.10940499040307099 -0.00940910801656003 -0.07203108710074875 -0.058417419012214554 -0.08503937007874016 -0.05911538055526231 -0.060373742213703896 -0.044825181791015044 -0.1154547295928702 -0.12213887286016542 -0.2080015923566879 -0.05104698406083967 -0.14659791729855423 -0.14890428919273274 -0.12060778727445394 -0.08778125315306226 -0.14756944444444445 -0.09365488176071177
-0.05941459152468326 -0.07566669742548673 -0.09610621222629546 -0.0359338061465721 -0.07271095152603231 -0.09217010403358276 -0.1258116883116883 -0.03979057591623038 -0.15191726914981238 -0.05569715850089681 -0.08941129194293751 -0.014719798128482809 -0.12296444001329343 0.08501022274830518 -0.06069334430614135 -0.04069282136894825 -0.0734599643194459 -0.04440990340846009 -0.12073272273105747 0.012210012210012208 -0.1724895627334652 -0.09663910662514764 -0.13525210993291498 -0.03633720930232558 -0.13271726307510817 -0.13056912189773745 -0.11556480999479438 -0.10390428211586902 -0.11976047904191618 -0.07309178239532213 -0.09196877339321999 -0.06027024399727813 -0.09087277811064509 -0.0554756523525786 -0.09003885887593592 -0.06861575178997613 -0.16366250138228464 -0.04892150322437182 -0.15201952951620062 -0.03503445054303398 -0.10861463102970928 -0.05767230783776117 -0.07072399032198028 -0.019533157534915524 -0.08973858759266486 -0.09693214749675227 -0.0834403080872914 -0.0465519107935477 -0.06316661489075281 -0.0398364608449523 -0.14563581272602874 -0.12024967872223243 -0.15565217391304348 -0.04511022214656567 -0.07818819088703154 -0.03830343796711509 -0.0828366501666835 -0.08560558021559922 -0.09311184001692943 -0.0588420720815383 -0.07606679035250466 -0.05778730543387082 -0.08716707021791767 -0.0618013269108425 -0.042726927459172045 -0.029910269192422727 -0.06424216027874564 -0.024233484353598143 -0.10877679428388609 -0.025005435964340073 -0.10995370370370372 -0.04039357845675815 -0.15960776131858959 -0.004057618178129436 -0.06873909921001334 -0.06264852019874703 -0.05324459234608986 -0.05564210994880926 -0.060109289617486336 -0.03499661323097765 -0.13639702024971148 -0.10081237153763337 -0.10556621880998081 -0.005645464809936019 -0.07866552933371244 -0.048858204992033985 -0.08818897637795275 -0.060171012350892006 -0.057498802108289414 -0.043829066640103595 -0.1174802511646749 -0.11444508559338333 -0.21397292993630573 -0.05729763517033024 -0.13850975634415125 -0.14609477430230383 -0.1177587844254511 -0.08879023307436182 -0.14564043209876543 -0.08663076562865839
-0.05591961555264306 -0.07382116821998706 -0.09511542653324086 -0.04444444444444444 -0.06732495511669659 -0.10129585690819494 -0.11668019480519479 -0.04816753926701571 -0.14551111924590462 -0.05758519777211366 -0.08438818565400844 -0.016822626432551786 -0.13404231749196854 0.0925427741310664 -0.051435037547577424 -0.03547579298831385 -0.06926225207262042 -0.047740646164094604 -0.11344712739383848 0.01322751322751323 -0.1724895627334652 -0.09234403521958552 -0.12334992425881845 -0.03114617940199335 -0.13566653558788833 -0.12558556762683146 -0.12493492972410203 -0.10390428211586904 -0.12175648702594813 -0.0699592774355226 -0.09196877339321999 -0.05054923690094293 -0.10085879768324346 -0.06369426751592358 -0.08909108141408396 -0.061654733492442326 -0.14928674112573262 -0.035579275072270405 -0.14314247669773633 -0.028027560434427178 -0.10542008305824724 -0.05010872648198922 -0.07351572678205845 -0.01464986815118664 -0.08486149044088959 -0.09393424602778055 -0.07060333761232349 -0.05088232109992423 -0.046598322460391424 -0.03878813292797987 -0.15247776365946636 -0.11015237745548008 -0.13826086956521738 -0.040003404545067664 -0.08537790958928732 -0.03736920777279521 -0.089908071522376 -0.08771929824561402 -0.09628610729023385 -0.05674056950719765 -0.08441558441558442 -0.055923198806971754 -0.0900726392251816 -0.06543669908206853 -0.04557538928978351 -0.03389830508474576 -0.0664198606271777 -0.034769781898640814 -0.11517542924176176 -0.029354207436399216 -0.10127314814814814 -0.042465044018643185 -0.15647819737116625 -0.008115236356258876 -0.06463527239150509 -0.0723698422985526 -0.04437049362174154 -0.06454484754061873 -0.05027322404371585 -0.03612553623842854 -0.13220018885741264 -0.09885484976020358 -0.10556621880998081 -0.0018818216033120061 -0.08340441664297224 -0.03929899097185342 -0.08923884514435697 -0.061226644146521694 -0.056540488739817915 -0.04283295148919215 -0.10633988251974884 -0.10675129832660127 -0.1900875796178344 -0.06354828627982081 -0.11626731371954302 -0.14328525941187492 -0.10636277302943971 -0.0897992129956614 -0.1321373456790123 -0.07960664949660501
-0.05242463958060288 -0.0719756390144874 -0.09412464084018626 -0.052955082742316785 -0.06193895870736086 -0.11042160978280709 -0.10754870129870128 -0.05654450261780105 -0.13910496934199687 -0.059473237043330504 -0.07936507936507935 -0.018925454736620755 -0.1451201949706436 0.10007532551382761 -0.04217673078901348 -0.030258764607679463 -0.06506453982579494 -0.0510713889197291 -0.10616153205661949 0.014245014245014249 -0.1724895627334652 -0.08804896381402341 -0.11144773858472194 -0.02595514950166113 -0.13861580810066848 -0.12060201335592546 -0.13430504945340968 -0.10390428211586904 -0.12375249500998005 -0.06682677247572308 -0.09196877339321999 -0.04082822980460775 -0.1108448172558418 -0.07191288267926856 -0.088143303952232 -0.05469371519490851 -0.13491098086918057 -0.022237046920169 -0.13426542387927204 -0.021020670325820393 -0.1022255350867852 -0.04254514512621725 -0.07630746324213662 -0.009766578767457762 -0.0799843932891143 -0.09093634455880883 -0.05776636713735558 -0.05521273140630075 -0.03003003003003002 -0.03773980501100744 -0.15931971459290395 -0.10005507618872773 -0.1208695652173913 -0.03489658694356966 -0.0925676282915431 -0.03643497757847534 -0.0969794928780685 -0.08983301627562883 -0.09946037456353826 -0.05463906693285699 -0.09276437847866421 -0.054059092180072696 -0.09297820823244554 -0.06907207125329456 -0.04842385112039499 -0.03788634097706879 -0.06859756097560975 -0.04530607944368349 -0.12157406419963743 -0.03370297890845836 -0.09259259259259259 -0.04453650958052822 -0.15334863342374294 -0.012172854534388312 -0.06053144557299682 -0.08209116439835819 -0.03549639489739323 -0.07344758513242822 -0.04043715846994535 -0.03725445924587943 -0.12800335746511385 -0.0968973279827738 -0.10556621880998081 0.0018818216033120061 -0.08814330395223204 -0.029739776951672858 -0.09028871391076117 -0.062282275942151376 -0.05558217537134643 -0.041836836338280704 -0.09519951387482276 -0.09905751105981916 -0.16620222929936307 -0.0697989373893114 -0.0940248710949348 -0.14047574452144596 -0.0949667616334283 -0.09080819291696096 -0.11863425925925923 -0.07258253336455163
-0.038444735692442125 -0.052597582356740794 -0.08619835529574951 -0.03782505910165484 -0.04937163375224417 -0.1003832816207337 -0.08928571428571427 -0.04502617801047121 -0.12903816235014182 -0.04625696214481261 -0.07132810930279282 -0.01156555567237935 -0.14844355821424612 0.10545571935865705 -0.03291842403044955 -0.020868113522537562 -0.05876797145555672 -0.03774841789719108 -0.10095753538717736 0.0172975172975173 -0.16479894528675018 -0.09449157092236658 -0.09954555291062542 -0.02803156146179402 -0.1356665355878883 -0.11761188079338183 -0.1353461738677772 -0.10390428211586904 -0.11676646706586827 -0.0699592774355226 -0.08769115602609348 -0.039856129094974234 -0.11184341921310166 -0.07396753647010479 -0.07676997441000852 -0.06066030230708035 -0.11832356518854363 -0.016677785190126748 -0.12427873945849977 -0.012845965199112463 -0.08731764455329573 -0.036872459109388286 -0.06700167504187605 -0.0009766578767457768 -0.07120561841591883 -0.08294194064155092 -0.0417201540436457 -0.05304752625311249 -0.011390701045873452 -0.035643149177062586 -0.1554100283452253 -0.10280888562511473 -0.10869565217391304 -0.023831815473657328 -0.08987148377819718 -0.03736920777279522 -0.09394888372562886 -0.09300359332065102 -0.08993757274362502 -0.05568981822002732 -0.0862708719851577 -0.04567061235902693 -0.08523002421307507 -0.0490775243115514 -0.041777440182301555 -0.031904287138584245 -0.06859756097560976 -0.03793067116215363 -0.11517542924176176 -0.021743857360295715 -0.08391203703703705 -0.029000517866390463 -0.14083037763404965 -0.002028809089064716 -0.054375705345234435 -0.0712896953985742 -0.03771491957848031 -0.06120632094369018 -0.0360655737704918 -0.03160984420862497 -0.1122652397439933 -0.09493980620534404 -0.09021113243761995 0.005645464809936019 -0.07961330679556441 -0.027615507169410514 -0.07874015748031497 -0.05700411696400295 -0.03449928126497365 -0.03785237573463492 -0.08405914522989669 -0.09040200038468935 -0.15923566878980894 -0.05521408480050005 -0.0859367101405318 -0.12923768495973026 -0.09116809116809119 -0.08071839370396529 -0.11091820987654319 -0.06438773121048934
-0.03757099169943208 -0.03321952569899419 -0.07827206975131279 -0.022695035460992902 -0.04847396768402155 -0.09034495345866035 -0.09232954545454546 -0.033507853403141365 -0.12812299807815503 -0.033040687246294734 -0.0632911392405063 -0.004205656608137945 -0.14179683172704108 0.11083611320348649 -0.028803621026643345 -0.011477462437395662 -0.056669115332143985 -0.024425446874653055 -0.08950874271440466 0.02035002035002035 -0.15271368929905516 -0.10093417803070977 -0.09413546851330881 -0.030107973421926913 -0.13468344475029492 -0.11462174823083822 -0.12805830296720458 -0.10390428211586902 -0.10479041916167667 -0.07309178239532213 -0.08662175168431184 -0.03888402838534072 -0.10884761334132216 -0.07602219026094104 -0.07392664202445265 -0.06662688941925218 -0.12164104832467101 -0.011118523460084493 -0.11762094984465157 -0.004671260072404537 -0.07453945266744758 -0.031199773092559325 -0.05304299274148522 0.007813263013966208 -0.062426843542723355 -0.074947536724293 -0.033162173727000435 -0.05088232109992423 0.004142073107590351 -0.033546493343117725 -0.15150034209754668 -0.10556269506150173 -0.09652173913043477 -0.012767044003744999 -0.08717533926485126 -0.0383034379671151 -0.09091827457318921 -0.0961741703656732 -0.08041477092371178 -0.05674056950719765 -0.0797773654916512 -0.03728213253798117 -0.0774818401937046 -0.02908297736980824 -0.03513102924420812 -0.025922233300099694 -0.06859756097560976 -0.030555262880623758 -0.10877679428388612 -0.009784735812133072 -0.07523148148148148 -0.01346452615225272 -0.1283121218443564 0.008115236356258878 -0.04821996511747205 -0.060488226398790236 -0.03993344425956739 -0.04896505675495214 -0.03169398907103825 -0.025965229171370514 -0.09652712202287272 -0.09298228442791426 -0.07485604606525911 0.00940910801656003 -0.07108330963889678 -0.025491237387148168 -0.06719160104986877 -0.05172595798585452 -0.013416387158600862 -0.03386791513098915 -0.07291877658497062 -0.08174648970955953 -0.1522691082802548 -0.040629232211688716 -0.07784854918612881 -0.11799962539801459 -0.08736942070275404 -0.07062859449096963 -0.10320216049382717 -0.05619292905642707
-0.04630843162953255 -0.04244717172649257 -0.08124442683047656 -0.024586288416075647 -0.05385996409335727 -0.0994707063332725 -0.0872564935064935 -0.041884816753926704 -0.12720783380616824 -0.04625696214481262 -0.0693188667872212 -0.006308484912206917 -0.14290461947490857 0.10545571935865705 -0.03188972327949799 -0.005217028380634389 -0.05352083114702487 -0.018874208948595542 -0.08118234804329726 0.01119251119251119 -0.15491100856954515 -0.09449157092236658 -0.09197143475438216 -0.024916943521594688 -0.13173417223751474 -0.1056513505432074 -0.11452368558042687 -0.08711167086481947 -0.0998003992015968 -0.06578260415578993 -0.0962463907603465 -0.043744531933508315 -0.10685040942680246 -0.07602219026094104 -0.07392664202445265 -0.073587907716786 -0.11058277120424638 -0.017789637536135196 -0.11429205503772748 -0.015181595235314732 -0.07560430199126825 -0.030254325423087834 -0.05862646566164156 0.00781326301396621 -0.06340226297307842 -0.07294893574497852 -0.02781343602909713 -0.043304103063765295 0.011390701045873461 -0.034594821260090156 -0.153455185221386 -0.1037268221039104 -0.09826086956521737 -0.009362498936079666 -0.09077019861597915 -0.033632286995515695 -0.08586725931912316 -0.08454872120059183 -0.08253094910591473 -0.05358831564568667 -0.09461966604823747 -0.04846677229937553 -0.0765133171912833 -0.03271834954103427 -0.03513102924420812 -0.03389830508474576 -0.06315331010452963 -0.029501633126119493 -0.10877679428388609 -0.017395085888236572 -0.07812499999999999 -0.011393060590367689 -0.12726893386188193 -0.004057618178129436 -0.05129783523135324 -0.0712896953985742 -0.03882418191902385 -0.050077898953928335 -0.028415300546448086 -0.03499661323097765 -0.10701920050361975 -0.0890672408730547 -0.08733205374280231 0.00940910801656003 -0.08150886171926833 -0.019118428040361127 -0.06509186351706038 -0.04328090362081706 -0.016291327264015335 -0.030879569678254802 -0.07798258051448247 -0.08270821311790728 -0.14729299363057324 -0.03958745702677362 -0.0778485491861288 -0.11331710058063307 -0.0778727445394112 -0.0655836948844718 -0.09934413580246915 -0.05151018496839148
-0.05504587155963303 -0.03691058410999354 -0.08520756960269493 -0.0359338061465721 -0.06014362657091561 -0.093082679321044 -0.08421266233766234 -0.032460732984293195 -0.1299533266221287 -0.035872746153119986 -0.06831424552943541 -0.012616969824413838 -0.13847346848343856 0.1022274830517594 -0.031889723279498 -0.010434056761268781 -0.05037254696190576 -0.025535694459864543 -0.07701915070774355 0.006105006105006102 -0.15600966820479018 -0.08160635670568024 -0.08656135035706555 -0.022840531561461798 -0.12780180888714118 -0.09967108541812018 -0.1103591879229568 -0.07346767422334173 -0.10079840319361277 -0.055340920956458185 -0.09196877339321999 -0.040828229804607756 -0.10884761334132213 -0.06574892130675981 -0.066344422329637 -0.06861575178997614 -0.09288952781156698 -0.0022237046920168995 -0.10319573901464714 -0.0023356300362022664 -0.06282611010542008 -0.023636191736787368 -0.042806625721198595 0.018556499658169745 -0.05950058525165821 -0.06795243329669232 -0.023534445870774502 -0.03789109018079463 0.015532774153463807 -0.032498165426145295 -0.15150034209754668 -0.09913713970993207 -0.09913043478260868 -0.009362498936079666 -0.09436505796710704 -0.035500747384155464 -0.08788766542074958 -0.07503699006552525 -0.09205375092582796 -0.05148681307134602 -0.08905380333951761 -0.0382141858514307 -0.075544794188862 -0.04089793692629283 -0.02848461830611469 -0.03090727816550349 -0.05226480836236934 -0.014750816563059748 -0.10237815932601044 -0.0032615786040443573 -0.0790895061728395 -0.009321595028482654 -0.11683705403713748 -0.002028809089064719 -0.05027187852672617 -0.07344998919853099 -0.04215196894065446 -0.04451368795904741 -0.029508196721311476 -0.036125536238428534 -0.10072395341517153 -0.08613095820691004 -0.07965451055662189 0.02728641324802409 -0.07866552933371243 -0.009559214020180564 -0.06194225721784776 -0.04011400823392801 -0.020124580737901295 -0.03087956967825481 -0.07190601579906826 -0.08366993652625504 -0.14928343949044587 -0.03854568184185852 -0.0748154888282277 -0.11425360554410938 -0.07122507122507123 -0.0655836948844718 -0.08969907407407408 -0.04565675485834699
-0.05329838357361294 -0.0313739964934945 -0.09016149806796789 -0.04728132387706856 -0.05565529622980251 -0.08669465230881548 -0.0700081168831169 -0.02303664921465969 -0.11622586254232634 -0.02548853016142736 -0.06027727546714888 -0.018925454736620752 -0.13071895424836602 0.09899924674486174 -0.03291842403044955 -0.015651085141903175 -0.04827369083849302 -0.03219717997113356 -0.0791007493755204 0.0010175010175010179 -0.14941771039332016 -0.06872114248899389 -0.06600302964726248 -0.0207641196013289 -0.1258356272119544 -0.093690820293033 -0.11348256116605934 -0.05982367758186398 -0.10379241516966067 -0.04489923775712644 -0.08769115602609347 -0.03791192767570721 -0.1108448172558418 -0.0554756523525786 -0.05876220263482136 -0.06364359586316629 -0.07519628441888755 0.013342228152101404 -0.08544163337771861 0.010510335162910195 -0.05004791821957192 -0.017018058050486905 -0.026986785780755633 0.02929973630237328 -0.05559890753023801 -0.06295593084840612 -0.019255455712451863 -0.03247807729782397 0.019674847261054156 -0.030401509592200438 -0.14954549897370736 -0.09454745731595374 -0.1 -0.009362498936079666 -0.09795991731823492 -0.03736920777279522 -0.089908071522376 -0.06552525893045866 -0.1015765527457412 -0.049385310497005355 -0.08348794063079776 -0.027961599403485877 -0.0745762711864407 -0.04907752431155139 -0.02183820736802126 -0.027916251246261216 -0.041376306620209066 -5.551115123125783e-18 -0.09597952436813481 0.010871928680147858 -0.08005401234567902 -0.007250129466597618 -0.10640517421239307 1.3877787807814458e-18 -0.04924592182209911 -0.0756102829984878 -0.04547975596228508 -0.038949476964166486 -0.030601092896174863 -0.03725445924587943 -0.09442870632672332 -0.08319467554076539 -0.07197696737044147 0.04516371847948815 -0.07582219694815656 0.0 -0.05879265091863517 -0.03694711284703896 -0.02395783421178726 -0.030879569678254802 -0.06582945108365404 -0.0846316599346028 -0.15127388535031847 -0.03750390665694343 -0.07178242847032656 -0.11519011050758568 -0.06457739791073124 -0.06558369488447181 -0.08005401234567902 -0.03980332474830251
-0.051550895587592835 -0.04244717172649257 -0.09511542653324087 -0.037825059101654845 -0.05116696588868941 -0.0821317758715094 -0.05580357142857143 -0.030366492146596858 -0.102498398462524 -0.035872746153119986 -0.05224030540486237 -0.024182525496793186 -0.12296444001329347 0.09361885290003227 -0.03394712478140109 -0.01773789649415693 -0.046174834715080285 -0.035527922726768066 -0.08118234804329724 0.0020350020350020357 -0.14282575258185015 -0.073016213894556 -0.04544470893745942 -0.01557308970099668 -0.12386944553676763 -0.09269410943885178 -0.1166059344091619 -0.06507136859781697 -0.10678642714570859 -0.04385506943719327 -0.08341353865896696 -0.04180033051424128 -0.11284202117036149 -0.04314772960756113 -0.05117998294000568 -0.053699284009546544 -0.05750304102620811 0.0088948187680676 -0.06768752774079005 0.0011678150181011308 -0.037269726333723774 -0.01890895338942989 -0.011166945840312673 0.03125305205586483 -0.05169722980881779 -0.05596082742080544 -0.014976465554129226 -0.03139547472122984 0.023816920368644506 -0.02515987000733829 -0.14759065584986802 -0.0872039654855884 -0.10086956521739132 -0.015320452804494001 -0.10155477666936281 -0.04110612855007474 -0.09192847762400243 -0.06341154090044386 -0.11109935456565442 -0.046233056635494374 -0.07792207792207792 -0.033553919284183054 -0.07360774818401938 -0.04544215214032536 -0.015191796429927837 -0.02293120638085743 -0.03048780487804879 -0.003160889263512804 -0.08958088941025916 0.004348771472059143 -0.08873456790123457 -0.015535991714137753 -0.09493010640517421 -0.003043213633597076 -0.059505488868369746 -0.0723698422985526 -0.057681641708263995 -0.04673937235699978 -0.040437158469945354 -0.0406412282682321 -0.084985835694051 -0.07830087109719094 -0.07005758157389637 0.04610462928114415 -0.06823997725334091 0.0021242697822623476 -0.05249343832020997 -0.0337802174601499 -0.022999520843315767 -0.02390676362187469 -0.0638039295118493 -0.09232544720138487 -0.1512738853503185 -0.03750390665694343 -0.0748154888282277 -0.11144409065368047 -0.05792972459639125 -0.06558369488447181 -0.06847993827160495 -0.0444860688363381
-0.05155089558759283 -0.05352034695949063 -0.09511542653324087 -0.02836879432624114 -0.051166965888689395 -0.07756889943420334 -0.06189123376623377 -0.037696335078534024 -0.09975290564656357 -0.04625696214481261 -0.05224030540486237 -0.029439596256965617 -0.11742550127395593 0.08823845905520285 -0.03909062853615884 -0.01982470784641069 -0.046174834715080285 -0.03885866548240259 -0.08638634471273939 0.0030525030525030534 -0.14392441221709512 -0.07731128530011813 -0.05410084397316598 -0.01038205980066445 -0.13370035391270155 -0.09169739858467059 -0.12181155648099948 -0.07031905961376994 -0.10678642714570859 -0.042810901117260096 -0.08127472997540369 -0.045688733352775346 -0.09886159376872379 -0.030819806862543663 -0.05117998294000568 -0.04375497215592681 -0.05860886873825057 0.0044474093840338015 -0.06879715934309809 -0.00817470512670793 -0.037269726333723774 -0.020799848728372882 -0.01209752466033873 0.03320636780935639 -0.055598907530237995 -0.04896572399320476 -0.017115960633290545 -0.030312872144635704 0.020710365537951744 -0.019918230422476153 -0.1466132342879484 -0.07986047365522306 -0.11130434782608697 -0.021278406672908333 -0.10694706569605464 -0.044843049327354265 -0.09293868067481563 -0.0612978228704291 -0.12273833456777061 -0.043080802773983386 -0.07421150278293134 -0.039146239164880234 -0.07167070217917676 -0.04180677996909933 -0.01804025826053931 -0.017946161515453647 -0.032665505226480845 -0.006321778527025602 -0.08638157193132133 -0.0021743857360295715 -0.09162808641975309 -0.023821853961677887 -0.0844982265804298 -0.006086427267194152 -0.06873909921001334 -0.0691294015986174 -0.06988352745424294 -0.05452926774983308 -0.05136612021857924 -0.04402799729058478 -0.084985835694051 -0.07340706665361652 -0.08061420345489445 0.04704554008280015 -0.07203108710074874 0.004248539564524695 -0.053543307086614166 -0.03061332207326085 -0.028749401054144707 -0.016933957565494574 -0.061778407940044563 -0.10001923446816693 -0.1542595541401274 -0.037503906656943434 -0.08896977049843292 -0.10769807079977523 -0.06362773029439697 -0.06558369488447181 -0.06847993827160494 -0.04916881292437368
-0.05155089558759283 -0.06459352219248869 -0.09511542653324086 -0.01891252955082743 -0.051166965888689395 -0.07300602299689725 -0.0679788961038961 -0.04502617801047119 -0.09700741283060312 -0.056641178136505245 -0.05224030540486237 -0.03469666701713805 -0.11188656253461833 0.0828580652103734 -0.04423413229091657 -0.021911519198664443 -0.046174834715080285 -0.04218940823803709 -0.09159034138218151 0.00407000407000407 -0.14502307185234015 -0.08160635670568024 -0.06275697900887253 -0.005191029900332227 -0.14353126228863547 -0.09070068773048938 -0.12701717855283706 -0.07556675062972291 -0.10678642714570859 -0.04176673279732692 -0.07913592129184044 -0.04957713619130942 -0.08488116636708609 -0.018491884117526197 -0.05117998294000568 -0.033810660302307075 -0.05971469645029305 2.7755575615628915e-18 -0.06990679094540611 -0.017517225271516994 -0.03726972633372378 -0.022690744067315874 -0.013028103480364785 0.03515968356284793 -0.05950058525165821 -0.04197062056560408 -0.01925545571245186 -0.02923026956804158 0.01760381070725898 -0.01467659083761401 -0.1456358127260287 -0.0844501560492014 -0.12173913043478261 -0.021278406672908333 -0.11233935472274648 -0.04857997010463379 -0.09394888372562885 -0.059184104840414295 -0.13437731456988677 -0.039928548912472404 -0.07050092764378477 -0.04101034579177929 -0.06973365617433414 -0.03271834954103427 -0.02088872009115078 -0.008973080757726818 -0.0348432055749129 0.0010536297545042663 -0.0831822544523835 0.0021743857360295715 -0.09452160493827161 -0.025893319523562924 -0.07406634675568538 0.0060864272671941584 -0.07797270955165693 -0.058327932598833454 -0.08208541320022186 -0.05452926774983308 -0.06229508196721312 -0.041770151275682996 -0.084985835694051 -0.06851326221004209 -0.09117082533589252 0.050809183289424166 -0.07582219694815658 0.006372809346787042 -0.05459317585301837 -0.025335163095112422 -0.03449928126497365 -0.007968921207291563 -0.05975288636823983 -0.09328717060973263 -0.1572452229299363 -0.014584852588811337 -0.10312405216863815 -0.09646001123805956 -0.06932573599240269 -0.04843103622237918 -0.06847993827160492 -0.036291266682275815
-0.051550895587592835 -0.06643905139798836 -0.09214306945407708 -0.007565011820330978 -0.05565529622980251 -0.06296769483482387 -0.07305194805194805 -0.03141361256544502 -0.09700741283060312 -0.047200981780421036 -0.05224030540486237 -0.033645252865103566 -0.10413204829954581 0.0817819864414075 -0.04629153379281967 -0.025041736227045076 -0.03253226991289747 -0.03996891306761409 -0.08534554537885096 0.007122507122507123 -0.15051637002856513 -0.07623751744872757 -0.08439731659813893 0.002076411960132889 -0.1504128981517892 -0.08173029004285856 -0.12077043206663199 -0.06087321578505458 -0.09880239520958083 -0.03550172287772788 -0.07806651695005881 -0.04666083406240886 -0.07988815658078689 -0.0030819806862543665 -0.05686664771111742 -0.029832935560859187 -0.06745549043459029 0.0055592617300422534 -0.06768752774079004 -0.008174705126707931 -0.0362048770099031 -0.026472534745201854 -0.02419504932067746 0.0527395253442719 -0.06632852126414358 -0.03697411811731788 -0.0235344458707745 -0.024899859261665044 0.015532774153463807 -0.009434951252751863 -0.14368096960218943 -0.09454745731595374 -0.12521739130434784 -0.02723636054132267 -0.10694706569605465 -0.05418535127055306 -0.08485705626830992 -0.05178609173536251 -0.12591260184107503 -0.03887779762530209 -0.07142857142857141 -0.030757759343834463 -0.07457627118644068 -0.010906116513678087 -0.029434105582985193 0.007976071784646061 -0.039198606271777015 0.028448003371615217 -0.08211581529273757 0.027179821700369644 -0.09452160493827162 -0.022786121180735374 -0.07823909868558314 0.018259281801582473 -0.07694675284702987 -0.04212572909915748 -0.07542983915696064 -0.042288003561095036 -0.05245901639344262 -0.029351998193723187 -0.0870842513902004 -0.06361945776646764 -0.0911708253358925 0.05457282649604818 -0.07676997441000853 0.00849707912904939 -0.04304461942257218 -0.0063337907737781056 -0.02395783421178726 0.00199223030182289 -0.0708932550131659 -0.08655510675129832 -0.16719745222929935 0.008334201479320763 -0.11626731371954302 -0.08522195167634389 -0.07502374169040837 -0.03127837756028656 -0.07233796296296295 -0.02341372044017794
-0.051550895587592835 -0.06828458060348805 -0.0891707123749133 0.0037825059101654806 -0.06014362657091561 -0.0529293666727505 -0.07812499999999999 -0.01780104712041885 -0.09700741283060312 -0.03776078542433683 -0.05224030540486237 -0.032593838713069076 -0.09637753406447323 0.08070590767244161 -0.04834893529472276 -0.028171953255425708 -0.01888970511071466 -0.03774841789719108 -0.0791007493755204 0.010175010175010175 -0.15600966820479012 -0.07086867819177493 -0.10603765418740532 0.009343853820598005 -0.15729453401494298 -0.07275989235522776 -0.11452368558042685 -0.04617968094038623 -0.09081836327345308 -0.029236712958128852 -0.0769971126082772 -0.04374453193350831 -0.07489514679448772 0.012327922745017464 -0.06255331248222917 -0.025855210819411296 -0.07519628441888754 0.011118523460084503 -0.06546826453617398 0.0011678150181011302 -0.03514002768608242 -0.03025432542308783 -0.03536199516099013 0.07031936712569586 -0.07315645727662894 -0.03197761566903168 -0.027813436029097128 -0.020569448955288516 0.013461737599668632 -0.004193311667889718 -0.14172612647835012 -0.10464475858270608 -0.12869565217391304 -0.033194314409737004 -0.10155477666936281 -0.05979073243647235 -0.07576522881099099 -0.04438807863031071 -0.11744788911226325 -0.03782704633813177 -0.07235621521335805 -0.020505172895889646 -0.07941888619854723 0.010906116513678088 -0.0379794910748196 0.024925224327018942 -0.043554006968641125 0.05584237698872616 -0.08104937613309161 0.05218525766470972 -0.09452160493827162 -0.01967892283790782 -0.0824118506154809 0.030432136335970788 -0.0759207961424028 -0.02592352559948153 -0.06877426511369941 -0.030046739372357002 -0.042622950819672135 -0.016933845111763376 -0.08918266708634981 -0.05872565332289322 -0.09117082533589252 0.058336469702672186 -0.07771775187186049 0.010621348911311737 -0.031496062992125984 0.012667581547556211 -0.013416387158600865 0.01195338181093734 -0.08203362365809197 -0.079823042892864 -0.17714968152866242 0.031253255547452855 -0.12941057527044791 -0.07398389211462822 -0.08072174738841406 -0.014125718898193935 -0.07619598765432097 -0.010536174198080079
