-0.20828228375398186 -0.07845774490024658 -0.15317531305903398 -0.06927606511950121 -0.28551286570320766 -0.17274017983909135 -0.342549547345241 -0.08745293331713835 -0.20227883753680706 0.01520597179983411 -0.07452317797145384 0.00610724319042384 -0.18770923003347684 -0.06769230769230769 -0.35861182519280205 -0.2860326894502229 -0.45258338783518637 -0.12910648088968427 -0.27935169324021614 0.001377790024800213 -0.10848755583918315 -0.09869232667160129 -0.16868046417035532 -0.09402523208759819 -0.20341944340446774 -0.2256112931686413 -0.3271580607016161 -0.15462610899873258 -0.27266621893888515 -0.04503850065378469 -0.49819773429454167 -0.5626047402441945 -0.2447257383966245 -0.19306443679291688 -0.19042846404409924 -0.145044319097502 -0.17169759069509832 -0.12589451364961568 -0.1820421571311251 -0.023171614771904415 -0.4558080808080808 -0.7370978940060171 -0.27605567902678674 -0.22782651072124754 -0.12472487160674983 -0.08336491095111785 -0.14496472097498397 0.01035196687370601 -0.12706816677696892 0.07319572536963839 -0.7693257594467771 -0.5244016893477241 -0.2677958342870222 -0.21006408734868268 -0.12035142616440005 -0.069461672041677 -0.13865920366365603 -0.12434970181449057 -0.167736862796488 -0.048489886395123305 -0.9401709401709402 -1.0611156210135684 -0.3415492957746479 -0.29323036080608184 -0.22628372497824195 -0.20614692653673164 -0.13392293114339862 -0.1599900781346893 -0.19615384615384618 -0.08294166436273154 -0.29471804031640725 -0.2563499529633114 -0.28672985781990523 -0.3987201575190745 -0.3573629081947012 -0.3206388206388206 -0.2775346918364796 -0.166208447888028 -0.21681997371879108 -0.11960326721120187 -0.11502875718929732 -0.046254512635379066 -0.1915231187669991 -0.10813408626697103 -0.2827521206409048 -0.4542701393095093 -0.4129976435569887 -0.06822128504093276 -0.20841040818843265 0.0025957170668397143
-0.2254349424160745 -0.0941492938802959 -0.16323792486583183 -0.07273986837547627 -0.3113617671248972 -0.28277330809275913 -0.4746758013212625 -0.16154500182193612 -0.23172449110229162 -0.008294166436273153 -0.08210180623973728 0.013435935018932454 -0.18651362984218076 -0.06769230769230769 -0.3753213367609255 -0.41604754829123325 -0.6383257030739046 -0.3246836252077208 -0.3083410198972197 -0.02617801047120418 -0.1327377153797064 -0.10239328892178634 -0.1830362483550664 -0.08212330397524399 -0.2146511918133034 -0.2583816486009579 -0.396794113782683 -0.23067173637515842 -0.30087306917394224 -0.0711898881301758 -0.6398043254376932 -0.8331338281062963 -0.3146473779385172 -0.18937530742744713 -0.21423202204961161 -0.1732473811442385 -0.19800609249515372 -0.16565067585475748 -0.21078565562551327 -0.036205648081100654 -0.5479797979797979 -1.1293682018051379 -0.3579366007720201 -0.2607212475633528 -0.1516263145023233 -0.11241631931287104 -0.1731879409878127 -0.01940993788819876 -0.1654533421575116 0.04684526423656859 -0.9891331192887133 -0.6839511966213045 -0.30327306019684136 -0.21599810111559462 -0.12997954025755204 -0.07690399404614241 -0.113217147945554 -0.13196294886435733 -0.17297863975887826 -0.06511499030202272 -1.2326953172023594 -1.537747883567204 -0.40727699530516437 -0.35718595390370467 -0.2648265572547557 -0.23113443278360818 -0.15919140871762477 -0.18231427508371573 -0.22435897435897437 -0.10367708045341444 -0.32533809645317685 -0.27046095954844784 -0.3424170616113744 -0.8798917056362294 -0.4436229205175601 -0.42997542997543 -0.38629828728591076 -0.2074481379655086 -0.23915900131406045 -0.1371061843640607 -0.12628157039259816 -0.0315884476534296 -0.2164551223934723 -0.1249549441307221 -0.33694627709707825 -0.8007268322228953 -0.7391789656455414 -0.12279831307367899 -0.2528055247256135 -0.020765736534717714
-0.2450379808870375 -0.0997534185160278 -0.1744186046511628 -0.09352268791132662 -0.3395605686758313 -0.3892569805963086 -0.8233423048690971 -0.21741770921899675 -0.2662911278965561 -0.016588332872546303 -0.08336491095111787 0.04030780505679736 -0.18890483022477284 -0.08615384615384616 -0.4035989717223651 -0.5993065874195146 -1.4022236756049706 -0.613575354723252 -0.3570957965476348 -0.06475613116561037 -0.15826419910657305 -0.10979521342215644 -0.1985883478885034 -0.08688407522018565 -0.23961063272182703 -0.27098563145954124 -0.47431349362764424 -0.32446134347275035 -0.35191403626595036 -0.08862414644776988 -0.7427909371781668 -1.1108451041417287 -0.39541892706449666 -0.21888834235120508 -0.24429967426710095 -0.190706419554123 -0.21739130434782608 -0.18552875695732837 -0.2600602244730359 -0.047791455467052865 -0.6085858585858586 -1.58643832446193 -0.47023043630834016 -0.2997076023391813 -0.1785277573978968 -0.13262599469496023 -0.18345093008338678 -0.041407867494824016 -0.19324950363997354 0.02635046113306983 -1.1595455668066188 -0.866963866729235 -0.35362783245593954 -0.2373605506764776 -0.14923576844385605 -0.09675018605805011 -0.10685663401602849 -0.1446516939474686 -0.17822041672126848 -0.07619839290662234 -1.4433610208258094 -2.0654064710657543 -0.4823943661971831 -0.41872812839386997 -0.3145592440631605 -0.2448775612193903 -0.1617182564750474 -0.19471660672206373 -0.25897435897435894 -0.10505944152612663 -0.36361316662413884 -0.2751646284101599 -0.4063981042654028 -1.4029042579374846 -0.5841035120147875 -0.5503685503685503 -0.5300662582822853 -0.24743814046488377 -0.28252299605781866 -0.15752625437572929 -0.13753438359589895 -0.03384476534296029 -0.23345421577515862 -0.1778204974167968 -0.3923185673892554 -1.1278013325257419 -1.1509363760386955 -0.19474075911684446 -0.29966703662597116 -0.05321219987021415
-0.23768684146042637 -0.10311589329746693 -0.17553667262969588 -0.10737790093522688 -0.34191046880507586 -0.48509228584950315 -1.1206263763151456 -0.2672172962468117 -0.27653309435411605 -0.027647221454243854 -0.07452317797145384 0.07084402100891657 -0.17455762792922047 -0.08861538461538462 -0.42159383033419023 -0.7615156017830609 -2.2432962720732506 -0.8820145724146746 -0.3979443932006852 -0.0744006613392119 -0.16592214422463303 -0.11719713792252655 -0.22012202416557006 -0.08212330397524399 -0.2508423811306627 -0.2609024451726746 -0.5045329128892393 -0.3941698352344741 -0.3948959032907992 -0.08426558186837137 -0.78913491246138 -1.3299018434282979 -0.47619047619047616 -0.23610427939006393 -0.24805813079428712 -0.193392425463336 -0.19662143450567712 -0.1815531407368142 -0.2860662469203395 -0.03910209992758871 -0.648989898989899 -2.0504512844249017 -0.5989004561937069 -0.32651072124756336 -0.18953289312790417 -0.13009978527219906 -0.15009621552277103 -0.04528985507246376 -0.2011912640635341 0.029278290147855362 -1.2731538651518894 -1.0640544345377758 -0.3982604715037766 -0.25872300023736056 -0.15404982549043206 -0.11411560406846936 -0.07759826994021117 -0.1497271919807131 -0.16904730703708554 -0.07204211692989748 -1.5733718550619957 -2.6290154238664036 -0.5551643192488263 -0.4863038494026789 -0.34315553897799334 -0.25237381309345325 -0.1111813013265951 -0.19099590723055931 -0.2641025641025641 -0.11335360796239975 -0.37254401633069667 -0.278692380056444 -0.4407582938388626 -1.9049963081466896 -0.7455329636475663 -0.6719901719901719 -0.6650831353919241 -0.2886778305423644 -0.31143232588699077 -0.1823220536756126 -0.13878469617404351 -0.033844765342960284 -0.2527198549410698 -0.21746966238135287 -0.4335532516493874 -1.4003634161114475 -1.570135185414858 -0.24311585214586953 -0.33542976939203356 -0.06878650227125242
-0.21930899289389857 -0.1154449674960771 -0.16323792486583183 -0.12007851287380208 -0.3278110680296088 -0.573828679602461 -1.3616344506973328 -0.32066075549617395 -0.2701318653181411 -0.047000276472214546 -0.04420866489832008 0.10260168559912056 -0.15662362505978003 -0.08984615384615384 -0.4164524421593831 -0.9447746409113422 -3.1275343361674297 -1.227150709446504 -0.4203452365265516 -0.10608983190961699 -0.17230376515634968 -0.1073279052553664 -0.23447780835028115 -0.08331349678647941 -0.25833021340321977 -0.2546004537433829 -0.520299566417028 -0.485424588086185 -0.432505036937542 -0.09152985616736889 -0.822605561277034 -1.5489585827148673 -0.5581675708257987 -0.2520905066404328 -0.2493109496366825 -0.18936341659951655 -0.15231237884242593 -0.1802279353299761 -0.29701615110867785 -0.041998551774076756 -0.6704545454545454 -2.5098356861837536 -0.7650017545911802 -0.3508771929824562 -0.19320127170457327 -0.12883668056081848 -0.09108402822322 -0.04399585921325051 -0.19457313037723362 0.0322061191626409 -1.3670041985675474 -1.2623181604880336 -0.4600595101853971 -0.275338238784714 -0.16969551089180407 -0.12155792607293477 -0.05978883093753976 -0.14592056845577972 -0.1703577512776831 -0.06511499030202272 -1.6323582520765618 -3.2019018902934016 -0.6302816901408451 -0.5369856401592857 -0.3717518338928261 -0.2561219390304847 -0.041692987997473174 -0.18975567406672456 -0.26282051282051283 -0.11750069118053634 -0.35723398826231184 -0.27516462841015993 -0.4668246445497631 -2.3504799409303465 -0.9242144177449167 -0.8034398034398034 -0.8076009501187649 -0.332416895776056 -0.3180026281208935 -0.205659276546091 -0.13753438359589898 -0.016922382671480142 -0.24705349048050768 -0.24270094917697943 -0.4535815268614515 -1.6123561477892185 -1.9719707304973337 -0.2877697841726619 -0.3477617462079171 -0.08046722907203115
-0.23278608184268562 -0.11880744227751625 -0.165474060822898 -0.11661470961782702 -0.3348607684173423 -0.6093232371036441 -1.4387080988500123 -0.33402162030851457 -0.28037383177570097 -0.053912081835775505 -0.045471769609700646 0.12336631244656163 -0.12673362027737928 -0.08738461538461538 -0.4100257069408741 -1.1441307578008915 -4.109875735775017 -1.53777323277515 -0.4374752931875082 -0.12951226233122073 -0.18506700701978301 -0.10979521342215641 -0.24644096183754036 -0.09521542489883358 -0.26831398976662924 -0.2735064280312579 -0.5912495072920773 -0.6527249683143219 -0.4916051040967092 -0.12785122766235651 -0.8316168898043254 -1.6375389035192722 -0.6823387582881254 -0.2852926709296606 -0.2706088699574042 -0.185334407735697 -0.13154250900027692 -0.18552875695732834 -0.33397207774431975 -0.05792903692976105 -0.6805555555555556 -2.8153205276556355 -1.1685577260498303 -0.4057017543859649 -0.20787478601124967 -0.1351522041177214 -0.048749198203976926 -0.041407867494824016 -0.21045665122435472 0.0322061191626409 -1.3842924178809581 -1.547395588925387 -0.5710688944838636 -0.3109423213861856 -0.1973763389096161 -0.14760605308856362 -0.03816308357715303 -0.15734043903057987 -0.17822041672126848 -0.08451094486007205 -1.6456000963043216 -3.663458193204222 -0.8098591549295776 -0.6130083262941957 -0.45754071863732443 -0.2736131934032983 -0.01010739102969047 -0.19223614039439413 -0.29743589743589743 -0.12441249654409732 -0.34830313855575407 -0.27516462841016 -0.45023696682464454 -2.64336697021905 -1.2581638940234137 -0.9398034398034397 -1.1651456432054006 -0.37865533616595853 -0.3272010512483574 -0.22462077012835474 -0.1312828207051763 -0.012409747292418772 -0.228921124206709 -0.26552925627778445 -0.46300659754948165 -1.709267110841914 -2.285749720947538 -0.33118332919871 -0.35392773461585886 -0.0973393900064893
-0.24136241117373194 -0.12553239184039452 -0.1665921288014311 -0.11546010853250202 -0.33016096815885326 -0.6258873639375296 -1.5072180083190605 -0.346167861047006 -0.2829343233900909 -0.04700027647221454 -0.05431350258936466 0.12214486380847685 -0.1052128168340507 -0.09353846153846154 -0.4125964010282777 -1.3249133234274393 -5.098757357750164 -1.7806468106864373 -0.4717354065094216 -0.14466795260402315 -0.19910657306955964 -0.13323464100666174 -0.2631893767197033 -0.10473696738871699 -0.28703357044802197 -0.2911520040332745 -0.6713966627250032 -0.8441064638783271 -0.554734721289456 -0.16271974429754468 -0.8251802265705459 -1.697390471630357 -0.7992766726943943 -0.3307919331037875 -0.2768729641693811 -0.19876443728176202 -0.09415674328440878 -0.21468327590776565 -0.35450314809745415 -0.0724112961622013 -0.6805555555555556 -3.0201342281879198 -1.5803017896830038 -0.49098440545808975 -0.23844460748349233 -0.1528356700770494 -0.026940346375881986 -0.06081780538302277 -0.24751819986763732 0.004391743522178304 -1.395406273153865 -1.840685124354763 -0.6878004119935912 -0.3453596012342749 -0.23348176675893612 -0.17241379310344826 -0.026714158504007122 -0.16749143509706887 -0.1991875245708295 -0.10113604876697146 -1.6492115083664376 -4.019482778615331 -0.9800469483568076 -0.6914444310365633 -0.5408429690414025 -0.30359820089955025 0.01895135818066961 -0.20711893836041173 -0.32948717948717954 -0.12855957976223392 -0.33937228884919624 -0.2869238005644403 -0.41943127962085314 -2.8427270489785874 -1.6056685150955023 -1.0577395577395576 -1.540192524065508 -0.4323919020244939 -0.35348226018396844 -0.23774795799299886 -0.12378094523630907 -0.02030685920577617 -0.2187216681776972 -0.279947134446714 -0.4700754005655042 -1.7625681405208962 -2.531315887386829 -0.3758372612255023 -0.3699593044765076 -0.1155094094743673
-0.2327860818426856 -0.13113651647612642 -0.15541144901610016 -0.10506869876457685 -0.3137116672541417 -0.6116895409370564 -1.5414729630535846 -0.3437386128993077 -0.2906157982332608 -0.023500138236107276 -0.04168245547555893 0.12580920972273119 -0.0633668101386896 -0.08492307692307692 -0.4010282776349615 -1.4772164437840516 -6.034009156311315 -1.9749456730154673 -0.48886546317037827 -0.13364563240562138 -0.18251435864709636 -0.1307673328398717 -0.2488335925349922 -0.10473696738871696 -0.27954573817546485 -0.29871439374842457 -0.7594271449218237 -1.0367553865652726 -0.5883143049026193 -0.1510969054191486 -0.78913491246138 -1.715345942063682 -0.921036769138035 -0.37260206591244466 -0.2768729641693811 -0.185334407735697 -0.05400166158958739 -0.2239597137556321 -0.37229674240350397 -0.062273714699493124 -0.6426767676767677 -3.110391113168248 -2.058720318165867 -0.5969785575048733 -0.24822695035461 -0.1616774030567134 0.017960230917254634 -0.06469979296066251 -0.26472534745201853 0.005855658029571073 -1.3608298345270438 -2.089394650398874 -0.825131609063859 -0.38333728934251127 -0.25514502346852813 -0.17985611510791366 2.0816681711721684e-18 -0.16114706255551325 -0.20705019001441488 -0.09005264616237185 -1.6034669555796313 -4.240983416444393 -1.193661971830986 -0.7529866055267286 -0.6452816113390526 -0.3110944527736132 0.06696146557169931 -0.20091777254123774 -0.3423076923076923 -0.1092065247442632 -0.31130390405715747 -0.28222013170272814 -0.37559241706161134 -2.963327590450406 -2.0036968576709797 -1.1572481572481572 -2.0027503437929743 -0.4923769057735566 -0.3679369250985545 -0.23920653442240375 -0.10252563140785195 -0.012409747292418772 -0.19945602901178605 -0.26673074612519526 -0.4688972667295005 -1.7601453664445788 -2.761999255860102 -0.3932026792359216 -0.37859168824762607 -0.10382868267358861
-0.21808380298946334 -0.12889486662183366 -0.14199463327370304 -0.0785128738021014 -0.3054870168017859 -0.5892096545196404 -1.5708343528260338 -0.33523624438236366 -0.2906157982332608 -0.0069118053635609635 -0.035366931918656065 0.11848051789422256 -0.025107604017216633 -0.07753846153846154 -0.3817480719794344 -1.5936106983655274 -6.873773708306082 -2.111721845839192 -0.4915008565028331 -0.11160099200881786 -0.1684747925973197 -0.1394029114236368 -0.23447780835028112 -0.09045465365389192 -0.26831398976662924 -0.32014116460801617 -0.8868742609381158 -1.2775665399239542 -0.6232370718603091 -0.15545546999854715 -0.7376416065911432 -1.69260234618147 -1.037974683544304 -0.4082636497786522 -0.28689551490854426 -0.1732473811442385 -0.023539185821102197 -0.23323615160349856 -0.38872159868601147 -0.04489500362056482 -0.5997474747474748 -3.1196482295764874 -2.6225289507544742 -0.733430799220273 -0.26412325752017607 -0.1616774030567134 0.06414368184733803 -0.05564182194616977 -0.26604897418927864 0.00878348704435661 -1.2324030624845643 -2.2935241670577193 -1.008239871824216 -0.42250178020413004 -0.26236610903839214 -0.2046638551227983 0.039435186363058136 -0.17383580763862452 -0.20836063425501244 -0.10113604876697146 -1.4265077645359336 -4.332598863504581 -1.4131455399061035 -0.8157354893206227 -0.7633967425090141 -0.33608195902048976 0.13139608338597603 -0.20215800570507256 -0.33333333333333337 -0.10091235830799006 -0.29854554733350347 -0.2833960489181561 -0.3199052132701422 -3.0063992124046273 -2.4202094886013557 -1.240786240786241 -2.6015751968996126 -0.567358160459885 -0.3653088042049934 -0.24649941656942823 -0.08877219304826206 0.002256317689530686 -0.17679057116953764 -0.23669349993992556 -0.45475966069745527 -1.7298606904906115 -2.8823018727520777 -0.405606549243364 -0.37119250215809596 -0.08565866320571058
-0.20705709384954668 -0.14122394082044384 -0.13528622540250446 -0.08428587922872649 -0.28433791563858535 -0.5726455276857549 -1.586738438952777 -0.3267338758654197 -0.2726923569325311 0.0027647221454243863 -0.0669445497031704 0.07695126419934042 0.009564801530368252 -0.09476923076923077 -0.35089974293059123 -1.7261020307082713 -7.63897972531066 -2.2293237888278155 -0.47964158650678607 -0.13226784238082118 -0.18506700701978301 -0.1628423390081421 -0.22371097021174782 -0.10830754582242323 -0.25333832522151506 -0.3755986891857827 -1.0997240835632636 -1.5551330798479088 -0.6581598388179988 -0.18451256719453726 -0.674562306900103 -1.6207804644481687 -1.125979505726341 -0.4734382685686178 -0.2843898772237534 -0.20145044319097502 0.011077263915812787 -0.26636628677445007 -0.39009033670955373 -0.05503258508327298 -0.5441919191919193 -3.047905577412636 -3.1804889460755645 -0.9612573099415206 -0.2690144289557349 -0.18693949728432488 0.11674150096215521 -0.05564182194616977 -0.26737260092653875 0.0 -1.0928624351691776 -2.3474894415767245 -1.270313572899977 -0.4770947068597199 -0.28162233722469615 -0.23443314314065988 0.06487724208116016 -0.17891130567186905 -0.2136024112174027 -0.10252147409254642 -1.2387143373058866 -4.073988171170127 -1.6654929577464792 -0.8869313382406178 -0.9337311948278006 -0.4072963518240879 0.18698673404927352 -0.24184546694778622 -0.32307692307692315 -0.12026541332596075 -0.27430466955856087 -0.3163217309501411 -0.2630331753554502 -3.011321683485109 -2.857670979667283 -1.337837837837838 -3.27790973871734 -0.6798300424893776 -0.3521681997371879 -0.2829638273045508 -0.07876969242310577 -0.011281588447653432 -0.15525838621940163 -0.24390243902439032 -0.435909519321395 -1.6983646274984854 -2.9009053702095997 -0.4378566112627141 -0.3724256998396843 -0.10512654120700844
-0.2033815241362411 -0.1378614660390047 -0.1330500894454383 -0.08082207597275144 -0.2761132651862296 -0.550165641268339 -1.5720577440665526 -0.2963682740191911 -0.2790935859685059 0.02626486038153165 -0.05683971201212581 0.06595822645657749 0.04065040650406504 -0.07261538461538462 -0.3290488431876606 -1.7830609212481423 -8.23675604970569 -2.210149558992714 -0.470417709843194 -0.11573436208321852 -0.16975111678366303 -0.1788798420922773 -0.2081588706783108 -0.12139966674601285 -0.25209035317608885 -0.42853541719183263 -1.367757193535672 -1.7984790874524716 -0.7011417058428476 -0.20921109981112887 -0.5329557157569516 -1.4005266937993779 -1.1537070524412298 -0.5398425971470733 -0.30192934101728885 -0.2296535052377115 0.031847133757961776 -0.28094354624966866 -0.4174650971803997 -0.04489500362056481 -0.43686868686868696 -2.7447350150428145 -3.5980816469762544 -1.2853313840155947 -0.2861335289801908 -0.22988505747126436 0.16805644644002565 -0.05952380952380952 -0.2700198544010589 -0.010247401551749379 -0.8508273647814274 -2.3334115438761143 -1.6411078049897 -0.5601708995964871 -0.31050667950415217 -0.2927313321756388 0.09540770894288259 -0.18906230173835809 -0.23587996330756128 -0.10944860072042117 -0.9221138798603586 -3.721442653368898 -1.93075117370892 -0.9339930010860383 -1.1562849682954122 -0.4797601199400299 0.24131396083385978 -0.2641696638968126 -0.3371794871794872 -0.12441249654409732 -0.25644297014544526 -0.32455315145813735 -0.20616113744075823 -2.851341373369431 -3.2889710412815782 -1.4090909090909092 -4.0292536567070885 -0.7960509872531867 -0.37187910643889616 -0.3063010501750292 -0.06251562890722681 -0.014666064981949459 -0.13145965548504077 -0.20785774360206655 -0.42530631479736103 -1.4851605087825557 -2.8810616395882436 -0.4328950632597371 -0.3711925021580959 -0.10512654120700844
-0.18745405537858367 -0.14682806545617574 -0.13528622540250448 -0.07735827271677637 -0.2631888144753848 -0.4578797917652627 -1.4729630535845362 -0.253856431434471 -0.2598898988605812 0.03317666574509262 -0.04799797903246179 0.032979113228288746 0.06097560975609756 -0.059076923076923096 -0.30976863753213363 -1.7867756315007426 -8.527141922825376 -2.097660743960118 -0.4493345631835551 -0.11022320198401762 -0.15443522654754308 -0.1998519615099926 -0.18542887905251826 -0.14163294453701497 -0.2558342693123674 -0.4713889589110159 -1.680462488503482 -2.0038022813688214 -0.7253190060443251 -0.22519250326892343 -0.4016477857878475 -1.1563322959061533 -1.147679324894515 -0.617314313821938 -0.3257328990228013 -0.22428149341928552 0.06923289947382996 -0.2769679300291545 -0.4338899534629072 -0.04344677769732078 -0.3560606060606061 -2.38023605646841 -3.8916832378055917 -1.6057504873294348 -0.3215945218879922 -0.2349374763167867 0.22578576010262985 -0.05822981366459627 -0.26869622766379886 -0.01756697408871322 -0.6371943689799952 -2.254809948381042 -2.128633554589151 -0.6693567529076667 -0.3273558791671682 -0.32746216819647733 0.12339397023279482 -0.19921329780484712 -0.23587996330756128 -0.11499030202272098 -0.630793306849645 -3.2784413777107737 -2.14906103286385 -0.961747315071799 -1.4347880144224792 -0.5697151424287856 0.28932406822488954 -0.292695026665013 -0.3320512820512821 -0.14238319048935583 -0.2245470783363103 -0.345719661335842 -0.1433649289099526 -2.372631060792518 -3.611829944547135 -1.4484029484029484 -4.740592574071759 -0.9435141214696326 -0.3731931668856767 -0.3442240373395566 -0.05001250312578145 -0.03948555956678701 -0.09859474161378061 -0.18262645680643994 -0.3982092365692743 -1.1605087825560265 -2.6330150068212825 -0.4180104192508063 -0.3514613392526822 -0.099935107073329
-0.15682430776770398 -0.14794889038332212 -0.1252236135957066 -0.05888465535157604 -0.22559041240747266 -0.3774254614292475 -1.1414240274039638 -0.22349082958824243 -0.21764178722314687 0.026264860381531658 -0.03915624605279778 -0.009771589104678137 0.05858440937350551 -0.049230769230769245 -0.28149100257069404 -1.7285785042100048 -8.078482668410725 -1.8675699859388981 -0.4058505731980498 -0.10608983190961699 -0.11742182514358648 -0.21095484826054775 -0.16509151812417755 -0.1404427517257796 -0.22713091226756518 -0.5570960423493825 -2.0733149389042174 -2.181242078580482 -0.6997985224983211 -0.252796745605114 -0.29222451081359424 -0.8977735216662678 -1.092224231464738 -0.6751106738809641 -0.3232272613380105 -0.24174053182917002 0.09415674328440876 -0.3140736814206202 -0.42294004927456885 -0.06517016654598118 -0.297979797979798 -1.943994445730155 -4.015674347876945 -2.050438596491228 -0.37784299339691857 -0.2513578375647342 0.26683771648492616 -0.04528985507246377 -0.2739907346128391 -0.016103059581320446 -0.46307730303778705 -2.1527451900516192 -2.6470588235294117 -0.7690481841917872 -0.3333734504753882 -0.3671545522202927 0.19081541788576517 -0.21951528993782515 -0.2240859651421832 -0.13300083125519535 -0.417719995184784 -2.787892844717616 -2.2605633802816905 -0.9967418848799323 -1.7045878403580752 -0.6796601699150424 0.30574857864813654 -0.34478481954607465 -0.3038461538461538 -0.1824716615980094 -0.17478948711405973 -0.3704139228598307 -0.055687203791469186 -1.8668471572729508 -3.7658656808379547 -1.4742014742014742 -5.400675084385549 -1.0797300674831294 -0.354796320630749 -0.36610268378063004 -0.02250562640660165 -0.058664259927797835 -0.07819582955575702 -0.14538027153670546 -0.3510838831291235 -0.8843125378558447 -2.268386456653851 -0.4018853882411312 -0.30706622271550127 -0.10512654120700844
-0.1543739279588336 -0.14682806545617574 -0.12186940966010733 -0.04387484124235077 -0.20679121137351664 -0.28750591575958356 -0.8649376070467335 -0.19069597959431556 -0.20483932915119704 0.03870611003594139 -0.027788303650372614 -0.05007939416147551 0.038259206121472995 -0.038153846153846156 -0.2557840616966581 -1.6258048538880634 -7.391759319816875 -1.6144701521155564 -0.36895506654368165 -0.08817856158721411 -0.10210593490746651 -0.21835677276091783 -0.1399688958009331 -0.12616043799095455 -0.22213902408586045 -0.6516259137887573 -2.621206148994876 -2.3523447401774398 -0.6944257891202149 -0.2716838587825076 -0.23558187435633374 -0.6847019391908067 -1.0391802290536467 -0.7378258730939498 -0.34577800050112745 -0.2591995702390545 0.08723345333702577 -0.3697323085078187 -0.41472762113331507 -0.08254887762490949 -0.2563131313131313 -1.4903957417264524 -3.999298163527898 -2.5925925925925926 -0.46710687209586704 -0.26525198938992045 0.2924951892238614 -0.04011387163561077 -0.28590337524818 -0.011711316059142149 -0.3494690046925167 -1.9990614734866263 -3.1288624399176017 -0.9079041063375266 -0.3586472499699122 -0.3907219052344331 0.25060424882330495 -0.2258596624793808 -0.22146507666098808 -0.14269880853422 -0.28289394486577585 -2.2358807839499013 -2.288732394366197 -1.0220827802582355 -1.9980106925276637 -0.7983508245877061 0.23752368919772587 -0.38571251395262307 -0.2961538461538461 -0.17832457837987284 -0.15565195202857873 -0.3915804327375353 -0.0035545023696682597 -1.356140782672902 -3.811460258780037 -1.4975429975429975 -6.039504938117265 -1.213446638340415 -0.37187910643889616 -0.36464410735122516 -0.015003750937734433 -0.07220216606498195 -0.06119673617407071 -0.09611918779286314 -0.3192742695570217 -0.6299212598425197 -1.9111993054694285 -0.384519970230712 -0.2972006412627944 -0.099935107073329
-0.16785101690762066 -0.1378614660390047 -0.14423076923076922 -0.03348343147442558 -0.2150158618258724 -0.20586843350686226 -0.6826523122094444 -0.15425725737884122 -0.21508129560875688 0.05114735969035113 -0.04168245547555892 -0.0891657505801881 0.025107604017216643 -0.030769230769230778 -0.2442159383033419 -1.4784546805349181 -6.583387835186396 -1.2846733989518087 -0.3386480432204507 -0.05924497106640949 -0.0982769623484365 -0.23192696767826299 -0.12202416557004425 -0.10354677457748158 -0.22962685635841754 -0.757499369800857 -3.1927473393772177 -2.498098859315589 -0.6930826057756885 -0.27604242336190615 -0.19824922760041194 -0.4632511371797941 -0.9825195901145267 -0.778406296114117 -0.40340766725131544 -0.29277464410421705 0.029077817779008593 -0.43731778425655976 -0.45305228579249934 -0.0999275887038378 -0.23484848484848486 -1.0379541772737793 -3.8963621476196044 -3.22733918128655 -0.61995597945708 -0.293040293040293 0.3373957665169981 -0.04787784679089028 -0.3057577763070814 -0.02342263211828429 -0.26179303531736237 -1.8336461755044582 -3.504234378576333 -1.132209826726798 -0.39595619208087623 -0.4291739022575043 0.3625492939829538 -0.2347417840375587 -0.22539640938278077 -0.14962593516209477 -0.21668472372697728 -1.6745912095558393 -2.25 -1.0570773500663688 -2.2877035931866216 -0.9932533733133433 0.10991787744788377 -0.4626069701103807 -0.3243589743589743 -0.20320707768869228 -0.16585863740750192 -0.42920978363123236 0.02843601895734597 -0.9266551809008121 -3.7584719654959953 -1.542997542997543 -6.490811351418927 -1.3546613346663334 -0.40604467805519057 -0.37777129521586933 -0.013753438359589898 -0.08461191335740073 -0.06459655485040798 -0.06247747206536104 -0.3086710650329877 -0.4324651726226529 -1.5961800818553888 -0.3584718432150832 -0.30583302503391285 -0.09214795587280987
-0.13844645920117618 -0.1266532167675409 -0.13416815742397137 -0.034638032559750606 -0.19151686053342734 -0.15972550875532415 -0.6165891852214337 -0.13482327219725493 -0.207399820765587 0.06497097041747305 -0.02147278009346975 -0.10015878832295103 0.010760401721664288 -0.023384615384615386 -0.21979434447300772 -1.2543338286280337 -5.6167429692609545 -0.9676594656781283 -0.3096587165634471 -0.024800220446403967 -0.07402680280791321 -0.22575869726128794 -0.10527575068788134 -0.08093311116400856 -0.21340321976787718 -0.8003529115200403 -3.646038628301143 -2.449936628643853 -0.6460711887172599 -0.25860816504431205 -0.16220391349124613 -0.3519272204931769 -0.854731766124171 -0.7538121003443188 -0.4297168629416187 -0.319634703196347 -0.033231791747438386 -0.531407368142062 -0.46126471393375307 -0.08979000724112962 -0.2133838383838384 -0.7301550566998379 -3.516200725231021 -3.602582846003899 -0.9439960870628517 -0.3183023872679045 0.3361128928800513 -0.055641821946169776 -0.31767041694242226 -0.023422632118284287 -0.22845146949864162 -1.5391834819333645 -3.585488670176241 -1.6840731070496084 -0.4561319051630762 -0.4515008682709006 0.3930797608446762 -0.23474178403755866 -0.2385008517887564 -0.1343862565807703 -0.17455158300228724 -1.2118752174417255 -2.0833333333333335 -1.0184626523470495 -2.36976252642049 -1.4367816091954022 -0.295641187618446 -0.616395882425896 -0.32820512820512815 -0.2184130494885264 -0.14544526664965554 -0.4233301975540922 0.02488151658767773 -0.6386906226925917 -3.434380776340111 -1.5368550368550369 -6.313289161145144 -1.427143214196451 -0.4375821287779238 -0.3719369894982497 -0.0012503125781445335 -0.08009927797833935 -0.06686310063463281 -0.03003724618526974 -0.27214891611687086 -0.3294972743791641 -1.2761999255860101 -0.3100967501860581 -0.2910346528548525 -0.07008436080467229
-0.11516785101690763 -0.10647836807890607 -0.13528622540250448 -0.023092021706500404 -0.17389260956409353 -0.1159488878371983 -0.5493026669929042 -0.1166039110895178 -0.19587760850083216 0.0746474979264584 -0.016420361247947456 -0.08427995602784902 -0.01554280248684839 -0.003692307692307692 -0.20822622107969152 -1.0277365032194157 -4.644865925441465 -0.7094465038987601 -0.2819870865726709 -0.00964453017360154 -0.053605615826419914 -0.20478657784357268 -0.09570522789807392 -0.06784099024041892 -0.19842755522276304 -0.8306024703806403 -4.048088293259755 -2.3574144486692012 -0.6030893216924109 -0.25860816504431205 -0.13903192584963958 -0.2693320564998803 -0.7377938517179023 -0.7033939990162322 -0.46229015284389874 -0.3424657534246575 -0.15923566878980894 -0.6546514709780016 -0.47495209416917594 -0.10427226647356988 -0.18813131313131312 -0.5079842629021061 -3.1372090302959403 -3.817007797270955 -1.368305209097579 -0.33219653909309077 0.33226427196921104 -0.05434782608695653 -0.33223031105228323 -0.017566974088713216 -0.1938750308718202 -1.2165649929610511 -3.5282673380636296 -2.278661286494185 -0.5536165603562402 -0.45274125527164466 0.39053555527286604 -0.22712853698769192 -0.24636351723234173 -0.11083402604599613 -0.13723365836041893 -0.8314971587614519 -1.9143192488262912 -0.9436466755158681 -2.3946288698246927 -1.9352823588205896 -0.7264687302590019 -0.7987101575096118 -0.3423076923076923 -0.2267072159247996 -0.14416943097729013 -0.3974600188146754 0.0011848341232227554 -0.43686930839281324 -3.1041281577325943 -1.4963144963144965 -6.044505563195399 -1.4546363409147713 -0.4559789750328515 -0.3631855309218203 -0.008752188047011751 -0.0654332129963899 -0.07819582955575703 -0.006007449237053946 -0.24858623939679547 -0.26771653543307083 -1.0207118938360413 -0.27660630116596385 -0.2799358737205574 -0.07008436080467229
-0.11516785101690763 -0.08406186953597848 -0.14423076923076922 -0.025401223877150443 -0.171542709434849 -0.08755324183625177 -0.52483484218253 -0.08988218146483663 -0.18947637946485724 0.09123583079900471 -0.02273588480485032 -0.05862953462806889 -0.06097560975609756 0.006153846153846153 -0.2043701799485861 -0.8060921248142645 -3.687377370830608 -0.4678512079764796 -0.2543154565818948 0.024800220446403964 -0.047223994894703254 -0.18134715025906736 -0.09690154324679986 -0.05831944775053559 -0.18594783476850119 -0.8306024703806404 -4.280646432794639 -2.1584283903675536 -0.562793821356615 -0.23536248728751996 -0.12229660144181258 -0.22025377064879098 -0.6112115732368897 -0.6529758976881457 -0.4911049862189927 -0.37469782433521354 -0.418166712821933 -0.7845216008481314 -0.4927456884752258 -0.0999275887038378 -0.1755050505050505 -0.3853274704929414 -2.672827231255117 -3.890107212475633 -1.9026656884323796 -0.3663003663003662 0.3194355355997434 -0.056935817805383024 -0.3335539377895434 -0.00731957253696384 -0.16670782909360338 -0.9150633505396527 -3.4332799267566942 -2.860194635651555 -0.6511012155494044 -0.45646241627387746 0.3892634524869609 -0.2119020428879584 -0.2476739614729393 -0.0914380714879468 -0.11917659804983749 -0.5682477096138234 -1.6960093896713615 -0.867623989380958 -2.4008454556757437 -2.492503748125937 -1.169930511686671 -1.0021083963785191 -0.3730769230769231 -0.22256013270666303 -0.14289359530492474 -0.3574788334901223 -0.022511848341232224 -0.2928870292887029 -2.714725816389403 -1.4324324324324327 -5.670708838604826 -1.4296425893526619 -0.4756898817345598 -0.3325554259043174 -0.01625406351587897 -0.03948555956678701 -0.08952855847688124 0.0048059593896431566 -0.22502356267672008 -0.2265293761356753 -0.7652238620860722 -0.2170677251302407 -0.2688370945862622 -0.04931862426995457
-0.11884342073021319 -0.07509527011880744 -0.1509391771019678 -0.047338644498325824 -0.16331805898249324 -0.07335541883577852 -0.48935649620748717 -0.0777359407263452 -0.18307515042888234 0.09814763616256568 -0.021472780093469746 -0.05252229143764505 -0.09923481587757052 0.004923076923076923 -0.2069408740359897 -0.6116889549281824 -2.8293001962066713 -0.27994375559248363 -0.25826854658057713 0.04822265086800771 -0.039566049776643256 -0.16654330125832717 -0.1088646967340591 -0.06308021899547726 -0.18969175090477974 -0.7940509200907486 -4.314807515438182 -1.9226869455006337 -0.5332437877770315 -0.22083393868952492 -0.11071060762100929 -0.19990423749102224 -0.479807112718505 -0.6087063453025088 -0.5061388123277374 -0.4217029277464411 -0.8100249238438106 -0.9276437847866419 -0.5132767588283602 -0.13468501086169443 -0.1553030303030303 -0.33672760934968754 -2.0996607790384836 -3.8657407407407405 -2.4749327463927613 -0.42440318302387264 0.2745349583066068 -0.09575569358178054 -0.3560555923229649 -0.017566974088713216 -0.13954062731538652 -0.6616611919286719 -3.2673380636301212 -3.3847614526465706 -0.7931158984233964 -0.47258744728355245 0.34473985498028237 -0.22966628600431416 -0.2660201808413052 -0.09005264616237185 -0.10954616588419408 -0.4047315319494375 -1.4471830985915493 -0.7903945939423191 -2.342409548675868 -3.108445777111444 -1.598231206569804 -1.2365124643432965 -0.4205128205128205 -0.24882499308819472 -0.13779025261546313 -0.3339604891815616 -0.0438388625592417 -0.2141274920009845 -2.2821934688847816 -1.3771498771498774 -5.125640705088136 -1.4071482129467634 -0.4967148488830486 -0.3267211201866978 0.005001250312578145 -0.0338447653429603 -0.08952855847688122 -0.012014898474107893 -0.19203581526861452 -0.21078134463961237 -0.5915912191492 -0.19350037211610022 -0.2589715131335553 -0.05580791693705386
-0.1274197500612595 -0.07397444519166106 -0.1475849731663685 -0.05657545318092598 -0.157443308659382 -0.06389020350212968 -0.4453144115488132 -0.08137981294789262 -0.18179490462168738 0.07879458114459496 -0.02147278009346975 -0.034200561866373526 -0.12314681970349114 2.7755575615628915e-18 -0.20822622107969152 -0.4321446260525013 -2.0261608894702414 -0.141889300779752 -0.24245618658584794 0.06337834114081013 -0.040842373962986595 -0.14680483592400695 -0.11006101208278503 -0.061890026184241845 -0.1996755272681892 -0.7423745903705571 -4.138746551044541 -1.6603295310519646 -0.4969778374748154 -0.20194682551213136 -0.11071060762100926 -0.17955470433325352 -0.3604581072935503 -0.5558288243974422 -0.5098972688549235 -0.4512489927477841 -1.3223483799501523 -1.0522130930294193 -0.526964139063783 -0.1564083997103548 -0.1452020202020202 -0.30317056236982176 -1.5346824189963741 -3.757309941520467 -3.1058938615798484 -0.4660856384994315 0.20782552918537522 -0.1255175983436853 -0.3679682329583057 -0.027814375640462595 -0.13460113608298346 -0.4763022055373063 -3.001831082627603 -3.8867790173273207 -0.9700324948850643 -0.48747209129248326 0.2785905101132172 -0.257581525187159 -0.2869872886908662 -0.09697977279024661 -0.1143613819670158 -0.31195639568595623 -1.164319248826291 -0.714371907807409 -2.205644659952754 -3.698150924537731 -1.968414403032217 -1.4510728016867174 -0.4717948717948718 -0.2681780481061654 -0.14927277366675173 -0.3069143932267168 -0.06635071090047392 -0.16244154565591926 -1.8250154035736295 -1.3083538083538087 -4.480560070008751 -1.3409147713071734 -0.5151116951379764 -0.31067677946324396 0.01625406351587897 -0.028203971119133576 -0.07252946509519494 -0.007208939084464738 -0.16258246936852028 -0.1817080557238038 -0.46880813592955467 -0.15876953609526173 -0.2429399432729066 -0.04802076573653472
-0.11394266111247242 -0.07285362026451468 -0.14423076923076922 -0.06465766077820113 -0.1445188579485372 -0.06152389966871748 -0.4000489356496207 -0.08502368516944006 -0.15234925105620278 0.06220624827204866 -0.0063155235569028675 -0.01710028093318676 -0.13390722142515546 -0.007384615384615385 -0.18637532133676096 -0.2872709262010896 -1.343361674296926 -0.08308832928544035 -0.21214916326261696 0.07302287131441168 -0.022973835354179965 -0.12459906242289662 -0.11843521952386649 -0.05950964056177101 -0.18969175090477972 -0.680615074363499 -3.8536328997503615 -1.4005069708491764 -0.43384822028206854 -0.1714368734563417 -0.1004119464469619 -0.16040220253770648 -0.2869198312236287 -0.48942449581898684 -0.49987471811576045 -0.4901960784313726 -1.7917474383827199 -1.1608799363901403 -0.5160142348754448 -0.17089065894279507 -0.12878787878787878 -0.2811849109002546 -1.0644519826880339 -3.516081871345029 -3.6696013695280016 -0.5494505494505495 0.11802437459910198 -0.18762939958592134 -0.3692918596955659 -0.0365978626848192 -0.10990367992096813 -0.3613327076489911 -2.6173037308308533 -4.266555898409685 -1.1854615477193404 -0.5085586703051351 0.19208752067167034 -0.28803451338662606 -0.2791246232472808 -0.0831255195344971 -0.10473094980137235 -0.2504928679113998 -0.862676056338028 -0.6178351635091105 -2.0092005470595553 -4.267866066966517 -2.2766898294377764 -1.633387076770433 -0.5076923076923077 -0.26403096488802874 -0.13779025261546313 -0.2716368767638758 -0.06753554502369669 -0.13905980802362788 -1.3567467652495382 -1.2420147420147423 -3.710463807975997 -1.2471882029492627 -0.5006570302233903 -0.2887981330221704 0.03250812703175794 -0.018050541516245487 -0.07026291931097009 -0.013216388321518686 -0.12488218661639965 -0.16353725015142342 -0.37331018231427504 -0.1265194740759117 -0.21580959427796276 -0.03504218040233614
-0.11271747120803724 -0.0493162967944407 -0.1319320214669052 -0.062348458607551095 -0.1339443073669369 -0.03786086133459536 -0.3719109371176902 -0.05101421110166404 -0.14850851363461784 0.08708874758086813 0.0 0.008550140466593376 -0.14825442372070782 -0.003692307692307689 -0.17609254498714655 -0.13620604259534422 -0.852844996729889 0.0012782819890067715 -0.18843062327052312 0.09644530173601543 -0.024250159540523293 -0.1011596348383913 -0.1292020576623998 -0.052368483694358495 -0.18220391863222263 -0.6037307789261408 -3.480488766259362 -1.1178707224334603 -0.3854936198791135 -0.12203980822315849 -0.10169927909371781 -0.14005266937993774 -0.23628691983122369 -0.4181013280865716 -0.4810824354798296 -0.5089981197958635 -2.2722237607310993 -1.240392260800424 -0.5201204489460718 -0.16364952932657498 -0.12373737373737373 -0.27424207359407543 -0.7135337466370335 -3.2565789473684212 -4.17461482024945 -0.636604774535809 -0.029506093649775477 -0.2510351966873706 -0.3785572468563864 -0.04098960620699751 -0.10866880711286737 -0.2909432191459409 -2.1217669947356375 -4.543080939947781 -1.4586592851125286 -0.5383279583229968 0.0585167281516347 -0.3311762466692044 -0.30271261957803697 -0.07481296758104738 -0.10713855784278321 -0.21802157021918128 -0.5997652582159623 -0.5285386750331844 -1.7493472584856398 -4.8300849575212395 -2.5281111813013264 -1.7983380875604613 -0.5564102564102564 -0.2419131877246336 -0.13906608828782854 -0.2410630291627469 -0.07701421800947868 -0.12060054147181884 -0.9648798521256932 -1.1584766584766586 -2.932866608326041 -1.1184703824043989 -0.4967148488830486 -0.27275379229871644 0.03625906476619155 -0.006768953068592057 -0.07932910244786946 -0.015619368016340262 -0.1060320452403393 -0.1441550575408843 -0.298896192484187 -0.08682709005209625 -0.19237883832778394 -0.01427644386761843
-0.12129380053908353 -0.05267877157587984 -0.13305008944543828 -0.07389446946080128 -0.162143108917871 -0.03667770941788925 -0.356006850990947 -0.05101421110166404 -0.15875048009217768 0.08708874758086813 0.0012631047113805735 0.013435935018932449 -0.13151602104256338 -0.01723076923076923 -0.18380462724935734 -0.023526498266468538 -0.5467625899280575 0.03067876773616259 -0.18052444327315853 0.10884541195921742 -0.03446075303126994 -0.08512213175425612 -0.13039837301112572 -0.05474886931682932 -0.2109072756770248 -0.5192840937736326 -3.0061752726317175 -0.8681875792141953 -0.37340496977837473 -0.08862414644776986 -0.1068486096807415 -0.12927938711994252 -0.215792646172393 -0.3553861288735859 -0.46855424705587573 -0.5398871877518131 -2.661312655774023 -1.302676914921813 -0.5310703531344101 -0.16509775524981898 -0.1148989898989899 -0.277713492247165 -0.5088314422739502 -2.8715886939571154 -4.561017363658595 -0.7401793608690161 -0.22578576010262985 -0.3480848861283644 -0.39576439444076766 -0.05270092226613965 -0.10990367992096817 -0.22524636320976069 -1.5712977798123142 -4.751958224543081 -1.7511132506920206 -0.576779955346068 -0.10558453123012335 -0.3933510975764497 -0.3433363910365614 -0.07065669160432253 -0.11917659804983749 -0.20410529977965908 -0.4389671361502347 -0.45613611680946076 -1.5019271416138256 -5.3810594702648675 -2.7454200884396713 -1.9880937616271859 -0.6230769230769231 -0.24606027094277025 -0.14799693799438635 -0.22107243650047037 -0.10071090047393365 -0.12429239478218068 -0.6974738139248305 -1.0810810810810811 -2.1802725340667584 -0.9910022494376408 -0.49014454664914586 -0.24941656942823806 0.025006251562890724 -0.007897111913357398 -0.07479601087941977 -0.021626817253394208 -0.11899151743638077 -0.13204118715929739 -0.2666501302244822 -0.069461672041677 -0.19484523369096066 -0.011680726800778715
-0.12619456015682431 -0.042591347231562424 -0.13752236135957066 -0.08890428357002654 -0.19269181059804957 -0.03194510175106483 -0.33887937362368487 -0.04129721851087089 -0.16643195493534757 0.08432402543544373 -0.0037893141341417205 0.03175766459020398 -0.10760401721664277 -0.022153846153846156 -0.19408740359897175 0.043338286280336806 -0.3911052975801178 0.0460181516042439 -0.17261826327579394 0.11848994213281897 -0.03190810465858328 -0.059215396002960774 -0.1327910037085776 -0.06784099024041894 -0.22463496817671286 -0.43357701033526597 -2.412297989751676 -0.6197718631178706 -0.34385493619879115 -0.05956704925177976 -0.1004119464469619 -0.11611204213550394 -0.18565400843881857 -0.29390063944909006 -0.443497870207968 -0.5707762557077626 -3.0393242869011354 -1.3238802014312219 -0.544757733369833 -0.16220130340333092 -0.10858585858585859 -0.26961351538995604 -0.39770733419113347 -2.364766081871345 -4.990217657128882 -0.8488063660477454 -0.43232841565105834 -0.45678053830227744 -0.4116479152878888 -0.0746596398770312 -0.10866880711286737 -0.1759737212576255 -1.0585946440833145 -4.838594825539995 -1.9521001323865685 -0.6375589183825353 -0.29385574354407834 -0.4644080700418729 -0.3865810509762809 -0.07065669160432253 -0.12519561815336464 -0.18207120491708223 -0.34624413145539906 -0.38132013997827935 -1.2346139500186497 -5.797101449275361 -2.8578648136449774 -2.1046756790276575 -0.6525641025641026 -0.25435443737904345 -0.15054860933911712 -0.18932267168391348 -0.11137440758293841 -0.12183115924193948 -0.5015403573629081 -0.9742014742014741 -1.451431428928616 -0.8447888027993002 -0.46780551905387646 -0.2231621936989498 0.023755938984746188 0.010153429602888089 -0.07592928377153219 -0.037246185269734465 -0.13901979264844486 -0.10781344639612353 -0.23812476745628178 -0.0384519970230712 -0.18374645455666544 0.003893575600259572
-0.12619456015682431 -0.03026227303295225 -0.1319320214669052 -0.07851287380210137 -0.21149101163200568 -0.017747278750591573 -0.28137998531930514 -0.013360864812340589 -0.1651517091281526 0.10782416367155098 -0.011367942402425162 0.052522291437645044 -0.1052128168340507 -0.022153846153846152 -0.21465295629820053 0.0829618623080733 -0.31785480706344016 0.06391409945033873 -0.1792067466069311 0.13226784238082118 -0.034460753031269935 -0.04071058475203553 -0.13159468835985166 -0.07617233991906688 -0.2283788843129914 -0.33778674061003267 -1.8223623702535807 -0.36501901140684406 -0.3075889858965749 -0.029057097195990127 -0.1004119464469619 -0.09815657170217859 -0.16154309825195903 -0.22380718150516482 -0.40340766725131544 -0.572119258662369 -3.211021877596233 -1.282798833819242 -0.5105392827812756 -0.13034033309196236 -0.10227272727272727 -0.24878500347141866 -0.3403906889694701 -1.742202729044834 -5.057471264367815 -0.9195402298850575 -0.7094291212315588 -0.5240683229813665 -0.43150231634679026 -0.07465963987703118 -0.10496418868856508 -0.14312529328953544 -0.6397344930189973 -4.72584856396867 -2.136237814418101 -0.678491689407095 -0.5266505533647118 -0.5177007993909403 -0.4206526012318175 -0.07619839290662234 -0.13482605031900807 -0.15075959642815726 -0.31807511737089206 -0.2859901049837094 -0.9747606614447346 -5.832083958020989 -2.941250789639924 -2.1096366116829968 -0.6641025641025642 -0.21564832734310208 -0.13779025261546313 -0.13523047977422387 -0.1113744075829384 -0.07629830174747725 -0.3795440542205792 -0.8194103194103194 -0.8988623577947245 -0.6673331667083229 -0.44152431011826543 -0.1750291715285881 0.018754688672168042 0.021435018050541516 -0.06912964641885766 -0.037246185269734465 -0.1496229971724788 -0.0726832222895215 -0.18479474141138535 -0.003721161002232695 -0.18251325687507708 0.027255029201817004
-0.13232050967900025 -0.03250392288724501 -0.13528622540250448 -0.06696686294885115 -0.2255904124074727 -0.013014671083767155 -0.2581355517494495 -0.0194339851815863 -0.16003072589937267 0.10229471938070223 -0.015157256536566879 0.05496518871381458 -0.11119081779053086 -0.00615384615384615 -0.22750642673521848 0.09534422981674094 -0.2799215173315893 0.07541863735139971 -0.17130056660956647 0.1350234224304216 -0.024250159540523286 -0.02097211941771528 -0.1280057423136739 -0.06784099024041895 -0.22588294022213903 -0.2621628434585329 -1.2705294967809748 -0.24081115335868186 -0.28744123572867697 -0.008717129158797039 -0.09912461380020599 -0.09695954033995689 -0.1470765521398433 -0.2029021151008362 -0.3658231019794538 -0.5412301907064195 -3.186098033785654 -1.1834084283063875 -0.4722146181220914 -0.12020275162925417 -0.09722222222222222 -0.2291136311039111 -0.31582641244590015 -1.3133528265107208 -4.74565908535094 -0.8980674497915876 -0.7902501603592047 -0.5292443064182195 -0.41826604897418934 -0.0702678963548529 -0.09014571499135589 -0.1313937118723604 -0.44632639047837036 -4.145502017564682 -2.0868937296906966 -0.6499627883899777 -0.6144256455921637 -0.5303895444740515 -0.4088586030664395 -0.08174009420892214 -0.13482605031900805 -0.1403223935985156 -0.29812206572769956 -0.24375527935320376 -0.8230759666791 -5.389805097451274 -2.600126342387871 -1.9806523626441777 -0.641025641025641 -0.19905999447055572 -0.14034192396019393 -0.12229539040451551 -0.10781990521327015 -0.05537779965542703 -0.36352433764633396 -0.6793611793611795 -0.7250906363295413 -0.5498625343664085 -0.4021024967148489 -0.15752625437572929 0.02250562640660165 0.02256317689530686 -0.07366273798730734 -0.025231286795626574 -0.16611687087653157 -0.056935190793458504 -0.18231427508371573 -0.0012403870007442323 -0.18621284991984216 0.029850746268656712
-0.12864493996569468 -0.03026227303295225 -0.1274597495527728 -0.0635030596928761 -0.21619081189049466 -0.013014671083767157 -0.2238805970149254 -0.0194339851815863 -0.15618998847778773 0.10367708045341442 -0.007578628268283439 0.05252229143764505 -0.1052128168340507 0.003692307692307695 -0.2185089974293059 0.09905894006934124 -0.2459123610202747 0.08564489326345393 -0.16734747661088414 0.15293469275282445 -0.005105296745373319 0.003700962250185044 -0.11245364278023688 -0.05236848369435847 -0.20092349931361536 -0.18905974287874966 -0.7384049402181053 -0.12674271229404305 -0.24311618535930157 0.03486851663518814 -0.07466529351184348 -0.08618625807996169 -0.11934900542495479 -0.19429414658140678 -0.2981708844901027 -0.49691109320440496 -3.0753253946275265 -1.0283593957063346 -0.4215713112510266 -0.08110065170166544 -0.08838383838383838 -0.2163850960425827 -0.2795648613872968 -1.0124269005847952 -4.312790413303986 -0.870279146141215 -0.8543938422065429 -0.5201863354037268 -0.3970880211780278 -0.04391743522178305 -0.06544825882934058 -0.1290473955889254 -0.37193865873197535 -3.511749347258487 -1.9665423035262966 -0.6313569833788142 -0.6411398040961709 -0.534196167998985 -0.398375049141659 -0.07896924355777224 -0.11917659804983749 -0.12292705554911283 -0.2676056338028169 -0.23048147701218777 -0.6937709809772473 -4.87631184407796 -2.1920404295641185 -1.8082599528711403 -0.5897435897435898 -0.1852363837434338 -0.13013523858127074 -0.11523988711194733 -0.10071090047393365 -0.029534826482894412 -0.32902033271719044 -0.5724815724815725 -0.6250781347668458 -0.45613596600849793 -0.3600525624178712 -0.13273045507584597 0.03250812703175794 0.024819494584837547 -0.06686310063463281 -0.019223837558572626 -0.1649387370405278 -0.04724409448818898 -0.17363264293687214 0.018605805011163483 -0.17634726846713528 0.054510058403634
-0.12374418034795394 -0.02914144810580587 -0.11292486583184258 -0.04964784666897587 -0.21149101163200562 -0.013014671083767157 -0.1920724247614387 -0.02186323332928459 -0.15618998847778773 0.09538291401714129 0.0012631047113805735 0.041529253694882126 -0.09086561453849833 0.011076923076923085 -0.2120822622107969 0.0866765725606736 -0.22105951602354482 0.07797520132941327 -0.1541705099486098 0.14053458252962248 -0.005105296745373321 0.009869232667160128 -0.10647206603660726 -0.04998809807188763 -0.20965930363159865 -0.15881018401814972 -0.4007357771646302 -0.11026615969581748 -0.24714573539288112 0.023245677756792097 -0.06436663233779609 -0.07780703854440986 -0.09885473176612418 -0.1795376291195278 -0.25306940616386864 -0.45796400752081645 -2.8440875103849343 -0.8799363901404721 -0.3736654804270463 -0.07965242577842144 -0.07449494949494949 -0.20712797963434387 -0.2351152181541701 -0.8235867446393763 -3.762533626803619 -0.826070481242895 -0.8941629249518923 -0.511128364389234 -0.3825281270681668 -0.04098960620699751 -0.05433440355643369 -0.1337400281557954 -0.2975509269855803 -2.8851174934725856 -1.8522084486701167 -0.6201935003721162 -0.6907518127464698 -0.5532292856236518 -0.3931332721792688 -0.09282349681352176 -0.11315757794631034 -0.11712860953264523 -0.24178403755868544 -0.21841438397490043 -0.578142484147706 -4.29535232383808 -1.8066961465571698 -1.6036214808383977 -0.5589743589743589 -0.18247166159800943 -0.12375606021944374 -0.11994355597365947 -0.09597156398104265 -0.02092050209205021 -0.30067775723967965 -0.49877149877149884 -0.5263157894736843 -0.39615096225943514 -0.3232588699080158 -0.13273045507584597 0.04376094023505876 0.009025270758122744 -0.05553037171350862 -0.01802234771116184 -0.16258246936852028 -0.05330102967898244 -0.17735334242837653 -0.0037211610022326964 -0.16524848933284006 0.04153147306943543
-0.11884342073021319 -0.02802062317865949 -0.10621645796064401 -0.03810183581572567 -0.20679121137351658 -0.005915759583530525 -0.1663812087105456 -0.00971699259079315 -0.1510690052490078 0.0912358307990047 0.002526209422761147 0.05862953462806889 -0.08608321377331422 0.036923076923076927 -0.2120822622107969 0.0866765725606736 -0.2014388489208633 0.08564489326345393 -0.14626432995124522 0.13777900248002203 0.0025526483726866617 0.02097211941771528 -0.094508912549348 -0.03332539871459177 -0.19593161113191065 -0.1323418200151248 -0.19051373012744713 -0.06590621039290241 -0.22028206850235055 0.04213279093418567 -0.06822863027806386 -0.06703375628441464 -0.08679927667269441 -0.1660108214461387 -0.22425457278877473 -0.40424388933655653 -2.4743838271946825 -0.7169361250993903 -0.33397207774431975 -0.057929036929761035 -0.07828282828282829 -0.18861374681786622 -0.2140601239911101 -0.6944444444444445 -3.1804842259721204 -0.7591259315397247 -0.9031430404105197 -0.47101449275362334 -0.3639973527465255 -0.021958717610891538 -0.045690293899728326 -0.12435476302205535 -0.24605172808422981 -2.308331355328745 -1.6945480803947526 -0.5742991813445795 -0.6869355043887545 -0.5164319248826291 -0.36168261040492733 -0.08174009420892214 -0.1023233417599615 -0.10089296068653601 -0.2089201877934272 -0.20876070954507062 -0.47992042770110654 -3.638180909545227 -1.4188250157927984 -1.3543346149076028 -0.49743589743589733 -0.15897152336190215 -0.12375606021944374 -0.10818438381937912 -0.09123222748815166 -0.011075559931085407 -0.2784966112138016 -0.4250614250614251 -0.45005625703212904 -0.31992001999500125 -0.28515111695137974 -0.10647607934655776 0.040010002500625155 0.014666064981949455 -0.05213055303717136 0.003604469542232369 -0.17200754005655045 -0.025439127801332517 -0.18479474141138533 0.024807740014884644 -0.16524848933284003 0.05710577547047372
-0.1163930409213428 -0.023537323470073975 -0.09727191413237926 -0.01847361736520033 -0.1938667606626718 0.005915759583530525 -0.1492537313432836 0.006073120369245719 -0.14082703879144795 0.10505944152612663 0.008841732979664015 0.07817271283742519 -0.0741272118603539 0.06276923076923077 -0.19794344473007713 0.09286775631500742 -0.17004578155657293 0.10354084110954878 -0.130451969956516 0.14466795260402315 0.014039566049776644 0.041944238835430546 -0.08374207441081469 -0.005950964056177108 -0.1734681143142394 -0.0970506680110915 -0.10905268690053867 -0.022813688212927757 -0.19744795164539958 0.05666133953218074 -0.06951596292481978 -0.04548719176442423 -0.08800482218203737 -0.1364977865223807 -0.20546229015284387 -0.3344077356970185 -1.9911381888673492 -0.5406838059899284 -0.30796605529701615 -0.013034033309196242 -0.07196969696969698 -0.15158528118491088 -0.1801380278395134 -0.5458089668615986 -2.5299584250427976 -0.6681823923203234 -0.8800513149454782 -0.41278467908902694 -0.3507610853739246 0.013175230566534912 -0.01605334650530995 -0.10910370717972784 -0.21057450217441062 -1.72442440066461 -1.4815260560837644 -0.5197221533118334 -0.6462282152397913 -0.47202131709173967 -0.3302319486305858 -0.06650041562759768 -0.0866738894907909 -0.07885886582395919 -0.18075117370892022 -0.17979968625558101 -0.40656471465870947 -2.9672663668165913 -1.0878079595704357 -1.0988465831576337 -0.4384615384615384 -0.12164777439867296 -0.10079101811686655 -0.08584195672624646 -0.07109004739336491 0.003691853310361802 -0.23906346272335183 -0.34398034398034394 -0.37254656832104016 -0.2461884528867783 -0.24441524310118265 -0.07147024504084014 0.04126031507876969 0.03046028880866426 -0.05439709882139619 0.03244022588009131 -0.17082940622054665 -0.002422774076317388 -0.18479474141138535 0.03969238402381543 -0.15908250092489826 0.06229720960415316
-0.12129380053908353 -0.023537323470073975 -0.08609123434704831 -0.0023092021706500403 -0.1821172600164493 0.014197823000473262 -0.1443601663812087 0.00971699259079315 -0.14210728459864294 0.09261819187171691 0.002526209422761147 0.07206546964700133 -0.07173601147776185 0.07261538461538461 -0.19922879177377895 0.08048538880633976 -0.15304120340091565 0.10865396906557585 -0.12913427329028856 0.13777900248002203 0.010210593490746652 0.04071058475203553 -0.07058260557482951 0.013092120923589617 -0.1584924497691252 -0.07814469372321653 -0.07226382866903167 -0.0038022813688212967 -0.19341840161182003 0.06101990411157926 -0.07337796086508755 -0.03591094086665071 -0.0699216395418927 -0.11559272011805213 -0.17790027562014532 -0.26994359387590655 -1.5203544724453062 -0.3935860058309038 -0.26416643854366273 0.0028964518464880463 -0.07575757575757576 -0.1261282110622541 -0.15440402386244004 -0.4385964912280701 -1.9234531670335044 -0.5608184918529747 -0.8287363694676075 -0.34290890269151136 -0.33355393778954334 0.02927829014785537 -0.02099283773771301 -0.09033317691224776 -0.17967498283360037 -1.2354616662710656 -1.2311950896618122 -0.4589431902753659 -0.5991604121613026 -0.42380408577591666 -0.32367972742759804 -0.06927126627874758 -0.07583965330444205 -0.06494259538443697 -0.15023474178403756 -0.1629057560033788 -0.34191222180778313 -2.2988505747126435 -0.804801010739103 -0.8619620488651865 -0.37307692307692314 -0.09676527508985347 -0.09823934677213576 -0.0799623706491063 -0.07345971563981041 0.017228648781688408 -0.22057917436845348 -0.2825552825552825 -0.34004250531316416 -0.19495126218445388 -0.22864651773981604 -0.06563593932322054 0.03500875218804701 0.03046028880866426 -0.04533091568449682 0.05526853298089631 -0.16258246936852025 0.0036341611144760713 -0.18479474141138535 0.04341354502604812 -0.1566161055617215 0.06229720960415316
-0.12251899044351873 -0.021295673615781212 -0.08720930232558141 0.005773005426625101 -0.17741745975796025 0.02011358258400379 -0.13946660141913386 0.00971699259079315 -0.1421072845986429 0.08155930329001936 0.002526209422761147 0.0928300964944424 -0.0693448110951698 0.096 -0.19151670951156813 0.09905894006934124 -0.13865271419228253 0.12015850696663685 -0.13308736328897092 0.14053458252962248 0.02169751116783663 0.046878855169010615 -0.06220839813374805 0.028564627469650085 -0.143516785224011 -0.061759516007058236 -0.04861384837734858 0.006337135614702149 -0.18535930154466088 0.046491355513584194 -0.07209062821833162 -0.029925784055542255 -0.05545509342977698 -0.09960649286768322 -0.15284389877223753 -0.22159548751007252 -1.0495707560232623 -0.2716671084018023 -0.21489186969614021 -0.002896451846488056 -0.0580808080808081 -0.09372830363341819 -0.1216516551643467 -0.3435672514619883 -1.3524089019320127 -0.43071870658077566 -0.7171263630532393 -0.25232919254658387 -0.29913964262078097 0.05709266578831795 0.0037046184243022954 -0.0668700140778977 -0.14763103685053786 -0.8224543080939949 -0.9255024672042362 -0.3795584222277351 -0.5126574227197557 -0.3616292348686715 -0.29484995413445164 -0.06511499030202272 -0.05657878897315517 -0.04870694653832773 -0.11150234741784038 -0.1435984071437191 -0.2747730946164366 -1.6066966516741625 -0.5647504737839546 -0.6374798462110877 -0.2961538461538462 -0.08570638650815594 -0.08420515437611636 -0.061147695202257754 -0.06161137440758293 0.03568791533349742 -0.18853974121996306 -0.20515970515970516 -0.29753719214901864 -0.13621594601349662 -0.19710906701708278 -0.03354725787631272 0.04376094023505877 0.046254512635379066 -0.03513145965548504 0.08410428931875524 -0.14844486333647502 0.02786190187764991 -0.18231427508371573 0.04961548002976929 -0.14428412874583796 0.058403634003893576
