-0.3230131643100926 -0.2337488869100623 -0.24711879432624112 -0.1779112754158965 -0.22716460513796383 -0.11941357294868762 -0.1908775409023302 -0.061530888506030036 -0.18983227148615262 -0.054431263084438256 -0.32700012924906297 -0.29045643153526973 -0.30612244897959184 0.033292231812577074 -0.14757820383451056 -0.15417132910605497 -0.06292676395769178 -0.11102504518461143 -0.1897888265169741 -0.3134182174338883 -0.5316713304502672 -0.5634833516282474 -0.43539990534784667 -0.10869565217391304 -0.2022643429589111 -0.16021532940271727 -0.0593311758360302 -0.21366427840327534 -0.37330468645091985 -1.5440219748445858 -0.2983339790778768 -0.32922785409758404 -0.27515253020696256 0.011082379017362394 -0.12884043607532208 -0.014349073832507182 -0.1043382756727073 -0.00399361022364217 -0.21407583601511124 -0.7517353418992763 -0.1410046581896009 -0.045300113250283124 -0.17332415059687784 0.10843373493975905 -0.12138868657441126 0.013591993080439891 -0.0575668414992964 0.030884056106035267 -0.09792085848423875 -0.09404388714733541 -0.1764926774314683 -0.09534883720930233 -0.11638418079096047 -0.11246485473289596 -0.06885284163846422 -0.07569386038687972 0.028771578684013012 -0.010135563157227925 0.056931020786442466 0.06908219371211052 -0.06678809957498483 -0.008179481187193267 0.00824014125956445 0.11484627347768872 0.001219958521410272 -0.02578268876611418 -0.018635855385762207 0.0024731049833065406 0.053046965972312066 0.09714127116291979 -0.020434227330779053 0.060376465017165856 -0.1340132827324478 0.10495122854673415 -0.01482213438735178 0.09048667155783811 0.04970052249267236 0.13162890773319835 -0.03190216668882095 0.24193548387096775 -0.03342825306425653 0.04519774011299436 -0.013591573224600747 0.053082398359271324 0.044917257683215125 -0.05611940298507463 0.03108679432976872 -0.007542426147077311 0.057640578967593184 0.0433469066071194
-0.3437347635299854 -0.24933214603739978 -0.2559840425531915 -0.18484288354898334 -0.24262607040913417 -0.1300543863797588 -0.21318790282597916 -0.07629830174747725 -0.21453647120010402 -0.05861828332170273 -0.367067338761794 -0.3319502074688797 -0.3349339735894358 0.03082614056720099 -0.17280524722502522 -0.1641178664677359 -0.07765430445842816 -0.13555383423702558 -0.23790430366212245 -0.3945711487337345 -0.6410582548969728 -0.7769240151237955 -0.506389020350213 -0.12183468705207837 -0.2340669126065386 -0.17431427839015637 -0.0849514563106796 -0.23797338792221087 -0.4673022693702162 -2.3377186641607635 -0.36161694433682035 -0.4500236854571293 -0.3182198827610958 0.01231375446373599 -0.14742319127849357 -0.011740151317505873 -0.12767710049423395 -0.011980830670926517 -0.29103120190289633 -1.0663122138531975 -0.16240715095052247 -0.07021517553793885 -0.1928374655647383 0.11084337349397591 -0.1432386501578053 -0.006178178672927218 -0.0703594729435845 0.011581521039763221 -0.12743125419181756 -0.09404388714733541 -0.1777443985480035 -0.09883720930232558 -0.12203389830508475 -0.11246485473289598 -0.07235383358618275 -0.08770875886098763 0.02376782586940205 -0.01900418091980236 0.04236727128293393 0.09304948540814888 -0.0777170613236187 -0.018695956999298904 0.01059446733372572 0.1136499581289628 -0.001219958521410272 -0.03437691835481891 -0.028574978258168716 -0.008655867441572896 0.0362271962737741 0.09991673605328892 -0.028097062579821197 0.060376465017165856 -0.13282732447817835 0.09136930485245091 -0.023468379446640316 0.07825874296894106 0.04077991589142348 0.13036324515884068 -0.04785325003323142 0.24876981957353744 -0.04333292063885106 0.03954802259887006 -0.026050515347151432 0.0579080709373869 0.030732860520094562 -0.05373134328358209 0.014921661278288983 -0.0037712130735386568 0.0320225438708851 0.03677919348482858
-0.37176986835689907 -0.27827248441674085 -0.27593085106382975 -0.1963955637707948 -0.26165556612749763 -0.15370063844880585 -0.23177987109568665 -0.09352695052916564 -0.22883890261344425 -0.06978367062107467 -0.39420964198009567 -0.39419087136929465 -0.3481392557022809 0.013563501849568439 -0.16902119071644803 -0.18649757553151808 -0.08836524300441827 -0.1639555899819262 -0.2699812884255547 -0.4911151532111376 -0.7618926481811243 -1.1452616172703987 -0.6034074775201137 -0.13855709507883424 -0.2658694822541661 -0.18200461420148678 -0.12001078748651564 -0.2661207778915046 -0.5706996105814421 -3.2224953014312563 -0.42231693142192955 -0.6631927996210327 -0.35889460461777717 -0.011082379017362394 -0.15857284440039643 -0.03782937646751892 -0.15788028555738606 -0.03727369542066028 -0.34979711767175037 -1.4045192733717324 -0.17247891224977968 -0.11664779161947905 -0.19513314967860423 0.09036144578313253 -0.1420247632920612 -0.02841962189546522 -0.07419726237687092 -0.011581521039763223 -0.13145539906103285 -0.08359456635318703 -0.17774439854800353 -0.11046511627906977 -0.12090395480225988 -0.11480787253983131 -0.06885284163846424 -0.10693259641956025 0.02752064048036027 -0.030406689471683773 0.03839533960015888 0.11137741435217821 -0.08621736490588951 -0.04206590324842253 0.007062978222483815 0.11125732743151096 0.003659875564230816 -0.04788213627992634 -0.027332587899117904 -0.01607518239149252 0.0310518825203778 0.11240632805995003 -0.0408684546615581 0.052089499230496036 -0.1387571157495256 0.0864304235090752 -0.02964426877470356 0.06969919295671315 0.03185930929017459 0.12783192001012528 -0.057158048650804205 0.26243849097867683 -0.048285254426148325 0.02711864406779661 -0.02831577755125155 0.059114489081915786 0.033096926713948 -0.060895522388059696 0.01616513305147973 -0.013827781269641737 0.021775329832201866 0.02233022461578878
-0.38395904436860073 -0.2860641139804096 -0.29144503546099293 -0.21487985212569316 -0.26403425309229306 -0.16552376448332937 -0.23301933564700056 -0.11813930593157766 -0.2314393446885971 -0.08653175157013258 -0.4135970014217397 -0.43690505247742256 -0.36614645858343337 -0.0036991368680641137 -0.16019172552976793 -0.20639065025488001 -0.08836524300441827 -0.18719339013684483 -0.2833466987436514 -0.5736672729816706 -0.8661918087000764 -1.5562873521161116 -0.6732134406057738 -0.13377926421404684 -0.2836789212568375 -0.17687772366059984 -0.14697950377562025 -0.2865916069600819 -0.6593259030482074 -4.115946219459303 -0.47655947307245256 -0.8882046423495975 -0.4007656418231845 -0.014776505356483194 -0.16228939544103071 -0.03522045395251762 -0.1702361339923119 -0.05724174653887113 -0.3875752063802994 -1.7545414266725738 -0.17877376306181544 -0.12231030577576445 -0.20202020202020204 0.10240963855421688 -0.12988589463462005 -0.02594835042629433 -0.07419726237687092 -0.007721014026508816 -0.12474849094567404 -0.038811762949694004 -0.17524095631493303 -0.11046511627906977 -0.11638418079096044 -0.11012183692596063 -0.06185085774302721 -0.10452961672473868 0.02626970227670753 -0.022805017103762825 0.027803521779425393 0.15367263499224587 -0.09957498482088646 -0.038560411311053984 -0.011771630370806358 0.10288311999042947 -0.008539709649871904 -0.04297114794352363 -0.024847807181016278 -0.01607518239149252 0.02717039720533057 0.13738551207327226 -0.04725415070242657 0.06037646501716587 -0.14231499051233393 0.07902210149401162 -0.0358201581027668 0.06603081438004402 0.02166433031731872 0.12150360713833692 -0.061145819486906824 0.27063969382176045 -0.06190417234121579 0.031638418079096044 -0.0453052440820025 0.0554952346483291 0.02009456264775414 -0.06328358208955223 -0.0012434717731907505 -0.018856065367693277 0.002561803509670807 0.022330224615788784
-0.4095563139931741 -0.28606411398040954 -0.3058510638297873 -0.21834565619223661 -0.277117031398668 -0.1655237644833294 -0.23549826474962815 -0.12306177701206007 -0.24054089195163178 -0.09351011863224004 -0.44849424841669905 -0.4845008542836222 -0.40336134453781514 -0.014796547472256472 -0.17785065590312818 -0.2101206017655104 -0.10844825277814969 -0.1949393235218177 -0.32210638866613206 -0.6352315656918985 -0.9908420249300433 -2.0685449445054274 -0.764316138192144 -0.17319636884854278 -0.30912097697493957 -0.18072289156626503 -0.18608414239482202 -0.3070624360286591 -0.7627232442594333 -5.0469856874367505 -0.5320935038098928 -1.1546660350544766 -0.4581887785620289 -0.024627508927471987 -0.17839444995044598 -0.03913383772501957 -0.1867105985722131 -0.0665601703940362 -0.45193787603190155 -2.1237631073696646 -0.1951403751731084 -0.1359003397508494 -0.22268135904499542 0.10963855421686745 -0.14566642388929354 -0.009885085876683557 -0.08571063067673021 0.010294685368678419 -0.1341381623071764 0.013434841021047916 -0.18525472524721492 -0.12209302325581395 -0.12768361581920903 -0.11246485473289596 -0.06651884700665191 -0.10573110657214949 0.02251688766574931 -0.03547447105029773 0.01721170395869191 0.16495136049626394 -0.1153612629022465 -0.03972890862351016 -0.02118893466745144 0.09570522789807394 -0.017079419299743808 -0.027010435850214853 -0.028574978258168716 -0.006182762458266356 0.01811359813688705 0.15126283652511796 -0.05747126436781609 0.06984728305907424 -0.1482447817836812 0.09136930485245093 -0.049407114624505935 0.08192712154561017 0.0076462342296419 0.13922288317934436 -0.07842615977668484 0.28977583378895566 -0.07552309025628327 0.030508474576271188 -0.0600294484086533 0.051875980214742434 0.016548463356974 -0.0537313432835821 -0.011191245958716739 -0.013827781269641737 -0.015370821058024852 0.023643767240246943
-0.424183325207216 -0.2838379341050757 -0.3191489361702128 -0.2287430683918669 -0.2794957183634634 -0.16434145187987703 -0.22434308378780368 -0.1304454836327837 -0.23664022883890262 -0.09630146545708304 -0.48597647667054417 -0.5320966560898219 -0.4345738295318127 -0.023427866831072747 -0.1866801210898083 -0.22131045629740145 -0.11782032400589101 -0.21559514588174541 -0.36220261962042233 -0.6758080313418218 -1.1053167133045028 -2.6308086351994144 -0.8613345953620444 -0.18036311514572387 -0.326930415977611 -0.17944116893104328 -0.21709816612729232 -0.3224155578300921 -0.8701490533100579 -5.863813792106405 -0.5721296655043264 -1.4388915206063477 -0.5048450771623398 -0.04432951606944958 -0.18830525272547077 -0.04435168275502217 -0.20181219110378912 -0.0878594249201278 -0.5232964880369385 -2.4900310146211786 -0.20521213647236564 -0.15855039637599094 -0.2341597796143251 0.10963855421686748 -0.14445253702354943 -0.016063264549610778 -0.08443136753230138 0.0025736713421696043 -0.13682092555331993 0.04627556351694281 -0.18525472524721492 -0.12558139534883722 -0.1265536723163842 -0.12886597938144329 -0.05834986579530867 -0.11534302535143579 0.03377533149862397 -0.04687697960217914 0.021183635641466962 0.17482024531227972 -0.1177899210686096 -0.04907688712315962 -0.02472042377869335 0.09091996650317025 -0.015859460778333535 -0.04174340085942295 -0.0360293204124736 -0.021021392358105608 0.0103506275067926 0.13877324451845685 -0.06130268199233717 0.08050195335622115 -0.1577324478178368 0.10495122854673418 -0.045701581027667984 0.0892638786989484 0.014018096087676818 0.1341602328819137 -0.07709690283131729 0.2884089666484417 -0.070570756468986 0.02598870056497175 -0.06455997281685355 0.0410182169139824 0.028368794326241138 -0.06089552238805971 -0.0037304153195722466 -0.021370207416719047 -0.012809017548354043 0.005254170497832654
-0.44246708922476835 -0.29608192341941225 -0.3357712765957447 -0.23105360443622916 -0.29376784015223595 -0.17379995270749587 -0.23425880019831435 -0.13413733694314547 -0.24184111298920818 -0.12002791346824844 -0.5144112705182887 -0.5699292164998779 -0.4741896758703481 -0.025893958076448825 -0.21442986881937437 -0.2200671391271914 -0.14861427232561253 -0.2310870126516912 -0.45576049184709966 -0.6646145235763257 -1.1460188247265326 -3.278448591291621 -0.967818267865594 -0.1958910654562829 -0.3561887800534283 -0.17944116893104328 -0.2642934196332255 -0.34544524053224157 -1.1695984960386734 -6.190545033974266 -0.5953764690688363 -1.5821885362387496 -0.5562866371575547 -0.05171776874769117 -0.2155599603567889 -0.04696060527002348 -0.22652388797364087 -0.11048988285410011 -0.6114453616902197 -2.525476295968099 -0.20773007679717992 -0.15402038505096263 -0.24563820018365473 0.10602409638554218 -0.16023306627822284 -0.016063264549610778 -0.09850326212101827 -0.012868356710848025 -0.15694164989939638 0.0612031646514405 -0.18525472524721492 -0.13139534883720932 -0.14124293785310735 -0.13120899718837864 -0.06885284163846422 -0.11173855580920342 0.02001501125844383 -0.055745597364753575 0.009267840593141797 0.17482024531227974 -0.12871888281724347 -0.05491937368544052 -0.03884638022366098 0.0885273358057184 -0.03781871416371844 -0.03683241252302026 -0.05590756615728661 -0.023494497341412145 0.0012938284383490761 0.13322231473771856 -0.07407407407407407 0.06511187403812006 -0.16603415559772294 0.10865538955426597 -0.05928853754940712 0.09660063585228662 0.005097489486427934 0.13795722060498672 -0.07975541672205239 0.28430836522689995 -0.070570756468986 0.016949152542372878 -0.07928417714350437 0.038605380624924614 0.011820330969267141 -0.057313432835820896 -0.02113902014424273 -0.028912633563796357 -0.04098885615473293 0.005254170497832657
-0.4497805948317894 -0.2994211932324132 -0.35239361702127664 -0.23567467652495383 -0.30685061845861084 -0.1702530148971388 -0.2627664848785325 -0.14152104356386908 -0.24054089195163178 -0.12561060711793443 -0.5286286674421611 -0.6004393458628264 -0.5042016806722689 -0.029593094944512944 -0.23082744702320887 -0.21882382195698122 -0.17806935332708532 -0.2569067906016008 -0.5546645282010159 -0.6646145235763257 -1.1701857033833631 -3.926088547383827 -1.0778513961192617 -0.21141901576684186 -0.3892634524869609 -0.19097667264803894 -0.3209277238403452 -0.3953428863868987 -1.7228414126493892 -6.332224953014313 -0.6005424254165052 -1.704168640454761 -0.6065318818040436 -0.06033739687230637 -0.24405351833498515 -0.045656144012522826 -0.25672707303679293 -0.1331203407880724 -0.7303763816986149 -2.56092157731502 -0.20395316630995847 -0.14496036240090598 -0.2444903581267218 0.09156626506024097 -0.16630250060694343 -0.016063264549610778 -0.113854419854164 -0.020589370737356838 -0.18511066398390344 0.08359456635318703 -0.17524095631493303 -0.13604651162790699 -0.12316384180790962 -0.1394095595126523 -0.06885284163846422 -0.10693259641956025 0.015011258443832876 -0.06334726973267453 0.01323977227591685 0.17341040462427748 -0.129933211900425 -0.0747838279971956 -0.052972336668628606 0.08374207441081469 -0.05489813346346224 -0.025782688766114177 -0.0819977636973537 -0.019784839866452332 -0.016819769698537972 0.13461004718290312 -0.08045977011494251 0.026044749615248032 -0.15417457305502846 0.10865538955426594 -0.06422924901185771 0.10638297872340426 -0.01784121320249777 0.14048854575370207 -0.07576764588594977 0.2788408966648442 -0.07923734059675622 0.006779661016949152 -0.09740627477630535 0.039811798769453496 -0.009456264775413713 -0.041791044776119404 -0.034817209649340965 -0.02639849151477059 -0.06020238247726399 0.003940627873374493
-0.47172111165285224 -0.31277827248441675 -0.38120567375886527 -0.24260628465804066 -0.3330161750713606 -0.16907070229368643 -0.29127416955875063 -0.15628845680531628 -0.24704199713951375 -0.13398464759246337 -0.5609409331782345 -0.5931169148157188 -0.5618247298919568 -0.04438964241676942 -0.26362260343087784 -0.21882382195698122 -0.2249297094657919 -0.29821843532145625 -0.6843090082865544 -0.6744088428711347 -1.1740015263291785 -4.4078546164166355 -1.1961665877898722 -0.2376970855231725 -0.39562396641648645 -0.2063573442706998 -0.33845738942826314 -0.4733879222108495 -2.529877803142205 -6.327887812635536 -0.6057083817641741 -1.7657508289909996 -0.6412250269170954 -0.07265115133604236 -0.26759167492566893 -0.04435168275502217 -0.2828116419549698 -0.16240681576144833 -0.8339163285294529 -2.5431989366415593 -0.20898904695958703 -0.12457531143827857 -0.26170798898071623 0.0927710843373494 -0.18572469045884926 -0.013591993080439891 -0.13688115645388257 -0.021876206408441644 -0.2226693494299128 0.10150768771458427 -0.19777193641256727 -0.1569767441860465 -0.15254237288135591 -0.1358950328022493 -0.09686077722021239 -0.08530577916616605 -0.006254691018263698 -0.05447865197010009 -0.013239772275916852 0.18045960806428873 -0.14207650273224043 -0.10049076887123158 -0.0659211300765156 0.0897236511544443 -0.0658777601561547 -0.013505217925107426 -0.0894521058516586 -0.011128972424879435 -0.025876568766981495 0.1401609769636414 -0.09323116219667944 -0.01539007931810108 -0.17314990512333966 0.11606371156932953 -0.08646245059288538 0.12350207874786015 -0.03695679877660252 0.1544108340716365 -0.07842615977668484 0.2733734281027884 -0.09904667574594529 0.0033898305084745727 -0.1257220523275569 0.047050307636626855 -0.030732860520094562 -0.035820895522388055 -0.042278040288485454 -0.016341923318667507 -0.08069681055463046 0.002627085248916327
-0.4997562164797659 -0.3428317008014248 -0.4222074468085107 -0.2310536044362292 -0.3663177925784967 -0.17498226531094818 -0.3371343579573624 -0.16121092788579866 -0.28344818619165263 -0.15352407536636428 -0.5893757270259791 -0.5235538198681963 -0.6182472989195679 -0.050554870530209614 -0.30146316851664984 -0.21260723610593063 -0.27848440219574244 -0.3459850245287891 -0.821972734562951 -0.6576185812228907 -1.1676418214194861 -4.4993291864861575 -1.3274964505442501 -0.26158623984710944 -0.4121613026332528 -0.2332735196103563 -0.389697950377562 -0.5795803480040942 -3.495367261984692 -6.106693653317913 -0.6147488053725947 -1.776409284699195 -0.7022371097021174 -0.07634527767516316 -0.3072348860257681 -0.04043829898252022 -0.3445908841295991 -0.18769968051118208 -0.9514481600671608 -2.433909319155221 -0.2303915397205086 -0.1359003397508494 -0.30073461891643716 0.1 -0.21728574896819616 -0.006178178672927225 -0.17525905078674683 -0.02444987775061125 -0.25888665325285043 0.11344976862218241 -0.22405807985980722 -0.22906976744186047 -0.20112994350282487 -0.12652296157450796 -0.12953670206558526 -0.07449237053946894 -0.05128846634976232 -0.05194476118079311 -0.04898715742089236 0.17200056393627522 -0.16272009714632665 -0.1764430941808834 -0.10123602118893467 0.0992941739442517 -0.10369647431987312 -0.0012277470841006734 -0.12920859734128465 -0.004946209966613083 -0.06857290723250098 0.13877324451845682 -0.12260536398467432 -0.10417899846099207 -0.20635673624288425 0.12347203358439314 -0.11857707509881424 0.12350207874786012 -0.06881610806677711 0.15820782179470952 -0.11431609730160841 0.2569710224166211 -0.12999876191655318 -0.06666666666666668 -0.16649677200135918 0.045843889492097965 -0.061465721040189124 -0.03820895522388059 -0.08704302412335241 -0.013827781269641737 -0.1229665684641988 -0.003940627873374491
-0.522915650901999 -0.39180765805877116 -0.45766843971631205 -0.23682994454713496 -0.3996194100856327 -0.18680539134547175 -0.3904313336638571 -0.18213142997784887 -0.3198543752437915 -0.19260293091416608 -0.608763086467623 -0.4967049060288016 -0.6746698679471788 -0.06535141800246609 -0.32921291624621596 -0.2200671391271914 -0.3280224929709466 -0.41311644719855406 -0.9489441325848704 -0.6254372463970898 -1.1345713558890869 -4.451762410050006 -1.4517274017983912 -0.29741997133301484 -0.4197939193486834 -0.2755703665726737 -0.424757281553398 -0.7382292732855681 -4.436685913790788 -5.646956773167558 -0.6121658271987601 -1.8107531975367128 -0.756071300394784 -0.08496490579977836 -0.3456392467789891 -0.053482911557526734 -0.39950576606260296 -0.23429179978700745 -1.0214075836015113 -2.240437158469945 -0.23542742037013725 -0.20498301245753114 -0.3305785123966943 0.10722891566265061 -0.25248846807477543 -0.007413814407512669 -0.22131252398618395 -0.03989190580362888 -0.28705566733735755 0.10897148828183309 -0.2515959444235824 -0.3290697674418605 -0.24067796610169495 -0.12300843486410498 -0.16804761349048897 -0.06608194160759343 -0.09882411808856642 -0.055745597364753575 -0.09135442870382629 0.15226279430424364 -0.1894353369763206 -0.28394484692685207 -0.14949970570924073 0.09570522789807394 -0.14395510552641208 -0.0061387354205033745 -0.16151074667660578 -0.008655867441572896 -0.09056799068443525 0.12489592006661117 -0.14303959131545338 -0.22138037172960817 -0.247865275142315 0.12223731324854921 -0.1506916996047431 0.12227928588897041 -0.10577290684337963 0.1632704720921402 -0.15286454871726707 0.23373428102788404 -0.16466509842763402 -0.176271186440678 -0.20840412277721146 0.05066956207021354 -0.09692671394799054 -0.031044776119402984 -0.1280775926386471 -0.01759899434318039 -0.16011271935442553 0.002627085248916329
-0.5448561677230619 -0.39626001780943904 -0.49867021276595747 -0.2379852125693161 -0.42459562321598476 -0.19389926696618584 -0.4238968765493306 -0.2079744031503815 -0.3497594591080484 -0.21772505233775297 -0.6371978803153676 -0.42103978520868923 -0.7310924369747898 -0.08754623921085081 -0.356962663975782 -0.23747357951013304 -0.38291605301914583 -0.49961270333075136 -1.065223202352312 -0.5862599692178537 -1.0786059526837954 -4.2492986949628 -1.5664931377188833 -0.3236980410893455 -0.428698638850019 -0.29607792873622146 -0.45711974110032366 -0.9301432958034802 -5.360547871626158 -4.91542576261385 -0.5915020018080848 -1.7479867361440076 -0.7991386529489173 -0.09112178303164636 -0.37784935579781964 -0.061309679102530656 -0.4297089511257551 -0.27289669861554844 -1.0647824261928083 -1.9731206616452521 -0.2530530026438373 -0.23895809739524349 -0.3604224058769513 0.10963855421686748 -0.2876911871813547 0.0024712714691708893 -0.26992452347447865 -0.0514734268433921 -0.3098591549295775 0.09553664726078517 -0.2728752034046814 -0.38953488372093026 -0.27796610169491526 -0.11832239925023429 -0.20072353833586182 -0.057671512675717886 -0.1363522641981486 -0.05321170657544659 -0.11783397325566 0.13534470604821655 -0.20886460230722528 -0.3657396587987848 -0.18599175985874045 0.0992941739442517 -0.17323411004025863 3.4694469519536144e-19 -0.18263138278046964 -0.009892419933226166 -0.10221244662957692 0.11518179295031919 -0.1787994891443167 -0.31845625665916893 -0.3012333965844402 0.12841091492776885 -0.19268774703557312 0.12717045732452922 -0.14782719510641007 0.1594734843690672 -0.18343745846072043 0.22143247676325858 -0.191902934257769 -0.25762711864406784 -0.24125042473666328 0.04705030763662686 -0.13120567375886524 -0.032238805970149255 -0.16662521760756033 -0.023884349465744813 -0.16779812988343795 0.014448968869039801
-0.5619210141394442 -0.4018254674977738 -0.5407801418439716 -0.23914048059149723 -0.4567078972407231 -0.17852920312130527 -0.4561229548834902 -0.2104356386906227 -0.3770641008971526 -0.212142358688067 -0.6695101460514411 -0.4381254576519405 -0.7983193277310924 -0.09001233045622688 -0.4099394550958627 -0.22877035931866216 -0.45119828624983266 -0.5809450038729667 -1.1921946003742314 -0.5107037918007555 -1.0150089035868735 -4.038297353335773 -1.6777094178892569 -0.33922599139990445 -0.440147563923165 -0.3140220456293258 -0.49622437971952527 -1.1860286591606957 -6.199812004834162 -4.085586236807865 -0.5721296655043264 -1.7029843675982945 -0.8422060055030507 -0.09235315847801998 -0.41749256689791875 -0.056091834072528046 -0.46403075233388247 -0.2995207667731629 -1.102560514901357 -1.6762664303647905 -0.2820093163792018 -0.32955832389580975 -0.40518824609733706 0.13132530120481928 -0.3374605486768633 0.02347707895712344 -0.3198157861072022 -0.0476129198301377 -0.3407109322602281 0.08807284669353634 -0.3029165102015271 -0.45465116279069767 -0.3209039548022599 -0.10309278350515463 -0.24623643365620257 -0.04205214465937763 -0.18138603952964724 -0.040542252628911694 -0.15225738117304383 0.11701677710418723 -0.22829386763812992 -0.43468100023369943 -0.2213066509711595 0.094508912549348 -0.20983286568256676 0.012277470841006752 -0.21990309355199406 -0.004946209966613083 -0.1242075300815112 0.10685539827921178 -0.21455938697318006 -0.3740973126553806 -0.35104364326375714 0.13705395727867636 -0.24209486166007904 0.13695280019564687 -0.19370460048426147 0.17086444753828628 -0.23261996543931937 0.21323127392017494 -0.22037885353472825 -0.3740112994350283 -0.28315777551251553 0.05670165279285801 -0.17494089834515364 -0.010746268656716419 -0.2151206167619995 -0.002514142049025772 -0.19597796848981686 0.04071982135820308
-0.5789858605558265 -0.40071237756010686 -0.5707003546099292 -0.2287430683918669 -0.48763082778306377 -0.17379995270749585 -0.4995042141794744 -0.2116662564607433 -0.4147705109868679 -0.20935101186322402 -0.6863125242341993 -0.4967049060288016 -0.8511404561824729 -0.09617755856966707 -0.4477800201816347 -0.23001367648887233 -0.5047529789797831 -0.6958430157500646 -1.2924351777599572 -0.45193787603190144 -0.9437802085983211 -4.126112940602512 -1.8043066729768102 -0.389393215480172 -0.4515964889963109 -0.36016406049730837 -0.540722761596548 -1.5916069600818832 -6.907479521955149 -3.245626716784733 -0.5488828619398166 -1.6094268119374704 -0.8745065199186506 -0.09727866026351437 -0.43855302279484637 -0.06652752413253327 -0.48325096101043385 -0.3381256656017039 -1.1263467189030363 -1.3661202185792347 -0.292081077678459 -0.39184597961494905 -0.4292929292929294 0.11807228915662651 -0.3653799465889779 0.0074138144075126654 -0.34795957528463606 -0.07592330459400334 -0.3420523138832998 0.03582624272279444 -0.334209538114908 -0.48953488372093024 -0.3615819209039548 -0.10192127460168696 -0.2882483370288248 -0.046858104049020785 -0.22516887665749308 -0.05321170657544659 -0.19594862968356944 0.08177075990413084 -0.23679417122040075 -0.4825893900444028 -0.24602707474985283 0.09690154324679986 -0.22325240941807975 0.006138735420503377 -0.24475090073301034 -0.009892419933226168 -0.13843964290335103 0.08187621426588954 -0.22860791826309063 -0.4119805848230141 -0.3795066413662239 0.14322755895789605 -0.2606225296442688 0.13939838591342626 -0.21409455842997321 0.17466143526135933 -0.2605343612920378 0.20366320393657739 -0.23275968800297137 -0.43954802259887005 -0.29561671763506625 0.061527325370973586 -0.19148936170212766 -0.002388059701492539 -0.23004227804028848 -0.007542426147077311 -0.2049442807736647 0.03152502298699593
-0.5716723549488056 -0.4174087266251113 -0.5740248226950355 -0.2287430683918669 -0.4888201712654615 -0.1726176401040435 -0.5069410014873574 -0.22151119862170807 -0.41867117409959703 -0.21632937892533147 -0.6850200336047564 -0.5003661215523554 -0.8763505402160865 -0.11344019728729964 -0.4603935418768921 -0.24742011687181403 -0.544918998527246 -0.8430157500645494 -1.371291098636728 -0.4113614103819785 -0.8598321037903842 -4.1334309062080745 -1.956933270231898 -0.41089345437171526 -0.4566849001399313 -0.38451679056652144 -0.5798274002157497 -2.084186284544524 -7.4754934873103265 -2.3449472314587245 -0.5127211675061346 -1.4081004263382284 -0.8912549348008134 -0.09727866026351435 -0.44350842418235886 -0.06913644664753457 -0.48874244920373416 -0.3767305644302449 -1.1179515880789144 -1.026436272337912 -0.28704519702883047 -0.36919592298980747 -0.42929292929292934 0.11204819277108435 -0.35809662539451326 -0.0012356357345854447 -0.3390047332736344 -0.10166001801569939 -0.3205902079141516 -0.0029855202268995367 -0.34547502816372516 -0.4906976744186046 -0.3581920903954802 -0.10074976569821932 -0.29408332360835565 -0.05166406343866394 -0.23392544408306232 -0.05321170657544659 -0.20389249304911955 0.06485267164810377 -0.22707953855494845 -0.48609488198177137 -0.2483814008240141 0.10886469673405912 -0.21593265828961816 0.006138735420503377 -0.23232699714250224 -0.012365524916532705 -0.12161987320481304 0.06938662225922843 -0.2362707535121328 -0.435657629927785 -0.3854364326375712 0.14446227929373995 -0.2569169960474308 0.13695280019564687 -0.21409455842997324 0.1658017972408556 -0.27116841685497806 0.18999453253143794 -0.23028352110932274 -0.43841807909604513 -0.28882093102276585 0.06032090722644469 -0.19267139479905437 -2.7755575615628915e-18 -0.22755533449390697 -0.013827781269641733 -0.20110157550915844 0.03021148036253777
-0.5533885909312531 -0.42742653606411396 -0.5651595744680852 -0.22412199630314236 -0.4888201712654615 -0.17143532750059115 -0.5329697570649479 -0.22151119862170812 -0.4329736055129373 -0.2107466852756455 -0.6643401835336694 -0.48816206980717586 -0.8979591836734693 -0.1220715166461159 -0.46670030272452073 -0.2499067512122343 -0.5850850180747089 -0.9669506842241157 -1.4234161988773055 -0.3805792640268644 -0.7618926481811245 -4.082205146969143 -2.149787032654993 -0.4431438127090301 -0.46431751685536193 -0.4114329659061779 -0.6270226537216829 -2.578045035823951 -7.890425674768363 -1.5425762613849936 -0.45589564768177715 -1.1617716721932732 -0.9044144036367985 -0.10712966383450315 -0.43855302279484637 -0.06391860161753196 -0.4846238330587588 -0.410010649627263 -1.0829718763117393 -0.6764141190370699 -0.2643837341055017 -0.34767836919592304 -0.42470156106519746 0.10240963855421688 -0.355668851663025 -0.009885085876683556 -0.35435589100678005 -0.11581521039763223 -0.31656606304493634 -0.03582624272279445 -0.32544749029916137 -0.4976744186046512 -0.34915254237288135 -0.08903467666354263 -0.289415334344731 -0.03724618526973446 -0.23892919689767322 -0.046876979602179146 -0.18668078909042762 0.0634428309601015 -0.201578627808136 -0.47791540079457817 -0.22366097704532079 0.1040794353391554 -0.20251311455410517 0.01718845917740945 -0.2236302646291465 -0.003709657474959812 -0.10609393194462417 0.08048848182070498 -0.22605363984674326 -0.4605185272877944 -0.3700189753320683 0.1382886776145203 -0.245800395256917 0.119833700171191 -0.21282018605836622 0.1658017972408556 -0.2738269307457132 0.18316019682886825 -0.22780735421567413 -0.43728813559322033 -0.2899535621248159 0.0772107612498492 -0.19976359338061464 0.008358208955223882 -0.23252922158666997 -0.01005656819610308 -0.19597796848981683 0.04466044923157757
-0.5253534861043393 -0.41852181656277826 -0.5507535460992908 -0.22643253234750457 -0.4733587059942912 -0.16079451406952 -0.539167079821517 -0.2128968742308639 -0.4238720582499025 -0.19120725750174458 -0.6307354271681531 -0.45399072492067366 -0.9207683073229292 -0.1442663378545006 -0.4667003027245206 -0.27104314310580635 -0.6373008434864106 -1.1244513297185643 -1.3739641807003475 -0.37078494473205537 -0.7135588908674638 -3.5150628125381154 -2.606483672503549 -0.4921165790731008 -0.48212695585803333 -0.44988464496283004 -0.7429881337648327 -3.4634083930399178 -7.647374781791325 -1.1406679196183318 -0.40423608420508844 -1.0208432022738037 -0.931929656657495 -0.12929442186922793 -0.4187314172447968 -0.07957213670753978 -0.48325096101043374 -0.4579339723109691 -0.985028683363649 -0.632107517353419 -0.24549918166939447 -0.33975084937712347 -0.42470156106519746 0.10120481927710845 -0.3483855304685603 -0.016063264549610774 -0.3594729435844953 -0.12739673143739544 -0.28437290409121396 -0.044782803403493054 -0.3241957691826261 -0.4918604651162791 -0.33672316384180795 -0.09606373008434864 -0.28358034776520014 -0.03604469542232368 -0.2289216912684513 -0.03547447105029773 -0.1721170395869191 0.07613139715212182 -0.19064966605950212 -0.4744099088572097 -0.21542083578575633 0.1040794353391554 -0.18421373673295105 0.012277470841006754 -0.2161759224748417 -0.011128972424879435 -0.08668650536938802 0.07632528448515127 -0.20434227330779056 -0.4451284479696934 -0.353415559772296 0.14446227929373995 -0.23097826086956524 0.12594766446563951 -0.19880208997068943 0.18098974813314772 -0.2658513890735079 0.1954620010934937 -0.22533118732202548 -0.4248587570621469 -0.2876882999207158 0.06755941609361805 -0.19148936170212766 0.008358208955223882 -0.2312857498134792 -0.011313639220615965 -0.17035993339310876 0.04597399185603573
-0.5119453924914674 -0.4129563668744434 -0.5452127659574468 -0.22181146025878004 -0.4697906755470981 -0.17143532750059115 -0.540406544372831 -0.2141274920009845 -0.4329736055129372 -0.1870202372644801 -0.6152255396148378 -0.4185989748596534 -0.9639855942376953 -0.16276202219482122 -0.484359233097881 -0.28596294914832776 -0.6935332708528585 -1.2419313193906532 -1.3218390804597702 -0.34280117531831533 -0.6741287204273723 -2.8552262471033054 -3.0608140085186935 -0.5625895843287149 -0.5037527032184201 -0.47808254293770824 -0.8562567421790723 -4.440890481064483 -7.15187323754532 -0.9209194737603006 -0.3822807697274958 -0.8645191852202746 -0.9845675320014354 -0.1539219307966999 -0.4249256689791873 -0.0873989042525437 -0.49835255354200986 -0.48189563365282223 -0.8786903595914369 -0.5774627086102496 -0.2517940324814302 -0.32502831257078146 -0.4384756657483931 0.10120481927710842 -0.355668851663025 -0.01482762881502533 -0.3633107330177817 -0.10938103204220821 -0.2642521797451375 -0.0477683236303926 -0.3266992114156966 -0.4825581395348838 -0.34576271186440677 -0.09254920337394563 -0.28474734508110633 -0.026432776643037365 -0.23767825869402048 -0.027872798682376788 -0.1906527207732027 0.08600028196813761 -0.19914996964177295 -0.43935498948352414 -0.2213066509711595 0.11006101208278503 -0.19275344638282296 0.022099447513812154 -0.2174183128338924 -0.0037096574749598114 -0.0983309613145297 0.09159034138218151 -0.20561941251596422 -0.409612880312537 -0.36171726755218214 0.14569699962958388 -0.2309782608695652 0.1173881144534116 -0.18860711099783353 0.17213011011264398 -0.285790243254021 0.18452706396938218 -0.2216169369815526 -0.4067796610169491 -0.29448408653301616 0.06032090722644469 -0.18557919621749408 0.005970149253731342 -0.23128574981347927 -0.011313639220615965 -0.16779812988343795 0.05122816235386838
-0.48269137006338364 -0.39514692787177197 -0.5197251773049645 -0.21025878003696855 -0.45908658420551857 -0.17616457791440057 -0.5453644025780863 -0.2104356386906227 -0.45507736315173586 -0.1716678297278437 -0.5867907457670933 -0.4222601903832072 -0.9687875150060025 -0.1775585696670777 -0.4856205852674066 -0.3033693895312694 -0.7577989021287992 -1.3529563645752647 -1.2322908313285217 -0.29942633272701824 -0.6334266090053422 -2.3112574704232225 -3.647657359204922 -0.6653129479216437 -0.5291947589365222 -0.5152524993591386 -1.0180690399137 -5.29682702149437 -6.348865314891904 -0.7777938412606622 -0.3551594989022343 -0.757934628138323 -1.037205407345376 -0.1736239379386775 -0.4286422200198216 -0.0847899817375424 -0.5107084019769357 -0.47790202342918003 -0.7793479781726599 -0.5183872396987153 -0.24172227118217302 -0.31596828992072484 -0.4178145087235997 0.12048192771084339 -0.3568827385287691 -0.003706907203756331 -0.374824101317641 -0.10809419637112339 -0.24949698189134809 -0.03731900283624422 -0.3066716735511328 -0.4453488372093024 -0.3242937853107345 -0.0831771321462043 -0.26724238534251377 -0.030037246185269734 -0.23142356767575684 -0.022805017103762825 -0.18668078909042765 0.09304948540814889 -0.18093503339404976 -0.40780556204720736 -0.20835785756327246 0.12561311161622205 -0.18299377821154078 0.03437691835481891 -0.20996397067958755 0.008655867441572896 -0.09444947599948247 0.1096308631695809 -0.1954022988505747 -0.36225879010299517 -0.3640891840607211 0.15187060130880353 -0.22727272727272724 0.12227928588897038 -0.18223524913979863 0.16580179724085556 -0.3083876113252692 0.19409513395297978 -0.20675993561966077 -0.3853107344632768 -0.26730094008381466 0.06755941609361805 -0.17730496453900707 0.011940298507462685 -0.23501616513305149 -0.008799497171590199 -0.16395542461893173 0.07093130172074083
-0.45099951243295955 -0.34839715048975956 -0.4920212765957446 -0.21834565619223656 -0.4341103710751665 -0.18325845353511466 -0.525532969757065 -0.2128968742308639 -0.4381744896632428 -0.16189811584089325 -0.5454310456249193 -0.4698559921894068 -0.9411764705882352 -0.20345252774352654 -0.4830978809283552 -0.33693895312694266 -0.8274200026777347 -1.4329976762199845 -1.1373964180700344 -0.2728417517839653 -0.5965403205291275 -2.1344066349554827 -4.165877898722195 -0.8050645007166747 -0.5609973285841496 -0.566521404768008 -1.2392125134843581 -6.000511770726714 -5.363233516852424 -0.6968338875234928 -0.3241637608162211 -0.7034580767408809 -1.0443832994377318 -0.2290358330254895 -0.41377601585728446 -0.10435690060005218 -0.49835255354200997 -0.46991480298189564 -0.6604169581642647 -0.49328016541131303 -0.2178018380964371 -0.2831257078142696 -0.3753443526170799 0.12289156626506026 -0.3362466618111192 -0.004942542938341778 -0.3620314698733529 -0.09007849697593615 -0.21864520456069753 -0.028362442155545602 -0.27788208787082236 -0.3674418604651163 -0.2824858757062147 -0.08552014995313964 -0.23806745244485944 -0.02643277664303737 -0.2014010507880911 -0.027872798682376788 -0.1575532900834106 0.10432821091216696 -0.16029143897996354 -0.33652722598738016 -0.18010594467333724 0.09690154324679986 -0.1561546907405148 0.009821976672805401 -0.18138899242141882 -0.008655867441572894 -0.06598525035580283 0.09714127116291979 -0.16985951468710087 -0.2651829051734344 -0.3415559772296015 0.16792196567477466 -0.1951581027667984 0.13817559305453658 -0.14910156747801706 0.15820782179470952 -0.28313172936328596 0.20229633679606343 -0.1782840163427015 -0.30847457627118646 -0.22992411371616264 0.06635299794908917 -0.1513002364066194 0.01671641791044776 -0.20890325789604577 -1.3877787807814458e-18 -0.13321378250288204 0.08538027058978064
-0.42662116040955633 -0.3072128227960819 -0.4875886524822695 -0.23451940850277264 -0.42221693625118933 -0.19153464175928117 -0.5230540406544373 -0.24366231848387893 -0.42257183721232616 -0.1479413817166783 -0.5040713454827452 -0.49304369050524777 -0.8919567827130853 -0.2392108508014797 -0.47552976791120083 -0.3779684197438766 -0.921140714955148 -1.4846372321198038 -1.023790430366212 -0.2630474324891563 -0.554566268125159 -2.047810708623003 -4.481779460482726 -1.0081223124701384 -0.6042488233049229 -0.5908741348372211 -1.5763214670981662 -6.3395598771750254 -4.387001477104874 -0.6202110741651005 -0.2931680227302079 -0.6158218853623874 -1.0348127766479243 -0.30168698436153185 -0.395193260654113 -0.14870858335507436 -0.49697968149368477 -0.45926517571884984 -0.5680705190989226 -0.49475705213410126 -0.19891728566032987 -0.216308040770102 -0.3351698806244261 0.09156626506024097 -0.30832726389900456 -0.02347707895712344 -0.3428425227069208 -0.11838888173980182 -0.18376928236083165 -0.040304523063143756 -0.2566028288897234 -0.2686046511627907 -0.264406779661017 -0.09840674789128398 -0.2158945034426421 -0.0336417157275021 -0.18388791593695275 -0.055745597364753575 -0.1456374950350854 0.10573805160016918 -0.1445051608986035 -0.24304744099088565 -0.1565626839317245 0.07895681301591098 -0.12809564474807855 -0.008594229588704727 -0.17020747918996149 -0.04080623222455794 -0.051753137533963 0.0874271440466278 -0.16219667943805874 -0.166923167988635 -0.34392789373814037 0.15434004198049142 -0.17786561264822134 0.14062117877231597 -0.13253472664712626 0.08986204277939498 -0.2605343612920378 0.1913613996719519 -0.14609384672526923 -0.2090395480225989 -0.19821044285876085 0.059114489081915786 -0.11820330969267138 0.004776119402985071 -0.18527729420542155 -0.041483343808925204 -0.11271935442551557 0.07355838696965716
-0.4010238907849829 -0.30164737310774714 -0.46875 -0.24260628465804066 -0.41508087535680305 -0.20454008039725702 -0.5069410014873574 -0.23381737632291416 -0.40176830061110397 -0.13538032100488487 -0.4575416828227995 -0.5455211130095191 -0.8715486194477793 -0.2823674475955611 -0.4818365287588294 -0.4053213974884994 -1.0322667023697951 -1.4704363542473535 -0.9048382785351509 -0.22387015530992027 -0.5214958025947596 -2.033174777411879 -4.724325603407477 -1.315097945532728 -0.653860831955222 -0.6523968213278646 -2.0266990291262137 -6.562180143295803 -3.389284275547201 -0.5927425184328466 -0.2595893064703604 -0.5625296068214116 -1.0264385692068427 -0.396502893732299 -0.3803270564915757 -0.1774067310200887 -0.499725425590335 -0.4406283280085197 -0.46592976073877146 -0.4918032786885245 -0.18380964371144404 -0.16534541336353342 -0.3156565656565657 0.06746987951807229 -0.29740228210730757 -0.022241443222537995 -0.3262121018293463 -0.09265216831810577 -0.15425888665325282 -0.03134796238244514 -0.2415821754913005 -0.20930232558139536 -0.23728813559322037 -0.10543580131208999 -0.1972225463881433 -0.028835756337858946 -0.1613710282712034 -0.05827948815406057 -0.12180590493843506 0.10996757366417595 -0.129933211900425 -0.1577471371815845 -0.13301942319011184 0.07536786696973322 -0.10735634988410395 -0.012277470841006749 -0.1428748912908436 -0.045752442191171014 -0.028464225643679647 0.0832639467110741 -0.13665389527458494 -0.09352432816384515 -0.3178368121442125 0.14816644030127177 -0.15069169960474307 0.14184397163120568 -0.1019497897285587 0.08100240475889128 -0.24059550711152466 0.19272826681246585 -0.12257026123560726 -0.1310734463276836 -0.1732925586136595 0.04463747134756907 -0.0933806146572104 -0.005970149253731347 -0.1566774434220343 -0.04776869893148963 -0.09862943512232611 0.06305004597399186
-0.3729887859580692 -0.2816117542297418 -0.4410460992907801 -0.25993530499075784 -0.3924833491912464 -0.2329155828801135 -0.48091224590976694 -0.24243170071375833 -0.37056299570927065 -0.14096301465457084 -0.4123045107922968 -0.49304369050524777 -0.8355342136854741 -0.33785450061652283 -0.47426841574167505 -0.4674872559990053 -1.1474092917391885 -1.4381616318099666 -0.7845495856722801 -0.2084790821323632 -0.46044263546171454 -1.8660812294182219 -4.827259820160909 -1.7044911610129003 -0.6869355043887546 -0.7293001794411689 -2.5957389428263213 -6.511003070624359 -2.446622801127971 -0.5623825357814082 -0.2130956993413406 -0.4085741354808148 -0.9869601626988874 -0.4814677995320774 -0.3505946481665015 -0.19827811114009913 -0.4969796814936848 -0.3993610223642173 -0.3735833216734294 -0.4799881849062177 -0.14981744932645097 -0.03850509626274065 -0.2651515151515152 0.033734939759036145 -0.2658412235979607 -0.0420116149759051 -0.3019061020851989 -0.07592330459400336 -0.12474849094567404 -0.041797283176593515 -0.20778570534484916 -0.1313953488372093 -0.2101694915254237 -0.12652296157450799 -0.16688061617458277 -0.042052144659377635 -0.12509382036527394 -0.07855061446851641 -0.09003045147623462 0.11278725504018046 -0.11293260473588343 -0.07244683337228325 -0.11065332548557975 0.07058260557482954 -0.08417713797730877 -0.02332719459791283 -0.1155423033917257 -0.04698899468282429 -0.0051753137533963 0.07632528448515126 -0.11111111111111112 -0.036699419912394934 -0.28581593927893734 0.1308803555994567 -0.11610671936758894 0.12961604304230864 -0.05862112909392124 0.053157828123022374 -0.19540077096902828 0.1858939311098961 -0.09657050885229665 -0.011299435028248591 -0.15517046098085854 0.0205091084569912 -0.059101654846335706 -0.02746268656716418 -0.12186023377269337 -0.05656819610307982 -0.07044959651594722 0.05254170497832654
-0.32910775231594347 -0.2738201246660731 -0.40558510638297873 -0.276109057301294 -0.365128449096099 -0.2601087727595176 -0.44620723847297966 -0.25719911395520556 -0.32635548043167345 -0.14096301465457084 -0.35931239498513634 -0.406394923114474 -0.7959183673469388 -0.3810110974106043 -0.4730070635721494 -0.5221932114882506 -1.2893292274735573 -1.3774851536276789 -0.6696070569366479 -0.18889044354274517 -0.41338081912999236 -1.3440663495548235 -4.7799337434926645 -2.0699952221691356 -0.7314591018954333 -0.7933863112022559 -3.3387270765911543 -6.317809621289664 -1.634215120182624 -0.5291311262107851 -0.17564251582074134 -0.273567029843676 -0.9498743868883837 -0.5688954562246029 -0.3530723488602576 -0.22436733629011213 -0.5203185063152114 -0.3541001064962726 -0.3064222750804534 -0.4711268645694876 -0.12967392672793654 0.03397508493771235 -0.23186409550045917 0.015662650602409636 -0.2561301286720078 -0.045718522179661436 -0.30574389151848536 -0.0476129198301377 -0.12474849094567401 -0.03433348260934467 -0.16522718738265113 -0.08953488372093024 -0.16497175141242937 -0.13003748828491096 -0.13303769401330376 -0.04445512435419921 -0.08631473605203903 -0.0810845052578234 -0.04236727128293394 0.11278725504018046 -0.08257437765634487 -0.023369946249123627 -0.06709829311359622 0.07776049766718507 -0.05489813346346225 -0.02578268876611418 -0.09069449621070941 -0.04575244219117102 0.02458274032863242 0.07632528448515127 -0.07535121328224777 0.0023677045104770894 -0.25616698292220114 0.14322755895789605 -0.07411067193675888 0.12717045732452922 -0.01146935134446285 0.049360840399949375 -0.14887677788116443 0.18452706396938218 -0.06685650612851306 0.061016949152542375 -0.1302525767357572 0.02533478103510677 -0.034278959810874705 -0.023880597014925377 -0.10445162894802289 -0.0414833438089252 -0.04867426668374535 0.06305004597399186
-0.32423208191126285 -0.24821905609973288 -0.4222074468085107 -0.2714879852125693 -0.38534728829686016 -0.2695672735871364 -0.4747149231531978 -0.24981540733448196 -0.3263554804316734 -0.12561060711793443 -0.33475507302572055 -0.36368074200634615 -0.7779111644657863 -0.41183723797780525 -0.49445005045408674 -0.5868457043391768 -1.4687374481188915 -1.278079008520527 -0.5733761026463512 -0.17489855883587516 -0.3637751208343933 -0.8037565556775215 -4.595362044486512 -2.516722408026756 -0.7836153161175423 -0.9113047936426557 -4.176105717367853 -5.89431934493347 -0.9346045387404324 -0.5175654185340466 -0.16272762495156917 -0.20487920416864047 -0.9223591338676875 -0.657554488363502 -0.38032705649157583 -0.25176102269762585 -0.5436573311367381 -0.3061767838125665 -0.2574506786064083 -0.46521931767833413 -0.13219186705275082 0.03284258210645526 -0.23071625344352617 0.0012048192771084358 -0.2670551104637048 -0.06672432966761399 -0.3121402072406294 -0.03731823446145928 -0.13816230717639166 -0.04926108374384235 -0.13768932281887594 -0.07790697674418605 -0.15819209039548024 -0.1253514526710403 -0.12020072353833586 -0.03364171572750211 -0.06880160120090067 -0.07474977828455595 -0.02118363564146697 0.12265613985619628 -0.08500303582270796 -0.0186959569992989 -0.06356680400235433 0.07656418231845916 -0.05733805050628279 -0.029465930018416204 -0.10933035159647161 -0.04451588969951775 0.01293828438349075 0.08048848182070498 -0.07279693486590037 0.02486089736000947 -0.2692125237191651 0.14816644030127174 -0.07534584980237155 0.12961604304230864 -0.022938702688925703 0.050626502974307055 -0.13558420842748903 0.1817933296883543 -0.06190417234121581 0.0655367231638418 -0.13025257673575716 0.028954035468693445 -0.035460992907801414 -0.022686567164179113 -0.10445162894802287 -0.030169704588309233 -0.042269757909568335 0.06830421647182451
-0.3193564115065822 -0.22595725734639358 -0.4144503546099291 -0.2668669131238447 -0.390104662226451 -0.2802080870182076 -0.4908279623202777 -0.25719911395520556 -0.3120530490183332 -0.1214235868806699 -0.31795269484296235 -0.3343910178179156 -0.7575030012004802 -0.4549938347718866 -0.5348133198789101 -0.6788511749347259 -1.6401124648547332 -1.1864187967983475 -0.5052125100240578 -0.16510423954106615 -0.3459679470872551 -0.2756433711428223 -4.3409843823947 -3.056617295747731 -0.8917440529194758 -1.0997180210202513 -4.870550161812298 -5.445240532241557 -0.3974754934873103 -0.5088911377764928 -0.15627017951698308 -0.15987683562292754 -0.8721138892211988 -0.7412880187169067 -0.4100594648166501 -0.29611270545264806 -0.5409115870400879 -0.25958466453674117 -0.2252693437806072 -0.45931177078718066 -0.13722774770237947 0.026047565118912798 -0.22612488521579435 -0.020481927710843378 -0.28040786598689 -0.08278759421722477 -0.3019061020851989 -0.030884056106035264 -0.147551978537894 -0.05523212419764143 -0.1502065339842283 -0.07093023255813953 -0.176271186440678 -0.13355201499531394 -0.141206675224647 -0.036044695422323685 -0.09632224168126094 -0.07094894210059548 -0.046339202965708995 0.12829550260820527 -0.09957498482088648 -0.023369946249123624 -0.07886992348440258 0.0646010288311999 -0.07319751128461634 -0.03806015960712093 -0.12548142626413222 -0.04698899468282429 -3.4694469519536144e-19 0.07771301693033583 -0.06641123882503192 0.042618681188587665 -0.2703984819734345 0.13581923694283243 -0.07658102766798419 0.1467351430667645 -0.05607238435070727 0.05189216554866473 -0.1342549514821215 0.18999453253143794 -0.06190417234121581 0.06327683615819209 -0.12798731453165704 0.01085776330076004 -0.03900709219858156 -0.025074626865671645 -0.11688634667993036 -0.030169704588309244 -0.05251697194825157 0.06699067384736634
-0.3193564115065822 -0.2170525378450579 -0.4122340425531915 -0.2761090573012939 -0.4079448144624167 -0.29794277606999287 -0.5044620723847297 -0.2731971449667733 -0.3120530490183332 -0.11584089323098393 -0.31278273232519066 -0.3160849402001465 -0.7142857142857142 -0.43649815043156603 -0.5802219979818365 -0.82431928384931 -1.7217833712679074 -1.0263361735089078 -0.46645282010157707 -0.15251154330488312 -0.3230730094123632 -0.12806439809732897 -3.777804070042593 -3.327759197324415 -1.1474367128864011 -1.7175083311971289 -5.006742179072277 -4.5496417604913 -0.34241976634886534 -0.5045539973977158 -0.17047655947307244 -0.1267171956418759 -0.7955497069027395 -0.7733037803226204 -0.484390485629336 -0.3548134620401774 -0.5326743547501374 -0.1916932907348243 -0.23366447460472925 -0.4548811106188156 -0.13722774770237944 0.019252548131370326 -0.1985766758494031 -0.030120481927710847 -0.28404952658412236 -0.10502903743976275 -0.28399641806319564 -0.015442028053017632 -0.14621059691482224 -0.05821764442454097 -0.1426962072850169 -0.06511627906976744 -0.18531073446327687 -0.1218369259606373 -0.1505426537518964 -0.042052144659377635 -0.1175881911433575 -0.08361839604713038 -0.05693102078644248 0.11842661779218948 -0.0947176684881603 -0.02453844356157981 -0.0694526191877575 0.07895681301591098 -0.0792973038916677 -0.04542664211172498 -0.126723816623183 -0.04451588969951775 -0.01293828438349075 0.08326394671107411 -0.07024265644955299 0.04025097667811057 -0.2739563567362429 0.10618594888257811 -0.07534584980237155 0.13083883590119832 -0.06754173569517014 0.03037590178458423 -0.14223049315432673 0.1790595954073264 -0.05942800544756717 0.06666666666666668 -0.12458942122550684 0.021715526601520083 -0.044917257683215125 -0.022686567164179113 -0.1081820442675951 -0.01759899434318039 -0.05892148072242859 0.07355838696965716
-0.31935641150658217 -0.21037399821905609 -0.419991134751773 -0.2945933456561922 -0.428163653663178 -0.30148971388034995 -0.5180961824491821 -0.2645828205759291 -0.3159537121310623 -0.1060711793440335 -0.305027788548533 -0.29045643153526973 -0.6710684273709483 -0.4438964241676942 -0.6294147325933401 -0.9710307099341042 -1.76194939081537 -0.8778724502969274 -0.4276931301790965 -0.12872533930320412 -0.3090816586110404 -0.06708135138431515 -3.2146237576904872 -3.6275680840898232 -1.4031293728533265 -2.4519354011791847 -5.142934196332254 -3.5286591606960087 -0.2873640392104203 -0.4857597224230158 -0.16531060312540358 -0.11369019422074848 -0.6974518483072139 -0.8287156754094323 -0.5364222001982162 -0.40307852856770154 -0.5079626578802856 -0.15175718849840258 -0.22946690919266827 -0.4519273371732388 -0.1284149565655294 0.012457531143827858 -0.17676767676767674 -0.03975903614457832 -0.2864773003156106 -0.12232793772395897 -0.2648074708967635 -0.023163042079526446 -0.13682092555331993 -0.06269592476489028 -0.14019276505194642 -0.06511627906976744 -0.1898305084745763 -0.13003748828491096 -0.15521064301552107 -0.050462573591253154 -0.12634475856892668 -0.07855061446851641 -0.047663180193300674 0.12829550260820527 -0.08257437765634487 -0.02453844356157981 -0.061212477928193045 0.07058260557482952 -0.07441746980602659 -0.06015960712093308 -0.11802708410982729 -0.04698899468282429 -0.003881485315047225 0.08326394671107411 -0.06513409961685822 0.048537942464780395 -0.27514231499051234 0.09260402518829483 -0.0716403162055336 0.12961604304230864 -0.07646234229641902 0.04050120237944564 -0.14090123620895917 0.1954620010934937 -0.0544756716602699 0.06440677966101696 -0.1200588968173066 0.03498612619133792 -0.04964539007092198 -0.016716417910447767 -0.09699079830887838 -0.0087994971715902 -0.05635967721275779 0.09326152633652962
-0.3205753291077523 -0.21482635796972396 -0.4222074468085106 -0.3200092421441775 -0.4436251189343482 -0.34168834239772994 -0.5267724343083788 -0.2768889982771351 -0.2977506176049929 -0.12142358688066993 -0.28305544784800307 -0.28313400048816206 -0.6278511404561824 -0.4562268803945747 -0.6786074672048436 -1.0978490612955365 -1.7659659927701168 -0.7449005938548929 -0.4036353916065224 -0.12592696236183012 -0.30399389468328664 -0.03293084522502745 -2.5011831519167056 -3.82943143812709 -1.6779035746088282 -3.168418354268136 -5.122707659115426 -2.6151484135107474 -0.2645360547871626 -0.4843140089634235 -0.16401911403848637 -0.10776882993841781 -0.6017466204091398 -0.8693510651397611 -0.598364717542121 -0.4526480563527263 -0.5024711696869852 -0.13445154419595315 -0.2252693437806072 -0.4740806380150643 -0.13470980737756513 -0.007927519818799548 -0.18480257116620752 -0.05421686746987951 -0.2925467346443311 -0.14580501668108242 -0.24433926058590255 -0.030884056106035264 -0.12206572769953053 -0.08060904612628748 -0.1464513706346226 -0.06627906976744186 -0.1943502824858757 -0.13940955951265227 -0.16921461080639516 -0.06488045176018263 -0.1325994495871904 -0.0912200684150513 -0.0542830663312591 0.12265613985619625 -0.0862173649058895 -0.032717924748773074 -0.062389640965273684 0.045459983251585116 -0.0829571794558985 -0.09576427255985268 -0.12299664554603056 -0.07048349202423643 0.0012938284383490748 0.05550929780738274 -0.07279693486590037 0.030780158636202204 -0.2727703984819735 0.0666748981355723 -0.08399209486166007 0.09293225727561752 -0.08793169364088187 0.029110239210226558 -0.13292569453675393 0.17495899398578457 -0.04333292063885106 0.06327683615819209 -0.12458942122550684 0.02895403546869345 -0.04609929078014184 -0.033432835820895526 -0.0820691370305894 -0.021370207416719043 -0.04226975790956834 0.08275318534086432
-0.3181374939054119 -0.21816562778272486 -0.41001773049645385 -0.33733826247689463 -0.46146527117031394 -0.36888153227713405 -0.5193356470004958 -0.2633522028058085 -0.2808477441164998 -0.10886252616887648 -0.2727155228124596 -0.27581156944105445 -0.5990396158463385 -0.45376078914919854 -0.7063572149344097 -1.1413651622528909 -1.7284777078591511 -0.6196746707978311 -0.36353916065223213 -0.12033020847908212 -0.2950903078097177 0.0012196609342602777 -1.8362517747278748 -3.8318203535594835 -1.8699910952804988 -3.4914124583440143 -4.973031283710896 -1.8180655066530196 -0.2524506512689674 -0.4582911666907618 -0.15239571225623144 -0.09829464708668877 -0.519200861347051 -0.8607314370151459 -0.6380079286422201 -0.4630837464127316 -0.47913234486545847 -0.11714589989350373 -0.2056807051909892 -0.47260375129227594 -0.13219186705275085 -0.012457531143827862 -0.19054178145087236 -0.06385542168674699 -0.2925467346443311 -0.133448659335228 -0.2289881028527568 -0.04761291983013769 -0.10731052984574112 -0.0895656068069861 -0.1464513706346226 -0.06511627906976744 -0.18983050847457628 -0.1534676663542643 -0.17504959738592601 -0.0792983299291121 -0.1325994495871904 -0.08361839604713035 -0.050311134648484045 0.12406598054419851 -0.0862173649058895 -0.028043935498948354 -0.05768098881695114 0.06340471348247399 -0.08783701354153958 -0.08225905463474525 -0.12548142626413222 -0.050698652157784095 0.006469142191745375 0.0749375520399667 -0.07790549169859515 0.021309340594293832 -0.26328273244781786 0.029633288060254354 -0.10375494071146245 0.05380288579114698 -0.09685230024213076 0.04303252752816099 -0.1276086667552838 0.1708583925642428 -0.04333292063885106 0.061016949152542375 -0.12345679012345678 0.03136687175775124 -0.0508274231678487 -0.02626865671641791 -0.08331260880378016 -0.020113136392206167 -0.046112463174074546 0.08800735583869697
-0.3096050706972209 -0.20258236865538737 -0.3778812056737589 -0.33502772643253226 -0.4686013320647002 -0.38898084653582404 -0.4982647496281607 -0.2116662564607433 -0.26654531270315956 -0.08932309839497557 -0.26883805092413077 -0.25140346595069557 -0.5966386554621848 -0.43156596794081387 -0.7328456104944501 -1.1662315056570933 -1.6334181282634894 -0.5047766589207332 -0.3434910451750869 -0.0937456275360291 -0.27855507504451793 0.028052201487986338 -1.3582584003786085 -3.672957477305303 -1.9361404401475641 -3.573442706998205 -4.630528586839267 -1.3229273285568062 -0.20545185980931918 -0.445279745554431 -0.1433552886478109 -0.06513500710563715 -0.46536667065438453 -0.8040881664819605 -0.6640237859266601 -0.43960344377771976 -0.4448105436573312 -0.08386581469648563 -0.1832936896599972 -0.4430660168365087 -0.13470980737756513 0.005662514156285392 -0.20087235996326905 -0.04337349397590362 -0.29497450837581934 -0.10997158037810457 -0.20724062939746704 -0.0038605070132544063 -0.11267605633802817 -0.059710404537990744 -0.13518588058580547 -0.054651162790697684 -0.16836158192090395 -0.1464386129334583 -0.15987863227914578 -0.08410428931875524 -0.10132599449587192 -0.05067781578613961 -0.013239772275916856 0.11983645848019175 -0.08014571948998178 -0.005842486562280906 -0.040023543260741604 0.08015312836463694 -0.08661705502012931 -0.06507059545733579 -0.1093303515964716 -0.01360207740818598 0.0207012550135852 0.08881487649181238 -0.070242656449553 0.036699419912394934 -0.23244781783681212 0.029633288060254344 -0.1049901185770751 0.04157495720224994 -0.09175481075570281 0.1113783065434755 -0.12229163897381365 0.1872607982504101 -0.03961867029837811 0.07457627118644068 -0.11666100351115642 0.03498612619133792 -0.04609929078014184 -0.009552238805970151 -0.06714747575230043 0.03394091766184789 -0.0307416421160497 0.09851569683436227
-0.2888834714773281 -0.19033837934105075 -0.3546099290780142 -0.3419593345656192 -0.4555185537583254 -0.3925277843461811 -0.4722359940505701 -0.20182131429977854 -0.24444155506436097 -0.08234473133286811 -0.2623755977769161 -0.23797900903099825 -0.5654261704681872 -0.38964241676942046 -0.7328456104944501 -1.166231505657093 -1.4874815905743743 -0.42215336948102244 -0.31542368350708366 -0.0895480621239681 -0.26201984227931824 0.057324063910232946 -0.9536204448651209 -3.4197324414715724 -1.9552219819361405 -3.634965393488848 -4.158576051779935 -0.9045547594677583 -0.1893379884517255 -0.4322683244181003 -0.12785741960480432 -0.04855518711511132 -0.3959803804282809 -0.7363625169314123 -0.650396432111001 -0.4317766762327159 -0.38303130148270187 -0.061235356762513314 -0.16370505107037917 -0.43715846994535523 -0.12967392672793654 0.014722536806342015 -0.1893939393939394 -0.027710843373493978 -0.28162175285263413 -0.10873594464351913 -0.18165536650889083 -0.009007849697593617 -0.10060362173038231 -0.056724884311091205 -0.11766178495431216 -0.05232558139534884 -0.17288135593220338 -0.1534676663542643 -0.15521064301552107 -0.09972365733509551 -0.08131098323742807 -0.05067781578613961 0.003971931682775055 0.1015085295361624 -0.07043108682452945 -0.003505491937368542 -0.035314891112419075 0.07536786696973324 -0.07929730389166768 -0.05893186003683241 -0.1093303515964716 -0.004946209966613083 0.021995083451934273 0.08603941160144327 -0.05874840357598978 0.05090564697525749 -0.2194022770398482 0.03210272873194221 -0.10004940711462451 0.04402054292002934 -0.08410857652606092 0.12530059486140993 -0.11165758341087333 0.18589393110989616 -0.03714250340472948 0.07570621468926554 -0.11552837240910634 0.039811798769453496 -0.04728132387706856 -0.0011940298507462685 -0.06093011688634668 0.04399748585795097 -0.028179838606378894 0.10245632470773676
-0.28156996587030714 -0.18254674977738197 -0.3346631205673759 -0.32578558225508314 -0.4424357754519506 -0.3795223457082052 -0.45612295488349036 -0.1895151365985725 -0.22623846053829152 -0.07955338450802514 -0.23911076644694326 -0.21845252623871123 -0.518607442977191 -0.3403205918618989 -0.7025731584258325 -1.1214720875295288 -1.302717900656045 -0.351148980118771 -0.2806736166800321 -0.07695536588778507 -0.2594759603154414 0.0695206732528357 -0.6495504022716516 -3.0613951266125183 -1.9412288512911844 -3.606767495513971 -3.5167206040992447 -0.6870522006141249 -0.1799382301597959 -0.4207026167413619 -0.13689784321322485 -0.04144954997631454 -0.3576982892690513 -0.6587858638098757 -0.6454410307234886 -0.41742760240020865 -0.3308621636463482 -0.06789137380191693 -0.15391073177557016 -0.43715846994535534 -0.12212010575349364 0.01698754246885617 -0.19513314967860423 -0.00843373493975904 -0.2791939791211459 -0.09885085876683555 -0.16118715619802992 -0.012868356710848022 -0.09523809523809525 -0.043290043290043295 -0.10889973713856553 -0.05813953488372092 -0.14915254237288134 -0.15229615745079664 -0.14587466448827166 -0.08891024870839839 -0.07130347760820614 -0.034207525655644236 0.010591817820733481 0.1015085295361624 -0.06800242865816637 -0.0070109838747370885 -0.015303119482048263 0.0777604976671851 -0.06587776015615468 -0.047882136279926324 -0.10311839980121755 -0.004946209966613083 0.0258765687669815 0.08742714404662784 -0.05363984674329503 0.048537942464780395 -0.2146584440227704 0.034572169403630074 -0.10004940711462451 0.05135730007336757 -0.09175481075570283 0.14428553347677509 -0.11431609730160841 0.18589393110989613 -0.025999752383310638 0.07683615819209041 -0.09174311926605504 0.044637471347569076 -0.04018912529550827 0.004776119402985075 -0.05098234270082069 0.04274041483343809 -0.03714615089022673 0.09982923945882044
-0.2718186250609459 -0.16473731077471057 -0.31582446808510645 -0.300369685767098 -0.4245956232159848 -0.3558760936391581 -0.4313336638572137 -0.15998031011567806 -0.21583669223768043 -0.07117934403349617 -0.2481582008530438 -0.18550158652672688 -0.4861944777911165 -0.27620221948212087 -0.6836528758829464 -1.0580629118488127 -1.100548935600482 -0.26981667957655564 -0.2699812884255547 -0.05736672729816705 -0.24930043245993389 0.09391389193804123 -0.47444391859914814 -2.6767797419971338 -1.9005215621422213 -3.5388361958472183 -2.686084142394822 -0.4554759467758444 -0.17322411709413185 -0.40046262830706947 -0.12398295234405268 -0.027238275698720976 -0.3289867208996291 -0.5664327053318556 -0.624380574826561 -0.3835116097051917 -0.25947281713344317 -0.051916932907348244 -0.13991884706870014 -0.42534337616304835 -0.12463804607830795 0.020385050962627403 -0.18595041322314051 0.01807228915662651 -0.2706967710609371 -0.08649450142098111 -0.13432263016502494 -0.015442028053017632 -0.09255533199195172 -0.03731900283624422 -0.10889973713856552 -0.04883720930232559 -0.1559322033898305 -0.1499531396438613 -0.1458746644882717 -0.08290279947134446 -0.06629972479359518 -0.019004180919802355 0.005295908910366741 0.10855773297617369 -0.06800242865816637 -0.0035054919373685447 -0.01883460859329017 0.07776049766718508 -0.06709771867756496 -0.051565377532228354 -0.09690644800596349 -0.004946209966613084 0.020701255013585197 0.09020260893699697 -0.06513409961685825 0.04735409020954186 -0.2027988614800759 0.03333744906778614 -0.10746047430830039 0.0586940572267058 -0.09940104498534473 0.14681685862549043 -0.11830386813771103 0.19409513395297978 -0.02352358548966201 0.07683615819209041 -0.08947785706195492 0.04101821691398239 -0.041371158392434985 -0.007164179104477612 -0.036060681422531715 0.03771213073538655 -0.034584347380555915 0.09851569683436227
-0.24134568503169182 -0.16585040071237753 -0.2726063829787234 -0.3038354898336414 -0.3794005708848715 -0.33814140458737285 -0.3730788299454636 -0.14398227910411024 -0.18073072422311792 -0.0655966503838102 -0.23135582267028565 -0.17573834513058334 -0.43937575030012005 -0.22564734895191121 -0.6395055499495459 -0.9859505159766255 -0.8675860222251975 -0.21559514588174541 -0.25394279604383857 -0.04477403106198404 -0.24930043245993389 0.11464812782046592 -0.3999053478466635 -2.2013855709507886 -1.8356443200610613 -3.4196359907715967 -1.7502696871628909 -0.35440122824974407 -0.16248153618906944 -0.3874512071707388 -0.0981531706057084 -0.017764092846991947 -0.2859193683454958 -0.4728481714074621 -0.576065411298315 -0.3430733107226715 -0.19906644700713896 -0.04659211927582534 -0.12172939694976911 -0.4194358292718949 -0.10575349364220069 0.01925254813137033 -0.16873278236914604 0.03493975903614458 -0.25855790240349596 -0.061781786729272224 -0.12792631444288088 -0.0051473426843392095 -0.08853118712273642 -0.02985520226899538 -0.11265490048817124 -0.041860465116279076 -0.15593220338983052 -0.14761012183692596 -0.14820865912008402 -0.08530577916616604 -0.07505629221916436 -0.00633472697326745 0.0013239772275916827 0.10996757366417594 -0.054644808743169404 -0.005842486562280905 -0.016480282519128902 0.07177892092355545 -0.06465780163474441 -0.051565377532228354 -0.08820971549260778 -0.009892419933226166 0.024582740328632426 0.09297807382736609 -0.04597701149425287 0.03906712442287203 -0.176707779886148 0.0160513643659711 -0.09510869565217392 0.05380288579114698 -0.07391359755320505 0.1455511960511328 -0.10634055562940317 0.19819573537452162 -0.01857125170236474 0.07231638418079096 -0.08834522595990488 0.039811798769453496 -0.037825059101654845 -0.014328358208955224 -0.029843322556577966 0.030169704588309237 -0.03458434738055591 0.09457506896098779
-0.23281326182350073 -0.15805877114870884 -0.2670656028368794 -0.2807301293900185 -0.36156041864890576 -0.2955781508630882 -0.32226078334159647 -0.09968003937976863 -0.1625276296970485 -0.04047452896022331 -0.22360087889362798 -0.1440078105931169 -0.40456182472989194 -0.15413070283600494 -0.591574167507568 -0.8790252393385554 -0.6533672513053956 -0.14588174541698945 -0.23523122159850302 -0.03358052329648804 -0.24166878656830323 0.13904134650567143 -0.349029815428301 -1.6364070711896797 -1.7198829665436972 -3.226095872853115 -0.9573894282632148 -0.2904298874104402 -0.13831072915267895 -0.37299407257481565 -0.09169572517112232 -0.005921364282330651 -0.25002990788371815 -0.359561630341091 -0.5302279484638255 -0.2778502478476389 -0.17572762218561233 -0.014643237486687968 -0.10633832377221211 -0.3987594151528578 -0.10323555331738639 0.023782559456398643 -0.15610651974288342 0.06024096385542169 -0.2379218256858461 -0.03830470777214877 -0.12920557758730972 0.012868356710848027 -0.07780013413816231 -0.025376921928646066 -0.11015145825510078 -0.031395348837209305 -0.14463276836158193 -0.13472352389878164 -0.13303769401330376 -0.07208939084464736 -0.0475356517388041 0.012669453946534908 0.02250761286905865 0.11842661779218948 -0.048573163327261686 0.0035054919373685442 -0.0058858151854031815 0.09211628185189617 -0.05977796754910334 -0.03192142418661756 -0.07454342154304883 0.008655867441572894 0.024582740328632426 0.10685539827921176 -0.05108556832694764 0.04498638569906476 -0.17433586337760906 0.038276330411161866 -0.09634387351778656 0.06358522866226461 -0.04460303300624443 0.16327047209214024 -0.09969427090256547 0.2050300710770913 -0.01609508480871611 0.0768361581920904 -0.0872125948578548 0.0579080709373869 -0.03664302600472813 -0.010746268656716417 -0.02611290723700572 0.04274041483343809 -0.033303445625720504 0.09588861158544595
-0.21087274500243783 -0.13913624220837045 -0.2426861702127659 -0.24491682070240298 -0.32350142721217884 -0.25892646015606524 -0.27516113039167084 -0.07137583066699481 -0.13652320894552075 -0.023726448011165385 -0.2055060100814269 -0.1159384915792043 -0.3697478991596639 -0.12577065351418001 -0.5095862764883955 -0.6925276638070372 -0.4779756326148078 -0.09940614510715207 -0.21651964715316763 -0.00979431929480901 -0.22258967183922662 0.15611659958531526 -0.3028868906767629 -1.3055422838031532 -1.4298435313573337 -2.5826711099718027 -0.6432038834951457 -0.2661207778915046 -0.0980260507586948 -0.3599826514384849 -0.07103189978044686 -0.0035528185693983914 -0.221318339514296 -0.28567910355867504 -0.4360753221010902 -0.1852334985650926 -0.14140582097748494 0.0013312034078807212 -0.07275780047572405 -0.37955988775660904 -0.10701246380460785 0.040770101925254806 -0.16184573002754823 0.08795180722891566 -0.22578295702840498 0.0037069072037563336 -0.1292055775873097 0.03345772744820487 -0.07377598926894703 -0.011942080907598147 -0.10138941043935412 -0.024418604651162794 -0.12768361581920903 -0.12066541705716964 -0.114365736958805 -0.049261083743842374 -0.02626970227670753 0.029139744077030284 0.03707136237256719 0.1311151839842098 -0.04493017607771706 0.008179481187193268 -0.0023543260741612734 0.07656418231845914 -0.045138465292180054 -0.015960712093308776 -0.06708907938874395 0.012365524916532708 0.03752102471212317 0.11240632805995003 -0.04597701149425287 0.06037646501716587 -0.17314990512333966 0.07284849981479194 -0.09263833992094862 0.07459036439227196 -0.034408054033388556 0.1658017972408556 -0.09171872923036024 0.20776380535811922 -0.011142751021418845 0.07796610169491526 -0.07815154604145431 0.061527325370973586 -0.02009456264775414 -0.004776119402985075 -0.024869435463814968 0.04525455688246385 -0.028179838606378887 0.09982923945882044
-0.1864943929790346 -0.11576135351736423 -0.21719858156028365 -0.20332717190388175 -0.2783063748810656 -0.21872783163868528 -0.22310361923648986 -0.04061038641397981 -0.10661812508126382 -0.0027913468248429883 -0.18094868812201112 -0.09030998291432756 -0.326530612244898 -0.05548705302096178 -0.43012108980827446 -0.4911102822329977 -0.3347168295621904 -0.06067647818228762 -0.19112536754878376 0.0069959423534350085 -0.19206308827270416 0.17807049640200023 -0.25674396592522475 -0.9221213569039655 -1.1347156850273503 -1.8162009741092031 -0.3222761596548004 -0.23797338792221087 -0.060427017590976226 -0.3570912245193003 -0.05424254165052304 0.009474182851729037 -0.20337360928340714 -0.18593769240241348 -0.3431615460852329 -0.0978345943125489 -0.10708401976935752 0.029286474973375932 -0.04757240800335803 -0.358883473637572 -0.10323555331738639 0.06568516421291053 -0.16988062442607899 0.12530120481927712 -0.20636076717649915 0.044482886445075996 -0.12025073557630805 0.06176811221207053 -0.06036217303822938 0.005971040453799075 -0.090123920390537 -0.010465116279069766 -0.11412429378531072 -0.10543580131208999 -0.09452678258840007 -0.03844767511714526 -1.3877787807814458e-18 0.040542252628911694 0.04104329405534225 0.1311151839842098 -0.042501517911353974 0.015190465061930359 -0.0058858151854031815 0.09091996650317023 -0.02805904599243626 0.012277470841006754 -0.05714995651633743 0.029677259799678495 0.05304696597231208 0.12212045517624201 -0.04725415070242656 0.06866343080383568 -0.1719639468690702 0.09260402518829484 -0.0926383399209486 0.08437270726338958 -0.021664330317318715 0.17213011011264398 -0.08374318755815499 0.20776380535811917 -0.00619041723412158 0.08022598870056497 -0.07475365273530411 0.05428881650380022 -0.01063829787234043 -0.013134328358208958 -0.019895548371051973 0.04022627278441231 -0.02561803509670808 0.08538027058978064
-0.15602145294978056 -0.08570792520035617 -0.1861702127659575 -0.16520332717190386 -0.22835394862036154 -0.15488295105225824 -0.1722855726326227 0.003691853310361798 -0.08581458848004161 0.027913468248429867 -0.1654388005686959 -0.05125701732975346 -0.28571428571428575 0.013563501849568439 -0.3443491422805248 -0.30461270670147955 -0.20886330164680683 -0.002581977794990961 -0.15771184175354186 0.039177277179236046 -0.15899262274230477 0.2012440541529455 -0.21060104117368664 -0.6008122312470137 -0.8230505024806005 -1.0561394514227123 -0.11461704422869476 -0.19831115660184234 -0.020142339196992078 -0.3440798033829695 -0.030995738086013174 0.018948365703458075 -0.1770546716114368 -0.1022041620490087 -0.24281466798810705 -0.019566918862509764 -0.0645249862712795 0.05591054313099042 -0.030782146355114032 -0.3441146064096884 -0.09190482185572202 0.08833522083805209 -0.16299357208448118 0.13373493975903614 -0.18693857732459337 0.07043123687137033 -0.1112958935653064 0.08235748294942737 -0.05231388329979879 0.01940588147484699 -0.08386531480786083 -0.001162790697674418 -0.103954802259887 -0.09020618556701031 -0.07702182284980746 -0.002402979694821583 0.01876407305479109 0.06714810591663499 0.05560704355885078 0.14521359086423233 -0.030358227079538558 0.026875438186492167 0.007062978222483814 0.10288311999042947 -0.012199585214102717 0.04174340085942295 -0.05218039508013418 0.04451588969951774 0.051753137533963 0.131834582292534 -0.042145593869731796 0.08760506688765243 -0.1624762808349146 0.12100259291270525 -0.08152173913043477 0.1173881144534116 -0.005097489486427936 0.19617769902543986 -0.07709690283131732 0.2227993439037726 -0.006190417234121582 0.08700564971751412 -0.06795786612300372 0.056701652792858014 -0.004728132387706858 0.007164179104477611 -0.016165133051479735 0.06159648020113136 -0.02561803509670808 0.09063444108761329
