0.0234394275845053 0.009006980409817606 0.015723270440251562 -0.05529316898974773 0.07031524668932379 -0.023601604909133822 0.03421309872922776 0.04243967503334546 -0.04215097713628815 0.009636563876651984 -0.0695322376738306 -0.05014063837593249 -0.06629701060752169 -0.011164867882396724 0.0012833675564681748 -0.014886490509862299 0.05189413596263622 -0.020473448496481125 -0.03442340791738381 0.012311901504787962 -0.04700800406555711 -0.06047889410022218 -0.00602627455706882 -0.010747551946501076 0.02777427092538821 0.036802030456852784 -0.006439150032195749 -0.017944116893104333 -0.042993416633078055 -0.03887688984881209 -0.011753950633407341 -0.03482228626320845 0.022828307100805006 -0.06990434142752024 0.03376266099787421 -0.04177334591025468 0.044975404075895994 -0.06893808829378231 -0.0013698630136986301 -0.034542314335060456 -0.08250612350135361 -0.08615671207358251 -0.12009890498057225 -0.12775276797663948 -0.11134222439740608 -0.04657603222557906 -0.033260841755149026 0.003893070334804052 -0.09123363744545816 -0.0029146021568055977 -0.15182186234817813 -0.14935904974714803 -0.5897816893359241 -0.7417092594793772 -0.27311178247734136 -0.05211564710261819 -0.06776627029791586 0.03953577349827828 -0.07793923381770146 0.002783964365256126 -0.20115634786798364 -0.20549553781117896 -0.5613869560089634 -0.8003857280617165 -0.31688828134708585 -0.13949433304272016 -0.05689720571500821 -0.037285607755406416 -0.073142563839343 0.015187077177964931 -0.15402240325865582 -0.3016985390188859 -1.061439158498685 -0.5715343784717936 -0.13107926007595247 -0.14947138169886984 -0.00497883993029625 -0.0899325505870597 -0.1626123744050767 0.008643042350907524 -0.22156207451417256 -0.18583969900809486 -0.4253147329023477 -0.3930235336280014 -0.0729841082989994 -0.05783829377033377 0.002480774001488467 0.001232437761893021 -0.03941372090158886 0.02788339670468949
0.00863557858376511 0.01913983337086242 -0.011230907457322558 -0.058748992051606955 0.06093988046408063 -0.022421524663677132 0.026881720430107524 0.04728992360858494 -0.052369395835994384 0.008259911894273128 -0.06700379266750947 -0.044025926378867555 -0.07955641272902603 -0.038456767150477605 0.010266940451745383 -0.018608113137327874 0.04151530877010898 -0.015355086372360844 -0.050311134648484045 0.012311901504787962 -0.049548977258289925 -0.06665020982473466 -0.025310353139689046 -0.032242655839503226 0.023986870344653452 0.03045685279187817 -0.0360592401802962 -0.025634452704434763 -0.06852075775896815 -0.05183585313174945 -0.01305994514823038 -0.037223823246878 -0.004805959389643161 -0.08952661270542064 0.04376641240465175 -0.051206036922247664 0.0477863668306395 -0.07291528569534668 -0.0027397260273972603 -0.034542314335060456 -0.07863864896222766 -0.08615671207358251 -0.13893794889909336 -0.12896946100498843 -0.1345895020188425 -0.0553877139979859 -0.05244978892158116 0.0 -0.10842258363083432 -0.007286505392013992 -0.15435222672064777 -0.16347171586498882 -0.6286432735169734 -1.028170688220611 -0.5099697885196374 -0.12532572279439136 -0.11891062523973916 0.019130212983037877 -0.10700132100396302 -0.0055679287305122485 -0.20597446398458202 -0.22193518083607328 -0.6026654086566813 -1.212632594021215 -0.6511743506896981 -0.24037862747540167 -0.09609305854090276 -0.07084265473527218 -0.09880662132683177 -0.006903216899074968 -0.16420570264765785 -0.30882527616106425 -1.2491035142242408 -1.0492531786199233 -0.23030748499326226 -0.2005103900838498 -0.04356484939009211 -0.11616287784161879 -0.19037546271813854 -0.0057620282339383485 -0.24631761356603538 -0.20522175350587163 -0.6113190427583077 -0.8469716879703739 -0.16715715126545025 -0.10844680081937583 -0.04341354502604812 -0.02957850628543258 -0.08129079935952703 0.012674271229404305
0.008635578583765114 0.015762215717180818 -0.020215633423180602 -0.0679645202165649 0.055080276573303645 -0.028321925890960588 0.017106549364613876 0.04850248575239481 -0.05364669817345765 0.004129955947136566 -0.06700379266750948 -0.0305735599853247 -0.07714561234329796 -0.05830542116362734 0.016683778234086243 -0.028532440143902743 0.03373118837571354 -0.01535508637236085 -0.056931020786442466 0.017783857729138167 -0.06352432981832042 -0.0703529992594421 -0.036157647342412925 -0.05373775973250537 0.015149602322939021 0.020304568527918787 -0.05280103026400514 -0.03204306588054345 -0.07792556764745398 -0.060475161987041025 -0.01567193417787645 -0.031219980787704125 -0.020425327405983417 -0.1287711552612215 0.04126547455295736 -0.06198625522166823 0.028109627547435 -0.08086968049847541 -0.01643835616438356 -0.04317789291882556 -0.06574706716514116 -0.07218535335894752 -0.14364770987872366 -0.15208662854361846 -0.13703658387373058 -0.05664652567975831 -0.06140463093258284 0.009083830781209449 -0.11371149014941159 0.011658408627222384 -0.17079959514170043 -0.1740562154533694 -0.6549319922276832 -1.16248662783787 -0.8350453172205438 -0.2171485295942425 -0.1738908068021992 -0.00892743272541768 -0.12945838837516513 -0.01670378619153675 -0.20115634786798364 -0.2172381399718178 -0.6309706333294021 -1.4247830279652844 -1.1954765751211631 -0.3773819902852161 -0.14919711720824375 -0.10315684812329107 -0.1231874759399461 -0.026232224216484877 -0.16675152749490835 -0.31238864473215344 -1.2993067176667463 -1.454141464016788 -0.3638368246968027 -0.2624863288370397 -0.10331092855364701 -0.13989507869098175 -0.22739291380222104 -0.01728608470181504 -0.2673598217601188 -0.21776308288678597 -0.6929794714755586 -1.3295902520606857 -0.31430253090052973 -0.18194963248584167 -0.10171173406102703 -0.06408676361843726 -0.11454612637024264 -0.007604562737642584
0.02467308166790032 0.018013960819635216 -0.007861635220125798 -0.09215528164957953 0.08437829602718856 -0.028321925890960588 0.05009775171065495 0.04971504789620468 -0.016604930387022605 0.0027533039647577107 -0.06826801517067003 -0.026904732787085734 -0.06629701060752169 -0.09552164743828309 0.021817248459958933 -0.019848654013149735 0.035028541774779445 -0.005118362124120283 -0.05031113464848404 0.023255813953488372 -0.06479481641468682 -0.08022710441866206 -0.043389176810895505 -0.08836876044900885 0.007574801161469512 0.019035532994923852 -0.054088860270444294 -0.035888233786208666 -0.06986430202875185 -0.056155507559395246 0.001305994514823039 -0.028818443804034578 -0.013216388321518679 -0.17292126563649743 0.06502438414405401 -0.06468130979652337 0.0477863668306395 -0.08352114543285166 -0.0013698630136986301 -0.047495682210708115 -0.05543380172747196 -0.07334963325183375 -0.13305074767455555 -0.1812872612239932 -0.12602471552673436 -0.06294058408862033 -0.06140463093258284 0.010381520892810797 -0.09784477059367976 0.018944914019236377 -0.1568825910931174 -0.18581677055157 -0.648074065607498 -1.293236657553786 -1.157703927492447 -0.3015262439508624 -0.1828410689170183 -0.034434383369468184 -0.11228533685601057 -0.02505567928730512 -0.18067935437244037 -0.2125410991075623 -0.6085623304634981 -1.6453712632594022 -1.8391947309556358 -0.5118943828621247 -0.1833354406372487 -0.12925677355207557 -0.11420505581932505 -0.04003865801463482 -0.1527494908350306 -0.3290176980639031 -1.2933301458283526 -1.8689050734477224 -0.5488178365796889 -0.32810791104629966 -0.1344286781179985 -0.1723707219585311 -0.22607086197778953 -0.033131662345145495 -0.27354870652308455 -0.23486489567894195 -0.7201996143813088 -1.6377971568510332 -0.5768098881695115 -0.2711170020484396 -0.1352021830811213 -0.09489770766576287 -0.12070452026111592 -0.016476552598225603
0.013570194917345171 0.012384598063499211 -0.025831087151841882 -0.11749798410321391 0.07265908824563458 -0.033042246872787354 0.036656891495601175 0.044864799320965196 -0.028100651424192102 -0.004129955947136561 -0.07585335018963338 -0.02079002079002079 -0.05424300867888139 -0.11909192407889839 -0.008983572895277209 -0.006202704379109291 0.031136481577581733 0.0038387715930902093 -0.04898715742089235 0.03283173734610123 -0.07877016897471731 -0.08516415699827204 -0.045799686633723025 -0.1229997611655123 -0.023986870344653455 0.013959390862944168 -0.060528010302640045 -0.0435785695975391 -0.0738949348381029 -0.0619150467962563 5.551115123125783e-18 -0.025216138328530258 -0.015619368016340262 -0.20235467255334805 0.04876828810804051 -0.05659614607195795 0.03794799718903724 -0.08484687790003978 -0.01643835616438356 -0.048934945308002305 -0.05414464354776331 -0.07218535335894749 -0.12363122571529495 -0.20562112179097217 -0.12969533830906643 -0.07175226586102718 -0.07803505181015735 0.002595380223202702 -0.10181145048261271 0.010201107548819586 -0.17332995951417005 -0.19169704810067031 -0.6389301634472511 -1.3502912159752762 -1.4054380664652568 -0.4280928154857923 -0.23909985935302389 -0.06504272414232878 -0.13606340819022456 -0.045935412026726054 -0.17827029631414118 -0.22428370126820102 -0.6121004835475883 -1.6959980713596916 -2.451845408226668 -0.7609914061526964 -0.2756353521304843 -0.1901565995525727 -0.14756833055306046 -0.07179345575037968 -0.15656822810590634 -0.33020548758759943 -1.287353573989959 -2.087396617701518 -0.8661031483523214 -0.40709685259448286 -0.19044062733383121 -0.20484636522608043 -0.2406134320465362 -0.04897723998847594 -0.2958286916697611 -0.2588074335879603 -0.7349438584552568 -1.949587862859873 -1.0794585050029428 -0.36389926497168334 -0.18729843711237906 -0.12940596499876755 -0.15026481093730756 -0.049429657794676805
-0.009869232667160124 0.01013285296104481 -0.05053908355795149 -0.14284068655684828 0.035157623344661895 -0.03894264810007081 0.01955034213098729 0.04486479932096519 -0.052369395835994384 -0.002753303964757704 -0.07838179519595449 -0.03668827198238963 -0.06147540983606557 -0.12033246495472025 -0.05775154004106777 -0.0024810817516437112 0.018162947586922676 -0.005118362124120283 -0.05957897524162583 0.021887824897400817 -0.07241773599288527 -0.0913354727227845 -0.04941545136796431 -0.13732983042751373 -0.07196061103396037 0.012690355329949238 -0.06310367031551835 -0.05511407331453474 -0.07255139056831922 -0.07631389488840892 -0.013059945148230376 -0.021613832853025945 -0.0444551243541992 -0.2182977679666421 -0.010003751406777544 -0.04985850963482011 0.023893183415319753 -0.09014980776879226 -0.043835616438356165 -0.04317789291882556 -0.054144643547763306 -0.06287111421585749 -0.13540562816437068 -0.2165713590461127 -0.17496635262449528 -0.06545820745216514 -0.10362031469873352 0.016869971450817544 -0.13354488959407643 -0.010201107548819588 -0.17206477732793518 -0.18464071504174995 -0.6446451022974053 -1.3645548555806486 -1.5274924471299094 -0.5881623030152625 -0.3004730852832119 -0.08927432725417678 -0.16116248348745046 -0.06403118040089087 -0.18429294145988917 -0.21841240018788163 -0.6215355584384951 -1.7008196721311477 -2.769976388716292 -1.188192801096027 -0.4058667341003919 -0.24235645041014164 -0.19761324265366356 -0.08559988954852962 -0.16165987780040733 -0.33139327711129585 -1.2945254601960314 -2.147882977410196 -1.2287149332353302 -0.5128205128205128 -0.2638785163057008 -0.2410691981014239 -0.2763088313061872 -0.07634687409968308 -0.30696868424309937 -0.27020864211606427 -0.7542247930134967 -2.022458487635886 -1.7563272513243084 -0.5084949993975177 -0.2555197221533118 -0.16391422233177227 -0.1859834955043725 -0.06844106463878327
-0.016037503084135207 -0.002251745102454403 -0.06401617250673855 -0.14860039165994704 0.0011719207781553998 -0.044843049327354265 0.008553274682306938 0.025463805020007273 -0.058755907523310766 -0.020649779735682817 -0.09734513274336284 -0.0501406383759325 -0.07714561234329796 -0.1252946284580077 -0.10780287474332648 0.006202704379109291 0.0012973533990659058 -0.005118362124120285 -0.0794386336555011 0.01915184678522572 -0.08385211536018294 -0.09750678844729696 -0.051825961190791844 -0.15046572725101506 -0.10730968312081808 0.0076142131979695426 -0.0849967804249839 -0.0640861317610869 -0.09136101034529086 -0.08351331893448524 -0.02611989029646076 -0.025216138328530258 -0.043253634506788416 -0.22810890360559233 -0.05627110166312368 -0.037730764047971974 0.00983836964160225 -0.10208139997348535 -0.049315068493150684 -0.046056419113413925 -0.058012118086889275 -0.04424263592967749 -0.13893794889909336 -0.2165713590461127 -0.22635507157714424 -0.044058408862034236 -0.12664705129845208 0.03763301323643914 -0.1573449689276742 0.008743806470416787 -0.16320850202429152 -0.16582382688462893 -0.6343582123671276 -1.3550457625104004 -1.5879154078549849 -0.7407866981015014 -0.3848612709372203 -0.1058538451728096 -0.19682959048877147 -0.05985523385300669 -0.19031558660563716 -0.20666979802724286 -0.6179974053544052 -1.6755062680810031 -2.8370821424133217 -1.8246356956034375 -0.6258692628650904 -0.2982848620432513 -0.2617733863723855 -0.10078696672649454 -0.1629327902240326 -0.323078750445421 -1.2885488883576377 -2.1614615479570425 -1.4296214626975376 -0.6768744683436626 -0.3647000248941996 -0.27604296777416937 -0.32654680063458486 -0.09219245174301353 -0.33915088501052115 -0.29073081746665147 -0.7701032097085176 -2.0308206904790347 -2.1836374337845794 -0.8699843354621037 -0.38079880922847925 -0.22430367266453044 -0.2524941495258037 -0.10392902408111533
-0.030841352084875408 0.007881107858590409 -0.06738544474393532 -0.1428406865568483 -0.0363295441228173 -0.014160962945480294 -0.007331378299120235 0.05335273432763429 -0.0676970238855537 0.004129955947136564 -0.10493046776232617 -0.041580041580041575 -0.08317261330761813 -0.11909192407889839 -0.13860369609856263 0.0024810817516437156 -0.006486766995329527 0.002559181062060138 -0.09400238315900966 0.03009575923392612 -0.08258162876381653 -0.09010120957788201 -0.04700494154513679 -0.13732983042751373 -0.12119681858351217 -0.006345177664974619 -0.08113329040566646 -0.05639579594975648 -0.08329974472658873 -0.07631389488840892 -0.04570980801880632 -0.025216138328530258 -0.056470022828307084 -0.2268825116507236 -0.12004501688133051 -0.028298073035978977 -0.015460295151089242 -0.09545273763754474 -0.06849315068493152 -0.037420840529648815 -0.05672295990718061 -0.027942717429269997 -0.12363122571529497 -0.2117045869327169 -0.2691790040376851 -0.028952668680765355 -0.13560189330945377 0.04152608357124318 -0.16660055533518442 0.011658408627222384 -0.15308704453441296 -0.1352463836293073 -0.5932106526460166 -1.315820753595626 -1.6386706948640488 -0.8561856309715846 -0.46029919447640966 -0.13391149088126514 -0.21664464993394977 -0.0626391982182628 -0.18308841243073956 -0.17144199154532644 -0.5908715650430476 -1.626084860173578 -2.820927053560333 -2.539544152447378 -1.0823112909343786 -0.3554561272682078 -0.3079686898498653 -0.0897418196879746 -0.14129327902240327 -0.29338401235301104 -1.2502988285919194 -2.147882977410196 -1.4835232145044714 -0.9016891481346457 -0.43813791386606915 -0.30227329502872846 -0.3437334743521946 -0.08210890233362143 -0.35029087758385946 -0.29073081746665147 -0.7814449359192469 -2.0296260900728704 -2.3095938787522075 -1.4748764911435113 -0.5544529893326718 -0.2637416810451072 -0.2943712279837419 -0.1229404309252218
-0.025906735751295335 0.020265705922089622 -0.07412398921832884 -0.14629650961870752 -0.04570491034806048 -0.015341043190936984 -0.009775171065493648 0.08002910149145144 -0.06769702388555371 0.024779735682819385 -0.09228824273072062 -0.0391341567812156 -0.08919961427193827 -0.12653516933382952 -0.13988706365503079 -0.02108919488897159 0.01816294758692268 0.01663467690339091 -0.08870647424864293 0.03283173734610123 -0.06860627620378604 -0.09256973586768699 -0.05062070627937809 -0.1421065201815142 -0.12372175230400202 -0.046954314720812185 -0.06310367031551835 -0.05255062804409126 -0.06852075775896814 -0.07631389488840892 -0.04309781898916024 -0.00840537944284342 -0.06488045176018262 -0.2219769438312485 -0.136301112917344 -0.04177334591025468 -0.004216444132115247 -0.06893808829378231 -0.0726027397260274 -0.010074841681059297 -0.03738558721155085 -0.0011642798928862524 -0.08595313787825269 -0.1995376566492274 -0.26061421754557695 -0.050352467270896276 -0.10489957784316233 0.07007526602647288 -0.16263387544625146 0.036432526960069954 -0.14043522267206476 -0.10584499588380572 -0.47548291233283796 -1.273029834779508 -1.6374622356495472 -0.9306365554038962 -0.5446873801304181 -0.17854865450835353 -0.21928665785997356 -0.07516703786191536 -0.17465670922669235 -0.1279943635509629 -0.4941620474112513 -1.5766634522661525 -2.7848887784267427 -2.914435172499689 -1.5387533190036666 -0.4635843897588864 -0.3592968048248429 -0.08974181968797461 -0.10437881873727087 -0.2173654828364414 -1.1558689935453021 -2.117022589803728 -1.5129241700355258 -1.1447320452059788 -0.49414986308190184 -0.3097676742443167 -0.35166578529878373 -0.057620282339383454 -0.35524198539423196 -0.2667882795576331 -0.7735057275717364 -2.0200692868235572 -2.4273101824602707 -2.1966501988191345 -0.7243860084346315 -0.3130391915208282 -0.3325532701071561 -0.13688212927756654
-0.01850481125092524 0.023643323575771223 -0.07637017070979336 -0.17163921207234192 -0.04687683112621587 -0.049563370309181023 0.006109481915933528 0.06669091790954287 -0.06386511687316387 0.012389867841409694 -0.08975979772439949 -0.028127675186498717 -0.06509161041465766 -0.18360004962163504 -0.14245379876796715 -0.048381094157052475 0.033731188375713546 0.021753039027511197 -0.09532636038660135 0.03146374829001368 -0.060983356625587605 -0.08763268328807702 -0.0674942750391708 -0.1576307618820158 -0.12498421916424693 -0.05583756345177665 -0.05280103026400516 -0.044860292232760834 -0.06852075775896815 -0.0691144708423326 -0.04309781898916025 -0.008405379442843423 -0.09732067764027394 -0.2624478783419181 -0.13254970613980244 -0.09163185554507479 0.03232607167955025 -0.08219541296566353 -0.07123287671232875 -0.03022452504317789 -0.02449400541446435 0.0023285597857724966 -0.09537265983751327 -0.17885387516729528 -0.24348464456136062 -0.09818731117824772 -0.06140463093258282 0.05709836491045937 -0.1507338357794526 0.016030311862430778 -0.12525303643724695 -0.08585205221686465 -0.1977368842153389 -1.0852252466421013 -1.5830815709969792 -0.9864747487281299 -0.6239611302902442 -0.22956255579645454 -0.21532364597093787 -0.07934298440979956 -0.15899783184774752 -0.11155472052606856 -0.22880056610449348 -1.4271938283510126 -2.7003852367341863 -2.9941462199526714 -2.345429257807561 -0.71712652249565 -0.40934171692544596 -0.13530305122186942 -0.08019348268839102 -0.11996674189333649 -0.6789385608415013 -2.0590050611035675 -1.5043488913389682 -1.274759995139142 -0.5875031117749564 -0.3684736447664252 -0.36224219989423584 -0.06914433880726015 -0.3564797623468251 -0.24056549994299395 -0.6600884654644437 -2.0033448811372594 -2.4437904649794 -2.5918785395830826 -1.084098238650459 -0.39930983485333993 -0.3830521000123169 -0.1634980988593156
-0.023439427584505308 0.02814681378068003 -0.05840071877807727 -0.1670314479898629 -0.05273643501699286 -0.057823932027377865 -0.029325513196480933 0.05456529647144417 -0.07536083791033336 0.008259911894273128 -0.09608091024020227 -0.04035709918062859 -0.0506268081002893 -0.18111896786999132 -0.14630390143737165 -0.05582433941198363 -0.006486766995329523 0.0012795905310300725 -0.09532636038660135 0.004103967168262651 -0.06860627620378604 -0.10367810417180942 -0.04459443172230927 -0.1636016240745164 -0.13003408660522658 -0.06979695431472081 -0.07984546039922731 -0.06152268649064343 -0.07120784629853552 -0.09935205183585313 -0.050933786078098474 -0.0012007684918347744 -0.0660819416075934 -0.26367427029678686 -0.13380017506564962 -0.08893680097021965 -0.022487702037947994 -0.08484687790003978 -0.0821917808219178 -0.046056419113413925 -0.028361479953590306 0.011642798928862497 -0.06711409395973156 -0.16425355882710793 -0.21534320323014805 -0.074269889224572 -0.11001663042087757 0.05969374513366208 -0.14676715589051964 -0.002914602156805596 -0.11892712550607287 -0.0776196636481242 -0.1017259115327466 -0.6442410555093308 -1.4441087613293053 -0.9405633453282045 -0.6635980053701573 -0.2805764570845556 -0.2087186261558785 -0.08630289532293986 -0.1602023608768971 -0.08924377642085485 -0.1415261233636042 -0.9197203471552555 -2.5114949670684728 -2.926890023664217 -2.5654317865722596 -1.5423813074819788 -0.553060438855383 -0.1781029959961342 -0.07255600814663951 -0.0890842142772301 -0.2581879034185991 -1.6602888532279967 -1.4381967413940955 -1.2553165633734356 -0.6895693303460295 -0.5046215338496128 -0.38868323638286617 -0.083549409392106 -0.3564797623468251 -0.2257439288564588 -0.4094363162073268 -1.6939433759407478 -2.4096527369040612 -2.591878539583082 -1.5579260729347557 -0.8935173773724427 -0.4310875723611282 -0.20785804816223066
-0.0024673081667900346 0.024769196126998426 -0.023584905660377364 -0.16242368390738393 -0.05039259346068207 -0.061364172763747935 -0.04032258064516129 0.03637686431429612 -0.07280623323540682 -0.008259911894273126 -0.08470290771175727 -0.044025926378867555 -0.028929604628736737 -0.1550676094777323 -0.14758726899383984 -0.04962163503287434 -0.0064867669953295294 -0.019193857965451054 -0.08208658811068449 -0.012311901504787962 -0.04700800406555711 -0.09256973586768699 -0.028926117873930336 -0.139718175304514 -0.12498421916424692 -0.05203045685279188 -0.061815840309079204 -0.06664957703153038 -0.04836759371221282 -0.09215262778977681 -0.03917983544469113 -0.002401536983669547 -0.028835756337858953 -0.24282560706401765 -0.14380392647242718 -0.08489421910793693 -0.05059732958538299 -0.09545273763754475 -0.09178082191780823 -0.06188831318364997 -0.01675905633621245 0.020957038071952493 -0.027081125632874136 -0.16060347974206107 -0.1859782209714915 -0.0553877139979859 -0.11897147243187925 0.06488450558006749 -0.1361893428533651 -0.008743806470416787 -0.09741902834008095 -0.055274608961542994 -0.056006400731512175 -0.34945917033162954 -1.206042296072508 -0.8648715721553542 -0.6572049610024293 -0.3124601453896187 -0.20343461030383092 -0.08630289532293987 -0.1421344254396531 -0.0692813527477689 -0.09906828635452294 -0.4918032786885246 -2.157325711445259 -2.838460580396064 -2.5995701100012645 -2.360178970917226 -0.7275760297703068 -0.222283584150214 -0.04327902240325866 -0.07245516094548046 -0.050203203442505374 -1.1850388840883843 -1.349993874800931 -1.2310122736663023 -0.7169529499626588 -0.6407694229328005 -0.4257006874669488 -0.10803802938634399 -0.3292486693897759 -0.21434272032835483 -0.23137121469887717 -1.2399952215983754 -2.324896998234256 -2.5750090372334014 -1.7129744480277846 -1.3741681045107224 -0.4852814386008129 -0.2458808618504436
-0.008635578583765116 0.018013960819635216 -0.015723270440251576 -0.16011980186614447 -0.04804875190437127 -0.06372433325466131 -0.03787878787878789 0.01576330786952832 -0.0804700472601865 -0.023403083700440523 -0.0986093552465234 -0.05747829277241042 -0.043394406943105104 -0.13521895546458257 -0.1771047227926078 -0.052102716784518055 -0.02724442138038402 -0.06014075495841331 -0.11386204157288496 -0.028727770177838573 -0.04446703087282429 -0.07899284127375956 -0.019284078582620223 -0.11583472653451161 -0.12119681858351217 -0.036802030456852784 -0.04764971023824856 -0.08587541655985645 -0.04030632809351068 -0.08207343412526999 -0.04701580253362936 -0.009606147934678193 -0.013216388321518679 -0.20235467255334805 -0.1550581468050519 -0.0821991645330818 -0.05621925509486999 -0.12594458438287154 -0.10410958904109588 -0.07196315486470926 -0.0386747453912595 0.027942717429269993 -0.022371364653243846 -0.13140284706168634 -0.19331946653615564 -0.03902316213494462 -0.13304336702059616 0.04152608357124319 -0.1626338754462515 -0.014573010784027982 -0.08097165991902835 -0.04233799835352228 -0.01600182878043204 -0.20206822774277894 -0.8797583081570997 -0.7916614964635811 -0.6226825214166987 -0.3430684861624793 -0.20739762219286656 -0.10161469933184855 -0.15658877378944833 -0.0634100516674495 -0.07665998348861894 -0.2579556412729026 -1.5981110973033426 -2.693984306887532 -2.590719433556708 -3.010191399453144 -0.930322083921468 -0.2637028855446638 -0.04709775967413442 -0.058201686661123644 0.0 -0.7678064436489322 -1.2385152517456817 -1.188479766678819 -0.7194423699278069 -0.7919060704471648 -0.49841353781068226 -0.12532411408815905 -0.32429756157940337 -0.20636187435868206 -0.1621866848134286 -0.7525982558834071 -2.197763390229547 -2.537655139173394 -1.7551476060530884 -1.9102785309341879 -0.56657223796034 -0.2724968314321926
-0.01480384900074019 0.012384598063499213 -0.01909254267744834 -0.1347770994125101 -0.05859603890776984 -0.06136417276374793 -0.05131964809384165 -0.006062810719049354 -0.09962958232213565 -0.01927312775330396 -0.09987357774968394 -0.07215360156536628 -0.05424300867888139 -0.10916759707232356 -0.186088295687885 -0.06947028904602406 -0.03892060197197717 -0.12284069097888675 -0.12180590493843506 -0.046511627906976744 -0.038114597890992245 -0.08022710441866206 -0.014463058936965168 -0.08717458801050872 -0.11614695114253248 -0.04568527918781727 -0.04121056020605281 -0.12432709561650859 -0.059115947870482334 -0.10223182145428367 -0.0522397805929215 -0.008405379442843416 -0.01561936801634026 -0.15575177826833458 -0.1700637739152182 -0.06737636437137852 -0.07589599437807448 -0.16836802333289141 -0.11506849315068493 -0.06620610247553252 -0.05801211808688926 0.032599837000814993 -0.03061344636759684 -0.09490205621121792 -0.2067784167380399 -0.02265861027190331 -0.14711526160931304 -0.0025953802232027033 -0.1877561814094936 -0.018944914019236377 -0.06958502024291499 -0.032929554274961775 -0.01257286547033947 -0.06299774159039581 -0.5498489425981873 -0.7196922695123464 -0.6073392149341517 -0.3953577349827828 -0.24042272126816383 -0.1252783964365256 -0.16020236087689715 -0.04697040864255518 -0.06486613987498527 -0.004821600771456119 -0.9146265689076676 -2.538298667330925 -2.5717536983183718 -3.3706189410887397 -1.0791736173489028 -0.3009802567996686 -0.04837067209775968 -0.04276042285307044 0.010757829309108295 -0.36168374274780896 -1.0510841602352072 -1.1435168307206225 -0.7132188200149365 -0.9230577067199601 -0.5592279217345321 -0.1469317199654278 -0.30449313033791314 -0.20066127009463003 -0.13042985142338664 -0.4443913510930595 -1.9387875220718072 -2.4786118809495123 -1.7675514760605306 -2.156766083312793 -0.6146077103091514 -0.3155893536121673
-0.0012336540833950168 0.01801396081963522 -0.00898472596585804 -0.10021886879391775 -0.049220672682526674 -0.05546377153646448 -0.042766373411534706 -0.014550745725718444 -0.09579767530974583 -0.019273127753303965 -0.0922882427307206 -0.07704537116301823 -0.06027000964320155 -0.09800272918992681 -0.1578542094455852 -0.07691353430095522 -0.04670472236637259 -0.14075495841330776 -0.13636965444194363 -0.0533515731874145 -0.019057298945496126 -0.0703529992594421 -0.00602627455706882 -0.062096966802006215 -0.08079787905567479 -0.036802030456852784 -0.027044430135222154 -0.12689054088695206 -0.06449012494961709 -0.09359251259899208 -0.036567846415045055 -0.00360230547550432 -0.010813408626697104 -0.12018641157714008 -0.1525572089533575 -0.07276647352108881 -0.05903021784961349 -0.18957974280790138 -0.1 -0.07628094415659183 -0.05285548536805466 0.04074979625101874 -0.022371364653243846 -0.06448473050249423 -0.19209592560871164 -0.010070493454179246 -0.13432263016502494 -0.015572281339216199 -0.19040063466878224 -0.020402215097639172 -0.06072874493927125 -0.009408444078560507 -0.01142987770030861 0.007131819802686323 -0.31057401812688823 -0.5881623030152625 -0.5702595576013298 -0.3800535645963526 -0.2523117569352708 -0.11275055679287307 -0.1421344254396531 -0.017613903240958198 -0.05071352753862485 0.07714561234329798 -0.28085000621349565 -2.2767467928758247 -2.507270198508029 -3.47004722843649 -1.1292185294495058 -0.31754797735744855 -0.0420061099796334 -0.03444589618719564 0.01792971551518049 -0.1382545364769782 -0.7448242067867207 -1.0851865354235026 -0.7007717201891959 -0.9830127404446666 -0.5909571655208884 -0.16277729760875825 -0.2809753682386434 -0.1778588530384221 -0.11001474424407395 -0.13498984589654758 -1.440847557386698 -2.4099289070972403 -1.7663110890597866 -2.217155533645551 -0.6380096070944697 -0.3231939163498098
-0.0012336540833950175 0.03602792163927043 0.0 -0.0702684022578044 -0.028126098675729527 -0.04012272834552749 -0.036656891495601175 -0.008487935006669093 -0.09962958232213566 -0.011013215859030836 -0.10240202275600503 -0.05870123517182342 -0.05424300867888139 -0.07939461605259894 -0.11935318275154005 -0.07815407517677708 -0.055786196159833934 -0.1343570057581574 -0.14166556335231034 -0.04651162790697674 -0.016516325752763312 -0.051839052085904704 -0.001205254911413764 -0.045378552663004536 -0.0328241383663679 -0.026649746192893398 -0.027044430135222154 -0.1153550371699564 -0.07120784629853552 -0.07631389488840892 -0.03787384092986809 0.013208453410182518 -0.003604469542232368 -0.09075300466028942 -0.11504314117794172 -0.060638727934240674 -0.05200281096275474 -0.1802996155375845 -0.09726027397260273 -0.07628094415659183 -0.06059043444630655 0.060542554430084994 -0.012951842693983279 -0.027983939652025797 -0.14804845222072677 0.013846928499496484 -0.1266470512984521 -0.016869971450817554 -0.1837895015205606 0.001457301078402798 -0.06325910931174089 0.0129366106080207 -0.002285975540061719 0.057054558421490556 -0.19577039274924468 -0.4194068743020226 -0.5255082470272344 -0.36219869914551717 -0.2575957727873184 -0.0960467706013363 -0.12286196097325945 0.014091122592766552 -0.029484609034084203 0.12777242044358728 0.062134957126879574 -1.8208992402540782 -2.407383992919459 -3.487447178722346 -1.1651482099319903 -0.3258318376363385 -0.04455193482688391 0.019004632379142416 0.026296916088931387 -0.04937662017034935 -0.39936297929682707 -0.9746020172560458 -0.6758775205377148 -0.966774918810892 -0.6054997355896352 -0.1310861423220974 -0.2723109295704914 -0.14707559001254134 -0.09300215492798006 -0.02867040974793931 -0.7816362566215422 -2.2665381371249547 -1.7439841230463906 -2.2159230958836575 -0.6367779283162951 -0.3155893536121673
-0.006168270416975082 0.04841251970276965 -0.0011230907457322546 -0.04953346388664899 -0.017578811672330948 -0.02950200613641727 -0.045210166177908115 1.3877787807814458e-18 -0.10473879167198877 0.0013766519823788584 -0.09860935524652338 -0.04035709918062859 -0.053037608486017365 -0.06698920729438036 -0.0834188911704312 -0.07567299342513337 -0.058380902957965754 -0.11900191938579655 -0.13901760889712697 -0.03419972640218878 -0.020327785541862535 -0.041964946926684774 -0.003615764734241292 -0.033436828278003344 -0.025249337204898376 -0.020304568527918777 -0.0437862202189311 -0.10894642399384773 -0.08195620045680505 -0.07487401007919367 -0.02873187932610683 0.021613832853025934 -0.0036044695422323683 -0.06254598969830756 -0.06877579092159561 -0.053901091497102815 -0.04638088545326774 -0.1723452207344558 -0.09315068493150684 -0.06764536557282672 -0.051566327188346014 0.05239259517988124 -0.009419521959260567 -0.01703370239688527 -0.09910681512296586 0.0012588116817724127 -0.11641294614302163 -0.027251492343628343 -0.17453391511305033 -0.013115709705625183 -0.05946356275303645 0.01764083264730095 0.005714938850154304 0.06775228812552003 -0.13655589123867068 -0.26678247921578363 -0.4654136299705921 -0.35582196148450457 -0.24966974900924704 -0.10857461024498889 -0.10599855456516502 0.02700798496946923 -0.014152612336360426 0.1446480231436837 0.15782279110227412 -1.1583011583011584 -2.2164622581868754 -3.4737757892120307 -1.1548825869369945 -0.32721248101615347 -0.0394602851323829 0.036821475234588424 0.031078173559646188 -0.017281817059622263 -0.22785740536567434 -0.820269777615749 -0.6285785411999003 -0.9517861603797153 -0.5909571655208885 -0.12388360702967445 -0.25374427528159427 -0.10717136016417741 -0.07598956561188615 0.0035838012184924136 -0.3802236609770454 -1.9074587299674657 -1.6832051600099232 -2.177717525264974 -0.6207661042000245 -0.28770595690747774
-0.007401924500370097 0.05066426480522405 -0.00449236298292902 -0.04377375878355029 0.005859603890776983 -0.043662969081897554 -0.04398826979472141 -0.009700497150478963 -0.09962958232213566 -0.011013215859030832 -0.09734513274336282 -0.04158004158004158 -0.053037608486017365 -0.0657486664185585 -0.05646817248459959 -0.06947028904602406 -0.057083549558899827 -0.12284069097888677 -0.12180590493843506 -0.047879616963064295 -0.029221191716427397 -0.0530733152308072 -0.004821019645655056 -0.04896106997850489 -0.015149602322939026 -0.015228426395939094 -0.0489375402446877 -0.13073570879261726 -0.08867392180572349 -0.09503239740820735 -0.027425884811283795 0.03602305475504323 -0.012014898474107893 -0.05518763796909491 -0.032512192072027005 -0.05659614607195795 -0.057624736472241735 -0.17897388307039638 -0.10273972602739727 -0.08059873344847437 -0.03609642903184221 0.04074979625101875 6.938893903907229e-19 -0.023117167538630006 -0.04527101431542886 -0.018882175226586098 -0.1010617884098759 -0.038930703348040496 -0.1586671955573185 -0.029146021568055965 -0.06578947368421054 0.008232388568740447 0.009143902160246884 0.05943183168905266 -0.07975830815709971 -0.1575877900483931 -0.4053190129139496 -0.34179313863027677 -0.23117569352708062 -0.11414253897550113 -0.09877138039026741 0.02231094410521372 0.0023587687227267355 0.13018322082931535 0.17273518081272526 -0.4259559098268775 -1.7827791124035908 -3.4526472781506334 -1.138200949570127 -0.3589672787518983 -0.033095723014256624 0.047511580947856034 0.04422663160411188 -0.004937662017034929 -0.17640573318632857 -0.591809454368696 -0.580034851879512 -0.9043217586809893 -0.5737704918032788 -0.10947853644482859 -0.24136650575566287 -0.09463003078326301 -0.0487694227061359 0.020308206904790346 -0.26368452030606243 -1.3122062899144473 -1.538079880922848 -2.1543012077890067 -0.5862790984111343 -0.2839036755386565
-0.00616827041697508 0.04053141184417924 -0.013477088948787061 -0.04262181776293054 0.014063049337864758 -0.03894264810007079 -0.05131964809384164 -0.02788892930762702 -0.10218418699706219 -0.02753303964757709 -0.11125158027812894 -0.044025926378867555 -0.06750241080038573 -0.060786502915271066 -0.057751540041067764 -0.04093784890212131 -0.09989621172807474 -0.13307741522712732 -0.13901760889712694 -0.06155950752393981 -0.033032651505526624 -0.05060478894100222 -0.008436784379896348 -0.04776689754000477 -0.005049867440979673 0.025380710659898477 -0.06052801030264006 -0.132017431427839 -0.09673518742442563 -0.09647228221742261 -0.02611989029646076 0.025216138328530265 -0.014417878168929471 -0.05028207014961981 -0.013755158184319122 -0.030993127610834115 -0.07167955024595926 -0.19488267267665385 -0.1095890410958904 -0.09786989061600461 -0.0335181126724249 0.01979275817906625 -0.0058872012245378535 -0.0255505535953279 -0.024470818548880464 0.0037764350453172247 -0.13048484073173852 -0.060991435245263424 -0.16660055533518442 -0.05392013990090353 -0.06452429149797571 0.02469716570622133 0.00800091439021602 0.0760727445619874 -0.05438066465256798 -0.06948752947015759 -0.3311596982483059 -0.28567784721336564 -0.22192866578599735 -0.09883073496659242 -0.08190797398217298 0.029356505401597 0.027125840311357473 0.14344262295081966 0.19634646452093948 -0.016191306513887185 -1.3377165254773045 -3.3445190156599542 -1.1086872834595147 -0.3534447052326383 -0.04073319755600815 0.03682147523458843 0.04183600286875448 -0.0012344155042587316 -0.1298542202621585 -0.352412200753433 -0.5414488424197161 -0.8930801898576067 -0.5592279217345321 -0.12532411408815902 -0.22403762841935887 -0.08436894310796943 -0.023817625042531466 0.03464341177876 -0.14125956444967627 -0.5940474755994698 -1.3917142148350283 -2.105003697313286 -0.5505604138440694 -0.2712294043092522
0.0012336540833950166 0.04053141184417924 -0.01123090745732255 -0.03916599470107131 0.02695417789757413 -0.0059004012272834555 -0.059872922776148585 -0.02546380502000728 -0.0906884659598927 -0.02340308370044053 -0.12389380530973451 -0.05014063837593249 -0.06509161041465766 -0.04590001240540876 -0.06160164271047228 -0.01364594963404044 -0.12843798650752464 -0.1420345489443378 -0.13769363166953527 -0.0697674418604651 -0.02922119171642739 -0.03949642063687978 0.004821019645655056 -0.04418438022450442 0.006312334301224594 0.05456852791878173 -0.061815840309079204 -0.132017431427839 -0.08733037753593981 -0.09215262778977683 -0.014365939663053417 0.037223823246878 0.004805959389643158 -0.029433406916850625 0.006252344629235962 0.028298073035978977 -0.09697821503865073 -0.17632241813602015 -0.09726027397260276 -0.07484168105929764 -0.028361479953590302 0.01979275817906625 0.005887201224537855 -0.02068378148193211 -0.007341245564664141 0.04909365558912387 -0.15734936676474354 -0.06228912535686478 -0.1573449689276742 -0.04371903235208394 -0.06705465587044535 0.03175349876514171 0.008000914390216024 0.0713181980268632 -0.04229607250755287 -0.0049633949621541145 -0.23398542385884155 -0.22828720826425192 -0.20079260237780713 -0.08351893095768373 -0.06745362563237775 0.05519023015500234 0.041278452647717886 0.16875602700096431 0.21747234994407855 0.0983933241997758 -0.509546086736629 -3.098434004474273 -1.0509431541126653 -0.3120254038381885 -0.0420061099796334 0.03800926475828483 0.053789146545541476 0.0012344155042587318 -0.09922822491730983 -0.2223842508202698 -0.4418720438137914 -0.8343742193354984 -0.5142781597038605 -0.11235955056179774 -0.20547097413046173 -0.06384676775738227 -0.004536690484291709 0.048978616652729665 -0.10476751030017657 -0.20243402819616824 -1.0406846936244105 -2.0236628050283465 -0.5000615839389086 -0.25602027883396705
-0.002467308166790031 0.05629362756136006 -0.017969451931716084 -0.02419076143301463 0.019922653228641743 0.023601604909133822 -0.041544477028348 -0.00121256214380987 -0.0855792566100396 -0.012389867841409694 -0.1125158027812895 -0.034242387183563656 -0.05665380906460945 -0.032254062771368316 -0.06545174537987679 0.002481081751643717 -0.08822003113648157 -0.1343570057581574 -0.142989540579902 -0.04924760601915183 -0.030491678312793803 -0.03455936805726981 -0.001205254911413764 -0.03940769047050394 -0.003787400580734756 0.05964467005076142 -0.045074050225370255 -0.12560881825173031 -0.09001746607550719 -0.07487401007919367 -0.015671934177876455 0.04803073967339097 -0.0024029796948215774 -0.02207505518763797 -0.002500937851694388 0.04446840048510982 -0.03935347856640899 -0.17101948826726768 -0.09315068493150684 -0.06620610247553252 -0.028361479953590306 0.02444987775061125 1.3877787807814458e-18 -0.02068378148193211 -0.023247277621436434 0.04909365558912388 -0.11897147243187925 -0.05969374513366208 -0.1639561020758958 -0.023316817254444767 -0.059463562753036436 0.03292955427496178 0.005714938850154302 0.0736954712944253 -0.042296072507552865 -0.011167638664846756 -0.16366193581383454 -0.16451983165412573 -0.17437252311756934 -0.06403118040089087 -0.056612864370031324 0.062235791451385615 0.04717537445453472 0.1675506268081003 0.21622965080154094 0.12205754141238012 -0.24781894044759137 -2.2694506587124037 -0.9020916206852302 -0.2678448156841088 -0.030549898167006106 0.04632379142415964 0.04661726033946928 0.003703246512776201 -0.1041283841724856 -0.20780167699598975 -0.31989046552153344 -0.6732450662003499 -0.46536224219989436 -0.08210890233362142 -0.1856665428889714 -0.04674495496522631 0.014744244073948051 0.06092462071437103 -0.08122424955856386 -0.1831545969393903 -0.5532126023319277 -1.523293073699778 -0.4261608572484296 -0.20912547528517114
-0.016037503084135207 0.05291600990767845 -0.01796945193171608 -0.027646584494873866 0.01757881167233095 0.017701203681850363 -0.026881720430107524 -0.007275372862859222 -0.0855792566100396 -0.02064977973568282 -0.13653603034134004 -0.03546532958297664 -0.06750241080038574 -0.0446594715295869 -0.08726899383983573 0.0024810817516437143 -0.096004151530877 -0.12539987204094688 -0.15755329008341054 -0.05335157318741449 -0.06225384322195401 -0.03085657862256233 0.009642039291310111 -0.0429902077860043 -0.013887135462694105 0.05329949238578681 -0.06052801030264006 -0.11279159189951293 -0.11420126293161359 -0.07487401007919367 -0.03395585738539898 0.058837656099903934 -0.012014898474107891 -0.02452783909737552 -0.017506564961860697 0.043120873197682257 -0.026704146170063246 -0.16041362852976268 -0.10273972602739725 -0.0590097869890616 -0.05027716900863736 0.02212131796483875 -0.01412928293889085 -0.0255505535953279 -0.044047473387984835 0.04154078549848943 -0.1151336829985928 -0.06488450558006749 -0.17982282163162766 -0.024774118332847567 -0.08223684210526316 0.025873221216041402 0.009143902160246884 0.06299774159039581 -0.053172205438066465 -0.02109442858915498 -0.14704002045774198 -0.11478127789822726 -0.16380449141347425 -0.05846325167037862 -0.06384003854492894 0.06575857209957725 0.06368675551362188 0.1651398264223722 0.2174723499440785 0.14572175862498446 -0.1795422935895815 -1.4441958737260752 -0.722443218272809 -0.222283584150214 -0.045824847250509164 0.04276042285307043 0.04661726033946927 -0.003703246512776201 -0.1041283841724856 -0.20172560456920646 -0.2638785163057008 -0.5296027979015739 -0.39397144368059234 -0.06914433880726015 -0.19433098155712342 -0.025082658761828754 0.027220142905750255 0.06331382152669932 -0.07769276044732196 -0.15664537896132064 -0.3770776482262466 -1.0192260290855313 -0.3485650942234265 -0.16223067173637515
