-0.07620452310717797 -0.15483002356109057 0.05155216855317718 -0.04036908881199539 -0.028155795401220086 -0.05543760320830384 0.004889975550122253 -0.04843787842092516 0.061420345489443376 0.0068927488282326975 -0.0379218809252939 -0.09270553793608197 0.0311601150527325 -0.07168458781362007 0.020565552699228794 -0.06167509559639818 0.00912170966901225 0.0012815583749839804 -0.0013281976358082092 -0.04667764964305327 -0.11072928598701795 -0.13656496062992124 -0.15658618216590964 -0.14967925873129012 -0.10543491904104432 -0.05694760820045558 -0.10372099053545962 -0.06806215487350713 -0.04042581862282711 -0.07954874168354065 -0.20378837361201835 -0.4916067146282973 -1.0302740217781499 -0.22818791946308722 -0.12689723811893505 0.03763440860215054 0.03222642566904862 -0.031741833090860996 0.012412081092263138 -0.010115606936416183 -0.1660612350804359 -0.33070317939197025 -0.2884839990656388 -0.19184362934362933 -0.044886570423389546 -0.1437397553902408 0.07960965588084232 -0.05308817816910527 0.10575635876840699 -0.05141010575793183 -0.2512690355329949 -0.9983614232209739 -0.3925572952121624 -0.13680858591815076 -0.09458812260536399 -5.551115123125783e-18 -0.08669046404895461 -0.033091510754740996 0.021194860246390244 -0.07152875175315568 -0.15358771298296137 -0.1653084982537835 -0.08519080406115066 -0.08604206500956023 -0.07748124461935801 0.006191950464396287 0.024014155712841254 -0.0012448649321548633 0.06562861922532492 -0.01664816870144284 -0.057135601828339266 -0.17800679236444547 0.030588235294117656 -0.06831767719897523 0.037911214381802616 -0.1459498905375821 -0.0012400793650793635 -0.06243756243756245 0.09250693802035151 -0.049440162861712954 -0.04088712675009292 -0.05176682421787081 0.08546047453052963 -0.07353813308029888 -0.008215962441314553 0.04937974226183309 -0.05305367057371992 0.013531799729364002 0.0012319822594554636 -0.04630225080385852
-0.08357915437561456 -0.19185459441265568 0.052672867869550596 -0.03806228373702423 -0.05044580009385265 -0.06487379098844068 -0.03300733496332518 -0.06054734802615645 0.03198976327575176 -0.0068927488282327 -0.03160156743774491 -0.15247621371066114 0.031160115052732494 -0.0803361759980225 0.02442159383033419 -0.08264462809917357 0.01563721657544957 -0.02434960912469563 -0.0026563952716164175 -0.06315211422295443 -0.13363879343260787 -0.16978346456692914 -0.19483624193162802 -0.1888809693513899 -0.1405798920547257 -0.07846114907618325 -0.13872682484117724 -0.0950301785026326 -0.05659614607195797 -0.10992189759907434 -0.21685173089483997 -0.6211031175059952 -1.730285987794663 -0.44661378889566805 -0.20154267230654394 -0.012096774193548404 -0.0028022978842650982 -0.07009654807565138 -0.022065921941801132 -0.044797687861271675 -0.18552153606642446 -0.37015548851241586 -0.4111188974538659 -0.2763030888030888 -0.08734683974281207 -0.16895725633589712 0.0654853620955316 -0.06603651430791144 0.10040160642570281 -0.06609870740305523 -0.2982233502538071 -1.5344101123595504 -0.987066031313819 -0.21464795376813303 -0.16163793103448276 -0.02109704641350211 -0.13768485466598673 -0.050910016545755374 -0.018545502715591473 -0.08274894810659186 -0.15358771298296137 -0.239813736903376 -0.20305753296767418 -0.12308795411089865 -0.10207846513343992 -0.01114551083591331 0.00505561172901921 -0.006224324660774308 0.0488997555012225 -0.022197558268590455 -0.06856272219400711 -0.18971776554631686 -0.029411764705882353 -0.07075759424179578 0.026904732787085724 -0.1617611286791535 -0.017361111111111112 -0.07242757242757245 0.0726840227302762 -0.053802530173040576 -0.05699417668194771 -0.08215169930227324 0.07421567525019677 -0.04863005574664926 -0.021126760563380278 0.051788510177044444 -0.06785934608266501 0.008611145282322546 -0.0036959467783663894 -0.05144694533762058
-0.09341199606686335 -0.21878155503197577 0.0459486719713101 -0.04382929642445214 -0.0680431722196152 -0.0743099787685775 -0.05012224938875306 -0.06296924194720271 0.0038387715930902093 -0.012406947890818861 -0.0328656301352547 -0.19272993413027567 0.028763183125599234 -0.07415647015202077 0.032133676092544985 -0.0949796472184532 0.016940317956737037 -0.02434960912469563 -0.009297383450657457 -0.06315211422295443 -0.14763904798269062 -0.20423228346456695 -0.22950035859431028 -0.2601568068424804 -0.16819379942261828 -0.10756770437863832 -0.16595358485673536 -0.10787209451650186 -0.0646813097965234 -0.11570726063060457 -0.23122142390594386 -0.6774580335731415 -2.433887758765107 -0.9481391092129346 -0.2649912913660114 -0.06989247311827958 -0.02101723413198823 -0.10448353392408412 -0.044131843883602265 -0.06502890173410404 -0.20108977685521534 -0.40612671153399854 -0.5302499416024293 -0.43074324324324326 -0.12738080795826762 -0.19921825747068467 0.05906522855675399 -0.07510034960507575 0.0923694779116466 -0.07050528789659224 -0.3210659898477157 -1.7532771535580527 -1.577036532788745 -0.38565868616582144 -0.21551724137931036 -0.06577314470091834 -0.17465578786333502 -0.0827287768868525 -0.05431182938137502 -0.09957924263674614 -0.1655867530597552 -0.30151338766006985 -0.3746061384058817 -0.20434990439770556 -0.14758332308449146 -0.045820433436532505 -0.024014155712841257 -0.02987675837171667 0.02187620640844164 -0.034683684794672584 -0.08125952260030472 -0.18854666822812974 -0.08823529411764705 -0.07563742832743688 0.008560596795890912 -0.1690586232060326 -0.034722222222222224 -0.06618381618381619 0.05550416281221091 -0.04944016286171297 -0.06566720356833107 -0.12716632905694353 0.0359833576970651 -0.03676906654014945 -0.02816901408450704 0.028905214982536436 -0.09500308451573104 -0.006150818058801822 -0.02833559196747567 -0.0617363344051447
-0.09095378564405114 -0.21878155503197577 0.032500280174829095 -0.07843137254901962 -0.05513843266072267 -0.06605331446095777 -0.035452322738386305 -0.0581254541051102 0.01791426743442099 -0.015164047422111939 -0.04045000632031348 -0.18785069529153453 0.002396931927133272 -0.12359411692003461 0.050128534704370176 -0.07524361662760579 0.013031013812874642 0.0012815583749839793 -0.009297383450657457 -0.0384404173531027 -0.15909380170548557 -0.22268700787401574 -0.2629691608893139 -0.2862912805892136 -0.23848374544998116 -0.14806378132118453 -0.19577336963568 -0.12456658533453191 -0.08354669182050938 -0.12872432745154758 -0.23514043109079036 -0.6942446043165467 -2.4614095967452436 -1.2275777913361805 -0.923115202786763 -0.23655913978494625 -0.07145859604876 -0.1573865890755191 -0.05378568473314026 -0.10838150289017341 -0.20108977685521534 -0.4235321420283128 -0.5536089698668536 -0.4898648648648648 -0.31663229406769383 -0.2761316353549363 0.038520801232665644 -0.09322802019940438 0.0896921017402945 -0.08372502937720329 -0.35152284263959394 -1.7602996254681649 -1.7018379850238259 -1.092109918622479 -0.3879310344827586 -0.14519731943410275 -0.2320244773074962 -0.10182003309151075 -0.09537687110875612 -0.10378681626928472 -0.16558675305975518 -0.31315483119906873 -0.44579297467615825 -0.4804015296367113 -0.24597220514081908 -0.08544891640866872 -0.051820020222446916 -0.03734594796464584 -0.006434178355424011 -0.049944506104328525 -0.08379888268156424 -0.18971776554631692 -0.10117647058823528 -0.10979626692692449 0.0036688271982389608 -0.1617611286791535 -0.03968253968253968 -0.05494505494505494 0.04361041363816572 -0.04071542823905772 -0.08177425350018584 -0.12716632905694353 -5.551115123125783e-18 -0.07828252876289883 -0.01056338028169014 0.03613151872817054 -0.0999383096853794 6.938893903907229e-19 -0.03695946778366392 -0.05787781350482316
-0.08726647000983286 -0.21990351172444744 0.021293287011094918 -0.11649365628604383 -0.05161895823557015 -0.06369426751592358 -0.037897310513447434 -0.06296924194720271 0.0038387715930902114 -0.030328094844223875 -0.0341296928327645 -0.19516955354964627 -0.0023969319271332683 -0.192806822395254 0.061696658097686374 -0.07647711853953373 0.01563721657544957 0.007689350249903884 -0.007969185814849249 -0.0343218012081274 -0.1616393025327733 -0.2251476377952756 -0.27731293330145823 -0.32192919933475883 -0.26860800803313667 -0.19362186788154898 -0.2191105925061584 -0.14896622576088353 -0.09702196469478508 -0.1460804165461383 -0.23644676681907253 -0.7158273381294964 -2.463802800047864 -1.2873703477730323 -1.7168449863150037 -0.5887096774193548 -0.14571948998178508 -0.24599920645417273 -0.08964280788856709 -0.1632947976878613 -0.19460300985988582 -0.4502204687862613 -0.578135949544499 -0.5260617760617761 -0.5519835011524931 -0.4186105156978943 -0.0064201335387776 -0.13077819500194227 0.06693440428380186 -0.11457109283196239 -0.36421319796954316 -1.7626404494382022 -1.729067392784207 -1.4235169241655856 -0.7998084291187739 -0.2866716306775875 -0.30086690464048954 -0.1552755504645539 -0.13776659160153665 -0.13183730715287517 -0.1667866570674346 -0.3282887077997672 -0.4831368887851558 -0.6178298279158699 -0.45873816258762756 -0.17089783281733747 -0.09100101112234579 -0.08091622059006598 -0.03345772744820486 -0.0804661487236404 -0.08125952260030472 -0.19908654409181406 -0.11647058823529413 -0.11711601805538611 -0.04035709918062859 -0.15567988324008758 -0.04712301587301587 -0.07367632367632368 0.027752081406105456 -0.059619019921477404 -0.08673026886383348 -0.13504388926401079 -0.01911615877656584 -0.12335428774759816 -0.015258215962441313 0.028905214982536436 -0.10487353485502778 -0.029523926682248736 -0.04311937908094124 -0.07459807073954983
-0.07497541789577189 -0.21092785818467408 0.02801748290933543 -0.1453287197231834 -0.0656968559361802 -0.05425807973578674 -0.023227383863080688 -0.06296924194720271 0.019193857965451054 -0.027570995312930797 -0.015168752370117555 -0.19882898267870214 0.01198465963566634 -0.24100852799406747 0.03598971722365039 -0.06167509559639818 0.027365129007036748 -0.00256311674996796 0.006640988179041044 -0.026084568918176832 -0.15273004963726616 -0.22760826771653547 -0.26775041836002866 -0.359942979330007 -0.26484247521024223 -0.24930397367754997 -0.2242966420329314 -0.1823552073969436 -0.09028432825764723 -0.17356089094590685 -0.22077073807968653 -0.7182254196642686 -2.4518367835347616 -1.3398413666870044 -2.2306543916397112 -0.9327956989247312 -0.24379991593106348 -0.31874090728739585 -0.1130878499517308 -0.19653179190751446 -0.17773741567202905 -0.46994662334648407 -0.589815463676711 -0.5622586872586872 -0.6963484168385297 -0.5673937712772664 -0.05778120184899845 -0.17609737148776383 0.05756358768406962 -0.13513513513513514 -0.3578680203045685 -1.7638108614232209 -1.7324710687542548 -1.7407713173723316 -1.4427681992337167 -0.4231819310002482 -0.3658847526772055 -0.21000381825124093 -0.14968870049013114 -0.16409537166900418 -0.13918886489080873 -0.3480791618160652 -0.4749679075738126 -0.6644359464627152 -0.8030992497847744 -0.30835913312693497 -0.10743174924165824 -0.11950703348686668 -0.027023549092780853 -0.09017758046614871 -0.055865921787709494 -0.20025764141000119 -0.0976470588235294 -0.12809564474807855 -0.08193714076067019 -0.14959863780102164 -0.02232142857142857 -0.07242757242757243 0.05550416281221092 -0.06543550966991421 -0.061950192045595334 -0.14629754670267836 -0.010120319352299567 -0.1387735737160479 -0.03990610328638498 0.031313982897747804 -0.08389882788402221 -0.0479763808586542 -0.023407662929653815 -0.0797427652733119
-0.06391347099311702 -0.20083024795242904 0.04034517538944302 -0.16147635524798157 -0.09150633505396527 -0.042462845010615716 -0.0097799511002445 -0.061758294986679584 0.029430582213691613 -0.023435346015991176 -0.008848438882568577 -0.18297145645279336 0.02876318312559924 -0.2496601161784699 -0.01542416452442159 -0.020969532502775397 0.04039614281991139 -2.0816681711721684e-18 0.0159383716296985 -0.026084568918176832 -0.12854779177803233 -0.2214566929133858 -0.26057853215395643 -0.3694464243288191 -0.2886908497552404 -0.27841052898000507 -0.24244781537663687 -0.18877616540387826 -0.09702196469478508 -0.17356089094590685 -0.21032005225342915 -0.7170263788968824 -2.421921742252004 -1.3410616229408174 -2.348842995770092 -1.5577956989247312 -0.42174583158189716 -0.3782568443327602 -0.15032409322852022 -0.21098265895953755 -0.1582771146860405 -0.4537015548851242 -0.5804718523709413 -0.5803571428571428 -0.7230377289821666 -0.8321775312066574 -0.15408320493066255 -0.2071733782208986 0.0495314591700134 -0.14982373678025854 -0.3451776649746193 -1.7567883895131087 -1.7256637168141598 -1.8103549946927704 -1.9252873563218391 -0.6403574087862993 -0.4576746557878633 -0.2596410843833524 -0.16558484567492382 -0.18513323983169702 -0.11399088072954162 -0.359720605355064 -0.4656319290465631 -0.7050669216061186 -1.0724388144139712 -0.4458204334365325 -0.15925176946410516 -0.15809784638366736 -0.029597220434950455 -0.09988901220865704 -0.04443880142204164 -0.18152008431900693 -0.08823529411764705 -0.12931560326948882 -0.09294362235538706 -0.13135490148382387 -0.0024801587301587296 -0.06743256743256744 0.06871943967226113 -0.07706848916678784 -0.052038161318300094 -0.14179608372721134 -9.020562075079397e-18 -0.1458901672399478 -0.07511737089201878 0.04817535830422739 -0.06785934608266503 -0.05412719891745603 -0.012319822594554641 -0.08102893890675242
-0.0712881022615536 -0.19297655110512735 0.035862378123949344 -0.16147635524798157 -0.1337400281557954 -0.04953998584571834 -0.023227383863080688 -0.06054734802615645 -0.0038387715930902123 -0.01929969671905156 0.001264062697509795 -0.1658941205171993 0.027564717162032605 -0.2496601161784699 -0.051413881748071974 -5.551115123125783e-18 0.06385196768308574 -0.008970908624887863 0.007969185814849247 -0.035694673256452494 -0.13236604301896399 -0.2079232283464567 -0.2581879034185991 -0.3706343549536707 -0.3276013555918162 -0.2733485193621868 -0.2891222611175937 -0.20161808141774756 -0.12666756501819162 -0.17066820943014177 -0.18419333768778576 -0.7014388489208632 -2.409955725738901 -1.3276388041488711 -2.38740980343369 -2.297043010752688 -0.853299705758722 -0.4390953577569105 -0.21100537856847335 -0.2297687861271676 -0.1362221069019201 -0.43397540032490134 -0.5769679981312776 -0.5888030888030887 -0.7497270411258037 -1.1637876686420374 -0.4673857216230097 -0.26673572445940696 0.004016064257028112 -0.17332549941245595 -0.3401015228426395 -1.711142322097378 -1.7313365100975724 -1.8221488383064037 -2.071360153256705 -1.0436832961032514 -0.6374298827129016 -0.31946035382461496 -0.22916942641409457 -0.19074333800841514 -0.1019918406527478 -0.34807916181606513 -0.48196989146924957 -0.7086520076481836 -1.1671381133931864 -0.7455108359133127 -0.2856420626895854 -0.2116270384663264 -0.08364431862051216 -0.12486126526082131 -0.03809040121889283 -0.17449350040988412 -0.08588235294117648 -0.12931560326948885 -0.09416656475480004 -0.16540987594259304 0.026041666666666668 -0.07242757242757243 0.05814721818422096 -0.08288497891522464 -0.054516169000123904 -0.13391852352014402 0.003373439784099845 -0.13521527695409796 -0.09272300469483567 0.037335902685776225 -0.05058605798889575 -0.04551605363513348 -0.018479733891831957 -0.055305466237942136
-0.0688298918387414 -0.19858633456748573 0.03698307744032277 -0.1776239907727797 -0.1349131862975129 -0.1061571125265393 -0.025672371638141806 -0.07628965851295713 -0.01151631477927063 -0.0413564929693962 0.0025281253950195912 -0.16345450109782872 0.015580057526366254 -0.25460388085527136 -0.05655526992287917 -0.04440606882940669 0.10033880635913475 -0.0012815583749839828 0.0013281976358082038 -0.028830313014827014 -0.11454753722794957 -0.18946850393700787 -0.24384413100645466 -0.3646947018294132 -0.31379440190786995 -0.27841052898000507 -0.2787501620640477 -0.22216514703993834 -0.11858240129362621 -0.16632918715649408 -0.16459830176355325 -0.6774580335731415 -2.377647481153524 -1.3190970103721782 -2.3986066185618315 -2.635752688172043 -1.4585960487599834 -0.571352995635498 -0.26617018342297616 -0.26300578034682076 -0.11676180591593151 -0.4235321420283128 -0.5769679981312776 -0.6069015444015443 -0.7824821060293581 -1.2999621737485814 -0.963020030816641 -0.35996374465881137 -0.06559571619812583 -0.190951821386604 -0.3058375634517766 -1.67251872659176 -1.7324710687542548 -1.8363014506427646 -2.108477011494253 -1.5922065028543062 -1.0020397756246813 -0.4021891307114675 -0.2887799708570672 -0.20056100981767178 -0.08399328053755702 -0.34109429569266586 -0.4948068619442175 -0.7122370936902485 -1.1818964457016357 -1.2408668730650156 -0.6357431749241658 -0.28756379932777293 -0.13769141680607386 -0.158157602663707 -0.027932960893854754 -0.17449350040988407 -0.09058823529411766 -0.13785531291936076 -0.09661244955362602 -0.19946485040136222 0.04836309523809525 -0.06743256743256744 0.05946874587022598 -0.09451795841209829 -0.05079915747738818 -0.13391852352014402 -0.011244799280332849 -0.12928478235084803 -0.09741784037558684 -0.002408767915211363 -0.06909315237507713 -0.03813507196457129 -0.027103609708020206 -0.03858520900321545
-0.06637168141592918 -0.20531807472231572 -0.011206993163734174 -0.1695501730103806 -0.1384326607226654 -0.12620901155933004 -0.03545232273838631 -0.05933640106563333 -0.02303262955854126 -0.0413564929693962 0.008848438882568576 -0.16467431080751402 -0.05992329817833173 -0.2546038808552713 -0.05526992287917738 -0.09744665104230912 0.1394318477977587 0.0038446751249519412 0.0013281976358082066 -0.026084568918176825 -0.1056382843324424 -0.15871062992125984 -0.18407841262251973 -0.3587550487051556 -0.30375298104681814 -0.3100480890913692 -0.2774536496823544 -0.24014382945935533 -0.12397251044333649 -0.1590974833670813 -0.13455258001306336 -0.5995203836930456 -2.14789996410195 -1.2812690665039659 -2.371236626026375 -2.739247311827957 -1.8551211993834946 -0.8424811532866023 -0.3075437870638533 -0.3005780346820809 -0.09989621172807472 -0.35739150614991877 -0.4858677879000233 -0.5936293436293436 -0.7752032027174571 -1.3226579245996724 -1.2763225475089883 -0.5723164573352324 -0.13253012048192772 -0.2217978848413631 -0.2360406091370558 -1.550795880149813 -1.6451100521896982 -1.8327632975586745 -2.120450191570881 -1.8565400843881856 -1.560428352881183 -0.5409189257986509 -0.34044244270764346 -0.22861150070126227 -0.05639548836093113 -0.30733410942956924 -0.49130586999649906 -0.6871414913957936 -1.175747140573115 -1.5120743034055728 -1.3561678463094033 -0.4045811029503299 -0.2007463646892292 -0.17203107658157604 -0.029202640934484513 -0.15458484600070266 -0.15764705882352942 -0.1341954373551299 -0.08927479515714809 -0.17757236682072491 0.040922619047619055 -0.02622377622377623 0.08325624421831637 -0.09160971353787989 -0.04088712675009293 -0.1417960837272113 -0.08096255481839651 -0.13047088127149803 -0.09624413145539905 -0.016861375406479577 -0.10857495373226404 -0.02091278139992619 -0.02463964518910928 -0.029581993569131836
-0.04178957718780728 -0.16604959048580725 -0.00896559453098734 -0.15340253748558247 -0.11496949788831531 -0.1132342533616419 -0.047677261613691936 -0.04843787842092516 0.0038387715930902123 -0.03584229390681003 0.02148906585766654 -0.11344230300073188 -0.06951102588686481 -0.24100852799406747 -0.05012853470437019 -0.09497964721845319 0.11597602293458431 0.03460207612456748 0.01992296453712312 -0.020593080724876443 -0.08654702812778416 -0.11934055118110234 -0.10877360745876163 -0.32549299120931335 -0.2736287184636626 -0.30751708428246005 -0.2722676001555815 -0.25683832027738535 -0.1266675650181916 -0.17356089094590688 -0.0992815153494448 -0.2985611510791367 -1.4084001435921982 -1.1580231848688225 -2.3177407315252547 -2.7419354838709675 -2.248844052122741 -1.310673191376802 -0.3682250724038064 -0.31358381502890176 -0.07265179034769072 -0.292411232304479 -0.34571361831347824 -0.5369208494208494 -0.741234987261919 -1.3087882990795614 -1.5703646635850026 -0.975009711252104 -0.18206157965194109 -0.23648648648648649 -0.1852791878172589 -0.7771535580524345 -1.378488767869299 -1.7985611510791368 -2.1108716475095783 -1.9235542318193102 -2.1009688934217237 -0.7394679903270969 -0.37620876937342695 -0.26367461430575034 -0.013198944084473242 -0.2479627473806752 -0.4154510444625978 -0.6668260038240917 -1.1462304759562167 -1.5690402476780188 -2.051314459049545 -0.6660027387028509 -0.23806459915068845 -0.22058823529411767 -0.008887760284408328 -0.12413631572783697 -0.11882352941176473 -0.1171160180553861 -0.06848477436712731 -0.138652396010703 0.0496031746031746 0.026223776223776217 0.12025901942645698 -0.07416024429256943 -0.023541072977326227 -0.09227999099707404 -0.07983807489036322 -0.1055628039378484 -0.08333333333333333 0.008430687703239795 -0.09623689080814313 0.011071472505843269 0.004927929037821856 -0.0025723472668810255
-0.030727630285152407 -0.13575675978907215 -0.013448391796481007 -0.1510957324106113 -0.09971844204598776 -0.1132342533616419 -0.06356968215158924 -0.07628965851295715 0.021753039027511197 -0.04135649296939619 0.022753128555176336 -0.056111246645523305 -0.062320230105465 -0.22988505747126436 -0.047557840616966586 -0.08264462809917356 0.04691164972634872 0.0525438933743432 0.02922034798778058 -0.010982976386600769 -0.07000127275041365 -0.0812007874015748 -0.07530480516375807 -0.27678783559040154 -0.24350445588050706 -0.296127562642369 -0.3085699468429924 -0.2427122126621292 -0.1361002560301846 -0.1750072317037894 -0.08883082952318747 -0.17146282973621102 -0.7131745841809263 -0.9225137278828553 -2.259268474744961 -2.720430107526882 -2.3665405632618755 -1.7735749239518583 -0.4840711625982623 -0.34537572254335264 -0.06746237675142709 -0.26340218148062194 -0.24760569960289652 -0.45608108108108114 -0.719398277326216 -1.2848316731811877 -1.6615305598356447 -1.4359704777936035 -0.3159303882195449 -0.2717391304347826 -0.14847715736040612 -0.23642322097378282 -0.7941910596777854 -1.7313362424814251 -2.083333333333333 -1.9744353437577562 -2.4515553289138197 -1.0576555937380678 -0.4199231686316069 -0.30715287517531553 -0.004799616030717542 -0.18626309662398138 -0.2987513128719804 -0.6226099426386232 -1.1167138113393187 -1.5950464396284831 -2.613751263902932 -1.2523341217477904 -0.31527473941577655 -0.26775804661487235 1.3877787807814458e-18 -0.11476753718233985 -0.057647058823529426 -0.11711601805538607 -0.05747829277241042 -0.1167599124300657 0.05828373015873015 0.022477522477522476 0.14933262851856746 -0.07706848916678784 -0.004956015363647628 -0.05064145847400405 -0.06072191611379739 -0.11979599098564817 -0.07159624413145539 0.006021919788028423 -0.08883405305367058 -0.00984130889408292 0.023407662929653815 0.015434083601286175
-0.030727630285152414 -0.10546392909233701 -0.014569091112854426 -0.14648212226066895 -0.09502580947911779 -0.10615711252653928 -0.07212713936430318 -0.11746185517074352 0.039667306461932186 -0.04135649296939619 0.022753128555176336 -0.02317638448402049 -0.06471716203259828 -0.2385366456556668 -0.05655526992287918 -0.07647711853953373 0.0013031013812874691 -0.006407791874919899 0.02922034798778058 -0.015101592531576058 -0.05600101820033092 -0.049212598425196846 -0.03944537413339708 -0.21145165122356852 -0.22091125894314048 -0.2670210073399139 -0.32672112018669786 -0.26325927828432 -0.1414903651798949 -0.1778999132195545 -0.07838014369693012 -0.11151079136690648 -0.014359219815723342 -0.429530201342282 -2.204528489674048 -2.692204301075269 -2.408575031525851 -2.0089935193757436 -0.6854227003171977 -0.3930635838150289 -0.06616502335236119 -0.2564400092828962 -0.14716187806587247 -0.32215250965250963 -0.695135266286546 -1.2659185474719457 -1.6833590138674883 -1.6988217014113687 -0.6720214190093708 -0.3716216216216216 -0.14086294416243655 -0.019897003745318352 -0.22577717267982753 -1.5968864252860007 -2.0677681992337162 -1.9967733929014642 -2.604538500764916 -1.3796614483899705 -0.504702609617168 -0.34221598877980364 0.004799616030717542 -0.13504074505238647 -0.14237367254055314 -0.5413479923518164 -1.0773582585167876 -1.5975232198142417 -2.7982810920121333 -2.0863936262915472 -0.44138463518208726 -0.3204772475027747 0.002539360081259521 -0.12062302377327556 -0.01294117647058823 -0.11345614249115528 -0.04647181117769353 -0.09365117976161519 0.07068452380952381 -0.013736263736263738 0.1757631822386679 -0.08143085647811546 -0.007434023045471441 -0.006752194463200539 -0.03148543798493197 -0.14114577155734787 -0.07629107981220656 0.02649644706732507 -0.06662553979025293 -0.029523926682248746 0.03572748552420845 0.047588424437299034
-0.029498525073746312 -0.09873218893750701 0.0033620979491202504 -0.10034602076124566 -0.10675739089629284 -0.10851615947157348 -0.08679706601466994 -0.1162509082102204 -0.0038387715930902123 -0.04687069203198235 0.024017191252686143 -0.018297145645279334 -0.04074784276126558 -0.1829192930416512 -0.07583547557840618 -0.08757863574688542 -0.0026062027625749274 -0.03588363449955145 -0.029220347987780577 -0.03706754530477759 -0.053455517373043146 -0.02952755905511812 -0.02151565861821659 -0.18412924685198384 -0.15815237856156644 -0.22779043280182237 -0.3189420458965383 -0.2825221523051239 -0.210214256838701 -0.19959502458779282 -0.06139777922926193 -0.08992805755395684 0.026325236328826128 -0.15009151921903602 -1.5376959442647427 -2.555107526881721 -2.36373826537761 -2.007670942996958 -0.7392083850503379 -0.4436416184971098 -0.06357031655422937 -0.24947783708517055 -0.13197850969399672 -0.2738899613899614 -0.5107363823850539 -1.1915269196822595 -1.6551104262968668 -1.7104752039362943 -0.9745649263721553 -0.6742068155111633 -0.12690355329949238 -0.01404494382022472 -0.1191286589516678 -0.9199198018634274 -1.9312739463601531 -1.970712335567138 -2.6733809280979095 -1.4432989690721647 -0.6437938799841039 -0.426367461430575 0.013198944084473242 -0.1268917345750873 -0.08519080406115066 -0.26051625239005743 -0.9912679867175009 -1.5801857585139318 -2.8614762386248733 -2.182248226067472 -0.8982112984171919 -0.41759156492785793 0.008887760284408328 -0.12296521840964987 -0.0058823529411764705 -0.07441746980602659 -0.04280298397945457 -0.07419119435660423 0.10292658730158728 0.004995004995004998 0.09647152107836657 -0.11342155009451796 -0.008673026886383347 -0.005626828719333783 -0.00787135949623299 -0.09607401257264855 -0.09976525821596242 0.025292063109719386 -0.06909315237507711 -0.029523926682248746 0.02094369841074289 0.04372990353697749
-0.029498525073746312 -0.1032200157073937 0.012327692480107587 -0.05882352941176472 -0.10793054903801033 -0.10969568294409057 -0.08557457212713937 -0.11746185517074352 0.001279590531030067 -0.06341328921974083 0.029073442042725335 -0.017077335935594046 -0.02516778523489933 -0.12977382276603636 -0.07969151670951158 -0.09497964721845317 -0.0026062027625749266 -0.0525438933743432 -0.03851773143843803 -0.06040637012630423 -0.04709176530482372 -0.02583661417322835 -0.007171886206072196 -0.15799477310525065 -0.11422116229446466 -0.19362186788154898 -0.29041877349928696 -0.2863747271092847 -0.21156178412612858 -0.2256291582296789 -0.03527106466361856 -0.0695443645083933 0.03709465119061865 -0.08297742525930446 -0.7315252550385667 -2.220430107526882 -2.29227966932885 -1.9494775823303798 -0.7378292649289755 -0.4494219653179191 -0.06097560975609756 -0.24251566488744486 -0.10628357860313009 -0.25699806949806947 -0.2753851753002547 -1.0553524145757156 -1.6050333846944018 -1.6781043635892785 -1.028112449799197 -0.7975910693301997 -0.11294416243654823 -0.01053370786516854 -0.08963013387792149 -0.6321500176907654 -1.533764367816092 -1.8950111690245717 -2.6963284038755737 -1.47766323024055 -0.6808848854152869 -0.48807854137447404 0.029997600191984643 -0.12107101280558785 -0.05834986579530867 -0.12428298279158698 -0.7846513343992129 -1.5331269349845198 -2.8867542972699693 -2.254450392132454 -1.023034358512418 -0.5077691453940066 0.02793296089385474 -0.12296521840964987 0.00823529411764706 -0.07319751128461634 0.012229423994129868 -0.06081245439065922 0.15252976190476192 0.03996003996003996 0.10572221488040172 -0.1366875090882652 -0.003717011522735724 -0.009002925950934052 0.01911615877656584 -0.06760763847704898 -0.08450704225352111 0.022883295194508012 -0.05305367057371992 -0.012301636117603643 0.03572748552420845 0.05401929260450161
-0.027040314650934122 -0.10434197239986535 0.02577608427658859 -0.03344867358708189 -0.08446738620366026 -0.12502948808681288 -0.08801955990220049 -0.12351658997335917 -0.003838771593090211 -0.06203473945409428 0.008848438882568577 -0.002439619419370577 -0.039549376797698946 -0.07415647015202077 -0.06298200514138819 -0.10731466633773283 -0.024758926244461802 -0.04100986799948737 -0.07969185814849249 -0.07276221856123008 -0.05472826778668703 -0.018454724409448817 0.0011953143676786987 -0.12235685435970538 -0.10920045186393874 -0.13414325487218426 -0.2865292363542072 -0.24913317066906376 -0.23716480258725242 -0.20104136534567543 -0.0378837361201829 -0.05155875299760193 0.04188105779585975 -0.025625381330079317 -0.21647175914406575 -1.901881720430108 -2.204007285974499 -1.8992196799365169 -0.7433457454144257 -0.44364161849710976 -0.0700570835495589 -0.2251102343931306 -0.0922681616444756 -0.23889961389961387 -0.14315176513405314 -0.916656159374606 -1.55110426296867 -1.6405541887867408 -1.0629183400267739 -0.8269682726204465 -0.11928934010152285 -1.3877787807814458e-18 -0.08282278193782619 -0.33612454298856004 -0.9303160919540231 -1.8118639861007693 -2.726925038245793 -1.487845233549701 -0.7272486422042654 -0.5077138849929874 0.028797696184305256 -0.10477299185098951 -0.04901388726805929 -0.0788718929254302 -0.43660066412495385 -1.4253869969040247 -2.909504550050556 -2.2818374206398606 -1.0912366490799124 -0.5493895671476137 0.017775520568816656 -0.11593863450052702 -0.001176470588235294 -0.06587776015615471 0.0501406383759325 -0.048649963512527365 0.15376984126984125 0.061188811188811185 0.07664860578829126 -0.1323251417769376 -0.026019080659150047 -0.0033760972316002696 0.020240638704599127 -0.049816154667299245 -0.06338028169014083 0.007226303745634111 -0.0727945712523134 -0.0024603272235207275 0.0012319822594554664 0.06559485530546624
-0.0344149459193707 -0.1144395826321104 0.014569091112854421 -0.024221453287197228 -0.0598310652275927 -0.1533380514272234 -0.097799511002445 -0.13199321869702108 -0.012795905310300707 -0.06754893851668045 0.003792188092529391 -0.012198097096852888 -0.05033557046979866 -0.06921270547521938 -0.010282776349614393 -0.16528925619834714 -0.040396142819911385 -0.06407791874919902 -0.09031743923495816 -0.09060955518945633 -0.059819269441262576 -0.011072834645669292 -0.007171886206072198 -0.10810168686148729 -0.07782101167315174 -0.1088332067830929 -0.2580059639569558 -0.24913317066906376 -0.23581727529982482 -0.21261209140873588 -0.024820378837361205 -0.03237410071942445 0.03829125284192893 -0.013422818791946308 -0.0858422493157502 -1.299731182795699 -2.0400728597449906 -1.8568972358153684 -0.7267963039580747 -0.4552023121387284 -0.07394914374675662 -0.22278951032722208 -0.10044382153702407 -0.2183880308880309 -0.11767560354239963 -0.6594376497289118 -1.440677966101695 -1.6120678492813671 -1.0669344042838018 -0.8372502937720329 -0.11548223350253808 0.02106741573033708 -0.08963013387792149 -0.2877697841726619 -0.4825191570881227 -1.6492926284437828 -2.7243753187149413 -1.5005727376861395 -0.7524175387468539 -0.5301542776998598 0.02279817614590833 -0.08265424912689176 -0.05484887384759014 -0.03107074569789675 -0.1770999877013897 -1.31640866873065 -2.904448938321537 -2.2917963400970995 -1.1362758975678804 -0.574361820199778 0.002539360081259523 -0.12413631572783697 -0.018823529411764704 -0.06465780163474441 0.0489176959765195 -0.05594745803940647 0.15376984126984128 0.07117882117882118 0.060790273556231025 -0.13523338665115603 -0.026019080659150047 -0.007877560207067298 0.007871359496232995 -0.04507175898469932 -0.026995305164319257 -0.021678911236902316 -0.08389882788402223 -0.008611145282322546 -0.004927929037821856 0.05787781350482316
-0.0368731563421829 -0.09648827555256367 0.011206993163734169 -0.00922722029988466 -0.0340215861098076 -0.12974758197688135 -0.1136919315403423 -0.12351658997335917 -0.012795905310300703 -0.06203473945409428 -0.007584376185058778 -0.012198097096852888 -0.05153403643336529 -0.05685329378321591 0.014138817480719792 -0.18132478105341066 -0.08079228563982277 -0.065359477124183 -0.10359941559304024 -0.08923668314113124 -0.05218276695939926 -0.00861220472440945 -0.007171886206072196 -0.08434307436445712 -0.0376553282289444 -0.10630220197418376 -0.21262803059769225 -0.24014382945935533 -0.22503705700040424 -0.2270754989875615 -0.019595035924232528 -0.010791366906474814 0.04906066770372143 -0.0061012812690665035 -0.0460313510823588 -0.5591397849462363 -1.6253327728737559 -1.7934135696336468 -0.7019721417735484 -0.43497109826589603 -0.0700570835495589 -0.2158273381294964 -0.10394767577668769 -0.19305019305019305 -0.09826519471066358 -0.3215231370571176 -1.1286594761171034 -1.5473261685873365 -1.0548862115127176 -0.8152173913043479 -0.10913705583756346 0.015215355805243446 -0.08509189925119129 -0.27361717183630146 -0.37954980842911873 -1.2794738148423928 -2.644059153493116 -1.495481736031564 -0.7338720360312625 -0.5511921458625526 0.03479721622270219 -0.06286379511059373 -0.029174932897654333 -0.009560229445506694 -0.08732013282499076 -1.0266253869969038 -2.8286147623862488 -2.2743682310469318 -1.1401364045811346 -0.5771365149833518 -0.0025393600812595226 -0.11242534254596556 -0.023529411764705882 -0.04635842381359034 0.042802983979454576 0.0036487472634395474 0.1388888888888889 0.1023976023976024 0.06871943967226113 -0.11923803984295478 -0.028497088340973857 -0.015755120414134596 2.0816681711721684e-18 -0.03558296761949946 -0.018779342723004695 0.0024087679152113685 -0.10980876002467614 -0.013531799729364002 -0.013551804854010103 0.051446945337620585
-0.0356440511307768 -0.08078088185796028 0.008965594530987334 0.008073817762399073 -0.036367902393242606 -0.08138711960368011 -0.11246943765281173 -0.1162509082102204 -0.010236724248240561 -0.04687069203198235 -0.013904689672607759 -0.0036594291290558663 -0.04674017257909875 -0.04943764676801384 0.0141388174807198 -0.13815221413593193 -0.11727912431587177 -0.07689350249903883 -0.10625581086465666 -0.09335529928610653 -0.05345551737304314 -0.004921259842519685 -0.010757829309108296 -0.08077928248990257 -0.0439312162671018 -0.09491268033409264 -0.21781408012446518 -0.22601772184409916 -0.23851232987468 -0.23430720277697428 -0.019595035924232528 0.01918465227817746 0.05265047265765227 0.0012202562538132997 -0.04105498880318488 -0.23924731182795694 -1.0382513661202184 -1.6796720010580615 -0.6716314991035719 -0.41907514450867056 -0.06616502335236119 -0.19726154560222786 -0.10277972436346647 -0.1713320463320463 -0.08006793643091108 -0.18030513176144247 -0.6317411402157164 -1.445034313090768 -1.004016064257028 -0.7975910693301997 -0.09898477157360405 0.02106741573033708 -0.0760154299977309 -0.2771553249203915 -0.3747605363984674 -0.7731447009183419 -2.3623151453340134 -1.4611174748631792 -0.7073784607232746 -0.5610098176718091 0.0503959683225342 -0.043073341094295683 -0.009335978527249383 0.001195028680688335 -0.07502152256794982 -0.5510835913312693 -2.5164307381193125 -2.230797958421511 -1.1272680478702868 -0.574361820199778 -0.003809040121889284 -0.09017449350040989 -0.02117647058823529 -0.02805904599243626 0.04402592637886756 0.05959620530284602 0.15128968253968253 0.12737262737262736 0.07532707810228623 -0.0959720808492075 -0.035931111386445294 -0.0033760972316002726 0.0011244799280332868 -0.030838571936899532 -0.022300469483568074 0.056606046007467194 -0.10610734114743985 -0.0061508180588018225 -0.02217568067019835 0.06430868167202573
-0.033185840707964605 -0.08302479524290363 0.004482797265493666 0.013840830449826985 -0.03636790239324261 -0.051899032790752544 -0.11735941320293397 -0.13804795349963672 -0.01663467690339092 -0.04962779156327544 -0.01769687776513715 0.0036594291290558676 -0.040747842761265585 -0.04696576442961316 0.017994858611825197 -0.07154311089182187 -0.1563721657544957 -0.08330129437395872 -0.11024040377208126 -0.08786381109280615 -0.06236477026855034 -0.00861220472440945 -0.021515658618216593 -0.06296032311712996 -0.053972637128153644 -0.04682358896481903 -0.23337222870478408 -0.20547065622190833 -0.2587252391860935 -0.2386462250506219 -0.014369693011103857 0.028776978417266192 0.05265047265765227 0.0024405125076266015 -0.03732271709380443 -0.1491935483870968 -0.6417262154967073 -1.4323502182251024 -0.6412908564335954 -0.4002890173410405 -0.06227296315516347 -0.1891390113715479 -0.09577201588413921 -0.16047297297297297 -0.06793643091107607 -0.13995713024839238 -0.297894196199281 -1.2145539298200183 -0.9317269076305219 -0.768213866039953 -0.10659898477157359 0.02106741573033708 -0.08168822328114364 -0.28187286236584497 -0.3819444444444444 -0.5460412012906428 -1.8804181540030598 -1.3643884434262439 -0.6769108491190886 -0.5525946704067322 0.04799616030717542 -0.0349243306169965 -0.009335978527249383 0.003585086042065008 -0.08363054974787848 -0.27987616099071205 -1.8440343781597577 -2.1274741690526575 -1.1092523484750996 -0.5674250832408434 -0.005078720162519045 -0.09134559081859703 -0.025882352941176467 -0.026839087471025987 0.03301944478415068 0.06446120165409876 0.17733134920634921 0.11238761238761238 0.05550416281221091 -0.09888032572342591 -0.04336513443191674 0.0033760972316002696 -0.00787135949623299 -0.018977582730399716 -0.030516431924882632 0.08310249307479224 -0.06909315237507711 -0.014761963341124368 -0.03942343230257485 0.0694533762057878
-0.030727630285152407 -0.07741501178054527 0.002241398632746832 0.006920415224913494 -0.041060534960112624 -0.05307855626326965 -0.07946210268948656 -0.14168079438120612 -0.025591810620601407 -0.04687069203198237 -0.016432815067627355 -0.0012198097096852878 -0.038350910834132314 -0.04696576442961315 0.02313624678663239 -0.06537560133218207 -0.12640083398488403 -0.10893246187363832 -0.11156860140788946 -0.08923668314113124 -0.07381952399134531 6.938893903907229e-19 -0.02151565861821659 -0.05939653124257545 -0.06150370277394253 -0.03796507213363705 -0.23077920394139761 -0.18620778220110443 -0.24659749359924535 -0.2299681805033266 -0.015676028739386023 0.03477218225419665 0.04906066770372143 -0.0012202562538133016 -0.04105498880318487 -0.13440860215053763 -0.25360795852599133 -0.9535775691046157 -0.575093090608192 -0.3771676300578034 -0.055786196159833934 -0.1891390113715479 -0.08993225881803317 -0.1640926640926641 -0.060657527599175066 -0.13491363005926113 0.03595274781715457 -0.7963226725365791 -0.8607764390896919 -0.7564629847238543 -0.12055837563451777 0.023408239700374533 -0.09189925119128659 -0.28776978417266186 -0.3915229885057471 -0.5026061057334327 -1.3946965833758287 -1.187476135929744 -0.6331964498609086 -0.5301542776998598 0.05519558435325174 -0.008149010477299181 -0.011669973159061731 0.010755258126195027 -0.0811708276964703 -0.2241486068111455 -1.1602628918099085 -1.8747665878252207 -1.0796551280401492 -0.5355160932297447 -0.005078720162519047 -0.08080571495491276 -0.03529411764705882 -0.020739294863974626 0.028127675186498717 0.058379956215032835 0.20833333333333334 0.08991008991008992 0.042288885952160696 -0.1032426930347535 -0.04832114979556436 -0.005626828719333783 -0.015742718992465984 -0.03439686869884948 -0.035211267605633804 0.06624111766831267 -0.06045650832819248 -0.038135071964571284 -0.048047308118763093 0.05659163987138264
-0.054080629301868244 -0.06731740154830024 -0.0011206993163734211 0.002306805074971166 -0.04927264195213515 -0.05425807973578674 -0.05378973105134475 -0.11503996124969726 -0.0345489443378119 -0.03859939343810311 -0.027809379345215525 -0.010978287387167602 -0.04674017257909875 -0.046965764429613144 0.0038560411311053975 -0.06784260515603799 -0.07818608287724785 -0.10765090349865433 -0.14211714703147824 -0.08786381109280615 -0.07763777523227694 1.3877787807814458e-18 -0.022710972985895295 -0.06889997624138751 -0.06777959081209992 -0.029106555302455074 -0.18151173343705435 -0.17978682419416975 -0.2452499663118178 -0.20971940989297075 -0.018288700195950358 0.03717026378896883 0.05624027761158312 -0.01464307504575961 -0.04105498880318487 -0.13306451612903228 -0.13871374527112232 -0.4734823436053433 -0.459247000413736 -0.33670520231213863 -0.051894135962636215 -0.18681828730563935 -0.06890913338005139 -0.1580598455598456 -0.05459177483925755 -0.1323918799646955 0.14509501797637392 -0.30558073287582543 -0.7215528781793842 -0.712397179788484 -0.12563451776649745 0.015215355805243445 -0.08736101656455639 -0.3089987026772025 -0.39990421455938696 -0.4926780838917845 -1.0798062213156552 -0.8972890416189385 -0.5775599417141343 -0.5021037868162692 0.059995200383969285 -0.0011641443538998836 -0.01050297584315556 -0.0035850860420650102 -0.08854999385069486 -0.20309597523219813 -0.615520728008089 -1.2959043943732103 -1.023034358512418 -0.4966703662597114 -0.019045200609446422 -0.07846352031853847 -0.042352941176470586 -0.021959253385384896 0.014675308792955852 0.05108246168815374 0.22197420634920637 0.11488511488511488 0.026430553720100437 -0.10615093790897193 -0.05823318052285962 -0.012379023182534322 -0.02473855841673226 -0.03439686869884948 -0.03755868544600939 0.06383234975310129 -0.06045650832819247 -0.009841308894082907 -0.06775902427005051 0.059163987138263666
