-0.06370207031728531 -0.04159172661870504 0.05220154334997731 -0.09143518518518519 -0.044837758112094395 0.002366023896841357 -0.01595092024539877 0.09505240068242748 -0.08970908624887863 0.05536332179930795 -0.04173517136714303 -0.01959823615874571 0.09183064997018486 -0.03533138401559454 0.01644112811432908 0.009871668311944717 -0.02118924645742286 0.08003097973409062 -0.11338167435728412 -0.018045530260966128 0.021680908047442927 -0.05792457480897215 0.04053892929533802 0.06376195536663123 0.054197126291908246 -0.040511457146474236 0.0802997858672377 -0.006388143605468249 0.07766470273165507 0.06478548805067665 -0.30353483606557374 -0.31567619275379644 0.0083732057416268 -0.061631419939577034 -0.018525379770285295 1.3877787807814458e-18 0.029976836081209973 0.040317336454675515 -0.056519983851433184 0.015609479211011778 -0.3615663705742525 -0.8383580705009276 -0.308303164778699 -0.1651287032540068 -0.09355883411299029 -0.043327556325823226 -0.024231603111847976 -0.029460740361214287 -0.06835809123176022 -0.07553747821034282 -0.27586206896551724 -0.44431418522860494 -0.11854553744443178 -0.18705035971223025 0.11057869517139696 -0.1569702254889747 0.23110316649642493 -0.12052778482618624 0.18858040859088526 -0.08266740148801323 -0.3427054422589598 -1.0329619312906222 -0.15258215962441316 -0.25236593059936907 0.01372255489021956 -0.03235440517670483 0.055745597364753596 -0.0025012506253126567 0.05431268589163326 -0.008295313148071339 -0.25019147306612205 -0.112981052136048 -0.09303968908255801 -0.12449155676075434 -0.08346630661593224 -0.051250762660158634 -0.017539463793535454 0.06541703358913072 -0.08536905700026268 0.00140666760444507 -0.07869098176367724 -0.10158013544018059 0.09295998186146696 -0.12067093037287317 0.08961207404787172 -0.0347513481126423 0.08525886568639565 0.04856182293612252 0.03614157527417747 0.002631578947368421
-0.05880191106210951 -0.04496402877697842 0.04766227871084884 -0.08449074074074073 -0.03893805309734513 6.938893903907229e-19 0.0073619631901840465 0.08408481598830123 -0.0717672689991029 0.051211072664359855 -0.03920576704186164 0.0061244487996080345 0.09898628503279668 -0.038986354775828465 0.013911723789047686 0.003701875616979271 -0.02913521387895643 0.08390344649541759 -0.11997363216875412 -0.013881177123820098 0.0153041703864303 -0.019719004190288388 0.03696196494574938 0.05313496280552604 0.04915553314847492 -0.051905304468920124 0.08163811563169165 -0.0178868020953111 0.0723085163363685 0.04606968039159228 -0.3176229508196721 -0.4149228745665431 -0.050239234449760764 -0.08217522658610273 -0.013585278498209213 -0.011842105263157893 0.04087750374710451 0.027311744049941477 -0.04440855874041179 0.008514261387824606 -0.4166145377205054 -1.37639146567718 -0.5126707929463973 -0.20398251578436133 -0.12234616768621806 -0.05446892795246348 -0.059941334013518685 -0.0320225438708851 -0.10516629420270802 -0.06827425915165601 -0.3189655172413793 -0.6025791324736225 -0.20403510771685857 -0.22302158273381298 0.09337756481140187 -0.16818238445247288 0.21578140960163433 -0.12940877949758944 0.1754845468831849 -0.08817856158721411 -0.43682876794980086 -1.7026462395543174 -0.3345070422535211 -0.27541858772142686 -0.0124750499001996 -0.04604280736684918 0.04434308881287217 -0.020010005002501254 0.0387947756368809 -0.024885939444214016 -0.27572121521572635 -0.1518182888078145 -0.12012719349899895 -0.13805004314063848 -0.09451331778568799 -0.05979255643685174 -0.020045101478326232 0.061642973958988545 -0.08142894667717362 -0.0028133352088901384 -0.0874344241818636 -0.10609480812641084 0.08729169028454825 -0.13635815132134668 0.08253743662303974 -0.044337926902336726 0.077845051278883 0.04607147304196239 0.029910269192422727 -0.005263157894736842
-0.04042631385520029 -0.056205035971223026 0.06241488878801634 -0.08912037037037038 -0.01415929203539823 -0.011830119484206791 0.03067484662576687 0.07799171338045333 -0.05638856849929515 0.04152249134948097 -0.03161755406601745 0.0012248897599216046 0.10137149672033394 -0.053606237816764137 0.016441128114329077 -0.013573543928923987 -0.027810885975367506 0.07744933522653932 -0.12788398154251812 -0.019433647973348137 0.011478127789822726 -0.01971900419028839 0.028615714796709192 0.038965639390719085 0.04285354171918326 -0.059501202683884036 0.06691648822269806 -0.026830203142966653 0.048205677557579006 0.024474517708033404 -0.31378073770491804 -0.49145043644625136 -0.08373205741626794 -0.11722054380664652 -0.006175126590095099 -0.031578947368421054 0.05722850524594632 0.016907270126154245 -0.036334275333064193 0.0 -0.4729137995746278 -2.094155844155844 -0.7625832068200398 -0.2646915978630403 -0.15713086242053498 -0.08294132210943303 -0.0969264124473919 -0.053797873703086974 -0.15117654791639276 -0.08134805345729226 -0.36822660098522164 -0.7397420867526378 -0.31004217485466773 -0.2709832134292566 0.06143260842855388 -0.1881151114986919 0.18513789581205314 -0.14463334179142348 0.142744892613934 -0.10333425186001652 -0.5104380354772535 -2.5394614670380684 -0.5223004694835681 -0.32273719970880854 -0.03368263473053892 -0.06595321055251369 0.026605853287723295 -0.032516258129064536 0.011638432691064265 -0.038711461357666246 -0.29742149604289 -0.18830175356008003 -0.16016959133199857 -0.1577714778750154 -0.10678777464097214 -0.06833435021354485 -0.03006765221748935 0.04528871556170587 -0.09456264775413711 -0.02391334927556618 -0.09243067699225581 -0.10835214446952597 0.0702868155537921 -0.1448051164474478 0.07782101167315177 -0.049131216297183936 0.07290250834054121 0.04233594820072219 0.021186440677966097 -0.017105263157894735
-0.044101433296582136 -0.07756294964028777 0.05333635950975942 -0.09375 -0.016519174041297935 -0.013013131432627473 0.01840490797546012 0.07555447233731416 -0.07048571062411893 0.04013840830449826 -0.040470469204502334 -0.003674669279764821 0.09779367918902804 -0.060916179337231965 0.008852915138484888 -0.01727541954590326 -0.03443252549331215 0.07615851297276366 -0.13183915622940012 -0.01526929483620211 -0.010202780257620201 -0.04436775942814888 -0.001192321449862882 0.027157869878379974 0.023947567431308287 -0.05823521964805671 0.04416488222698073 -0.037051232911715845 0.03749330476700589 0.021595162683558884 -0.33171106557377056 -0.5619992825541075 -0.1590909090909091 -0.1583081570996979 -0.02470050636038039 -0.05 0.04769042103828859 0.002601118480946807 -0.05113712824653479 -0.007095217823187172 -0.5267108720130115 -2.74582560296846 -1.0638794814901318 -0.32540067994171923 -0.197912918315941 -0.10027234463976234 -0.12881010075245505 -0.06148328423209939 -0.17878270014460368 -0.084253341080767 -0.40517241379310337 -0.8640093786635404 -0.4297275732360652 -0.3261390887290168 0.02825899987713479 -0.1980814750218014 0.15194075587334016 -0.1535143364628267 0.12048192771084339 -0.11022320198401762 -0.5804271750935199 -3.333333333333333 -0.7711267605633803 -0.37490900266925503 -0.07485029940119761 -0.07715281234444998 -0.007601672367920942 -0.04377188594297149 -0.02844950213371266 -0.0414765657403567 -0.3306101608373756 -0.240084735789102 -0.20727829466493933 -0.18735362997658078 -0.12519945992389836 -0.06833435021354485 -0.04259584064144324 0.045288715561705876 -0.10900971893879696 -0.011253340835560555 -0.09992505620784412 -0.11738148984198644 0.05214828250765219 -0.14601182575117655 0.0660299492984318 -0.04793289394847214 0.06054615099468678 0.044826298094882325 0.008723828514456628 -0.019736842105263157
-0.049001592551757935 -0.08093525179856115 0.04085338175215615 -0.08796296296296295 -0.03775811209439528 -0.008281083638944753 -0.01104294478527607 0.073117231294175 -0.10765090349865436 0.04013840830449827 -0.04552927785506513 -0.014698677119059284 0.10852713178294575 -0.07309941520467837 -0.008852915138484888 -0.01727541954590326 -0.05164878823996821 0.07099522395766103 -0.15029663810151614 -0.015269294836202107 -0.019130212983037877 -0.07271382795168843 -0.010730893048765946 0.0106269925611052 0.01260398285858331 -0.07089505000632992 0.041488222698072806 -0.05238277756483965 0.04552758435993572 0.004319032536711774 -0.349641393442623 -0.6158077245007773 -0.242822966507177 -0.18368580060422962 -0.06545634185500802 -0.055263157894736833 0.010900667665894537 0.0039016777214202097 -0.07939712017225138 0.0 -0.5454772926310523 -3.2931354359925793 -1.4212308770290787 -0.39218067022826614 -0.23029866858582224 -0.12998266897746968 -0.15176635633210048 -0.08582041757397206 -0.19981595898514523 -0.09442184776292853 -0.41748768472906395 -0.9648300117233294 -0.5357346403738743 -0.36450839328537177 0.009829217348568633 -0.19683567958141274 0.14811031664964253 -0.14336462826693733 0.1283394447354636 -0.10884541195921742 -0.6359358030650416 -4.050603528319405 -1.096244131455399 -0.41858772142683814 -0.1309880239520958 -0.08586361373817819 -0.06081337894336754 -0.04627313656828415 -0.07629639208586576 -0.03456380478363059 -0.3574163900944601 -0.289513946098623 -0.23907666941467434 -0.20337729569826202 -0.159567939118694 -0.07565588773642465 -0.06890503633174642 0.0264184174109951 -0.13527712109272394 -0.019693346462230973 -0.09492880339745191 -0.11512415349887133 0.04874730756150096 -0.13877156992880416 0.062492630586015806 -0.03834631515877771 0.059310515260101324 0.05229734777736271 0.006231306081754734 -0.022368421052631576
-0.05267671199313978 -0.08543165467625899 0.01929187471629596 -0.07407407407407407 -0.060176991150442484 0.0011830119484206806 -0.0196319018404908 0.08042895442359249 -0.1127771369985903 0.059515570934256044 -0.051852788668268625 -0.035521803037726604 0.0930232558139535 -0.05969785575048734 -0.04805868218034653 -0.00987166831194472 -0.07283803469739107 0.08132180198786626 -0.1819380355965722 -0.006940588561910049 -0.03188368830506313 -0.10105989647522799 -0.028615714796709192 -0.0011807769512339147 -0.01386438114444164 -0.09115077857956703 0.028104925053533188 -0.07154720838124441 0.03749330476700589 -0.008638065073423552 -0.36116803278688536 -0.6349396149707044 -0.33373205741626794 -0.1933534743202417 -0.10127207607755959 -0.05789473684210526 -0.004087750374710447 0.0013005592404734035 -0.09285425918449738 0.00993330495246204 -0.557988239709746 -3.7221706864564013 -1.9058741095410485 -0.4662457503642544 -0.27587861341009956 -0.14483783114632334 -0.17344726437954341 -0.10503394389650314 -0.2326804259234915 -0.10894828588030214 -0.44334975369458124 -1.063305978898007 -0.6804969793685169 -0.4148681055155875 -0.043002825899987704 -0.22050579294879782 0.12129724208375894 -0.16239533113422988 0.11655316919853327 -0.11711215210801873 -0.6636901170508024 -4.643686165273908 -1.5293427230046948 -0.4719728221305509 -0.16841317365269465 -0.10079641612742658 -0.07981755986316989 -0.060030015007503754 -0.09698693909220225 -0.04424167012304715 -0.3740107224917029 -0.34012004236789456 -0.27676363208102694 -0.21447060273634908 -0.18902663557137597 -0.06467358145210494 -0.0839388624404911 0.0339665366712794 -0.14053060152350932 -0.007033338022225348 -0.11366475143642267 -0.1252821670428894 0.024940482938442355 -0.1520453722698202 0.03419408088668789 -0.05032953864589575 0.03459780056839244 0.04358112314780226 -0.0012462612163509467 -0.022368421052631576
-0.05757687124831558 -0.09217625899280575 0.010213345438039038 -0.07870370370370369 -0.0743362831858407 -0.0035490358452620386 -0.03190184049079754 0.06946136972946625 -0.11405869537357427 0.05397923875432524 -0.0619704059693942 -0.06369426751592357 0.10256410256410257 -0.06944444444444445 -0.055646895156190715 -0.02344521224086871 -0.08343265792610251 0.07357686846521234 -0.1793012524719842 -0.013881177123820098 -0.04463716362708838 -0.11954646290362336 -0.03576964349588649 -0.014169323414806942 -0.030249558860599945 -0.11140650715280416 0.013383297644539615 -0.0868787530343682 0.024102838778789503 -0.025914195220270657 -0.350922131147541 -0.631352385507593 -0.3911483253588517 -0.2501510574018127 -0.12844263307397802 -0.07894736842105263 -0.021801335331789067 -0.011705033164260633 -0.10227425649306958 0.002838087129274869 -0.5392218190917053 -3.799860853432283 -2.6170734555646384 -0.672656629431763 -0.3130622526088521 -0.18568952711067094 -0.18620073970156867 -0.13577558601255285 -0.24188247666622847 -0.12928529924462523 -0.43842364532019706 -1.0902696365767879 -0.8161404308674343 -0.514388489208633 -0.09214891264283082 -0.24791329263734893 0.08554647599591418 -0.18015732047703625 0.09036144578313252 -0.12262331220721963 -0.6612766984433449 -4.796889507892293 -2.223004694835681 -0.6272749332686242 -0.20334331337325348 -0.1406172224987556 -0.0924870138097048 -0.1113056528264132 -0.10215957584378636 -0.07051016175860639 -0.37401072249170286 -0.3824879369189126 -0.31091744199740906 -0.24898311352150868 -0.2074383208543022 -0.07931665649786454 -0.09270859433725882 0.0264184174109951 -0.14184397163120568 -0.011253340835560559 -0.1261553834624032 -0.1343115124153499 0.006801949892302456 -0.166525883914565 0.01768659356207995 -0.062312762133013774 0.016063264549610778 0.03361972357116175 -0.0037387836490528404 -0.027631578947368417
-0.0661521499448732 -0.11016187050359712 0.006808896958692691 -0.09259259259259259 -0.0743362831858407 -0.01537915532946883 -0.033128834355828224 0.03533999512551792 -0.11790337049852621 0.030449826989619365 -0.06449981029467561 -0.08941695247427732 0.11091234347048302 -0.07309941520467836 -0.0619704059693942 -0.033316880552813434 -0.0966759369619918 0.05808700141990446 -0.1872116018457482 -0.02082176568573015 -0.04718785869149343 -0.14173034261769782 -0.05126982234410397 -0.01889243121974259 -0.04411394000504159 -0.10760855804532218 0.0026766595289079253 -0.08304586687108725 0.02410283877878951 -0.018715807659084364 -0.34067622950819676 -0.6301566423532226 -0.4270334928229665 -0.3117824773413897 -0.16055329134247254 -0.10394736842105264 -0.027251669164736335 -0.035115099492781895 -0.10631139819674337 -0.005676174258549738 -0.5217064931815338 -3.817254174397031 -3.3364475067149364 -0.9664885866925692 -0.3646395585942186 -0.2141619212676405 -0.20533095268460655 -0.1639554246189317 -0.25239910608649924 -0.14235909355026147 -0.437192118226601 -1.0984759671746778 -0.9609027698620768 -0.6306954436450839 -0.14498095589138715 -0.27532079232590007 0.05617977528089887 -0.19791930981984265 0.06286013619696176 -0.13226784238082118 -0.6395559309762278 -4.872330547818012 -3.023474178403756 -0.8687211841785973 -0.2395209580838323 -0.20532603285216525 -0.09882174078297226 -0.1813406703351676 -0.10862537178326652 -0.12857735379510576 -0.37656369670666334 -0.4036718841944216 -0.372158756330232 -0.2699371379267842 -0.22585000613722844 -0.09273947528981086 -0.1077424204460035 0.011322178890426473 -0.16285789335434725 -0.02672668448445632 -0.1386460154883837 -0.13882618510158012 -0.007935608207686207 -0.17255943043320862 0.007074637424831974 -0.0754943079688436 -0.008649450142098109 0.026148673888681355 -0.0037387836490528417 -0.027631578947368417
-0.06002695087590347 -0.11578237410071941 -0.012482977757603268 -0.09606481481481481 -0.07551622418879056 -0.030758310658937655 -0.0343558282208589 0.01827930782354375 -0.11534025374855825 0.01384083044982699 -0.08220564057164537 -0.10166585007349338 0.06797853309481218 -0.07797270955165692 -0.08473504489692678 -0.04195459032576506 -0.11124354390147 0.05163289015102618 -0.1951219512195122 -0.02498611882287618 -0.038260425966075755 -0.14542765590337686 -0.0906164301895791 -0.03070020073208172 -0.05797832114948324 -0.12153437143942272 -0.002676659528907921 -0.09837741152421106 0.012051419389394748 -0.025914195220270657 -0.3227459016393443 -0.6253736697357408 -0.44976076555023925 -0.37703927492447126 -0.19142892429294797 -0.13421052631578947 -0.02861425262297316 -0.05592404734035635 -0.09823711478939576 -0.018447566340286648 -0.4954335043162767 -3.809137291280148 -3.923858460819806 -1.2566779990286547 -0.4474031426172484 -0.24511017578608568 -0.23338859839306209 -0.1793262456769566 -0.2708032075719731 -0.15543288785589773 -0.41009852216748766 -1.085580304806565 -1.0862874729283027 -0.7757793764988009 -0.2027276078142278 -0.3064656783356173 0.03830439223697651 -0.22456229383405227 0.048454688318491354 -0.15155690272802427 -0.6093881983830094 -4.861884865366759 -3.8075117370892015 -1.1817520019412764 -0.2894211576846307 -0.23021403683424588 -0.10769035854554669 -0.20010005002501252 -0.11379800853485064 -0.1368726669431771 -0.37018126116926225 -0.40720254207367307 -0.4428218113296431 -0.3069148280537409 -0.2454891371056831 -0.11348383160463697 -0.12152342771235278 -0.007548119260284314 -0.16811137378513266 -0.04220002813335209 -0.12990257307019734 -0.1501128668171558 -0.037410724407663534 -0.19669361650778328 -0.0023582124749439936 -0.09706411024565607 0.001235635734585444 -0.00498069978832026 0.0049850448654037895 -0.04473684210526316
-0.056351831434521625 -0.1326438848920863 -0.01929187471629596 -0.10416666666666667 -0.08731563421828907 -0.036673370401041044 -0.044171779141104296 0.015842066780404583 -0.12559272074843011 0.002768166089965396 -0.08852915138484886 -0.12493875551200392 0.040548598688133576 -0.09137426900584796 -0.09864676868597445 -0.061697926949654494 -0.13375711826248177 0.02968891183684007 -0.20435069215557022 -0.037479178234314264 -0.030608340772860603 -0.15035740695094899 -0.12519375223560272 -0.025977092927146072 -0.06301991429291656 -0.126598303582732 0.002676659528907925 -0.10348792640858566 0.024102838778789503 -0.03743161531816873 -0.29713114754098363 -0.5930886045677389 -0.46650717703349287 -0.43504531722054374 -0.2432999876497468 -0.14473684210526314 -0.05314075487123586 -0.05852516582130316 -0.11438568160409095 -0.024123740598836384 -0.46290504191167275 -3.752319109461967 -4.301062711666472 -1.7180670228266148 -0.5361640878013675 -0.2834860113889577 -0.26017089656931514 -0.20366337901882928 -0.29315104509004863 -0.16124346310284718 -0.35591133004926107 -1.0445486518171163 -1.169497321326798 -0.9064748201438849 -0.24941639021992876 -0.32764420082222495 0.03447395301327886 -0.23851814260340012 0.0536930330015715 -0.15844585285202537 -0.5478460238928442 -4.79572887650882 -4.442488262910798 -1.4972094151904876 -0.3567864271457086 -0.2538576406172225 -0.13809704801723047 -0.22011005502751377 -0.14354066985645936 -0.1493156366652841 -0.3586928772019403 -0.4201482876309286 -0.5005299729124956 -0.3463576975224948 -0.2626733767030809 -0.1342281879194631 -0.12778752192432974 -0.01887029815071078 -0.17336485421591807 -0.04782669855113237 -0.10617037222083439 -0.15462753950338604 -0.0340097494615123 -0.2172076746711717 0.0035373187124159875 -0.10185739964050329 -0.0012356357345854462 -0.019922799153281035 0.011216350947158523 -0.05394736842105263
-0.052676711993139766 -0.1393884892086331 -0.03177485247389923 -0.10069444444444445 -0.10265486725663717 -0.039039394297882404 -0.05521472392638037 0.017060687301974166 -0.14225297962322186 -0.013840830449826994 -0.07841153408372328 -0.1408623223909848 0.004770423375074539 -0.09502923976608188 -0.10497027949917795 -0.08761105626850937 -0.1337571182624818 -0.006454111268878274 -0.20435069215557017 -0.06385341476957244 -0.028057645708455554 -0.15528715799852108 -0.1418862525336831 -0.012988546463573041 -0.07688429543735821 -0.13546018483352323 -0.00936830835117773 -0.10348792640858569 -6.938893903907229e-19 -0.0417506478548805 -0.2702356557377049 -0.5010163816812149 -0.4497607655502393 -0.4845921450151057 -0.29393602568852667 -0.15789473684210525 -0.07357950674478812 -0.062426843542723376 -0.13187996232001073 -0.034057045551298425 -0.4303765795070687 -3.2131261595547307 -4.450543033983417 -2.323943661971831 -0.6681060333453279 -0.32557563753404306 -0.2984313225353909 -0.22415780709619568 -0.32601551202839485 -0.18448576409064496 -0.3189655172413793 -0.8862837045720985 -1.2116721759945286 -1.0299760191846523 -0.33419338985133307 -0.34259374610688925 0.0 -0.21948743973610757 0.02750130958617077 -0.14880132267842383 -0.4621696633281043 -4.148096564531103 -4.874413145539907 -1.9388497937393836 -0.4466067864271457 -0.2775012444001991 -0.16723679209426073 -0.2226113056528264 -0.16940385361437996 -0.15622839762201024 -0.3484809803420986 -0.44486289278568913 -0.5582381344953481 -0.37100949094046587 -0.29090462747023443 -0.15497254423428922 -0.13781007266349285 -0.04025663605484967 -0.17861833464670346 -0.07033338022225348 -0.10117411941044216 -0.12528216704288941 -0.04081169935381476 -0.22927476770845906 -0.005895531187359981 -0.12222887956860395 -0.001235635734585444 -0.03735524841240194 0.0049850448654037895 -0.06842105263157895
-0.06002695087590346 -0.14725719424460432 -0.037448933272809806 -0.11458333333333333 -0.10737463126843658 -0.06269963326629599 -0.07975460122699388 0.006093102607847915 -0.16147635524798157 -0.02768166089965398 -0.08979385354748956 -0.17638412542871143 -0.025044722719141314 -0.10599415204678361 -0.10497027949917792 -0.10365251727541955 -0.15097338100913787 -0.019362333806634824 -0.22412656558998023 -0.07495835646862853 -0.0255069506440505 -0.19965491742667 -0.1573864313819006 -0.0011807769512339153 -0.07436349886564154 -0.1392581339410052 -0.01070663811563169 -0.10732081257186661 0.002678093197643277 -0.03887129283040598 -0.2497438524590164 -0.4113356451034318 -0.395933014354067 -0.5317220543806647 -0.3359268865011733 -0.18289473684210525 -0.09265567516010356 -0.067629080504617 -0.15341138473960433 -0.03831417624521073 -0.3928437382709872 -2.672773654916512 -4.324419012028494 -3.0743079164643032 -0.8396305625524769 -0.3627135429561773 -0.3188368830506313 -0.22928141411553732 -0.333902984093598 -0.18739105171411968 -0.28078817733990147 -0.738569753810082 -1.184315513507352 -1.1774580335731415 -0.40791251996559763 -0.3600348822723308 -0.014044943820224717 -0.21187515858919054 0.02357255107386066 -0.13502342243042162 -0.3789067213708218 -3.490018570102135 -5.01643192488263 -2.5406454743994176 -0.5451596806387226 -0.30612244897959184 -0.20144431774990496 -0.22261130565282644 -0.19009440062071642 -0.1534632932393198 -0.3306101608373756 -0.42485583146993056 -0.5806147685784949 -0.41291753975101686 -0.2982693015834049 -0.17815741305674193 -0.1465798045602606 -0.04654673543841993 -0.18649855529288156 -0.08721339147559432 -0.10117411941044216 -0.1309255079006772 -0.04534633261534974 -0.24134186074574634 -0.017686593562079946 -0.1306171360095866 -0.012356357345854444 -0.04482629809488233 -0.011216350947158522 -0.06578947368421052
-0.06002695087590346 -0.14613309352517986 -0.05106672719019519 -0.11574074074074073 -0.12389380530973453 -0.06269963326629599 -0.10184049079754601 -0.007311723129417499 -0.1794181724977573 -0.037370242214532876 -0.09358796003541167 -0.16046055854973054 -0.045319022063208106 -0.09259259259259259 -0.10749968382445933 -0.10365251727541955 -0.17348695537014966 -0.027107267329288753 -0.2439024390243903 -0.07634647418101055 -0.028057645708455554 -0.18856297756963275 -0.17288661023011803 0.016530877317274758 -0.08318628686664986 -0.126598303582732 -0.008029978586723765 -0.09326689663983645 0.016068559185859668 -0.017276130146847105 -0.24077868852459017 -0.3228506516800192 -0.36602870813397126 -0.5413897280966767 -0.39273805113004817 -0.18684210526315786 -0.11581959395012946 -0.07543243594745741 -0.16283138204817654 -0.045409394068397904 -0.3490554234955586 -1.9364564007421148 -4.122387013896999 -3.7979601748421565 -1.1179081204270123 -0.3961376578360981 -0.3430684861624793 -0.2267196106058665 -0.343105034836335 -0.17867518884369554 -0.25369458128078815 -0.5838218053927314 -1.1467001025874841 -1.316546762589928 -0.5295490846541344 -0.37000124579544036 -0.037027579162410625 -0.19284445572189798 0.014405447878470406 -0.11297878203361808 -0.30409074453964047 -2.647400185701022 -5.010563380281691 -3.251637951953409 -0.7035928143712574 -0.3235440517670483 -0.2381857341948562 -0.2288644322161081 -0.21207810681494893 -0.14793308447393888 -0.31401582844013276 -0.39190302459691656 -0.5971028147450241 -0.4412671021816837 -0.32404566097950166 -0.18303843807199513 -0.16286644951140064 -0.045288715561705876 -0.19831888626214866 -0.08580672387114925 -0.08868348738446166 -0.11399548532731378 -0.0260741412538261 -0.24978882587184742 -0.011791062374719965 -0.12822049131216298 -0.00617817867292722 -0.04109077325364214 -0.0024925224327018935 -0.05526315789473685
-0.06982726938625505 -0.1169064748201439 -0.06128007262823422 -0.10879629629629631 -0.1345132743362832 -0.050869513782089204 -0.1177914110429448 0.0012186205215695828 -0.18838908112264513 -0.03183391003460208 -0.09105855571013027 -0.1408623223909848 -0.06320810971973763 -0.08650097465886938 -0.09864676868597447 -0.10735439289239883 -0.17083829956297178 -0.02452562282173745 -0.23862887277521425 -0.0707940033314825 -0.02295625557964545 -0.16144934680798623 -0.16930964588052938 0.0035423308537017332 -0.07688429543735821 -0.12913026965438662 0.0013383297644539605 -0.08943401047655551 0.020085698982324585 -0.018715807659084364 -0.2279713114754099 -0.2558890350352744 -0.31698564593301437 -0.5293051359516616 -0.4334938866246759 -0.20921052631578946 -0.1280828450742608 -0.08193523214982443 -0.16013995424572733 -0.04399035050376047 -0.3077692981358689 -1.2639146567717998 -3.866635524932851 -4.368625546381739 -1.3841909559793688 -0.45060658578856155 -0.36474939420992214 -0.22800051236070193 -0.3549362429341396 -0.16124346310284715 -0.22783251231527096 -0.4490035169988277 -1.0874273338652685 -1.446043165467626 -0.6474996928369579 -0.40862090444748966 -0.06128702757916241 -0.1979193098198427 -0.005238344683080154 -0.11022320198401765 -0.24134186074574634 -1.8314763231197773 -4.853286384976526 -4.022082018927445 -0.9131736526946108 -0.34594325535092085 -0.25592296972000506 -0.23386693346673332 -0.21595758437863705 -0.15069818885662933 -0.29614500893540974 -0.32599741085088857 -0.5982805323283478 -0.4708492542832491 -0.34859457469006994 -0.18059792556436854 -0.17664745677774993 -0.0314504969178513 -0.20619910690832674 -0.07455338303558869 -0.08493629777666752 -0.10383747178329569 -0.02834145788459359 -0.26306262821286347 -0.009432849899775973 -0.1366087477531456 -0.004942542938341775 -0.05105217283028266 0.0024925224327018948 -0.05921052631578948
-0.07227734901384296 -0.10903776978417265 -0.05674080798910577 -0.13310185185185186 -0.12389380530973453 -0.046137465988406484 -0.12024539877300615 0.012186205215695833 -0.19223375624759703 -0.026297577854671284 -0.09738206652333378 -0.13106320431161195 -0.08944543828264759 -0.09381091617933722 -0.08979385354748956 -0.11969397828232972 -0.18540590650244998 -0.029688911836840075 -0.23994726433750824 -0.07357023875624652 -0.015304170386430305 -0.13063840276066063 -0.17407893167998092 0.0011807769512339084 -0.07058230400806656 -0.12786428661855934 -0.013383297644539615 -0.08560112431327456 0.012051419389394752 -0.008638065073423554 -0.21132172131147545 -0.19012316154490017 -0.2416267942583732 -0.5075528700906344 -0.4693096208472274 -0.225 -0.14443384657310263 -0.074131876706984 -0.16283138204817654 -0.034057045551298425 -0.28775178280995867 -0.7200834879406308 -3.520962279574916 -4.742593491986402 -1.8052057094878253 -0.5273582569943055 -0.40173447264379536 -0.23312411938004357 -0.3720257657420797 -0.15398024404416036 -0.20320197044334978 -0.35052754982415 -0.9996580417189105 -1.5731414868105513 -0.7838800835483475 -0.4684190855861467 -0.08937691521961184 -0.22456229383405227 -0.014405447878470413 -0.12262331220721963 -0.197900325811512 -1.1002785515320332 -4.61737089201878 -4.798592574617811 -1.1177644710578842 -0.3870084619213539 -0.27112631445584695 -0.23636818409204605 -0.21854390275442906 -0.15761094981335547 -0.28976257339800865 -0.28362951629987054 -0.6029914026616419 -0.5287809688154813 -0.3657788142874677 -0.18547895057962174 -0.19293410172888997 -0.016354258397282675 -0.21539269766220123 -0.06048670699113799 -0.08618536097926556 -0.1049661399548533 -0.02947511619997733 -0.2908169421986243 -0.0035373187124159884 -0.14619532654284004 -0.012356357345854444 -0.059768397459843116 0.007477567298105686 -0.06052631578947369
-0.08697782677937033 -0.10566546762589928 -0.05787562414888788 -0.1574074074074074 -0.1144542772861357 -0.06506565716313735 -0.12269938650306748 -0.009748964172556666 -0.19095219787261308 -0.04567474048442907 -0.09864676868597447 -0.11758941695247427 -0.09063804412641623 -0.11817738791423002 -0.0619704059693942 -0.12709772951628823 -0.1721626274665607 -0.04388795662837228 -0.22412656558998023 -0.08745141588006662 -0.019130212983037877 -0.10352477199901407 -0.1824251818290211 -0.012988546463573034 -0.05923871943534157 -0.12026838840359541 -0.013383297644539613 -0.08176823814999362 0.012051419389394752 -0.007198387561186295 -0.20235655737704925 -0.1602295826856391 -0.16985645933014354 -0.508761329305136 -0.507595405705817 -0.25394736842105264 -0.15397193078076035 -0.08973858759266484 -0.15610281254205355 -0.03831417624521073 -0.2639809833604404 -0.2887291280148423 -3.0456615672077545 -4.919864011656144 -2.3749550197912916 -0.6449616241643972 -0.4272414232878459 -0.26386576149609325 -0.3680820297094781 -0.16560139453805928 -0.16995073891625614 -0.24736225087924973 -0.8811125042744786 -1.6546762589928057 -0.9337756481140189 -0.5207424940824715 -0.10086823289070479 -0.23090586145648312 -0.013095861707700367 -0.1267566822816203 -0.17859297695185228 -0.49907149489322195 -4.238262910798122 -5.485319097306478 -1.433383233532934 -0.45171727227476355 -0.3002660585328772 -0.25887943971985994 -0.23535497219707743 -0.17005391953546245 -0.2795506765381669 -0.23890784982935148 -0.5982805323283477 -0.5817823246641194 -0.3670062599729962 -0.21354484441732766 -0.18792282635930843 -0.036482576424707515 -0.2167060677698976 -0.07596005064003376 -0.08368723457406944 -0.0891647855530474 -0.030608774515361075 -0.2703028840352359 -0.0035373187124159893 -0.134212103055722 -0.011120721611268997 -0.05478769767152285 -0.0037387836490528404 -0.0618421052631579
-0.0784025480828127 -0.09667266187050358 -0.046527462551066726 -0.1574074074074074 -0.11563421828908556 -0.0733467408020821 -0.1177914110429448 -0.012186205215695833 -0.19607843137254902 -0.04290657439446367 -0.08094093840900468 -0.09431651151396377 -0.09183064997018486 -0.13157894736842107 -0.05564689515619072 -0.123395853899309 -0.16024367633426034 -0.04259713437459662 -0.22412656558998023 -0.07634647418101054 -0.005101390128810103 -0.07517870347547448 -0.17765589602956955 -0.01298854646357303 -0.06175951600705822 -0.11393847322445882 -0.012044967880085656 -0.07282483710233809 0.01472951258703803 -0.002879355024474519 -0.1869877049180328 -0.1446849216788234 -0.10526315789473684 -0.4688821752265861 -0.5187106335679882 -0.28421052631578947 -0.16487259844665486 -0.10274417999739889 -0.16686852375185035 -0.03973321980984816 -0.2352058050794445 -0.21335807050092762 -2.3005955856592317 -4.770519669742594 -3.071848386709848 -0.8467442436246595 -0.4680525443183267 -0.28307928781862435 -0.36413829367687656 -0.17141196978500875 -0.15517241379310345 -0.19226260257913247 -0.7329305824689387 -1.6294964028776977 -1.1610762992996684 -0.5967360159461818 -0.1378958120531154 -0.23090586145648312 -0.02881089575694081 -0.1212455221824194 -0.1496319536623627 -0.3168523676880223 -3.529342723004695 -5.623635040038825 -2.0496506986027945 -0.5288700846192136 -0.33827442037248195 -0.23136568284142073 -0.2560455192034139 -0.15208074104797456 -0.2565739086035231 -0.17770977992232556 -0.5558826993287009 -0.5768519659805251 -0.39401006505462133 -0.21232458816351435 -0.17915309446254069 -0.023902377657566982 -0.21013921723141582 -0.0647067098044732 -0.0774419185610792 -0.06772009029345373 -0.011336583153837438 -0.24013515144201764 -0.020044806037023934 -0.1294188136608748 -0.008649450142098107 -0.04980699788320259 -0.002492522432701893 -0.05789473684210528
-0.05390175180693372 -0.07868705035971223 -0.03290966863368135 -0.1400462962962963 -0.1274336283185841 -0.05915059742103394 -0.10429447852760736 0.013404825737265414 -0.18326284762270922 -0.023529411764705882 -0.07335272543316049 -0.062469377756001976 -0.10494931425163985 -0.12548732943469787 -0.06829391678259769 -0.10735439289239883 -0.14700039729837105 -0.030979734090615725 -0.21489782465392224 -0.06107717934480843 0.00765208519321515 -0.04313532166625585 -0.15261714558244904 -0.0035423308537017376 -0.06806150743634988 -0.10634257500949491 -0.004014989293361887 -0.06771432221796346 0.02276379217996786 0.007198387561186292 -0.17161885245901637 -0.11957431543704411 -0.05263157894736843 -0.404833836858006 -0.5100654563418551 -0.2986842105263158 -0.17168551573783897 -0.09233970607361165 -0.16013995424572736 -0.034057045551298425 -0.21518828975353435 -0.17625231910946199 -1.5660399392736188 -4.486401165614376 -3.629602974691136 -1.1042337212181232 -0.5024869276877949 -0.2958883053669784 -0.35625082161167343 -0.16560139453805928 -0.12315270935960594 -0.15474794841735048 -0.5710703294198106 -1.55515587529976 -1.37977638530532 -0.6839416967733899 -0.1544943820224719 -0.23978685612788633 -0.014405447878470406 -0.11711215210801873 -0.13273802341016044 -0.2251624883936861 -2.715962441314554 -5.681873331715602 -2.7619760479041915 -0.5935788949726233 -0.3585455466869378 -0.20760380190095046 -0.259924996767102 -0.12442969722107008 -0.21955578248659685 -0.14122631517006004 -0.48286420916264283 -0.5805497349932207 -0.42469620719283174 -0.21232458816351435 -0.15785517414181907 -0.02138633790413888 -0.1851851851851852 -0.05767337178224785 -0.06120409692730452 -0.04514672686230248 -0.0022673166307674852 -0.2123808374562568 -0.048343355736351845 -0.10904733373277412 1.3877787807814458e-18 -0.03486489851824181 -0.003738783649052839 -0.046052631578947366
-0.06247703050349136 -0.07868705035971221 -0.006808896958692695 -0.14467592592592593 -0.15575221238938056 -0.054418549627351244 -0.11165644171779143 0.004874482086278331 -0.18198128924772522 -0.02352941176470589 -0.06955861894523839 -0.05634492895639394 -0.07155635062611806 -0.14010721247563357 -0.07335272543316049 -0.10735439289239881 -0.14302741358760426 -0.052923712404801856 -0.1951219512195122 -0.07218212104386452 0.011478127789822726 -0.02588119299975352 -0.12280910933587694 0.0023615539024678224 -0.08444668515250818 -0.08482086340043042 -0.010706638115631691 -0.060048549891401556 0.0241028387787895 0.015836452634609848 -0.1716188524590164 -0.10522539758459884 -0.03588516746411483 -0.3468277945619335 -0.5236507348400643 -0.31315789473684214 -0.2057501021937594 -0.09364026531408506 -0.17628852106042253 -0.021285653469561516 -0.21518828975353435 -0.12987012987012986 -0.9552726848067264 -4.184069936862555 -4.026628283555236 -1.4285714285714284 -0.5624282617013135 -0.3112591264250032 -0.3483633495464703 -0.1641487507263219 -0.10467980295566506 -0.13364595545134816 -0.4263079904251681 -1.45083932853717 -1.5849612974566898 -0.7910801046468172 -0.19918283963227784 -0.25247399137274806 -0.014405447878470404 -0.11435657205841829 -0.11705080246168695 -0.175255338904364 -1.9037558685446012 -5.516864838631399 -3.5179640718562872 -0.6719761075161772 -0.37881667300139366 -0.2076038019009505 -0.25604551920341395 -0.10922162311627263 -0.21827929537911667 -0.13416499941155702 -0.3933576728300554 -0.5879452730186121 -0.46520191481526946 -0.22940817571690056 -0.1691305437233776 -0.03899861617813562 -0.17730496453900707 -0.08018005345336895 -0.06495128653509867 -0.02595936794582393 0.01360389978460492 -0.1858332327742247 -0.08017922414809572 -0.09586578789694426 -0.027183986160879775 -0.021167974100361104 -0.011216350947158523 -0.036842105263157884
-0.05267671199313978 -0.06407374100719425 0.004539264639128461 -0.13541666666666669 -0.16047197640117994 -0.041405418194723764 -0.10184049079754601 0.007311723129417498 -0.1653210303729335 -0.01937716262975779 -0.06829391678259769 -0.04042136207741304 -0.05485986881335718 -0.13401559454191034 -0.07714683192108258 -0.09501480750246791 -0.12713547874453712 -0.058087001419904485 -0.18193803559657215 -0.07634647418101055 0.012753475322025254 -0.028346068523539557 -0.07869321569095027 -0.014169323414806945 -0.09831106629694983 -0.08988479554373971 -0.010706638115631693 -0.06771432221796346 0.020085698982324585 0.018715807659084364 -0.15496926229508198 -0.10522539758459884 -0.008373205741626796 -0.30453172205438067 -0.48907002593553167 -0.3460526315789474 -0.21120043602670666 -0.11444921316165953 -0.16821423765307494 -0.024123740598836384 -0.19016639559614662 -0.09160482374768088 -0.5488730585075324 -3.6996114618746967 -4.250929590979969 -1.848229759841545 -0.6312970284402499 -0.320225438708851 -0.343105034836335 -0.15833817547937246 -0.0935960591133005 -0.09613130128956622 -0.3180212014134276 -1.330935251798561 -1.7766310357537782 -0.9181512395664633 -0.2681307456588355 -0.2664298401420959 -0.045835515976951284 -0.11297878203361808 -0.09774345360202727 -0.13231197771587744 -1.2124413145539905 -5.2754185877214255 -4.262724550898204 -0.7976605276256844 -0.397820853921196 -0.21385692846423215 -0.24957972326393377 -0.10922162311627263 -0.214449834056676 -0.10945039425679652 -0.3344717936638794 -0.5669912486133366 -0.4983429483245366 -0.22818791946308728 -0.16286644951140067 -0.03648257642470751 -0.16023115313895456 -0.0787733858489239 -0.07244566575068699 -0.013544018058690748 0.018138533046139892 -0.17014601182575118 -0.10258224266006366 -0.09346914319952065 -0.03830470777214877 -0.019922799153281035 -0.024925224327018942 -0.035526315789473684
-0.04777655273796398 -0.0685701438848921 0.004539264639128462 -0.1527777777777778 -0.1746312684365782 -0.039039394297882404 -0.09938650306748466 0.01584206678040458 -0.16019479687299756 -0.001384083044982698 -0.0720880232705198 -0.036746692797648216 -0.01908169350029815 -0.1388888888888889 -0.07208802327051979 -0.07527147087857847 -0.10727056019070318 -0.046469601135923584 -0.16216216216216214 -0.06801776790671848 0.020405560515240406 -0.03697313285679073 -0.05842375104328125 -0.03306175463454954 -0.10587345601209983 -0.08861881250791238 0.0066916488222698075 -0.08176823814999361 0.03615425816818425 0.015836452634609848 -0.14344262295081972 -0.10761688389333972 0.014354066985645935 -0.2646525679758308 -0.45695936766703704 -0.375 -0.21937593677612757 -0.12485368708544675 -0.16417709594940116 -0.015609479211011778 -0.17515325910171398 -0.07189239332096474 -0.33399509517692405 -3.033025740650801 -4.276118507856543 -2.3582569943055214 -0.7027164902435914 -0.32791084923786346 -0.3260155120283949 -0.13509587449157465 -0.08004926108374384 -0.08440797186400938 -0.2348113530149322 -1.1930455635491604 -1.9068681656223123 -1.0676466924131058 -0.30643513789581206 -0.30956609997462575 -0.04452592980618126 -0.11297878203361807 -0.0832629419572825 -0.11954503249767874 -0.7030516431924884 -4.854404270808056 -4.960079840319361 -0.9718765555002488 -0.4231597618142658 -0.23386693346673337 -0.2263028578818053 -0.10230886215954653 -0.20934388562675516 -0.087089561021537 -0.27440819691437995 -0.5522001725625538 -0.5192095249785197 -0.23062843197071384 -0.14532698571786518 -0.023902377657566986 -0.14578408195429474 -0.06330004220002813 -0.06994753934549089 -0.013544018058690748 0.018138533046139892 -0.16773259321829373 -0.11319419879731163 -0.08867585380467344 -0.027183986160879768 -0.01618727431204084 -0.013708873379860417 -0.02631578947368421
-0.053901751806933726 -0.07306654676258993 0.005674080798910577 -0.16087962962962962 -0.1911504424778761 -0.027209274813675622 -0.08711656441717791 0.015842066780404583 -0.15250544662309368 -0.004152249134948096 -0.07841153408372328 -0.026947574718275358 -0.005963029218843169 -0.13767056530214425 -0.09232325787277094 -0.051826258637709774 -0.09402728115481393 -0.04905124564347489 -0.13579433091628212 -0.06524153248195448 0.01913021298303788 -0.024648755237860483 -0.03696196494574938 -0.041327193293186924 -0.12730022687169146 -0.0696290669705026 0.010706638115631693 -0.06643669349686981 0.04418853776111408 0.03743161531816873 -0.13960040983606561 -0.10402965443022841 0.025119617224880385 -0.21268882175226586 -0.42855378535259964 -0.3894736842105263 -0.22346368715083803 -0.14046039797112758 -0.14129995962858294 -0.015609479211011778 -0.16264231202302012 -0.051020408163265286 -0.254583673946047 -2.236522583778533 -4.252129063212187 -2.9796979450358996 -0.7779619946435403 -0.3586524913539132 -0.32207177599579334 -0.14526438117373616 -0.06773399014778324 -0.053927315357561546 -0.1743987233557506 -1.0071942446043165 -2.026047425973707 -1.2333374859848012 -0.3447395301327886 -0.3311342298908907 -0.04321634363541122 -0.11160099200881786 -0.0760226861349101 -0.10329619312906221 -0.37206572769953045 -4.245328803688425 -5.6312375249501 -1.1921353907416625 -0.4383631065501078 -0.2488744372186093 -0.19785335574809265 -0.09124844462878473 -0.19657901455195304 -0.06708249970577851 -0.21552231774820396 -0.5250831998027856 -0.5388486559469743 -0.22574740695546064 -0.13655725382109749 -0.0339665366712794 -0.1339637509850276 -0.06189337459558306 -0.06495128653509868 0.013544018058690746 0.03060877451536107 -0.13394473271388924 -0.10611956137247966 -0.06111443978430196 -0.016063264549610778 0.0024903498941601307 0.006231306081754736 -0.007894736842105263
-0.05145167217934584 -0.0651978417266187 0.010213345438039038 -0.14583333333333337 -0.20058997050147492 -0.03903939429788241 -0.0736196319018405 0.014623446258834999 -0.14609765474817377 0.004152249134948098 -0.06449981029467561 -0.018373346398824115 0.02027429934406678 -0.14132553606237816 -0.09738206652333374 -0.037018756169792694 -0.06754072308303535 -0.03614302310571834 -0.10678971654581408 -0.04997223764575236 0.015304170386430305 -0.02095144195218141 -0.01788482174794325 -0.024796315975912153 -0.14494580287370812 -0.07722496518546652 0.014721627408993576 -0.07921298070780632 0.05222281735404392 0.025914195220270664 -0.14216188524590162 -0.10881262704771015 0.031100478468899524 -0.17522658610271902 -0.40385327899221934 -0.3907894736842105 -0.23981468864967978 -0.1508648718949148 -0.14937424303593055 -0.0014190435646374345 -0.14387589140497933 -0.032467532467532444 -0.20203199813149597 -1.4375910636231182 -3.975050977569869 -3.633325080465462 -0.8863665348807551 -0.37786601767644423 -0.3181280399631918 -0.13800116211504937 -0.050492610837438424 -0.039859320046893326 -0.11626581557050039 -0.7937649880095923 -2.062906991030839 -1.4326647564469914 -0.40347293156281927 -0.36158335447855877 -0.03012048192771085 -0.11573436208321852 -0.060335465186436586 -0.09749303621169916 -0.17018779342723003 -3.4591118660519284 -6.141467065868263 -1.483325037332006 -0.4497656151019891 -0.2801400700350175 -0.17845596792965215 -0.10369141435089173 -0.1748787337247894 -0.05531364010827351 -0.1613473089153221 -0.4868729200049303 -0.5462133300601447 -0.24161073825503357 -0.1177649711851666 -0.03019247704113725 -0.11820330969267138 -0.052046701364467575 -0.06245316012990256 0.016930022573363436 0.03287609114612856 -0.10860383733558585 -0.11083598632236764 -0.06710605152786099 -0.013591993080439891 0.012451749470800648 0.016201395812562313 0.005263157894736842
-0.04532647311037609 -0.06294964028776978 0.01929187471629596 -0.14120370370370372 -0.20648967551622416 -0.06861469300839938 -0.05766871165644172 -0.002437241043139167 -0.13968986287325386 -0.01384083044982699 -0.06323510813203491 -0.03062224399804018 0.031007751937984496 -0.13767056530214425 -0.11002908814974073 -0.032082922013820334 -0.06356773937226858 -0.05421453465857752 -0.1015161502966381 -0.06940588561910052 0.01913021298303788 -0.00862706433325117 -0.004769285799451532 0.0023615539024678194 -0.15754978573229145 -0.07975693125712116 0.018736616702355463 -0.07538009454452536 0.06427423674343866 0.02879355024474518 -0.13575819672131148 -0.10881262704771015 0.046650717703349276 -0.16555891238670697 -0.37421267135976294 -0.37763157894736843 -0.2629786074397057 -0.1755754974639095 -0.16013995424572738 -0.018447566340286648 -0.13136494432628548 -0.030148423005565844 -0.1553193974074507 -0.7989315201554152 -3.6535924193354923 -4.133448873483536 -1.0776686647111338 -0.44831561419239147 -0.3141843039305902 -0.1757699012202208 -0.04433497536945813 -0.023446658851113716 -0.0695315171549071 -0.60431654676259 -2.056763730187984 -1.6631369129188986 -0.5068947906026559 -0.40725704136006097 -0.041906757464641176 -0.1350234224304216 -0.048268372149149266 -0.10677808727948004 -0.06690140845070426 -2.615869934481922 -6.447105788423154 -1.875311100049776 -0.49790954009882177 -0.331415707853927 -0.1668175352385879 -0.12857735379510576 -0.16849629818738832 -0.05060609626927152 -0.13425980449888114 -0.4277086158017996 -0.5560328955443721 -0.26723611958511284 -0.11150087697318967 -0.04025663605484966 -0.11294982926188601 -0.06892671261780842 -0.057456907319510364 0.033860045146726865 0.04307901598458225 -0.07722939543863883 -0.10729866760995166 -0.0695026962252846 -0.007413814407512665 0.01992279915328104 0.0211864406779661 0.014473684210526316
-0.04042631385520029 -0.05957733812949641 0.02156150703586019 -0.12615740740740744 -0.20766961651917404 -0.08990890807997161 -0.03312883435582822 -0.015842066780404583 -0.12815583749839804 -0.016608996539792385 -0.05058808650562792 -0.018373346398824108 0.06201550387596899 -0.11330409356725146 -0.10623498166181863 -0.01357354392892399 -0.04370282081843464 -0.0516328901510262 -0.09096901779828609 -0.062465297057190464 0.028057645708455557 -0.0024648755237860476 0.01550017884821748 0.03306175463454954 -0.16763297201915808 -0.07975693125712116 0.03613490364025696 -0.07793535198671267 0.06695232994108194 0.030233227756982433 -0.1280737704918033 -0.11120411335645104 0.06578947368421052 -0.1570996978851964 -0.32728170927504024 -0.36710526315789477 -0.27660444202207385 -0.2197945116400052 -0.16013995424572738 -0.04257130693912303 -0.10384086075315901 -0.011595547309833011 -0.11444587177391101 -0.3460417678484701 -3.178601415377234 -4.361228026739292 -1.37865068231093 -0.5085179966696555 -0.3128697252530564 -0.1830331202789076 -0.03571428571428571 -0.0011723329425556844 -0.022797218739313806 -0.4160671462829737 -1.9719867305565795 -1.878659524106142 -0.6601123595505618 -0.44404973357015987 -0.0641697223677318 -0.12951226233122073 -0.04102811632677687 -0.09633240482822657 0.03521126760563381 -1.7641349187090511 -6.5968063872255485 -2.3544051767048284 -0.5663245914101103 -0.38019009504752377 -0.16681753523858783 -0.14655053228259368 -0.14807250446770487 -0.030599034953513005 -0.09539512424920506 -0.3537532355478861 -0.5462133300601447 -0.26113483831604634 -0.08143322475570033 -0.033966536671279406 -0.08668242710795902 -0.06330004220002813 -0.05370971771171622 0.04740406320541761 0.06688584060764086 -0.03740798841559069 -0.09904492394764769 -0.08028759736369083 0.0037069072037563327 0.026148673888681362 0.0211864406779661 0.025
-0.015925517579321327 -0.057329136690647486 0.03631411711302769 -0.11574074074074074 -0.20058997050147495 -0.09937300366733703 -0.013496932515337429 -0.013404825737265416 -0.1127771369985903 -0.01384083044982699 -0.03541166055393954 -0.007349338559529644 0.05485986881335718 -0.09137426900584796 -0.1264702162640698 0.003701875616979271 -0.04237849291484572 -0.04388795662837227 -0.08701384311140409 -0.04719600222098833 0.04208646856268333 0.007394626571358148 0.009538571598903067 0.06494273231786515 -0.19788253087975802 -0.08355488036460311 0.034796573875803 -0.07921298070780632 0.05757900374933047 0.03455226029369421 -0.11526639344262295 -0.10642114073896927 0.0825358851674641 -0.1425981873111783 -0.27047054464616527 -0.34210526315789475 -0.2820547758550211 -0.2380023410066329 -0.15879424034450276 -0.049666524762310205 -0.09633429250594269 0.01043599257884972 -0.09926427653859628 -0.07406508013598834 -2.5584742713206188 -4.361228026739292 -1.8441525315648515 -0.5712821826565901 -0.33653214144866567 -0.16995932597327137 -0.03201970443349754 0.01172332942555686 0.0022797218739313784 -0.26618705035971224 -1.8257771224966213 -2.0754952036875545 -0.9116445352400409 -0.5176351179903579 -0.09036144578313252 -0.14880132267842383 -0.018100639555930977 -0.07079851439182917 0.10093896713615025 -0.9767046833292892 -6.483283433133733 -2.939273270283723 -0.6461421512732801 -0.39394697348674335 -0.1512996249838355 -0.14102032351721278 -0.1225427623181006 -0.005884429798752496 -0.07655164291602874 -0.27733267595217553 -0.5449858843746164 -0.24527150701647343 -0.07015785517414183 -0.01132217889042647 -0.08011557656947729 -0.05345336896891265 -0.036222832875343496 0.05191873589164786 0.07028681555379208 -0.034994569808133216 -0.0931493927602877 -0.1006590772917915 0.011120721611268999 0.03112937367700162 0.022432701894317054 0.03421052631578947
-0.017150557393115277 -0.049460431654676264 0.035179300953245576 -0.09953703703703703 -0.1911504424778761 -0.09464095587365431 -0.05030674846625767 0.007311723129417498 -0.1179033704985262 -0.0013840830449826994 -0.04552927785506512 -0.0012248897599216077 0.04889683959451401 -0.06944444444444445 -0.12899962058935122 -0.017275419545903257 -0.060919083565090716 -0.027107267329288753 -0.0949241924851681 -0.03470294280955024 0.040811121030480804 0.011091939857037223 0.01550017884821748 0.07793127878143818 -0.1814973531635997 -0.1012786428661856 0.041488222698072806 -0.0689919509390571 0.06427423674343866 0.05038871292830406 -0.11782786885245902 -0.08848499342341266 0.08971291866028708 -0.113595166163142 -0.23218475978757563 -0.311842105263158 -0.2616160239814688 -0.23930290024710626 -0.15206567083837977 -0.029799914857386124 -0.10384086075315901 0.03710575139146568 -0.09342520144809062 -0.009713453132588633 -1.7956099316300829 -4.145828175290914 -2.049483484249458 -0.7493275265787114 -0.40094649664782434 -0.17286461359674607 -0.022167487684729065 0.01055099648300117 0.028496523424142252 -0.1726618705035971 -1.5173854281852808 -2.1078858851376605 -1.2359550561797754 -0.6724181679776706 -0.09952854897852279 -0.17911270322402867 -0.022927476770845907 -0.06383472609099351 0.11267605633802817 -0.6394079107012862 -5.8021457085828345 -3.463165754106521 -1.1757253262384393 -0.4714857428714357 -0.16552437605069184 -0.14516798009124843 -0.13275465917794232 -0.008238201718253499 -0.07772936049935227 -0.24775052385061014 -0.5093899594942923 -0.2403904820012203 -0.07892758707090955 -0.012580198767140519 -0.09324927764644078 -0.05204670136446758 -0.032475643267549335 0.04966139954853273 0.07368779049994331 -0.04223482563050561 -0.0648508430609598 -0.07789095266626721 -0.004942542938341776 0.052297347777362724 0.03614157527417747 0.05921052631578947
-0.03185103515864266 -0.04721223021582734 0.02723558783477077 -0.09143518518518519 -0.17817109144542775 -0.10173902756417838 -0.09570552147239264 -0.0012186205215695815 -0.12815583749839804 -0.0027681660899653987 -0.05691159731883141 0.0024497795198432136 0.05485986881335718 -0.049951267056530205 -0.12141140761350704 -0.03331688055281342 -0.07548669050456894 -0.01678068929908352 -0.0975609756097561 -0.024986118822876168 0.030608340772860603 0.011091939857037221 0.01073089304876595 0.0791120557326721 -0.1688933703050164 -0.1341942017976959 0.03211991434689508 -0.07282483710233807 0.054900910551687186 0.04606968039159228 -0.12679303278688525 -0.08728925026904222 0.08851674641148324 -0.10151057401812691 -0.20871927874521426 -0.3026315789473685 -0.2575282736067584 -0.27701911822083497 -0.16417709594940116 -0.029799914857386124 -0.1138496184161141 0.06145640074211504 -0.08875394137568608 0.03763963088878096 -1.173083843109032 -3.872245605347859 -2.097946690473154 -1.0593057512488793 -0.500854476140397 -0.19610691458454388 -0.0332512315270936 0.012895662368112543 0.045594437478627604 -0.10431654676258992 -1.2151369947167956 -2.033138158714339 -1.4798263534218592 -0.9007866023851815 -0.17417496071241487 -0.21217966381923398 -0.031374441896947027 -0.06731662024141133 0.13145539906103287 -0.300897840330017 -5.0137225548902205 -3.698357391737183 -2.0296465222348914 -0.5965482741370686 -0.20949178843915686 -0.1603760541960459 -0.1493489915751851 -0.014122631517006 -0.07419620774938171 -0.21200542339455195 -0.4688842518718547 -0.23794996949359368 -0.09521423202204962 -0.017612278273996723 -0.11688993958497504 -0.046420030946687306 -0.04246814888833375 0.04401805869074492 0.083890715338397 -0.03861469771931941 -0.03655229336163188 -0.05392450569203115 -0.02965525763005066 0.0635039223010833 0.028664007976071788 0.07894736842105263
-0.03675119441381845 -0.02360611510791367 0.03631411711302769 -0.06944444444444445 -0.15103244837758115 -0.08517686028628887 -0.12024539877300615 0.031684133560809166 -0.1371267461232859 0.012456747404844292 -0.055646895156190715 0.0171484566389025 0.05605247465712582 -0.012183235867446393 -0.11761730112558492 -0.023445212240868707 -0.09535160905840286 0.02323480056796179 -0.11733684904416612 0.004164353137146029 0.016579517918632828 0.006162188809465124 0.0023846428997257698 0.08855827134254339 -0.16007058230400806 -0.14812001519179643 0.018736616702355463 -0.060048549891401556 0.04284949116229244 0.03887129283040599 -0.12679303278688525 -0.07174458926222649 0.10526315789473684 -0.08821752265861027 -0.16919846856860565 -0.261842105263158 -0.23981468864967975 -0.2718168812589413 -0.17359709325797335 -0.022704697034198952 -0.1138496184161141 0.07073283858998144 -0.09692864650239402 0.06920835356969403 -0.6908960057574669 -3.5132458529338946 -2.1132508608595844 -1.4346099654156526 -0.5836729328250295 -0.2149912841371296 -0.03817733990147784 0.023446658851113716 0.06497207340704433 -0.028776978417266195 -0.9141172134168818 -1.897346455711972 -1.5487742594484168 -1.223039837604669 -0.2553693033001571 -0.2452466244144392 -0.028961023289489563 -0.05919220055710307 0.1408450704225352 -0.0970638194612958 -4.157934131736527 -3.6772025883524138 -2.846826301786393 -0.7716358179089544 -0.2508728824518298 -0.19355730678833125 -0.1455195302527445 0.010591973637754503 -0.06830761983276411 -0.14667817083692838 -0.40628452190990555 -0.19402074435631483 -0.10523678276121273 0.006290099383570261 -0.1155765694772787 -0.007033338022225349 -0.04496627529352985 0.04401805869074492 0.08615803196916448 -0.030167732593218293 -0.008253743662303973 -0.0359496704613541 0.004942542938341779 0.07222014693064376 0.03489531405782652 0.09210526315789473
-0.053901751806933726 -0.03147482014388489 0.03404448479346346 -0.09375 -0.1392330383480826 -0.10292203951259907 -0.1423312883435583 -0.003655861564708751 -0.14097142124823786 0.0013840830449827007 -0.06070570380675351 0.026947574718275358 0.05008944543828264 -0.008528265107212482 -0.11508789680030351 -0.00863770977295163 -0.15891934843067143 0.03743384535949399 -0.13579433091628215 0.02498611882287618 0.020405560515240402 0.02588119299975351 0.0011923214498628849 0.13224701853819815 -0.13486261658684146 -0.11267249018863149 -0.02141327623126339 -0.03321834674843491 0.037493304767005894 0.07198387561186295 -0.13191598360655737 -0.05739567140978119 0.11004784688995214 -0.07009063444108761 -0.14820303816228234 -0.21184210526315791 -0.24935277285733753 -0.2536090518923137 -0.18301709056654555 -0.014190435646374344 -0.12135618666333041 0.07537105751391465 -0.09108957141188836 0.08135016998542982 -0.3514453640398224 -3.055211686060906 -2.081367172554521 -1.6664531830408609 -0.6914683843828052 -0.24985473561882623 -0.038177339901477834 0.04103165298944901 0.08662943120939245 0.0539568345323741 -0.6278412581398207 -1.6930360034882272 -1.6062308478038816 -1.4907383912712509 -0.3247773703509691 -0.25351336456324053 -0.028961023289489563 -0.0255338904363974 0.15023474178403756 0.042465421014316926 -3.288423153692615 -3.522896963663514 -3.650069681996706 -1.0880440220110057 -0.27802922539764646 -0.20185261993640263 -0.14424304314526423 0.015299517476756503 -0.06477446708279354 -0.13188709478614566 -0.3522769117466552 -0.17327638804148873 -0.1327987972939113 -0.007548119260284316 -0.12739690044654586 0.007033338022225347 -0.04246814888833375 0.0654627539503386 0.08389071533839701 -0.006033546518643658 0.008253743662303973 0.004793289394847222 0.03089089336463611 0.07595567177188393 0.0423728813559322 0.13684210526315788
-0.06370207031728532 -0.025854316546762585 0.039718565592374036 -0.08680555555555555 -0.12743362831858407 -0.10410505146101975 -0.1484662576687117 -0.028028271996100418 -0.15122388824810967 -0.023529411764705882 -0.05691159731883142 0.029397354238118567 0.04770423375074538 -0.01705653021442495 -0.10117617301125585 -0.012339585389930898 -0.1999735134419282 0.032270556344391375 -0.14897824653922215 0.012493059411438088 0.01913021298303788 0.039438008380576775 0.0023846428997257667 0.13697012634313377 -0.10713385429795812 -0.10381060893784025 -0.05620985010706638 -0.020442059537498402 0.0307980717728977 0.07054419809962569 -0.13447745901639346 -0.045438239866076764 0.1255980861244019 -0.05438066465256798 -0.12350253180190193 -0.16315789473684209 -0.25207793977381115 -0.24840681493042008 -0.19647422957879157 -0.02554278416347382 -0.11259852370824472 0.07769016697588126 -0.07357234614037136 0.07406508013598834 -0.14993402902722802 -2.49442931418668 -2.00994771075118 -1.695913923402075 -0.816353358748521 -0.29488669378268445 -0.038177339901477834 0.06096131301289566 0.10486720620084351 0.10431654676258992 -0.3624523897284678 -1.4750218014202068 -1.5564351378958121 -1.5833544785587415 -0.4478784704033525 -0.28795811518324604 -0.04102811632677688 0.0011606313834726088 0.15375586854460094 0.12739626304295076 -2.4738023952095807 -3.3013937282229966 -3.9820093753959207 -1.47823911955978 -0.35949825423509635 -0.2073828287017835 -0.13786060760786317 0.0270683770742615 -0.05653044399952891 -0.1047701220263774 -0.304406530011047 -0.1366687004270897 -0.1716361814081684 -0.023902377657566993 -0.1497241922773838 0.009846673231115488 -0.031226580064951288 0.07787810383747178 0.09636095680761818 0.0 0.03419408088668789 0.01437986818454165 0.07290250834054121 0.07222014693064374 0.044865403788634094 0.13815789473684212
-0.049001592551757935 -0.012365107913669062 0.053336359509759415 -0.07523148148148147 -0.09911504424778761 -0.09227493197681295 -0.14969325153374238 -0.013404825737265414 -0.1640394719979495 -0.016608996539792385 -0.03794106487922095 0.037971582557569813 0.0584376863446631 -0.020711500974658868 -0.07335272543316049 -0.02221125370187562 -0.2065951529598729 0.01032657803020523 -0.17007251153592617 0.009716823986674065 0.017854865450835356 0.0456001971900419 0.005961607249314417 0.13578934939189985 -0.09074867658179986 -0.11393847322445878 -0.06423982869379015 -0.044717005238277756 0.01205141938939475 0.044630002879355035 -0.13319672131147542 -0.03587229463111323 0.12679425837320574 -0.051963746223564956 -0.10497715203161664 -0.11578947368421051 -0.24390243902439024 -0.2406034594875796 -0.21531422419593596 -0.031218958422023557 -0.10008757662955085 0.08000927643784787 -0.05488730585075323 0.08863525983487129 0.05397625044980209 -1.8222332260460512 -1.913021298303788 -1.7100038427052646 -0.8939135007230183 -0.3195816385822196 -0.04187192118226601 0.07033997655334115 0.1174056765074661 0.14028776978417265 -0.11180734733996808 -1.2370748723059672 -1.4811031664964251 -1.625222024866785 -0.5513357778941854 -0.32102507577845135 -0.03740798841559069 0.01624883936861653 0.1572769953051643 0.18806115020626063 -1.6591816367265468 -3.0313588850174216 -4.0060813378943365 -1.6983491745872936 -0.4357946463209621 -0.22950366376330708 -0.14679601736022466 0.028245263034012 -0.05770816158285243 -0.09737458400098609 -0.2663557137596661 -0.12202562538133008 -0.18416436983212228 -0.06415901371241665 -0.1773049645390071 0.007033338022225347 -0.032475643267549335 0.07562076749435667 0.08955900691531572 -0.009653674429829855 0.03537318712415989 0.0035949670461354172 0.07908068701346843 0.06972979703648362 0.023678963110667996 0.12763157894736843
-0.05635183143452162 -0.010116906474820143 0.07035860190649115 -0.08101851851851852 -0.08495575221238938 -0.07571276469892346 -0.16441717791411048 -0.010967584694126247 -0.17557349737280534 -0.020761245674740483 -0.046793980017705836 0.024497795198432138 0.05485986881335718 -0.028021442495126704 -0.067029214619957 -0.02838104639684107 -0.2158654482849954 -0.002581644507551313 -0.18589321028345418 -6.938893903907229e-19 0.03826042596607575 0.04313532166625585 0.014307857398354598 0.11689691817215726 -0.05923871943534157 -0.10001265983035827 -0.06825481798715202 -0.039606490353903165 0.002678093197643276 0.05182839044054133 -0.116547131147541 -0.03348080832237235 0.1507177033492823 -0.06042296072507554 -0.06792639249104604 -0.09473684210526316 -0.21120043602670666 -0.23149954480426582 -0.2139685102947114 -0.026961827728111253 -0.09007881896659577 0.06957328385899814 -0.04671260072404531 0.0947061680427392 0.11634880652512894 -1.105471651398861 -1.7689070271649026 -1.7112847444600998 -0.9149467595635599 -0.35735037768739103 -0.0332512315270936 0.0668229777256741 0.12652456400319162 0.1474820143884892 0.10443543432854156 -0.9717204435031768 -1.3840653728294179 -1.6518650088809945 -0.606338397066527 -0.3513364563240562 -0.03499456980813322 0.032497678737233054 0.17018779342723003 0.19170104343605923 -0.9418662674650697 -2.704081632653062 -3.970606866844039 -1.7483741870935472 -0.4577783525151947 -0.22120835061523572 -0.1493489915751851 0.028245263034012 -0.05535272641620539 -0.08751386663379761 -0.2184853320240579 -0.09151921903599756 -0.18416436983212228 -0.08554535161655555 -0.17861833464670346 -0.0014066676044450694 -0.021234074444166872 0.07110609480812642 0.09862827343838568 -0.01327380234101605 0.05188067444876784 0.016776512881965244 0.08773013715556655 0.05727804756568298 0.02243270189431705 0.1223684210526316
-0.05635183143452162 -0.014613309352517983 0.07830231502496596 -0.08217592592592593 -0.06725663716814159 -0.05205252573050988 -0.16441717791411042 -0.007311723129417499 -0.16660258874791747 -0.01660899653979239 -0.048058682180346535 0.02694757471827535 0.058437686344663085 -0.03533138401559454 -0.04552927785506512 -0.02838104639684107 -0.22381141570652896 -0.0051632890151026315 -0.19380355965721818 0.0027762354247640184 0.03188368830506312 0.040670446142469806 0.014307857398354598 0.11571614122092336 -0.04159314343332493 -0.08482086340043042 -0.07093147751605995 -0.03960649035390316 -0.016068559185859664 0.0561474229772531 -0.12038934426229511 -0.0203276336242975 0.15669856459330142 -0.056797583081571 -0.043225886130665685 -0.07105263157894737 -0.19076168415315436 -0.20548835999479778 -0.22069707980083436 -0.0014190435646374345 -0.08757662955085699 0.07305194805194805 -0.030363190470629457 0.10806216610004857 0.12834352884730718 -0.5323099777172569 -1.5546486417548782 -1.671576790060202 -0.9254633889838308 -0.36897152818128987 -0.01724137931034483 0.06799531066822977 0.14704206086857405 0.17625899280575538 0.28013269443420563 -0.6565341970848386 -1.2346782431052095 -1.6455214412585637 -0.5997904662126768 -0.3554698263984569 -0.02775431398576083 0.05803156917363046 0.1877934272300469 0.208687211841786 -0.35928143712574856 -2.2710303633648588 -3.8907893069808686 -1.7808904452226113 -0.4500193973878185 -0.20323517212774783 -0.13913709471534338 0.023537719195010007 -0.03415380991638205 -0.07888573893750771 -0.15834049343316553 -0.050030506406345335 -0.16411926835379603 -0.0918354510001258 -0.1589177830312582 -0.00140666760444507 -0.027479390457157138 0.06320541760722348 0.1020292483845369 -0.018100639555930977 0.056597099398655815 0.028759736369083282 0.09267268009390832 0.04980699788320259 0.02243270189431705 0.1105263157894737
-0.05512679162072768 -0.007868705035971223 0.07943713118474807 -0.07407407407407406 -0.06371681415929205 -0.02839228676209631 -0.1717791411042945 -0.0012186205215695815 -0.15506856337306166 -0.01660899653979239 -0.06070570380675352 0.025722684958353743 0.05605247465712583 -0.03289473684210526 -0.03667636271658024 -0.03455083909180652 -0.23175738312806246 -0.006454111268878288 -0.2017139090309822 -0.006940588561910049 0.03188368830506313 0.035740695094897704 0.0214617860975319 0.11689691817215728 -0.013864381144441638 -0.06076718571971136 -0.06557815845824409 -0.020442059537498402 -0.00937332619175147 0.06334581053843938 -0.11142418032786887 -0.008370202080593086 0.15669856459330145 -0.05679758308157099 -0.011115227862171177 -0.05526315789473685 -0.13898351274015536 -0.17947717518532974 -0.19512851567756695 0.004257130693912303 -0.09633429250594269 0.08232838589981446 -0.024524115380123796 0.12020398251578437 0.1343408900083963 -0.20054468927952462 -1.224333630914424 -1.6100935058281032 -0.929407125016432 -0.38349796629866356 -0.013546798029556651 0.082063305978898 0.16072039211216232 0.19904076738609114 0.4042265634598844 -0.3413479506665006 -1.0367722165474973 -1.6061913219994923 -0.5827658459926665 -0.36511435657205843 -0.004826837214914928 0.07195914577530176 0.215962441314554 0.2196068915311818 0.07485029940119763 -1.7297162767546048 -3.7602939313315593 -1.7696348174087047 -0.40734514418724943 -0.19770496336236693 -0.14551953025274444 0.024714605154760507 -0.02355435166647038 -0.0702576112412178 -0.12151712286731313 -0.02562538133007931 -0.16161363066900525 -0.09686753050698202 -0.1589177830312582 -0.005626670417780276 -0.03372470647014739 0.05869074492099323 0.09069266523069947 -0.02534089537830337 0.05541799316118383 0.041941282204913125 0.09390831582849377 0.03735524841240194 0.022432701894317054 0.09473684210526317
-0.07472742864143085 0.0022482014388489208 0.07149341806627327 -0.06597222222222222 -0.07669616519174043 -0.009464095587365431 -0.19509202453987734 0.008530343650987083 -0.1640394719979495 -0.011072664359861591 -0.07714683192108258 0.02694757471827535 0.05128205128205129 -0.03167641325536062 -0.03035285190337675 -0.041954590325765054 -0.26618990862137465 -0.010326578030205253 -0.22280817402768624 -0.020821765685730152 0.019130212983037874 0.033275819571111656 0.03457732204602361 0.11099303341598772 0.00126039828585833 -0.05443727054057477 -0.08029978586723768 -0.019164430816404752 -0.017407605784681306 0.059026778001727606 -0.11398565573770494 0.005978715771852206 0.14832535885167464 -0.04712990936555891 -0.0061751265900950965 -0.0381578947368421 -0.12944542853249763 -0.1430615164520744 -0.19243708787511776 0.01986660990492408 -0.09383210309020393 0.09508348794063079 -0.018685040289618128 0.12627489072365228 0.13793930670504978 -0.07056202030205497 -0.7499043489350848 -1.5191494812347894 -0.9294071250164322 -0.3951191167925624 -0.007389162561576354 0.0902696365767878 0.1743987233557506 0.20743405275779375 0.48040299791129126 -0.04983181761554756 -0.7533197139938713 -1.528799797005836 -0.572289156626506 -0.35822540644805734 -0.0036201279111861967 0.08240482822655523 0.21478873239436624 0.22203348701771417 0.3305888223552894 -1.055251368840219 -3.6221968833143285 -1.7383691845922964 -0.386654597180913 -0.18940965021429562 -0.16339034975746747 0.022360833235259506 -0.02119891649982334 -0.07272279058301491 -0.11047011169755738 -0.02074435631482611 -0.1804059133049361 -0.10944772927412252 -0.16942474389282902 -0.011253340835560557 -0.04371721209093181 0.05304740406320542 0.08842534859993198 -0.03861469771931942 0.04952246197382385 0.05032953864589573 0.08155195848263933 0.016187274312040836 0.013708873379860423 0.07894736842105263
-0.07227734901384295 0.010116906474820143 0.0828415796640944 -0.06712962962962962 -0.07315634218289087 0.0035490358452620364 -0.15460122699386508 0.012186205215695836 -0.16019479687299754 -0.015224913494809691 -0.06829391678259769 0.03184713375796178 0.06559332140727489 -0.020711500974658868 -0.016441128114329077 -0.0012339585389930922 -0.2476493179711296 -0.007744933522653935 -0.21357943309162825 -0.03053858967240422 0.01785486545083535 0.03204338180921863 0.0345773220460236 0.10508914865981815 -6.938893903907229e-19 -0.03671350803899228 -0.0896680942184154 -0.021719688258592055 -0.026780931976432783 0.04606968039159228 -0.11526639344262297 -0.004782972617481765 0.16028708133971295 -0.05679758308157099 -0.0012350253180190187 -0.02105263157894737 -0.12126992778307673 -0.10794641695929248 -0.18436280446777015 0.022704697034198952 -0.08882772425872638 0.11015769944341372 -0.011678150181011333 0.15177270519669744 0.14153772340170323 -0.03342411487992077 -0.49228414743017473 -1.2783399513257332 -0.8794531352701458 -0.37478210342823937 -0.008620689655172414 0.10902696365767876 0.17667844522968196 0.21103117505995206 0.4754883892370071 0.10215522611187242 -0.3536772216547498 -1.3499111900532859 -0.5460974332111054 -0.349958666299256 0.014480511644744782 0.09865366759517177 0.23356807511737085 0.2232467847609804 0.33183632734530943 -0.4094076655052265 -2.9950589129608516 -1.634567283641821 -0.3362213888529678 -0.1783492326835338 -0.1506254786826653 0.0341296928327645 -0.008244023083264633 -0.05793171453223221 -0.09574076347121639 0.0036607687614399033 -0.1566023552994237 -0.08931941124669769 -0.15760441292356184 -0.00281333520889014 -0.047464401698725955 0.060948081264108354 0.08502437365378074 -0.03982140702304815 0.03891050583657588 0.033553025763930495 0.09267268009390832 0.003735524841240195 -0.006231306081754734 0.05526315789473683
-0.06982726938625505 0.0044964028776978415 0.09418974126191557 -0.07986111111111109 -0.06725663716814159 0.0035490358452620373 -0.1177914110429448 0.009748964172556667 -0.15763168012302958 -0.03044982698961938 -0.0594410016441128 0.03674669279764821 0.07990459153249851 -0.03533138401559453 -0.0025294043252813933 0.023445212240868707 -0.22910872732088464 0.00516328901510262 -0.20435069215557022 -0.02359800111049417 0.016579517918632825 0.03450825733300468 0.0345773220460236 0.10154681780611644 -0.0012603982858583316 0.0012659830358273199 -0.09903640256959315 -0.0063881436054682526 -0.03615425816818425 0.05614742297725309 -0.11014344262295081 -0.01076168838933397 0.17105263157894737 -0.06646525679758308 0.003705075954057059 0.0 -0.11309442703365584 -0.07153075822603722 -0.17628852106042256 0.022704697034198952 -0.07131239834855499 0.11479591836734693 0.015181595235314727 0.15420106847984458 0.16072927911718846 -0.002475860361475614 -0.3915316923861752 -0.9196874599718203 -0.7966346785855133 -0.34572922719349214 -0.0024630541871921183 0.12192262602579132 0.18351761085147608 0.2278177458033573 0.47180243273129374 0.18811511149869192 -0.0612870275791624 -1.0771377822887591 -0.48323729701414353 -0.31964728575365114 0.028961023289489563 0.11142061281337046 0.2476525821596244 0.20868721184178596 0.3231037924151696 -0.06470881035340965 -2.0676548840744964 -1.4907453726863429 -0.27156342945816625 -0.167288815152772 -0.14296655603778402 0.054136754148523016 -0.00353315274997056 -0.054233945519536544 -0.08223886093040382 0.03660768761439902 -0.13154597845151592 -0.05157881494527612 -0.13396375098502758 0.012660008440005633 -0.047464401698725955 0.06997742663656885 0.08162339870762951 -0.057922046578979126 0.03419408088668789 0.02037147992810066 0.11244285184727543 0.006225874735400325 -0.004985044865403789 0.05
-0.06002695087590347 -0.005620503597122302 0.08965047662278709 -0.08680555555555555 -0.058997050147492625 -0.00118301194842068 -0.07484662576687116 0.002437241043139163 -0.14353453799820579 -0.02768166089965398 -0.054382192993550016 0.029397354238118567 0.08706022659511033 -0.06578947368421052 0.008852915138484886 0.016041461006910167 -0.20394649715269497 -0.00903575577642959 -0.19248516809492416 -0.03747917823431427 0.01785486545083535 0.02957850628543258 0.05365446524382973 0.09800448695241469 0.007562389715149989 0.0063299151791366 -0.08565310492505354 -0.010221029768749206 -0.028119978575254417 0.060466455513964866 -0.10117827868852458 -0.019131890469927058 0.17344497607655504 -0.07250755287009064 0.011115227862171177 -0.002631578947368421 -0.0858427578689195 -0.05722460658082977 -0.15206567083837974 0.021285653469561516 -0.05755035656199174 0.11247680890538034 0.03386663552493285 0.14691597863040312 0.17752189036823798 -0.0012379301807378077 -0.2920545848743782 -0.5046752914051492 -0.7164453792559484 -0.32393957001743173 0.0024630541871921183 0.1395076201641266 0.18807705459933885 0.22422062350119906 0.47057378056272264 0.22798056559112995 0.09959141981613892 -0.7003298655163666 -0.3863279203771608 -0.2824469550840452 0.03861469771931942 0.12070566388115134 0.2546948356807512 0.22567338024751277 0.31062874251497 0.046042807366849174 -1.1529203091346767 -1.276888444222111 -0.19656019656019652 -0.1271948016037605 -0.13147817207046208 0.052959868188772505 0.005888587916617597 -0.06286207321582644 -0.07241929544617651 0.035387431360585725 -0.07516913054372339 -0.0364825764247075 -0.1155765694772787 0.014066676044450697 -0.0462153384961279 0.06320541760722348 0.08955900691531572 -0.07722939543863884 0.040089612074047876 -0.002396644697423607 0.09761522303225012 0.006225874735400326 -0.007477567298105682 0.030263157894736846
