-0.09475218658892129 -0.025601068566340156 -0.07418230864336292 -0.10637054354178843 -0.31335636840223996 -1.35879848628193 -0.32533399307273625 -0.13436883629191324 -0.10351966873706002 -0.03632807042056727 -0.016769865841073272 -0.09514515735545256 0.0023992322456813818 0.12991833704528583 -0.06579779830444135 -0.6632021776787924 -0.26691578806886423 -0.1733281593584271 -0.05585106382978724 -0.06458859870822803 -0.010147133434804667 0.10457198443579767 0.0363849765258216 0.10649627263045794 0.02367601246105919 0.04291845493562232 -0.03041925671207512 -0.022938702688925706 0.009348290598290591 -0.02311470673215833 -0.015461925009663702 0.17041420118343192 -0.03444589618719564 0.12898515453881723 -0.060760724267833265 0.015378700499807768 -0.14790910313298372 0.005232177894048401 -0.04117485588800439 0.038518518518518514 0.011315061604224286 0.05215419501133787 0.014891179839633447 0.08411439557798606 -0.05328811917161197 -0.06386637189879638 -0.12944162436548223 -0.09895900269888189 -0.09317183548515906 -0.13114754098360654 -0.0012465719272001963 0.07103761499941771 0.025921334385213567 -0.062133645955451344 0.05946135012242042 0.017968375658840442 0.13333333333333333 0.07236257458423259 0.14893897456175037 0.09441939120631342 -0.03019688368160406 -0.04897388059701493 -0.052502625131256565 0.045259647451167215 -0.006056201550387597 -0.11204481792717087 0.03326761951700345 -0.12831585441085752 0.07967103572346441 -0.06076508769506974 -0.07746031746031745 0.007094714437743876 -0.11067938302131167 0.13663535439795046 -0.04474002418379686 0.06148282097649186 -0.07206759443339962 0.017423771001866834 -0.07302125440083451 0.10542377583576086 0.03322667979325622 -0.05869074492099323 0.048407069683665434 -0.044306071129206086 0.023402761525860055 -0.027196405344684878 0.02329858982219497 -0.0012359411692003468 0.09628784999366527 0.023501762632197415
-0.10689990281827018 -0.006678539626001782 -0.08991794987074295 -0.08766803039158386 -0.40629095674967236 -1.7821665089877008 -0.4119247897080654 -0.13313609467455625 -0.12939958592132506 -0.02235573564342601 -0.018059855521155833 -0.07928763112954379 -0.005998080614203455 0.12496906706260828 -0.10881943565734534 -0.8797327394209354 -0.328306419324703 -0.18885008407709222 -0.06117021276595745 -0.07441729851165402 -0.0076103500761035 0.11186770428015565 0.04342723004694836 0.10531298071234174 0.02367601246105919 0.04796768492804847 -0.04629017325750562 -0.025487447432139675 0.008012820512820507 -0.014446691707598958 -0.010307950006442468 0.1846153846153846 -0.03563368571089203 0.14115356534436602 -0.060760724267833265 0.02306805074971165 -0.14118596208148446 0.026160889470241987 -0.0425473510842712 0.054814814814814816 0.01634397787276842 0.06349206349206349 0.02405498281786942 0.07930785868781542 -0.04844374470146543 -0.06632277081798084 -0.11294416243654823 -0.08353682046009511 -0.07187541594569413 -0.11177347242921014 0.008726003490401396 0.07802492139280306 0.032683421616138846 -0.05744431418522859 0.06179316777428005 0.019166267369429803 0.14454828660436136 0.07363209343658753 0.16211941478845396 0.10428410372040586 -0.025365382292547412 -0.03964552238805971 -0.052502625131256565 0.05359695092901381 -0.0060562015503875955 -0.11691633175009135 0.025874815179891576 -0.11597779148673659 0.07710100231303008 -0.052478939373014774 -0.06730158730158729 0.024831500532103583 -0.11067938302131168 0.14761498109064292 -0.04232164449818622 0.05907172995780591 -0.06585487077534793 0.017423771001866834 -0.0691094014865041 0.10542377583576086 0.029534826482894416 -0.04853273137697517 0.05628729032984352 -0.050293378038558254 0.017552071144395043 -0.03665602459501005 0.023298589822194977 -0.011123470522803111 0.10262257696693274 0.014362188275231752
-0.1129737609329446 -0.018922528940338378 -0.09553782173766438 -0.1005260081823495 -0.5135231740736328 -2.2776726584673606 -0.47996041563582387 -0.15039447731755426 -0.1488095238095238 -0.02934190303199664 -0.02192982456140351 -0.07440839229080262 -0.005998080614203455 0.13610492452363276 -0.141718334809566 -1.107399158624103 -0.3816895769384758 -0.19661104643642474 -0.0625 -0.07020499859590003 -0.00380517503805175 0.11551556420233462 0.04342723004694836 0.10649627263045794 0.03489096573208723 0.09088613986367079 -0.046290173257505625 -0.028036192175353636 0.012019230769230766 -0.017336030049118756 -0.002576987501610617 0.17396449704142009 -0.03563368571089204 0.13750304210270137 -0.05468465184104996 0.01794181724977573 -0.13984133387118464 0.01962066710268149 -0.04666483667307164 0.04296296296296297 0.03143072667840081 0.06122448979591836 0.04009163802978236 0.08171112713290074 -0.033910621291025796 -0.0650945713583886 -0.09771573604060914 -0.08482200231332734 -0.06522028483961134 -0.10581222056631892 0.02243829468960359 0.08151857458949574 0.039445508847064124 -0.04806565064478311 0.07345225603357816 0.026353617632965988 0.14205607476635512 0.07997968769836232 0.15684723869777253 0.09864712514092445 -0.025365382292547405 -0.045475746268656726 -0.05016917512542294 0.05121486422105764 -0.004844961240310077 -0.12422360248447203 0.027106949236076892 -0.1122763726095003 0.07838601901824724 -0.051097914652672285 -0.062222222222222213 0.03192621496984747 -0.09419521959260568 0.15737464926192507 -0.03506650544135429 0.06268836648583484 -0.05591451292246521 0.017423771001866834 -0.06258964662928675 0.109585240671383 0.041841004184100423 -0.04966139954853273 0.06416751097602162 -0.04909591665668782 0.03159372805991108 -0.0378384770013007 0.03310852237890864 -0.014831294030404151 0.1190928670974281 0.011750881316098711
-0.10568513119533526 -0.025601068566340163 -0.09890974485781726 -0.10403272939801286 -0.6243297986417253 -2.8240302743614003 -0.5554181098466107 -0.17258382642998027 -0.15527950310559008 -0.05449210563085092 -0.016769865841073272 -0.08172725054891439 -0.0011996161228406909 0.12249443207126949 -0.17082120713653043 -1.3882702301410543 -0.45509141865741354 -0.22636140214719963 -0.08111702127659574 -0.08845829823083404 0.008878741755454084 0.1191634241245136 0.04812206572769953 0.10176310495799312 0.041121495327102804 0.12244382731633426 -0.05422563153022088 -0.03823117114820951 0.017361111111111112 -0.033227390927477604 0.006442468754026542 0.1633136094674556 -0.03444589618719564 0.13385251886103675 -0.05346943735569328 0.008970908624887867 -0.14387521850208418 0.005232177894048397 -0.04940982706560526 0.02222222222222222 0.05028916268544129 0.06575963718820861 0.0572737686139748 0.08411439557798606 -0.02785515320334262 -0.0650945713583886 -0.09898477157360405 -0.08096645675363065 -0.057234127512311994 -0.10134128166915053 0.036150585888805785 0.08501222778618842 0.04057252338555167 -0.04454865181711606 0.0757840736854378 0.02275994250119789 0.14454828660436136 0.0774406499936524 0.1700276789244761 0.08878241262683201 -0.019326005556226596 -0.044309701492537316 -0.03616847509042118 0.04525964745116722 0.0024224806201550405 -0.13883814395323346 0.0283390832922622 -0.1110425663170882 0.0925212027756361 -0.055240988813699765 -0.035555555555555556 0.02837885775097552 -0.07535617567408454 0.15615469074051483 -0.021765417170495766 0.05063291139240507 -0.04473161033797217 0.011200995644057252 -0.04172643108619116 0.10264946594534612 0.05045532857494463 -0.05191873589164786 0.06867049420240909 -0.050293378038558254 0.032763866136204065 -0.05794016790824169 0.0269773145309626 -0.019775058707205535 0.12162675788673509 0.013056534795665233
-0.12633624878522837 -0.038958147818343725 -0.12476115544565584 -0.1157218001168907 -0.7565828666746098 -3.4141438032166507 -0.6432459178624443 -0.2021696252465483 -0.17986542443064182 -0.07405337431884867 -0.021929824561403508 -0.0914857282263967 0.0011996161228406909 0.10888393961890622 -0.21131215993926356 -1.6815144766146992 -0.5258241024956627 -0.24835079549864184 -0.0944148936170213 -0.09969109800617805 0.00380517503805175 0.13010700389105057 0.051643192488262914 0.09939652112176073 0.04984423676012461 0.1628376672557435 -0.06745139531807962 -0.04332866063463744 0.025373931623931617 -0.04478474429355678 0.0012884937508053085 0.16449704142011834 -0.03325810666349922 0.13993672426381115 -0.0631911532385466 0.010252466999871845 -0.1371520774505849 -0.0065402223675604994 -0.04117485588800439 0.0 0.05406084988684938 0.06235827664399092 0.04925544100801833 0.091324200913242 -0.03754390214363571 -0.06755097027757308 -0.10913705583756346 -0.07839609304716619 -0.07054438972447757 -0.09687034277198212 0.033657442034405384 0.08617677885175264 0.03381043615462639 -0.04220398593200469 0.06645680307799928 0.005989458552946814 0.13333333333333333 0.06982353687952265 0.17002767892447612 0.08173618940248026 -0.03019688368160406 -0.043143656716417914 -0.03966865009917162 0.04525964745116722 -0.00968992248062015 -0.14979905005480454 0.02464268112370626 -0.10857495373226403 0.09766126959650476 -0.04971688993232979 -0.029206349206349208 0.020101690906940996 -0.07182385493936183 0.152494815176284 -0.019347037484885126 0.0373719107896323 -0.04473161033797216 0.008711885500933419 -0.03520667622897379 0.10264946594534612 0.03691853310361802 -0.05304740406320542 0.06754474839581223 -0.05268830080229912 0.025743037678446056 -0.07331204919002011 0.020846106683016553 -0.021010999876405884 0.11909286709742813 0.013056534795665231
-0.13848396501457724 -0.04674977738201247 -0.14836461728672587 -0.12974868497954412 -0.8816871202192302 -4.0279091769157995 -0.7384957941613063 -0.22559171597633135 -0.2109213250517598 -0.08942294257370406 -0.033539731682146544 -0.10246401561356429 -0.015595009596928982 0.11012125711457561 -0.24927242819182588 -1.978470675575353 -0.5898838916321901 -0.2755141637563058 -0.11436170212765959 -0.10109519797809603 0.0 0.12524319066147863 0.0539906103286385 0.10294639687610933 0.04984423676012461 0.2310022721534966 -0.09654807565136889 -0.05224926723588632 0.008012820512820507 -0.04334007512279688 -0.0038654812524159254 0.15976331360946747 -0.04038484380567764 0.1350693599415916 -0.08020415603353992 0.0038446751249519434 -0.15597687239478283 -0.031393067364290386 -0.05764479824320614 -0.011851851851851855 0.038974101081216996 0.05895691609977325 0.02176403207331043 0.10213890891612594 -0.06176577449436842 -0.07860476541390321 -0.12690355329949238 -0.08996272972625627 -0.08784773060029283 -0.11326378539493294 0.036150585888805785 0.07336671713054616 0.046207596077989396 -0.03985932004689332 0.06995452955578871 -0.014374700527072352 0.11962616822429906 0.048241716389488376 0.17002767892447612 0.06482525366403606 -0.027781132987075734 -0.043143656716417914 -0.03500175008750437 0.04645069080514531 -0.0060562015503875955 -0.154670563877725 0.01724987678659438 -0.10610734114743985 0.09380621948085326 -0.0455738157713023 -0.03809523809523809 0.002364904812581295 -0.08595313787825269 0.15005489813346345 -0.03143893591293833 0.020494273658830615 -0.05715705765407555 -0.006222775357809582 -0.045638284000521584 0.09571369121930921 0.03199606202313562 -0.05304740406320542 0.07429922323539344 -0.04670099389294695 0.024572899602153052 -0.07804185881518269 0.009809932556713672 -0.018539117538005193 0.11275814012416066 0.005222613918266093
-0.16520894071914477 -0.055654496883348184 -0.16859615600764305 -0.13676212741087085 -0.9936852138687001 -4.635761589403974 -0.8213755566551211 -0.2514792899408284 -0.24715320910973088 -0.09780634343998881 -0.04643962848297214 -0.10490363503293487 -0.03238963531669865 0.11135857461024498 -0.29102872326964446 -2.263053699579312 -0.6659548912318165 -0.27939464493597205 -0.14627659574468085 -0.09688289806234204 -0.01141552511415525 0.12159533073929962 0.04225352112676056 0.10412968879422553 0.04485981308411215 0.309265337036102 -0.12035445046951462 -0.0382311711482095 -0.009348290598290602 -0.02889338341519792 -0.0025769875016106174 0.15502958579881657 -0.04157263332937404 0.13993672426381112 -0.08628022846032325 0.029475842624631553 -0.15328761597418314 -0.026160889470241987 -0.0631347790282734 -0.005925925925925929 0.03268795574553684 0.04875283446712017 0.01603665521191295 0.10814708002883922 -0.06661014896451496 -0.07860476541390322 -0.1319796954314721 -0.08096645675363064 -0.08784773060029283 -0.0923994038748137 0.02991772625280479 0.06754396180272502 0.03944550884706412 -0.042203985932004695 0.05829544129649061 -0.02635361763296598 0.10093457943925233 0.055858829503618125 0.14630288651640969 0.0662344983089064 -0.03623626041792487 -0.043143656716417914 -0.03966865009917163 0.05359695092901382 -0.02180232558139535 -0.1497990500548045 0.006160670280926565 -0.0999383096853794 0.08095605242868158 -0.029001519127192378 -0.04063492063492064 -0.005912262031453232 -0.08595313787825268 0.1354153958765402 -0.037484885126964934 -0.006027727546714888 -0.06709741550695825 -0.014934660858743 -0.05606989177206937 0.09293938132889444 0.01599803101156781 -0.05981941309255079 0.05966452774963414 -0.049095916656687826 0.0 -0.08040676362776397 -0.020846106683016553 -0.003707823507601038 0.0798175598631699 0.011750881316098707
-0.18221574344023325 -0.054541406945681215 -0.1809598741148702 -0.12857977790765635 -1.0675562969140953 -5.178571428571429 -0.8621969322117762 -0.25024654832347143 -0.2691511387163561 -0.10060081039541706 -0.04643962848297214 -0.10734325445230546 -0.03838771593090211 0.10517198713189806 -0.3011514614703277 -2.5105171987131896 -0.7033231015614574 -0.2832751261156384 -0.16090425531914895 -0.10390339792193204 -0.006341958396752917 0.11916342412451361 0.04929577464788733 0.09229676961306353 0.06355140186915888 0.39005301691492045 -0.11109641581801351 -0.045877405377851406 0.006677350427350429 -0.0361167292689974 0.0025769875016106165 0.14792899408284024 -0.03682147523458843 0.131418836699927 -0.08506501397496659 0.06023324362424709 -0.13984133387118464 -0.031393067364290386 -0.06038978863573977 -0.00888888888888889 0.03771687201408096 0.03741496598639455 0.03207331042382589 0.09613073780341264 -0.053288119171611956 -0.09334315892901007 -0.1205583756345178 -0.09253309343272073 -0.07453746838812725 -0.10879284649776452 0.036150585888805785 0.07569581926167461 0.040572523385551666 -0.02813599062133646 0.060627258948350235 -0.025155725922376616 0.08722741433021806 0.07617113114129745 0.14234875444839862 0.0775084554678692 -0.025365382292547405 -0.03731343283582089 -0.032668300081670744 0.0547879942829919 -0.009689922480620153 -0.1412739008646937 0.011089206505667814 -0.0999383096853794 0.08481110254433308 -0.03590664272890485 -0.031746031746031744 0.004729809625162592 -0.0730012951842694 0.1537147736976943 -0.019347037484885126 -0.006027727546714889 -0.0521868787276342 -0.014934660858742996 -0.04303038205763464 0.09293938132889445 0.02584297317253261 -0.06320541760722348 0.06979624000900596 -0.05268830080229912 0.01638193306810204 -0.08040676362776397 -0.003678724708767628 0.0012359411692003468 0.09502090459901177 0.005222613918266092
-0.19071914480077748 -0.043410507569011575 -0.19219961784871303 -0.10520163646990063 -1.130704158227094 -5.458845789971617 -0.8968332508659079 -0.25147928994082835 -0.2807971014492754 -0.09221740952913231 -0.04901960784313726 -0.09636496706513785 -0.04318618042226487 0.11878247958426132 -0.31380488422118186 -2.6354862657757976 -0.7166688909649006 -0.28974259474841546 -0.16888297872340424 -0.10249929795001404 -0.006341958396752917 0.11673151750972766 0.04694835680751174 0.09229676961306353 0.07725856697819314 0.49482453925776315 -0.1216770268483005 -0.05607238435070727 -0.012019230769230772 -0.050563420976596364 0.010307950006442468 0.15384615384615385 -0.03800926475828483 0.1484546118276953 -0.08628022846032325 0.11662181212354224 -0.14253059029178433 -0.03008502289077829 -0.06450727422454021 -0.0029629629629629624 0.030173497611264775 0.05102040816326529 0.024054982817869427 0.11535688536409516 -0.06176577449436842 -0.06140997297961189 -0.1319796954314721 -0.08610718416655957 -0.08784773060029283 -0.10879284649776452 0.04612316130640738 0.08734132991731686 0.037191479770089034 -0.00937866354044549 0.060627258948350235 -0.01317680881648299 0.07725856697819314 0.08759680081249208 0.13180440226703571 0.08455467869222096 -0.022949631598019087 -0.025652985074626867 -0.038501925096254816 0.07741781800857551 -0.016957364341085267 -0.10230179028132991 0.0012321340561853133 -0.09253547193090685 0.07581598560781291 -0.03590664272890485 -0.031746031746031744 0.017736786094359705 -0.07888849640880725 0.15371477369769432 -0.02176541717049577 0.006027727546714887 -0.05342942345924453 -0.012445550715619164 -0.05215803885773895 0.09571369121930921 0.030765444253015018 -0.05869074492099323 0.06867049420240909 -0.039516225601724346 0.02106248537327405 -0.061487525127113626 0.0012262415695892092 -0.0012359411692003442 0.08868617762574434 0.003916960438699569
-0.19071914480077748 -0.05231522707034728 -0.19669551534225022 -0.12857977790765635 -1.1914690813773383 -5.747398297067171 -0.9215734784760018 -0.27490138067061143 -0.2807971014492754 -0.11876484560570073 -0.05417956656346749 -0.10490363503293487 -0.052783109404990404 0.12001979707993071 -0.3302543337972922 -2.7555060628557286 -0.7313492593086881 -0.2871556072953046 -0.17420212765957444 -0.10109519797809605 -0.020294266869609334 0.12037937743190663 0.04107981220657277 0.09821322920364453 0.07850467289719626 0.5667760666498358 -0.137547943393731 -0.061169873837135215 -0.028044871794871796 -0.06501011268419532 0.002576987501610616 0.1550295857988166 -0.04157263332937403 0.14237040642492088 -0.09235630088710658 0.13968986287325386 -0.13580744924028507 -0.022236756049705698 -0.06450727422454022 0.0014814814814814823 0.026401810409856674 0.04875283446712017 0.011454753722794964 0.1345830329247777 -0.06661014896451496 -0.057725374600835176 -0.12944162436548223 -0.08225163860686287 -0.08119259949421004 -0.11028315946348735 0.032410870107205184 0.08850588098288108 0.03042939253916376 -0.01172332942555686 0.04896817068905211 -0.02275994250119789 0.06728971962616823 0.08251872540307223 0.129168314221695 0.06905298759864711 -0.03744413576518903 -0.034981343283582086 -0.049002450122506126 0.07146260123868509 -0.023013565891472864 -0.11935208866155159 0.0012321340561853133 -0.09376927822331893 0.07967103572346441 -0.04004971688993233 -0.03047619047619048 0.013006976469197119 -0.0812433768986224 0.15005489813346348 -0.02176541717049577 -0.006027727546714889 -0.05839960238568589 -0.02364654635967641 -0.05346198982918242 0.08739076154806492 0.027073590942653214 -0.05869074492099323 0.06754474839581223 -0.05268830080229912 0.016381933068102036 -0.06976469197114817 -0.008583690987124463 0.004943764676801384 0.08235145065247687 6.938893903907229e-19
-0.20408163265306123 -0.06010685663401603 -0.22704282342362597 -0.1402688486265342 -1.2629572262599784 -6.009933774834438 -0.9537357743691242 -0.29215976331360943 -0.30020703933747417 -0.1341344138605561 -0.07223942208462333 -0.11588192242010247 -0.0671785028790787 0.10640930462756744 -0.36062254839934205 -2.8742885424399898 -0.7673828906979849 -0.29879705083430347 -0.19148936170212766 -0.10109519797809603 -0.02663622526636225 0.09727626459143969 0.03169014084507042 0.07809726659566915 0.08971962616822429 0.637465286543802 -0.14151567253008862 -0.08410857652606094 -0.034722222222222224 -0.0736781277087547 0.0038654812524159246 0.15502958579881657 -0.04513600190046324 0.13871988318325626 -0.09600194434317658 0.1704472638728694 -0.12505042355788626 -0.032701111837802485 -0.0631347790282734 0.0 0.02514458134272064 0.04081632653061225 0.010309278350515464 0.1285748618120644 -0.06661014896451496 -0.06877916973716532 -0.12309644670050761 -0.09767382084564966 -0.07320644216691069 -0.12667660208643816 0.017452006980802792 0.0791894724583673 0.014651189000338108 -0.026963657678780773 0.03614317360382418 -0.03114518447532343 0.05607476635514018 0.0799796876983623 0.1173059180176618 0.07609921082299888 -0.04106776180698152 -0.04197761194029851 -0.0653366001633415 0.06312529776083849 -0.02906976744186046 -0.14127390086469369 0.004928536224741254 -0.11844540407156075 0.07838601901824724 -0.0690512360171247 -0.03809523809523809 0.004729809625162589 -0.0930177793476981 0.13175552031230936 -0.03385731559854897 -0.008438818565400838 -0.07455268389662027 -0.029869321717486 -0.07693310731516495 0.08600360660285752 0.023381737632291413 -0.07110609480812642 0.05516154452324664 -0.0586756077116513 0.02106248537327405 -0.07449450159631074 -0.009809932556713672 -0.003707823507601039 0.07981755986316989 0.00391696043869957
-0.2052964042759961 -0.07346393588601959 -0.23041474654377878 -0.1566335476329632 -1.3213392112474682 -6.254730368968781 -0.9760019792182089 -0.30078895463510846 -0.30667701863354035 -0.13972334777141265 -0.06707946336429309 -0.11832154183947305 -0.0683781190019194 0.11507052709725314 -0.36441857522459825 -2.9683246721108634 -0.7900707326838384 -0.28844910102186005 -0.19148936170212763 -0.07862959842740805 -0.013952308472856417 0.09606031128404668 0.03755868544600939 0.07809726659566915 0.10841121495327102 0.7157283514264072 -0.13358021425737338 -0.09048043838409583 -0.024038461538461536 -0.07512279687951459 0.006442468754026541 0.13727810650887576 -0.038009264758284825 0.12533463129715258 -0.08628022846032325 0.19864154812251697 -0.1142933978754874 -0.03531720078482669 -0.045292341476804845 -0.007407407407407404 0.027659039476992713 0.03968253968253968 0.009163802978235968 0.12496995914443643 -0.06903233619958823 -0.06632277081798085 -0.13071065989847716 -0.09253309343272073 -0.07719952083056036 -0.12518628912071533 0.011219147344801797 0.0698730639338535 0.021413276231263385 -0.035169988276670575 0.03614317360382418 -0.03473885960709152 0.048598130841121495 0.07617113114129745 0.11203374192698037 0.06905298759864711 -0.038652011112453186 -0.05597014925373134 -0.060669700151674257 0.05121486422105766 -0.025436046511627904 -0.15101692851053466 0.012321340561853128 -0.1283158544108575 0.09123618607041892 -0.0690512360171247 -0.03682539682539683 -0.0035473572188719367 -0.09066289885788296 0.12687568622666828 -0.03264812575574365 -0.0024110910186859553 -0.0720675944333996 -0.017423771001866827 -0.074325205372278 0.09848800110972397 0.028304208712773817 -0.07562076749435667 0.0495328154902623 -0.05149083942042869 0.024572899602153052 -0.0733120491900201 -0.017167381974248924 -0.0037078235076010387 0.08235145065247687 -0.0026113069591330446
-0.20286686103012636 -0.06010685663401603 -0.23266269529054737 -0.1484511981297487 -1.3654235672584296 -6.480605487228006 -0.99208312716477 -0.30448717948717946 -0.29891304347826086 -0.14950398211541152 -0.06578947368421054 -0.11954135154915835 -0.07197696737044147 0.10269735214055926 -0.3745413134252816 -3.0734966592427613 -0.8140931536100362 -0.29621006338119266 -0.1981382978723404 -0.08705419825891605 -0.01141552511415525 0.09970817120622567 0.05046948356807511 0.07691397467755295 0.12834890965732088 0.7939914163090127 -0.1322576378785875 -0.08283420415445393 -0.013354700854700852 -0.0707887893672349 0.006442468754026541 0.1467455621301775 -0.029694738092410022 0.1362862010221465 -0.08506501397496657 0.2422145328719723 -0.0954686029312895 -0.026160889470241994 -0.03019489431786989 -1.3877787807814458e-18 0.02765903947699271 0.04421768707482993 0.008018327605956473 0.11175198269646718 -0.07629889790480805 -0.06632277081798085 -0.1434010152284264 -0.0912479115794885 -0.07187541594569413 -0.12220566318926976 0.011219147344801794 0.07103761499941771 0.029302378000676206 -0.041031652989449004 0.03730908242975399 -0.04551988500239579 0.06105919003115264 0.062206423765392926 0.12785027019902465 0.059188275084554674 -0.031404759028868225 -0.051305970149253734 -0.045502275113755694 0.05478799428299189 -0.019379844961240306 -0.14492753623188404 0.027106949236076882 -0.1283158544108575 0.11051143664867644 -0.06352713713575472 -0.03174603174603175 0.0011824524062906496 -0.09301777934769813 0.11955593509820665 -0.0350665054413543 -0.0024110910186859553 -0.07703777335984095 -0.021157436216552583 -0.07432520537227802 0.09432653627410183 0.027073590942653214 -0.07449209932279911 0.0495328154902623 -0.05508322356603999 0.022232623449567047 -0.06976469197114815 -0.019619865113427344 -0.006179705846001732 0.08488534144178385 -0.0039169604386995694
-0.22351797862001943 -0.05899376669634906 -0.24390243902439024 -0.1496201052016365 -1.4238055522459192 -6.655629139072848 -1.0180603661553687 -0.2921597633136095 -0.3170289855072464 -0.13273718038284202 -0.076109391124871 -0.11588192242010247 -0.09117082533589252 0.10269735214055926 -0.3909907630013919 -3.1403118040089084 -0.8247697851327909 -0.28974259474841546 -0.1981382978723404 -0.08705419825891604 -0.024099441907661084 0.10700389105058365 0.045774647887323945 0.08519701810436636 0.13707165109034267 0.8785660186821509 -0.1309350614998016 -0.07263922518159807 0.0013354700854700864 -0.06789945102571511 -0.0038654812524159254 0.15976331360946744 -0.04513600190046324 0.13993672426381115 -0.10329323125531656 0.29219530949634753 -0.07933306440769128 -0.005232177894048401 -0.026077408729069447 0.014814814814814814 0.02263012320844858 0.048752834467120185 -0.0011454753722794947 0.10093727469358327 -0.0775099915223447 -0.05895357406042743 -0.13324873096446702 -0.08482200231332733 -0.07054438972447757 -0.12220566318926973 -0.013712291199202193 0.06637941073716083 0.019159247154288288 -0.044548651817116064 0.024484085344526056 -0.057498802108289414 0.05109034267912772 0.05331979179890822 0.12389613813101356 0.05214205186020293 -0.03019688368160406 -0.04780783582089552 -0.04783572511958931 0.060743211052882315 -0.023013565891472864 -0.1290951163073925 0.03573188762937408 -0.11351017890191237 0.11822153687997945 -0.06490816185609723 -0.04571428571428572 0.010642071656615825 -0.09301777934769812 0.12809564474807855 -0.03990326481257558 0.008438818565400848 -0.08076540755467196 -0.009956440572495335 -0.08606076411526926 0.09848800110972396 0.011075559931085405 -0.06659142212189616 0.036023865811099856 -0.04909591665668782 0.014041656915516027 -0.054392810689369755 -0.015941140404659715 0.007415647015202076 0.0912200684150513 -0.006528267397832616
-0.228377065111759 -0.047862867319679425 -0.24615038777115883 -0.14494447691408532 -1.4643155010127487 -6.808183538315989 -1.0316674913409203 -0.28722879684418146 -0.32091097308488614 -0.12575101299427133 -0.07094943240454077 -0.10368382532324956 -0.09716890595009597 0.10764662212323683 -0.3947867898266481 -3.2009403612967082 -0.8180968904310693 -0.29362307592808173 -0.18484042553191488 -0.09969109800617806 -0.012683916793505834 0.10578793774319066 0.044600938967136156 0.08519701810436635 0.15327102803738318 0.9543044685685432 -0.12035445046951461 -0.06626736332356314 0.024038461538461536 -0.06067610517191563 0.007730962504831849 0.15857988165680473 -0.04394821237676684 0.13020199561937212 -0.10086280228460323 0.3203895937459952 -0.08336694903859085 -0.005232177894048397 -0.03842986549547076 0.02222222222222222 0.02765903947699271 0.05102040816326531 0.012600229095074456 0.08411439557798606 -0.07145452343466152 -0.06140997297961189 -0.13324873096446702 -0.0951034571391852 -0.06921336350326102 -0.13859910581222057 -0.0024931438544003974 0.06288575754046816 0.023667305308238473 -0.04806565064478312 0.03847499125568381 -0.05031145184475324 0.0660436137071651 0.052050272946553254 0.13444049031237643 0.050732807215332576 -0.0048315013890566525 -0.04197761194029851 -0.037335200093338 0.06550738446879466 -0.016957364341085267 -0.12056996711728167 0.03696402168555939 -0.1135101789019124 0.11179645335389361 -0.06352713713575472 -0.04190476190476191 0.0177367860943597 -0.0941952195926057 0.139075271440771 -0.03748488512696494 0.018083182640144666 -0.08449304174950298 -0.0037336652146857455 -0.08866866605815622 0.09848800110972396 0.024612355402412016 -0.0598194130925508 0.032646628391309246 -0.04430607112920608 0.022232623449567047 -0.037838477001300705 -0.007357449417535253 0.014831294030404151 0.10262257696693271 -0.0052226139182660935
-0.228377065111759 -0.04007123775601068 -0.24839833651792737 -0.1390999415546464 -1.5024425116168234 -6.925260170293282 -1.045274616526472 -0.27243589743589747 -0.32738095238095244 -0.11736761212798656 -0.0696594427244582 -0.10124420590387899 -0.09956813819577735 0.10517198713189804 -0.4099708971276731 -3.2516703786191536 -0.8381155745362341 -0.2819816323890829 -0.19414893617021275 -0.09547879809042405 -0.006341958396752917 0.11308365758754864 0.04812206572769953 0.08638031002248255 0.17570093457943925 1.0249936884625095 -0.116386721333157 -0.04077991589142348 0.034722222222222224 -0.05056342097659635 0.012884937508053085 0.16449704142011834 -0.04751158094785605 0.131418836699927 -0.09964758779924657 0.37549660387030637 -0.07664380798709158 0.034009156311314584 -0.04117485588800439 0.04296296296296297 0.038974101081217 0.061224489795918366 0.024054982817869417 0.07329968757510213 -0.06661014896451496 -0.05404077622205846 -0.13071065989847716 -0.08482200231332734 -0.0758684946093438 -0.12220566318926973 0.001246571927200201 0.07220216606498195 0.021413276231263382 -0.04689331770222743 0.03847499125568381 -0.02515572592237662 0.06479750778816198 0.08886631966484704 0.1265322261763543 0.07609921082299886 0.012078753472641618 -0.03614738805970149 -0.024501225061253063 0.06669842782277276 -0.016957364341085267 -0.11448057483863112 0.03942828979793002 -0.10734114743985194 0.10537136982780777 -0.0718132854578097 -0.03936507936507937 0.04256828662646328 -0.08477569763334511 0.15127485665487378 -0.03022974607013302 0.04098854731766124 -0.0820079522862823 0.02862476664592408 -0.08345286217238232 0.12068248023304202 0.014767413241447208 -0.05869074492099324 0.030395136778115506 -0.05268830080229912 0.015211794991809035 -0.026013952938394237 -0.019619865113427344 0.03707823507601038 0.08741923223109083 0.005222613918266092
-0.2295918367346939 -0.025601068566340163 -0.25177025963808025 -0.13676212741087085 -1.536995114976766 -7.0269631031220445 -1.0588817417120235 -0.25641025641025644 -0.3351449275362319 -0.10479251082855948 -0.06836945304437565 -0.08050744083922906 -0.08757197696737044 0.13734224201930215 -0.41376692395292924 -3.2850779510022265 -0.8447884692379557 -0.28327512611563826 -0.19414893617021275 -0.09126649817467003 -0.008878741755454084 0.13618677042801558 0.05751173708920189 0.09584664536741214 0.19065420560747665 1.0817975258773038 -0.12167702684830048 -0.0382311711482095 0.028044871794871796 -0.04622941346431668 0.010307950006442468 0.16449704142011834 -0.04869937047155244 0.11803358481382331 -0.09478672985781991 0.3870306292451622 -0.07260992335619203 0.031393067364290386 -0.04666483667307164 0.04296296296296296 0.04023133014835302 0.06462585034013606 0.030927835051546393 0.08050949291035808 -0.07024342981712486 -0.04421518054532055 -0.13324873096446702 -0.0873923660197918 -0.0758684946093438 -0.12220566318926973 -0.008726003490401393 0.09083498311400956 0.020286261692775833 -0.031652989449003514 0.03964090008161362 -0.013176808816482994 0.0660436137071651 0.09140535736955693 0.13312244628970607 0.08173618940248027 0.022949631598019084 -0.01982276119402985 -0.009333800023334502 0.06431634111481659 -0.0024224806201550387 -0.11082693947144076 0.045588960078856586 -0.1011721159777915 0.11308147005911078 -0.07319431017815219 -0.036825396825396824 0.04848054865791651 -0.07653361591899212 0.16713431743320728 -0.02297460701330109 0.05666063893911995 -0.07579522862823061 0.042314872433105166 -0.07171730342939106 0.13316687473990846 0.009844942160964806 -0.030474040632054177 0.039401103230890466 -0.016764459346186082 0.016381933068102032 -0.013006976469197126 -0.01716738197424893 0.040786058583611416 0.08361839604713035 0.02089045567306437
-0.2295918367346939 -0.0367319679430098 -0.24277846465100597 -0.1472822910578609 -1.560824496604313 -7.1239356669820255 -1.070014844136566 -0.26997041420118345 -0.33126293995859213 -0.11597037865027246 -0.07739938080495357 -0.08050744083922907 -0.08397312859884835 0.1447661469933185 -0.4226243198785271 -3.313536253402623 -0.8487922060589886 -0.28844910102186 -0.1875 -0.09688289806234203 -0.0076103500761035 0.1325389105058366 0.06455399061032864 0.09466335344929594 0.20809968847352023 1.1297652108053522 -0.116386721333157 -0.031859309290174595 0.03739316239316239 -0.039006067610517184 0.015461925009663702 0.15384615384615383 -0.03800926475828484 0.11681674373326842 -0.08506501397496659 0.3921568627450981 -0.06857603872529246 0.02092871157619359 -0.043919846280538015 0.03851851851851852 0.04148855921548906 0.06802721088435373 0.035509736540664374 0.07930785868781542 -0.0678212425820516 -0.018422991893883564 -0.13578680203045684 -0.07325536563423726 -0.07320644216691069 -0.11475409836065573 -0.024931438544003988 0.08151857458949577 0.02479431984672602 -0.042203985932004695 0.04080680890754343 -0.01317680881648299 0.07476635514018691 0.08378824425542719 0.1423487544483986 0.08314543404735061 0.010870878125377459 -0.027985074626865676 -0.00466690001166725 0.061934254406860414 -0.003633720930232559 -0.11813421020582145 0.052981764415968455 -0.10980876002467613 0.11950655358519661 -0.07871840905952217 -0.04444444444444444 0.039020929407591345 -0.06711409395973154 0.16103452482615593 -0.021765417170495772 0.0650994575045208 -0.07455268389662029 0.04729309271935283 -0.06519754857217368 0.13316687473990846 -0.0036918533103617998 -0.033860045146726865 0.04052684903748734 -0.022751766255538257 0.012871518839223028 -0.005912262031453241 -0.023298589822194977 0.04449388209121245 0.07981755986316989 0.028724376550463504
-0.24052478134110786 -0.03784505788067676 -0.24615038777115883 -0.14962010520163646 -1.5870368163946142 -7.166508987701041 -1.086095992083127 -0.26010848126232744 -0.3454968944099379 -0.1019980438731312 -0.09545923632610939 -0.08660648938765553 -0.09117082533589252 0.12620638455827765 -0.4403391117297229 -3.329621380846325 -0.8781529427465637 -0.29491656965463714 -0.20478723404255322 -0.09407469811850602 -0.017757483510908167 0.13861867704280156 0.05868544600938967 0.09584664536741214 0.19937694704049844 1.1499621307750567 -0.12828990874222984 -0.034408054033388556 0.03605769230769231 -0.03033805258595782 0.005153975003221234 0.15739644970414202 -0.04513600190046324 0.11925042589437818 -0.09235630088710657 0.41138023836985776 -0.0645421540943929 0.03139306736429038 -0.0425473510842712 0.05037037037037038 0.02891626854412873 0.054421768707482984 0.029782359679266894 0.05167027156933429 -0.07387671066973477 -0.020879390813068038 -0.13832487309644673 -0.07711091119393396 -0.07320644216691069 -0.11028315946348735 -0.03739715781600598 0.08035402352393152 0.025921334385213567 -0.07033997655334115 0.03381135595196456 -0.011978917105893633 0.06978193146417445 0.07871016884600734 0.13971266640305785 0.08314543404735061 0.0024157506945283237 -0.03031716417910447 0.0011667250029168152 0.0547879942829919 -0.0048449612403100775 -0.10960906101571062 0.06283883686545097 -0.10734114743985194 0.12721665381649963 -0.0690512360171247 -0.05460317460317461 0.039020929407591345 -0.06946897444954668 0.16225448334756618 -0.030229746070133012 0.07836045810729356 -0.08573558648111332 0.05600497822028624 -0.074325205372278 0.14287695935636013 -0.008614324390844204 -0.027088036117381493 0.04390408645727795 -0.02873907316489043 0.010531242686637025 0.0047298096251625794 -0.03188228080931944 0.040786058583611416 0.07728366907386292 0.03264133698916308
-0.24781341107871718 -0.025601068566340163 -0.24390243902439018 -0.13442431326709525 -1.5894197545573692 -7.183065279091769 -1.0786739238000989 -0.24901380670611437 -0.3467908902691511 -0.07824507475199105 -0.07739938080495357 -0.08660648938765551 -0.07197696737044146 0.11135857461024498 -0.4226243198785271 -3.3419945558030184 -0.8567996797010545 -0.30655801319363596 -0.19148936170212766 -0.09547879809042402 -0.006341958396752917 0.14834630350194553 0.0563380281690141 0.08993018577683115 0.2068535825545171 1.173945973239081 -0.11374156857558523 -0.036956798776602524 0.05208333333333333 -0.02167003756139844 0.002576987501610617 0.16449704142011834 -0.04276042285307043 0.1350693599415916 -0.08506501397496659 0.4088171216198898 -0.05916364125319349 0.026160889470241987 -0.04666483667307164 0.05333333333333333 0.036459642946944926 0.06009070294784581 0.043528064146620846 0.045662100456621 -0.05934358725929515 -0.01596659297469909 -0.12309644670050764 -0.08225163860686287 -0.06522028483961134 -0.11624441132637856 -0.016205435053602592 0.0838476767206242 0.038318494308576576 -0.06096131301289567 0.05013407951498192 0.002395783421178727 0.08348909657320872 0.08886631966484701 0.14630288651640966 0.1085118376550169 0.004831501389056647 -0.020988805970149252 0.012833975032084938 0.0619342544068604 0.0036337209302325577 -0.08281573498964803 0.06899950714637754 -0.10363972856261565 0.12721665381649963 -0.06352713713575472 -0.04825396825396825 0.0378384770013007 -0.061226892735193696 0.16713431743320728 -0.02297460701330109 0.0916214587100663 -0.06958250497017894 0.06098319850653391 -0.06128569565784327 0.15258704397281178 0.0 -0.029345372460496615 0.050658561296859174 -0.019159382109926952 0.02340276152586005 0.02601395293839423 -0.012262415695892094 0.04078605858361142 0.08995312302039783 0.04308656482569526
-0.24052478134110786 -0.028940338379341058 -0.2158030796897831 -0.12974868497954412 -1.5501012748719167 -7.095553453169349 -1.0526966848095003 -0.24654832347140038 -0.3364389233954451 -0.07545060779656279 -0.05159958720330238 -0.0914857282263967 -0.04798464491362765 0.11012125711457559 -0.38846007845122105 -3.309824300915615 -0.804751101027626 -0.3091450006467468 -0.16888297872340424 -0.10530749789385004 0.012683916793505834 0.1471303501945525 0.08333333333333334 0.09229676961306356 0.21557632398753893 1.1423882857864176 -0.09258034651501125 -0.026761819803746655 0.07077991452991453 -0.015891360878358855 0.006442468754026542 0.15976331360946744 -0.03682147523458843 0.1362862010221465 -0.07898894154818326 0.4011277713699859 -0.06185289767379319 0.03531720078482668 -0.05352731265440571 0.0562962962962963 0.035202413879808894 0.054421768707482984 0.04696449026345934 0.03364575823119442 -0.048443744701465424 -0.01719479243429133 -0.11675126903553301 -0.09253309343272073 -0.06522028483961134 -0.11773472429210134 0.008726003490401394 0.08035402352393153 0.07100191592471543 -0.06447831184056271 0.0757840736854378 0.00479156684235745 0.10218068535825545 0.08886631966484701 0.16870963490180574 0.1085118376550169 0.0024157506945283237 -0.025652985074626867 0.030334850075837128 0.06788947117675083 0.009689922480620155 -0.05480453050785531 0.06530310497782159 -0.09500308451573103 0.12464662040606529 -0.048335865211987294 -0.040634920634920635 0.035473572188719396 -0.034145767102319556 0.16957423447602782 -0.003627569528415961 0.09041591320072333 -0.05839960238568589 0.054760423148724334 -0.039118529143304215 0.14981273408239698 0.024612355402412012 -0.0237020316027088 0.0799279522683778 -0.01556699796431565 0.0456353849754271 0.04138583422017263 0.006131207847946042 0.03584229390681004 0.10895730394020017 0.039169604386995696
-0.22959183673469385 -0.025601068566340163 -0.19894346408901878 -0.12273524254821741 -1.4345287739783152 -6.542100283822139 -0.9648688767936664 -0.2366863905325444 -0.3066770186335404 -0.07964230822970517 -0.05159958720330238 -0.08538667967797023 -0.04918426103646832 0.12001979707993071 -0.37074528660002526 -3.0524622618163826 -0.7406913118910985 -0.28974259474841546 -0.16622340425531915 -0.101095197978096 0.0025367833587011668 0.14348249027237353 0.07042253521126761 0.09702993728552835 0.20560747663551399 1.100732138348902 -0.08199973548472424 -0.014018096087676821 0.06276709401709402 -0.020225368390638543 -0.006442468754026544 0.16568047337278105 -0.05107494951894524 0.1387198831832563 -0.08871065743103658 0.4049724464949378 -0.06723141051499261 0.041857423152387184 -0.0727422454021411 0.06074074074074074 0.036459642946944926 0.055555555555555546 0.04238258877434135 0.037250660898822396 -0.04602155746639215 0.01596659297469909 -0.11040609137055837 -0.09381827528595295 -0.07453746838812725 -0.12220566318926976 0.012465719272001994 0.09083498311400955 0.05522371238588978 -0.05509964830011723 0.07345225603357816 0.020364159080019168 0.10591900311526478 0.09902247048368666 0.16739159087913533 0.1197857948139797 0.0012078753472641636 -0.01982276119402985 0.03150157507875394 0.07503573130061934 0.016957364341085274 -0.0073072707343807 0.0751601774273041 -0.08019740900678593 0.11822153687997945 -0.048335865211987294 -0.04444444444444444 0.036656024595010044 -0.03532320734722713 0.16835427595461755 -0.004836759371221282 0.10729355033152502 -0.06088469184890657 0.04853764779091475 -0.04694223497196505 0.13871549452073798 0.03199606202313562 -0.016930022573363433 0.0799279522683778 -0.008382229673093041 0.06318745611982214 0.08277166844034527 0.02329858982219497 0.05314547027561488 0.11022424933485367 0.05092048570309441
-0.23202137998056366 -0.026714158504007122 -0.18995166910194447 -0.11805961426066627 -1.2712975098296198 -5.791154210028382 -0.8621969322117764 -0.20340236686390534 -0.2885610766045549 -0.06566997345256391 -0.052889576883384935 -0.08172725054891437 -0.049184261036468335 0.12496906706260827 -0.32772364924712133 -2.7023014105419447 -0.6579474175897506 -0.26904669512352863 -0.15558510638297873 -0.10530749789385004 -0.0076103500761035 0.1349708171206226 0.058685446009389665 0.09821322920364453 0.18442367601246107 0.9871244635193133 -0.07009654807565137 -0.02166433031731872 0.05876068376068376 -0.02600404507367813 -0.015461925009663702 0.16568047337278105 -0.05463831809003446 0.1350693599415916 -0.09114108640174992 0.3754966038703063 -0.08202232082829097 0.04970568999345978 -0.09058468295360965 0.059259259259259255 0.028916268544128737 0.052154195011337855 0.03207331042382588 0.050468637346791634 -0.0508659319365387 0.030704986489805946 -0.1078680203045685 -0.09253309343272073 -0.08119259949421004 -0.13710879284649777 -6.938893903907229e-19 0.07686037032723886 0.04958863969345205 -0.052754982415005855 0.07112043838171854 0.031145184475323433 0.09345794392523364 0.10156150818839657 0.15157506260709105 0.11414881623449832 -0.008455127430849137 -0.01515858208955224 0.025667950064169876 0.07622677465459743 0.012112403100775196 0.004871513822920474 0.06530310497782157 -0.07402837754472547 0.0963762528912876 -0.051097914652672285 -0.06349206349206349 0.036656024595010044 -0.04827505004121041 0.1695742344760278 -0.018137847642079808 0.12296564195298372 -0.06336978131212724 0.06596141879278158 -0.05606989177206937 0.1442641143015675 0.01845926655180901 -0.01580135440180587 0.07204773162219971 0.0023949227637408677 0.06318745611982214 0.08986638287808915 0.023298589822194973 0.05438141144481522 0.10135563157227923 0.0509204857030944
-0.22230320699708456 -0.01780943900267142 -0.17421602787456444 -0.10520163646990063 -1.1009174311926606 -5.040208136234626 -0.7508659079663533 -0.18244575936883628 -0.2562111801242236 -0.05449210563085092 -0.05159958720330238 -0.07562820200048792 -0.039587332053742805 0.13734224201930215 -0.2796406427938757 -2.3471912892848303 -0.5738689443480582 -0.24835079549864186 -0.13829787234042554 -0.09407469811850604 -0.006341958396752917 0.12402723735408563 0.0528169014084507 0.08519701810436633 0.16573208722741434 0.869729866195405 -0.058193360666578486 -0.02548744743213967 0.046741452991453 -0.023114706732158336 -0.01803891251127432 0.16568047337278105 -0.05345052856633805 0.13506935994159164 -0.08384979948960991 0.3421760861207228 -0.08605620545919054 0.04708960104643558 -0.08646719736480922 0.05777777777777778 0.015086748805632386 0.05215419501133787 0.016036655211912942 0.06248497957221821 -0.06539905534697833 0.034389584868582665 -0.11548223350253806 -0.10024418455211412 -0.08651670437907627 -0.1460506706408346 0.013712291199202194 0.0745312681961104 0.06198579961681505 -0.04923798358733881 0.08394543546694647 0.04072831816003833 0.10965732087227413 0.1041005458931065 0.15552919467510212 0.11978579481397973 -0.021741756250754925 -0.011660447761194029 0.007000350017500873 0.0786088613625536 -0.0024224806201550374 0.010960906101571069 0.0579103006407097 -0.08636644046884638 0.08481110254433308 -0.044192791050959815 -0.07238095238095239 0.036656024595010044 -0.06122689273519368 0.18177381969013054 -0.03143893591293833 0.13140446051838456 -0.07082504970178927 0.05849408836341008 -0.06519754857217369 0.14010264946594536 0.020920502092050212 -0.02144469525959368 0.0799279522683778 -0.0023949227637408716 0.07137842265387315 0.08277166844034527 0.018393623543838136 0.034606352737609695 0.09882174078297226 0.04308656482569526
-0.21258503401360543 -0.030053428317008014 -0.15848038664718445 -0.092343658679135 -0.930537352555701 -4.277436140018922 -0.6395348837209303 -0.15532544378698226 -0.2238612836438924 -0.048903171719994414 -0.05030959752321982 -0.0902659185167114 -0.029990403071017274 0.13610492452363274 -0.23155763634063012 -1.9797079930710217 -0.489790471106366 -0.2237744146940887 -0.12101063829787233 -0.07722549845549002 -0.01141552511415525 0.11429961089494164 0.048122065727699524 0.09584664536741214 0.1470404984423676 0.7624337288563494 -0.04629017325750562 -0.01784121320249777 0.034722222222222224 -0.020225368390638546 -0.028346862517716787 0.157396449704142 -0.06532842380330206 0.14723777074714042 -0.08628022846032324 0.3191080353710112 -0.08067769261799111 0.061478090255068674 -0.07411474059840792 0.07111111111111111 -0.003771687201408097 0.047619047619047616 0.0 0.07450132179764479 -0.0714545234346615 0.050356177843281745 -0.10659898477157359 -0.08610718416655957 -0.07054438972447757 -0.13561847988077497 0.011219147344801794 0.0652148596715966 0.06198579961681505 -0.051582649472450184 0.08044770898915704 0.04791566842357451 0.1146417445482866 0.10790910245017135 0.1581652827204429 0.1197857948139797 -0.045899263196038174 -0.031483208955223885 -0.01750087504375219 0.06788947117675084 -0.015746124031007752 0.014614541468761417 0.05544603252833907 -0.08513263417643428 0.08609611924955025 -0.05385996409335727 -0.08126984126984127 0.02837885775097552 -0.06593665371482398 0.17567402708307917 -0.03869407496977026 0.1398432790837854 -0.06585487077534792 0.06098319850653392 -0.06780545051506062 0.14426411430156752 0.008614324390844202 -0.03611738148984198 0.07880220646178092 -0.005987306909352176 0.06435759419611514 0.08040676362776397 0.01226241569589209 0.021010999876405888 0.09502090459901179 0.03525264394829612
-0.21015549076773565 -0.03227960819234194 -0.14162077104642015 -0.08299240210403272 -0.7446681758608363 -3.5134815515610214 -0.5195447798119743 -0.13190335305719922 -0.19021739130434784 -0.04610870476456616 -0.047729618163054696 -0.09636496706513785 -0.031190019193857964 0.13486760702796335 -0.1822092876122991 -1.617173966839891 -0.39636994528226344 -0.20954598370197902 -0.10239361702127658 -0.08143779837124404 -0.021562658548959918 0.11186770428015565 0.04460093896713614 0.08874689385871495 0.12087227414330218 0.6311537490532694 -0.03835471498479038 -0.02548744743213967 0.022702991452991452 -0.02889338341519792 -0.03607782502254864 0.14674556213017753 -0.06651621332699846 0.14845461182769532 -0.07291286912139991 0.265282583621684 -0.07260992335619201 0.04839764551994767 -0.06450727422454022 0.06814814814814815 -0.013829519738496356 0.036281179138321996 -0.010309278350515462 0.07570295602018745 -0.06176577449436841 0.05649717514124294 -0.0913705583756345 -0.0835368204600951 -0.050578996406229204 -0.14307004470938897 0.0049862877088007965 0.06637941073716083 0.06762087230925277 -0.062133645955451344 0.08161361781508686 0.03473885960709152 0.1146417445482866 0.08505776310778213 0.15157506260709108 0.10146561443066515 -0.0700567701413214 -0.039645522388059705 -0.03500175008750438 0.06669842782277277 -0.009689922480620155 0.021921812203142124 0.0566781665845244 -0.07896360271437385 0.08609611924955025 -0.048335865211987294 -0.08761904761904762 0.013006976469197115 -0.06829153420463911 0.15981456630474566 -0.03748488512696494 0.13019891500904157 -0.06461232604373758 0.03609209707529558 -0.07562915634372148 0.11929532528783467 0.01599803101156781 -0.0417607223476298 0.07767646065518406 -0.010777152436833914 0.07254856073016616 0.06621733475227623 0.02452483139178418 -0.003707823507601038 0.10262257696693274 0.015667841754798278
-0.2028668610301263 -0.03561887800534284 -0.14386871979318874 -0.07247223845704266 -0.5802454426307637 -2.747161778618732 -0.41810984661058886 -0.11094674556213018 -0.17727743271221535 -0.04890317171999441 -0.052889576883384935 -0.11222249329104658 -0.05038387715930902 0.11135857461024498 -0.1493103884600784 -1.2707250680524624 -0.3082877352195383 -0.19661104643642474 -0.0904255319148936 -0.08986239820275203 -0.030441400304414 0.08998054474708173 0.021126760563380285 0.07691397467755295 0.08722741433021805 0.5099722292350417 -0.03438698584843274 -0.03568242640499554 0.020032051282051287 -0.050563420976596364 -0.03221234377013271 0.14082840236686392 -0.07126737142178408 0.15210513506935994 -0.06805201117997325 0.2370882993720364 -0.07395455156649186 0.04970568999345978 -0.06587976942080703 0.06962962962962962 -0.012572290671360323 0.03287981859410431 -0.017182130584192438 0.07089641913001682 -0.05328811917161197 0.06018177352001965 -0.07868020304568528 -0.07839609304716617 -0.04525489152136297 -0.1490312965722802 -0.0049862877088008 0.05473390008151856 0.059731770539839954 -0.06682297772567408 0.07112043838171854 0.03953042644944897 0.10467289719626167 0.07871016884600736 0.14234875444839862 0.09301014656144305 -0.07730402222490637 -0.05830223880597015 -0.04666900011667251 0.0714626012386851 -0.012112403100775193 0.034100596760443316 0.04805322819122721 -0.07896360271437385 0.07324595219737857 -0.0469548404916448 -0.10412698412698414 0.007094714437743883 -0.08477569763334511 0.15615469074051486 -0.04957678355501814 0.13622664255575648 -0.07082504970178927 0.03733665214685749 -0.09518842091537358 0.11097239561659038 0.0049224710804824075 -0.06884875846501129 0.05403579871664978 -0.044306071129206086 0.0479756611280131 0.05439281068936976 0.01226241569589209 -0.023482882214806575 0.08741923223109085 -0.014362188275231752
-0.1761418853255588 -0.03116651825467498 -0.12476115544565584 -0.05260081823495032 -0.394376265935899 -1.9701986754966885 -0.29440870856011875 -0.0665680473372781 -0.1332815734989648 -0.01956126868799776 -0.030959752321981428 -0.11344230300073191 -0.029990403071017274 0.11383320960158376 -0.08983930153106415 -0.9143776292996784 -0.21353263045509144 -0.16427370327253915 -0.06515957446808511 -0.08003369839932603 -0.027904616945712835 0.08633268482490272 0.025821596244131457 0.08046385043190155 0.0735202492211838 0.3976268619035598 -0.017193492924216368 -0.042054288263030454 0.025373931623931627 -0.06067610517191564 -0.038654812524159254 0.14319526627218937 -0.07720631904026606 0.1606230226332441 -0.06197593875318994 0.22170959887222863 -0.07126529514589217 0.06278613472858077 -0.0521548174581389 0.07703703703703704 -0.00502891626854413 0.02494331065759637 -0.013745704467353953 0.0829127613554434 -0.03875499576117234 0.06140997297961189 -0.06091370558375634 -0.07711091119393393 -0.027951550645547718 -0.1460506706408346 0.007479431563201197 0.05473390008151857 0.060858785078327496 -0.062133645955451344 0.07345225603357816 0.04791566842357451 0.10841121495327102 0.08251872540307223 0.14366679847106895 0.08737316798196167 -0.06522526875226475 -0.059468283582089554 -0.04433555011083888 0.06669842782277276 -0.0024224806201550387 0.04384362440628425 0.05914243469689502 -0.07279457125231338 0.08866615265998459 -0.0455738157713023 -0.09650793650793651 0.004729809625162589 -0.07888849640880727 0.14883493961205324 -0.04474002418379686 0.13140446051838456 -0.06709741550695825 0.029869321717486 -0.09649237188681706 0.10542377583576086 0.01845926655180901 -0.07223476297968398 0.059664527749634134 -0.04310860974733565 0.044465246899134094 0.057940167908241705 0.0036787247087676257 -0.027190705722407615 0.08361839604713035 -0.01827914871393132
-0.14577259475218657 -0.03450578806767587 -0.09104192424412724 -0.057276446522501454 -0.20135827475277016 -1.253547776726585 -0.15586343394359228 -0.049309664694280074 -0.08152173913043474 -0.02794466955428252 -0.011609907120743035 -0.11954135154915835 -0.026391554702495202 0.11383320960158376 -0.0354295837023915 -0.5803019054689432 -0.09742426264513546 -0.13969732246798602 -0.029255319148936164 -0.07722549845549004 -0.027904616945712835 0.07903696498054474 0.04107981220657277 0.07928055851378535 0.07601246105919003 0.30295379954556934 0.015870916545430498 -0.024213075060532687 0.04540598290598292 -0.050563420976596364 -0.029635356268522102 0.1396449704142012 -0.05463831809003444 0.15088829398880504 -0.04374772147283996 0.18069973087274122 -0.06588678230469275 0.05362982341399607 -0.04666483667307164 0.062222222222222213 0.007543374402816193 0.021541950113378682 -0.008018327605956468 0.08651766402307137 -0.027855153203342614 0.057725374600835176 -0.04695431472081218 -0.08096645675363062 -0.029282576866764276 -0.1535022354694486 0.0037397157816006 0.0512402468848259 0.05296968330891468 -0.05627198124267292 0.0757840736854378 0.04791566842357451 0.12211838006230528 0.09394439507426686 0.1542111506524318 0.08737316798196165 -0.06160164271047227 -0.058302238805970165 -0.03616847509042119 0.060743211052882315 0.0024224806201550405 0.037754232127633666 0.05544603252833909 -0.07402837754472548 0.08866615265998459 -0.055240988813699765 -0.08507936507936507 -0.005912262031453232 -0.05416225126574827 0.1402952299621813 -0.021765417170495772 0.11934900542495477 -0.03230616302186878 0.017423771001866827 -0.0691094014865041 0.09293938132889443 0.01599803101156781 -0.08803611738148984 0.04728132387706856 -0.050293378038558254 0.042124970746548085 0.04848054865791651 0.0134886572654813 -0.023482882214806575 0.08741923223109083 -0.023501762632197415
