0.00243220235923629 -0.07678611172935677 0.05065856129685916 -0.19752220663861614 -1.0631466286122013 -0.67602642756017 -0.014845973029815657 -0.007402837754472552 0.05312945445121161 0.029374737725556023 -0.016776358239772873 -0.002443195699975567 -0.0312124849939976 -0.21363299580143247 -0.6123481781376519 -0.6401384083044983 -0.11469725260069352 -0.13067667227325658 -0.06781013163143199 -0.01826099171231915 0.0 -0.1250455262838412 0.015267175572519082 -0.12408414086504371 0.04364633994263624 -0.10323555331738639 -0.013232764324467383 -0.17311608961303462 -0.001336183858898983 -0.034677069787602946 -0.09534853755959283 -0.013003901170351106 -0.0011889192723814053 -0.14089639256650066 -0.018245955479868632 0.029460740361214294 0.14828794823402533 0.04318241298089505 0.12513751375137513 0.11855364552459988 -0.05782526712759271 -0.030605304919519384 -0.07331042382588773 -0.1645250390296625 0.02667960223138492 -0.042976424361493126 -0.04318008636017271 -0.059141167395217284 -0.010658140154543031 0.010446202059394123 -0.0037406483790523694 -0.04188969048173144 0.028184892897406992 -0.05985915492957746 0.09567145023917864 -0.0741981809478219 0.08098679292300023 -0.04185161699429296 0.03820816864295125 -0.0028161081385525205 -0.08092764826669888 -0.024498366775548296 0.024529844644317254 -0.1426872770511296 -0.008481764206955048 -0.062096676001461105 0.07149020091211636 -0.0012351778656126508 0.03468653648509763 0.033172080165860394 0.016526824307144673 -0.08272276057669581 0.029488086812927573 -0.12417823228634037 0.08114327237495458 -0.08545979778526722 0.134445412672725 -0.06342494714587738 0.056165099268547534 -0.06232686980609418 0.008614324390844204 -0.012422360248447206 0.02702094122945283 -0.035932446999640676 0.08079625292740046 -0.08857918979567733 0.06381151061479935 -0.11606371156932953 0.008867494299467954 -0.014360313315926892
0.004864404718472575 -0.08012463832628533 0.04165259484408421 -0.22791023842917252 -1.5435842549649184 -0.9733364794714487 -0.051960905604354825 -0.03207896360271438 0.05701697550861734 0.027975940691005736 -0.010323912762937152 -0.025653554849743465 -0.021608643457382955 -0.23462583353914548 -0.8868927125506072 -0.916955017301038 -0.1667111229661243 -0.15784706947858712 -0.07445818375216061 -0.030903216743924718 0.006347594261774787 -0.12140342357654485 0.017615971814445096 -0.11463011108484991 0.04988153136301284 -0.07302026941961476 -0.02117242291914781 -0.15784114052953155 0.0013361838588989844 -0.015893656985984682 -0.07730962504831851 -0.02482562950703393 -4.163336342344337e-18 -0.15425725737884124 -0.02432794063982484 0.034584347380555915 0.15772445403073604 0.03925673907354095 0.1388888888888889 0.11707172495554238 -0.06033940917661847 -0.03854001360235774 -0.06987399770904926 -0.1693286898042512 0.013339801115692457 -0.05402750491159135 -0.04318008636017271 -0.06685523270763694 -0.006661337596589395 0.008953887479480676 -0.0024937655860349127 -0.044216895508494294 0.02931228861330327 -0.061032863849765265 0.09100455022751139 -0.08377213977979894 0.08846249688512335 -0.04946100190234623 0.04084321475625823 -0.012672486623486339 -0.07851189757217056 -0.03616425571628558 0.024529844644317254 -0.15219976218787157 -0.013328486610929358 -0.07427249482527701 0.07642055959571059 -0.0037055335968379432 0.04239465570400822 0.024879060124395298 0.02415458937198068 -0.08390451429922004 0.029488086812927573 -0.12539566593620646 0.07387671066973477 -0.09749638902262878 0.12946595294410557 -0.06591219997512747 0.05616509926854755 -0.06925207756232686 0.008614324390844206 -0.016939582156973464 0.03039855888313443 -0.031141454066355257 0.08430913348946135 -0.09212235738750443 0.06749294391949931 -0.10989010989010987 0.0177349885989359 -0.018276762402088774
-0.0036483035388544327 -0.08457600712219007 0.038275357424293596 -0.23959794296400183 -2.0275894874539184 -1.2730061349693251 -0.10515897562786095 -0.05552128315854411 0.038875210574057274 0.009791579241852009 0.006452445476835722 -0.040312729049596874 0.009603841536614645 -0.26302790812546306 -1.138663967611336 -1.198714780029659 -0.19605228060816215 -0.1811359813688705 -0.06913974205557771 -0.03792667509481669 0.01523422622825949 -0.11776132086924851 0.038755137991779216 -0.1051760813046561 0.0710811821922933 -0.04280498552184313 -0.0172025936218076 -0.14256619144602853 0.009353287012292894 0.0028897558156335797 -0.07988661254992913 -0.036647357843716755 -0.011889192723814052 -0.16761812219118183 -0.03527551392774602 0.03970795439989753 0.16042059854408194 0.03533106516618685 0.15264026402640263 0.11558980438648489 -0.05531112507856693 -0.0464747222851961 -0.061855670103092786 -0.1741323405788399 0.013339801115692457 -0.06507858546168957 -0.034290068580137154 -0.07456929802005659 0.0013322675193178798 0.0074615728995672285 0.007481296758104739 -0.046544100535257156 0.05186020293122886 -0.06220657276995305 0.09917162524792908 -0.09334609861177597 0.09593820084724644 -0.0570703868103995 0.05401844532279315 -0.022528865108420164 -0.06643314409952891 -0.0408306112925805 0.03153837168555076 -0.1605231866825208 -0.009693444807948625 -0.08401314988432973 0.08874645630469616 -0.006175889328063241 0.0552415210688592 0.016586040082930197 0.034324942791762014 -0.08744977546679271 0.06015569709837225 -0.12052593133674214 0.08719874046263776 -0.10351468464130957 0.1406697373334993 -0.06964307921900259 0.06792058516196448 -0.06925207756232687 0.01845926655180901 -0.022586109542631277 0.041657284395406446 -0.035932446999640676 0.09953161592505853 -0.09802763670721626 0.09203583261749906 -0.11482899123348562 0.03800354699771978 -0.027415143603133164
-0.01702541651465402 -0.09347874471399956 0.020263424518743668 -0.28985507246376807 -2.5258651444880487 -1.5950920245398774 -0.16330570332797228 -0.09376927822331894 0.02332512634443436 -0.015386767380053151 -0.0012904890953671423 -0.042755924749572446 0.0024009603841536583 -0.2803161274388738 -1.4334514170040484 -1.4829461196243205 -0.26673779674579884 -0.21865700608099367 -0.09307272969020076 -0.067425200168563 0.01015615081883966 -0.1226174578123103 0.03758073987081621 -0.11463011108484991 0.06110487591969073 -0.03021528389777161 -0.04631467513563583 -0.1603869653767821 -0.0026723677177979696 -0.013003901170351106 -0.09277155005798221 -0.0401938763447216 -0.028534062537153727 -0.1834082351512207 -0.05717066050358838 0.04611246317407455 0.14828794823402536 0.02878827532059669 0.1443894389438944 0.1096621221102549 -0.06285355122564426 -0.04307413284969394 -0.061855670103092786 -0.16812777711060403 -0.007276255154014068 -0.07244597249508841 -0.04953009906019812 -0.0784263306762664 -0.006661337596589395 -0.0014923145799134465 -0.004987531172069825 -0.05003490807540144 0.041713641488162354 -0.06103286384976525 0.07700385019250963 -0.10292005744375299 0.07600299028158486 -0.06341154090044387 0.04743083003952569 -0.03097718952407772 -0.07730402222490637 -0.038497433504433035 0.033874547365961925 -0.17479191438763375 -0.015751847812916515 -0.09010105929623767 0.08751386663379761 -0.004940711462450594 0.0629496402877698 0.0110573600552868 0.026697177726926015 -0.08863152918931694 0.047180938900684116 -0.12783053323593863 0.06539905534697832 -0.12277323062108811 0.1219967633511764 -0.08581022260912821 0.0574712643678161 -0.08587257617728532 0.009844942160964806 -0.019198193111236588 0.03940553929295204 -0.03473469876631932 0.07728337236533958 -0.09802763670721626 0.06258436617989936 -0.10865538955426594 0.020268558398783883 -0.03133159268929504
-0.029186428310835455 -0.10794569330068997 0.00112574580659687 -0.32024310425432445 -3.017005589249613 -1.9183577159037282 -0.21897810218978106 -0.1295496607032696 0.0064792017623428845 -0.03776751993285775 -0.01935733643050716 -0.058636696799413635 -0.018007202881152463 -0.2938997283279822 -1.7269736842105263 -1.7634700939199213 -0.32675380101360363 -0.24453357484797517 -0.11434649647653236 -0.07444865851945498 0.0012695188523549575 -0.11897535510501396 0.03405754550792719 -0.11108484991727723 0.0536226462152388 -0.0075538209744428955 -0.06616382162233692 -0.15911405295315684 -0.008017103153393906 -0.020228290709435055 -0.09406004380878752 -0.052015604681404426 -0.03447865889906075 -0.19069597959431556 -0.07176742488748328 0.03842705264506212 0.1482879482340253 0.007851347814708188 0.1443894389438944 0.1007705986959099 -0.06913890634820866 -0.05440943096803445 -0.06529209621993126 -0.1873423802089588 -0.01697792869269949 -0.09945972495088409 -0.05461010922021844 -0.09642581640524558 -0.0053290700772715156 -0.019400089538874794 -0.01745635910224439 -0.04188969048173143 0.02931228861330328 -0.05985915492957746 0.05133590012833975 -0.1077070368597415 0.05482182905556939 -0.06341154090044387 0.039525691699604744 -0.04083356800901154 -0.07851189757217054 -0.03383107792813812 0.03153837168555076 -0.1759809750297265 -0.025445292620865135 -0.09984171435529039 0.08258350795020337 -0.011116600790513834 0.06294964028776978 0.006910850034554246 0.030511060259344015 -0.08863152918931694 0.05779665015333805 -0.12296079863647431 0.06297686811190503 -0.1227732306210881 0.1157724386904021 -0.07710483770675289 0.05094043887147337 -0.0775623268698061 -0.0012306177701206 -0.020327498588368152 0.025895068678225625 -0.035932446999640676 0.058548009367681494 -0.10393291602692807 0.04785863296109951 -0.10371650821089022 0.016468203699011905 -0.03133159268929504
-0.03526693420892619 -0.10905853549966615 0.0011257458065968707 -0.34829359513791486 -3.512902842192888 -2.2380840018876826 -0.2734133366324385 -0.16039481801357186 -0.022029285991965786 -0.04755909917470975 -0.025809781907342882 -0.06230149034937699 -0.022809123649459785 -0.2938997283279822 -2.0242914979757085 -2.0477014335145824 -0.3974393171512403 -0.275585457368353 -0.13296104241457252 -0.09692372524230933 0.0 -0.11169114969042127 0.04227833235466823 -0.11699361852989838 0.0536226462152388 0.020143522598514412 -0.0793965859468043 -0.15911405295315684 -0.01870657402458579 -0.015893656985984685 -0.09277155005798221 -0.03901170351105332 -0.03566757817144216 -0.17854973885582412 -0.08879698333536067 0.057640578967593184 0.13076300889727685 0.015702695629416383 0.13613861386138612 0.1096621221102549 -0.07165304839723444 -0.0555429607798685 -0.06300114547537228 -0.1909451182899003 -0.02425418384671356 -0.1043713163064833 -0.06096012192024384 -0.09642581640524557 -0.007993605115907274 -0.019400089538874794 -0.011221945137157107 -0.04188969048173144 0.04058624577226607 -0.051643192488262914 0.04316882510792206 -0.12446146481570128 0.05980563169698481 -0.08497146480659479 0.043478260869565216 -0.06195437904815545 -0.0773040222249064 -0.020998600093327113 0.03153837168555076 -0.17954815695600476 -0.039985459832788076 -0.11079995129672471 0.06779243189942068 -0.016057312252964428 0.04239465570400823 -0.006910850034554253 0.03686753114670734 -0.07681399196407468 0.05897617362585515 -0.10348186023861701 0.05692140002422187 -0.12758786711603273 0.10830324909747294 -0.08954110185300336 0.04310344827586208 -0.08448753462603878 0.006153088850603004 -0.020327498588368152 0.04053141184417923 -0.03473469876631932 0.06206088992974239 -0.10865713948269755 0.049085777395999494 -0.10618594888257808 0.020268558398783883 -0.022193211488250653
-0.040131338927398764 -0.1268640106832851 0.0011257458065968707 -0.3564749883122954 -4.0218813176358665 -2.549551675318546 -0.3278485710750959 -0.17890191239975325 -0.05053777374627446 -0.05035669324381033 -0.02322880371660859 -0.058636696799413635 -0.024009603841536616 -0.28155100024697455 -2.3254048582995948 -2.3195748887790413 -0.46145638837023206 -0.28464225643679647 -0.15556441962504985 -0.09692372524230933 0.008886631966484702 -0.10683501274735947 0.04580152671755725 -0.11699361852989835 0.0648459907719167 0.055394687145914646 -0.0899827974063782 -0.15656822810590632 -0.029396044895777663 -0.014448779078167894 -0.08504058755315036 -0.04255822201205817 -0.03447865889906075 -0.16518887404348354 -0.09122977739934315 0.08325861406430127 0.12806686438393095 0.023554043444124578 0.13751375137513752 0.11558980438648489 -0.06536769327467001 -0.05781002040353661 -0.06071019473081328 -0.1861414675153116 -0.04001940334707737 -0.11051080550098231 -0.07239014478028956 -0.09128310619696581 -0.01199040767386091 -0.016415460379047904 -0.006234413965087282 -0.05119851058878287 0.03382187147688838 -0.056338028169014086 0.030334850075837118 -0.13523216850167544 0.05980563169698481 -0.07482561826252378 0.043478260869565216 -0.05632216277105041 -0.07126464548858559 -0.029164722351843208 0.02920219600513959 -0.1676575505350773 -0.049678904640736696 -0.10836478753196152 0.05793171453223221 -0.012351778656126484 0.035971223021582746 0.0041465100207325484 0.03941011950165267 -0.07917749940912314 0.06015569709837225 -0.088872656440224 0.052077025554075326 -0.12397688974482426 0.09460973484376944 -0.07834846412137794 0.039184952978056437 -0.07340720221606647 0.0049224710804824014 -0.014680971202710336 0.041657284395406446 -0.026350461133069825 0.05737704918032786 -0.10511397189087046 0.049085777395999494 -0.0987776268675145 0.026602482898403845 -0.00783289817232376
-0.04013133892739876 -0.15357222345871352 -0.0022514916131937427 -0.3915381019167835 -4.5225353787608515 -2.8751769702689947 -0.37609798342199685 -0.20727945712523135 -0.06090449656602306 -0.06574346062386349 -0.032262227384178596 -0.07940386024920595 -0.03601440576230493 -0.3111879476413929 -2.6227226720647776 -2.6198714780029664 -0.5201387036543078 -0.3208694527105706 -0.16487169259406992 -0.12642225031605564 0.01015615081883966 -0.1226174578123103 0.04227833235466823 -0.13944693925785864 0.07981045018082054 0.06546644844517184 -0.08865952097393145 -0.1845723014256619 -0.021378941742383757 -0.03323219187978616 -0.07473263754670789 -0.06620167868542381 -0.033289739626679346 -0.18583748329891897 -0.09366257146332564 0.08197771230946585 0.12132650310056621 0.0026171159382360628 0.132013201320132 0.09039715471250741 -0.05656819610307982 -0.06461119927454093 -0.06071019473081328 -0.19574876906448896 -0.047295658501091443 -0.12770137524557956 -0.08001016002032005 -0.10413988171766524 -0.017319477751132423 -0.016415460379047904 -0.011221945137157107 -0.0686525482895043 0.02593010146561443 -0.08333333333333333 0.018667600046669 -0.16515078985160364 0.05980563169698479 -0.0963855421686747 0.04084321475625823 -0.08025908194874684 -0.06884889479405726 -0.04199720018665422 0.036210723046373086 -0.18311533888228299 -0.05331394644371743 -0.127846097650067 0.05423394551953653 -0.025938735177865612 0.03597122302158273 -0.0110573600552868 0.04958047292143401 -0.09454029780193807 0.07195093182354328 -0.10591672753834916 0.06418796172944169 -0.1480500722195474 0.10207892443669861 -0.09824648675537868 0.04571577847439918 -0.092797783933518 -0.0012306177701206012 -0.03387916431394692 0.039405539292952034 -0.0515031740328183 0.058548009367681494 -0.126372977441833 0.050312921830899485 -0.1111248302259538 0.048137826197111724 -0.013054830287206266
-0.04499574364587133 -0.16915201424438014 -0.006754474839581222 -0.41608228143992515 -5.008919015340707 -3.1831052383199623 -0.413212915996536 -0.23072177668106106 -0.06608785797589738 -0.07413624283116521 -0.045167118337850046 -0.08062545809919375 -0.03601440576230493 -0.3185971844899975 -2.91497975708502 -2.906574394463668 -0.5788210189383836 -0.3570966489843447 -0.17683818641138144 -0.15451608371962355 0.01015615081883966 -0.11290518392618672 0.052847915443335294 -0.13117466320018908 0.10350417757825166 0.10449452347979352 -0.08733624454148471 -0.18457230142566192 -0.004008551576696956 -0.024562924432885425 -0.0760211312975132 -0.06265516018441897 -0.03804541671620497 -0.18705210737276812 -0.09487896849531688 0.09991033687716153 0.11458614181720139 -0.001308557969118032 0.13338833883388337 0.08298755186721993 -0.056568196103079824 -0.06801178871004307 -0.0549828178694158 -0.20775789600096067 -0.04608294930875576 -0.1461198428290766 -0.07747015494030987 -0.109282591925945 -0.011990407673860911 -0.029846291598268914 -0.014962593516209478 -0.05934372818245287 0.016910935738444193 -0.07511737089201878 0.008167075020417688 -0.16156055528961225 0.052329927734861705 -0.08750792644261256 0.043478260869565216 -0.06195437904815545 -0.0640173934050006 -0.032664489034064395 0.0350426352061675 -0.17479191438763378 -0.05331394644371743 -0.13880433459150127 0.054233945519536544 -0.027173913043478264 0.04367934224049333 -0.002764340013821698 0.04322400203407069 -0.08863152918931694 0.07784854918612878 -0.1095690284879474 0.06297686811190506 -0.1540683678382282 0.09958919457238889 -0.0957592339261286 0.047021943573667714 -0.09141274238227147 -0.007383706620723604 -0.03387916431394693 0.04503490204908804 -0.04551443286621152 0.058548009367681494 -0.1322782567615448 0.04295005522149956 -0.12223731324854918 0.05827210539650368 -0.016971279373368148
-0.04499574364587133 -0.16358780324949923 -0.004502983226387485 -0.41608228143992515 -5.0541086930669525 -3.238555922605002 -0.4342447111221082 -0.24922887106724248 -0.07515874044317741 -0.08812421317666806 -0.05420054200542005 -0.07207427314927926 -0.04441776710684274 -0.31859718448999746 -2.952935222672065 -2.9597132970835394 -0.5988263536943185 -0.37391641868288267 -0.17816779683552714 -0.1783958421126563 0.017773263932969404 -0.10440694427582857 0.06106870229007634 -0.12526589458756796 0.09602194787379972 0.11708422510386503 -0.09924573243350535 -0.2011201629327902 -0.00801710315339391 -0.03756682560323653 -0.07473263754670789 -0.05437995034874099 -0.03447865889906075 -0.18583748329891897 -0.10825933584722054 0.09606763161265532 0.09706120248045297 -0.011777021722062287 0.1251375137513751 0.056312981624184945 -0.05153991200502829 -0.06234413965087282 -0.05154639175257732 -0.20055241983907765 -0.04972107688576279 -0.15471512770137524 -0.08509017018034035 -0.12085368989457448 -0.017319477751132427 -0.04476943739740337 0.0012468827930174563 -0.05003490807540144 0.02705749718151071 -0.06455399061032864 0.01050052502625131 -0.16156055528961227 0.04360827311238475 -0.10399492707672797 0.03162055335968379 -0.07040270346381301 -0.05435439062688731 -0.02799813345776948 0.03737881088657867 -0.17360285374554102 -0.06179571065067248 -0.1375867527091197 0.040675459139652405 -0.029644268774703563 0.026978417266187056 -0.009675190048375948 0.04195270785659802 -0.08154100685417158 0.07902807265864589 -0.1095690284879474 0.06055468087683179 -0.15888300433317284 0.09212000497945973 -0.09949011317000374 0.05616509926854755 -0.09972299168975068 -0.002461235540241201 -0.03162055335968379 0.047286647151542446 -0.043118936399568805 0.04800936768149884 -0.13936459194519898 0.03436004417719966 -0.1345845166069885 0.05700532049657967 -0.033942558746736295
-0.048644047184725765 -0.16803917204540395 -0.002251491613193741 -0.40790088826554455 -5.09335236056606 -3.27748938178386 -0.44043053321786474 -0.2455274521900062 -0.07386290009070882 -0.08532661910756749 -0.056781520196154345 -0.08673344734913266 -0.046818727490996394 -0.3223018029142998 -2.9744433198380564 -2.998022738507168 -0.6081621765804215 -0.37132876180618457 -0.17019013429065283 -0.17699115044247787 0.02158182049003428 -0.10319291004006312 0.0540223135642983 -0.11817537225242258 0.1059982541464023 0.12715598640312223 -0.08204313881169777 -0.20366598778004072 0.012025654730090858 -0.034677069787602946 -0.07859811879912382 -0.05319777751507271 -0.03685649744382356 -0.1919106036681647 -0.10704293881522928 0.09862943512232611 0.10380156376381774 -0.011777021722062287 0.13063806380638063 0.056312981624184945 -0.05153991200502829 -0.07141237814554523 -0.056128293241695305 -0.19694968175813615 -0.05699733203977686 -0.15962671905697445 -0.08763017526035052 -0.12599640010285423 -0.021316280309086062 -0.0522310102969706 -0.006234413965087282 -0.04072608796835001 0.023675310033821874 -0.051643192488262914 -1.908195823574488e-18 -0.1543800861656295 0.031148766508846248 -0.08116677235256817 0.02766798418972332 -0.0605463249788792 -0.0603937673632081 -0.03966402239850677 0.03737881088657867 -0.17835909631391203 -0.0714891554586211 -0.15463289906246194 0.040675459139652405 -0.04446640316205534 0.02954779033915725 -0.02073255010366275 0.04068141367912535 -0.09690380524698652 0.07430997876857749 -0.11809106403701 0.06661014896451496 -0.17332691381800674 0.09087514004730486 -0.10322099241387887 0.05747126436781609 -0.10249307479224376 -0.0049224710804824014 -0.04291360813099943 0.04953839225399685 -0.04910767756617559 0.04566744730679157 -0.14881303885673794 0.03190575530739968 -0.14075811828620816 0.06080567519635165 -0.04046997389033943
-0.0522923507235802 -0.18361896283107054 0.0022514916131937406 -0.40906965871902756 -5.134974432156024 -3.3329400660689013 -0.44661635531362115 -0.2603331276989513 -0.07645458079564596 -0.09651699538396978 -0.06065298748225577 -0.08551184949914489 -0.061224489795918366 -0.33218078537910595 -3.0111336032388665 -3.0486900642609984 -0.6255001333688984 -0.3816793893129771 -0.17284935513894426 -0.18822868380390506 0.026659895899454104 -0.10804904698312492 0.052847915443335294 -0.12762940203261638 0.1059982541464023 0.1359687775399723 -0.08733624454148473 -0.21130346232179226 0.004008551576696951 -0.04768097095795406 -0.07473263754670789 -0.04846908618039958 -0.04042325526096778 -0.17854973885582415 -0.10825933584722051 0.10247214038683232 0.09166891345376112 -0.015702695629416383 0.11826182618261827 0.051867219917012444 -0.046511627906976744 -0.07367943776921333 -0.07216494845360825 -0.2041551579200192 -0.07397526073247634 -0.1694499017681729 -0.10033020066040133 -0.12985343275906405 -0.034638955502264854 -0.05670795403671094 -0.013715710723192021 -0.04072608796835002 0.012401352874859075 -0.05985915492957746 -0.011667250029168127 -0.16515078985160367 0.0199352105656616 -0.09131261889663919 0.01844532279314888 -0.06336243311743171 -0.056770141321415626 -0.03849743350443304 0.03037028384534517 -0.178359096313912 -0.07391251666060825 -0.1595032265919883 0.03821027979785529 -0.04693675889328064 0.024409044193216857 -0.0110573600552868 0.031782354436816686 -0.09926731269203497 0.055437603208303834 -0.12296079863647433 0.05207702555407534 -0.17934520943668752 0.07344703099713681 -0.11068275090162913 0.04179728317659352 -0.10803324099722991 -0.0036918533103618015 -0.04517221908526257 0.03265030398558883 -0.05509641873278237 0.02576112412177986 -0.15589937404039214 0.026997177567799725 -0.1419928386220521 0.05827210539650367 -0.03916449086161879
-0.05350845190319834 -0.19029601602492768 -0.002251491613193741 -0.3973819541841982 -5.189677726245689 -3.3718735252477585 -0.46641098602004216 -0.2590993214065392 -0.10107554749254892 -0.08812421317666806 -0.07484836753129437 -0.07329587099926703 -0.08883553421368547 -0.30995307483329215 -3.0693319838056685 -3.065991102323282 -0.6548412910109362 -0.36485961961443913 -0.19279351150113017 -0.1657536170810507 0.02665989589945411 -0.10197887580429768 0.037580739870816206 -0.13590167809028597 0.10849233071455293 0.15863024046330101 -0.08998279740637818 -0.20366598778004072 -0.0026723677177979735 -0.0419014593266869 -0.07344414379590258 -0.03782953067738504 -0.059445963619070265 -0.15668650552653957 -0.11799051210315044 0.12168566670936339 0.07549204637368562 0.001308557969118032 0.09213421342134213 0.06224066390041494 -0.046511627906976744 -0.06801178871004307 -0.08820160366552118 -0.19815059445178332 -0.09337860780984719 -0.15103143418467582 -0.11811023622047245 -0.11185394703008486 -0.04796163069544364 -0.03283092075809581 -0.013715710723192021 -0.04188969048173144 -0.010146561443066516 -0.057511737089201875 -0.02216777505541944 -0.168741024413595 0.013705457263892348 -0.0900443880786303 0.010540184453227932 -0.052098000563221634 -0.06643314409952893 -0.030331311245916943 0.02920219600513959 -0.16646848989298454 -0.08118260026656972 -0.14123949835626445 0.01725625539257981 -0.029644268774703553 0.008992805755395683 0.0069108500345542515 0.02923976608187135 -0.08744977546679272 0.04364236848313281 -0.10348186023861698 0.03875499576117234 -0.1576793452094367 0.05850865181127848 -0.08954110185300335 0.030041797283176592 -0.07894736842105263 -0.012306177701206006 -0.037267080745341616 0.03377617653681604 -0.05629416696610372 0.01639344262295082 -0.14881303885673794 0.013498588783899864 -0.12717619459192492 0.046871041297187735 -0.0195822454308094
-0.04742794600510762 -0.1869574894279991 0.002251491613193741 -0.36465638148667595 -5.236056606017362 -3.397829164700331 -0.47135964369664735 -0.25169648365206665 -0.10625890890242322 -0.06854105469296405 -0.06839592205445864 -0.09528463229904716 -0.07683073229291718 -0.3210669301061991 -3.097165991902834 -3.1080079090459716 -0.6575086689783942 -0.36744727649113734 -0.1941231219252759 -0.15732546705998035 0.019042782785324362 -0.10804904698312492 0.041103934233705224 -0.12526589458756793 0.11597456041900486 0.174996852574594 -0.0899827974063782 -0.2074847250509165 -0.00534473543559594 -0.034677069787602946 -0.06829016879268135 -0.03428301217638019 -0.053501367257163236 -0.13117939997570752 -0.11434132100717673 0.13961829127705905 0.07818819088703152 0.017011253598534413 0.09075907590759077 0.07705986959098991 -0.03519798868636077 -0.07367943776921335 -0.07789232531500573 -0.20895880869460787 -0.08610235265583313 -0.14980353634577603 -0.11176022352044705 -0.11699665723836464 -0.04662936317612577 -0.01940008953887479 -0.006234413965087282 -0.04538049802187573 6.938893903907229e-19 -0.056338028169014086 -0.01750087504375219 -0.1675442795595979 0.01121355594318465 -0.08750792644261254 0.014492753623188406 -0.042241622078287806 -0.06039376736320812 -0.026831544563695752 0.03037028384534517 -0.13912009512485138 -0.08602932267054403 -0.13149884329721176 0.009860717367188462 -0.025938735177865612 0.003854059609455293 0.026261230131306157 0.03941011950165269 -0.08390451429922005 0.05307855626326964 -0.07913318724129534 0.04238827661378224 -0.13601348098218585 0.06473297647205278 -0.07834846412137794 0.03265412748171369 -0.05401662049861496 -0.011075559931085405 -0.05307735742518351 0.04503490204908804 -0.0730626422326027 0.021077283372365335 -0.16534782095193104 0.019634310958399803 -0.14446227929373995 0.046871041297187735 -0.030026109660574413
-0.043779642466253196 -0.18807033162697526 0.006754474839581223 -0.35413744740532954 -5.2812462837436085 -3.4261444077395 -0.47259680811579863 -0.24922887106724242 -0.1075547492548918 -0.06714225765841376 -0.061943476577622926 -0.08184705594918154 -0.06002400960384154 -0.32600642133860214 -3.123734817813765 -3.1450815620365793 -0.6575086689783942 -0.36356579117609006 -0.18481584895625583 -0.15873015873015875 0.027929414751809066 -0.10926308121889036 0.04462712859659425 -0.12881115575514063 0.13343309639605935 0.19639934533551556 -0.07807330951435756 -0.20493890020366598 0.002672367717797967 -0.02456292443288542 -0.05927071253704419 -0.036647357843716755 -0.04042325526096778 -0.1336086481234058 -0.10461014475124682 0.1498655053157423 0.08762469668374225 0.020936927505888513 0.10726072607260725 0.07113218731475993 -0.027655562539283467 -0.07141237814554524 -0.07331042382588775 -0.20295424522637204 -0.08731506184816881 -0.1387524557956778 -0.10160020320040639 -0.1041398817176652 -0.03863575806021849 -0.01044620205939412 -0.007481296758104739 -0.044216895508494294 -0.0011273957158962808 -0.04812206572769953 -0.010500525026251314 -0.15677357587362376 0.026164963867430845 -0.07863031071655041 0.023715415019762848 -0.030977189524077724 -0.05556226597415147 -0.03966402239850677 0.0350426352061675 -0.14149821640903687 -0.08481764206955046 -0.1363691708267381 0.018488845063478365 -0.030879446640316204 0.01027749229188078 0.019350380096751902 0.044495296211543356 -0.08508626802174427 0.054258079735786745 -0.08522035549062576 0.05086593193653869 -0.14082811747713048 0.07593676086144653 -0.08332296977987812 0.043103448275862065 -0.062326869806094184 -0.0024612355402412007 -0.04517221908526257 0.05066426480522405 -0.06108515989938914 0.03044496487119438 -0.1558993740403921 0.03681433304699963 -0.1370539572786764 0.05447175069673169 -0.03263707571801567
-0.05594065426243464 -0.20587580681059428 -0.006754474839581223 -0.3588125292192613 -5.330003567606137 -3.465077866918358 -0.4800197946307064 -0.2578655151141271 -0.1179214720746404 -0.07833263393481606 -0.06839592205445864 -0.0842902516491571 -0.07322929171668666 -0.32724129414670283 -3.151568825910931 -3.1735046959960456 -0.6655108028807681 -0.37132876180618457 -0.19545273234942165 -0.15592077538980198 0.027929414751809066 -0.10804904698312492 0.03523194362889019 -0.12526589458756793 0.14715051752088787 0.21402492760921565 -0.07542675664946408 -0.1985743380855397 0.00935328701229289 -0.020228290709435055 -0.05798221878623888 -0.05437995034874098 -0.041612174533349186 -0.15790112960038866 -0.10096095365527309 0.14218009478672985 0.09706120248045294 0.007851347814708193 0.11001100110011001 0.04297569650266746 -0.026398491514770583 -0.0793470868283836 -0.07674684994272622 -0.20775789600096073 -0.09095318942517584 -0.13015717092337917 -0.09652019304038607 -0.09899717150938545 -0.033306687982946975 0.007461572899567231 -0.00997506234413965 -0.03490807540144287 0.0022547914317925604 -0.0528169014084507 -0.0011667250029168113 -0.14600287218764957 0.029902815848492397 -0.05960684844641724 0.023715415019762848 -0.019712756969867642 -0.054354390626887295 -0.04549696686887541 0.032706459525756335 -0.1403091557669441 -0.08239428086756331 -0.13393400706197492 0.029582152101565385 -0.030879446640316204 0.017985611510791363 0.020732550103662758 0.030511060259344018 -0.09572205152446231 0.04718093890068412 -0.09130752373995618 0.04481046384885551 -0.13962445835339432 0.07469189592929168 -0.08332296977987813 0.0496342737722048 -0.06232686980609418 -0.012306177701206004 -0.04291360813099944 0.03827966674172483 -0.06946939753263863 0.024590163934426222 -0.15471831817644974 0.033132899742299673 -0.13334979627114457 0.049404611097035735 -0.03655352480417755
-0.05107624954396206 -0.20698864900957042 -0.00112574580659687 -0.37283777466105655 -5.360922820787252 -3.4981123171307216 -0.47259680811579863 -0.2640345465761875 -0.11662563172217184 -0.08672541614211779 -0.06581494386372436 -0.09039824089909601 -0.06482593037214884 -0.34205976784391207 -3.1604251012145745 -3.208106772120613 -0.6535076020272073 -0.38038556087462805 -0.18481584895625583 -0.16575361708105074 0.03554652786593881 -0.10683501274735947 0.056371109806224305 -0.12999290947766484 0.170844244918319 0.22787359939569432 -0.060870715892549956 -0.18584521384928715 0.028059861036878676 -0.014448779078167901 -0.05927071253704419 -0.06147298735075067 -0.03566757817144216 -0.17490586663427668 -0.10461014475124682 0.13449468425771743 0.09301698571043408 0.001308557969118032 0.08938393839383939 0.03556609365737996 -0.027655562539283467 -0.07367943776921333 -0.06872852233676977 -0.2185661102437853 -0.07640067911714772 -0.13015717092337917 -0.07874015748031496 -0.09899717150938545 -0.025313082867039698 0.002984629159826893 -0.014962593516209478 -0.03374447288806144 0.0067643742953776755 -0.06220657276995305 0.003500175008750439 -0.14001914791766396 0.027410914527784703 -0.06467977171845275 0.02503293807641634 -0.015488594762038862 -0.0676410194467931 -0.04666355576294913 0.021025581123700506 -0.15101070154577884 -0.08481764206955046 -0.14245708023864606 0.032047331443362505 -0.02964426877470356 0.016700924974306267 0.01796821008984105 0.033053648614289347 -0.08981328291184118 0.05543760320830384 -0.09861212563915266 0.05692140002422187 -0.1420317766008667 0.09212000497945974 -0.08954110185300335 0.06530825496342738 -0.08448753462603878 -0.014767413241447203 -0.04968944099378882 0.033776176536816034 -0.08024913163253083 0.025761124121779853 -0.15944254163221921 0.039268621916799605 -0.13334979627114457 0.045604256397263745 -0.044386422976501305
-0.04134744010701691 -0.2014244380146895 -0.006754474839581223 -0.3669939223936418 -5.40492329646807 -3.529966965549788 -0.47383397253494997 -0.270203578038248 -0.1179214720746404 -0.09371940131486922 -0.04774809652858434 -0.08795504519912044 -0.054021608643457376 -0.3383551494196098 -3.1692813765182186 -3.231586752347998 -0.6348359562550013 -0.37521024712123174 -0.17284935513894428 -0.16856300042140754 0.04570267868477847 -0.094694670389705 0.0551967116852613 -0.12408414086504371 0.17583239805462025 0.2568299131310588 -0.05160778086542278 -0.17311608961303465 0.0347407803313736 -0.011559023262534317 -0.06700167504187604 -0.05437995034874099 -0.04280109380573059 -0.16275962589578524 -0.11069212991120303 0.14730370180607147 0.09032084119708816 0.00785134781470819 0.08663366336633663 0.04297569650266746 -0.023884349465744813 -0.06687825889820902 -0.05841924398625429 -0.22336976101837397 -0.07640067911714771 -0.12524557956777996 -0.06858013716027432 -0.09256878374903574 -0.017319477751132427 -0.0029846291598268904 -0.006234413965087282 -0.024435652781010005 0.002254791431792559 -0.05516431924882629 0.0011667250029168126 -0.12326471996170414 0.0323947171692001 -0.05326569435637285 0.03557312252964427 -0.00140805406927626 -0.07005677014132142 -0.04199720018665422 0.008176614881439084 -0.14387633769322236 -0.09572276747849265 -0.13880433459150132 0.034512510785159614 -0.022233201581027668 0.019270298047276462 0.02073255010366275 0.04830917874396136 -0.07799574568659892 0.06015569709837225 -0.09617725833942051 0.05934358725929514 -0.13240250361097736 0.10830324909747294 -0.08705384902375327 0.08490073145245558 -0.07894736842105263 -0.009844942160964803 -0.041784302653867865 0.01913983337086242 -0.0814468798658522 0.022248243559718966 -0.15826148576827684 0.046631488526199534 -0.1308803555994567 0.04307068659741577 -0.04960835509138382
-0.04621184482548948 -0.19586022701980857 -0.005628729032984352 -0.37517531556802236 -5.448923772148888 -3.5641812175554506 -0.48001979463070643 -0.2739049969154843 -0.12569651418945188 -0.1063085746258218 -0.04645760743321719 -0.09772782799902271 -0.057623049219687875 -0.34823413188441593 -3.2021761133603235 -3.271131982204646 -0.6388370232061884 -0.3777979039979299 -0.17417896556309004 -0.1713723837617643 0.04443315983242351 -0.094694670389705 0.0364063417498532 -0.13117466320018906 0.17084424491831898 0.2731965252423518 -0.0595474394601032 -0.17438900203665988 0.020042757883484773 -0.027452680248519 -0.06700167504187604 -0.056744296016077556 -0.039234335988586375 -0.1809789870035224 -0.10947573287921178 0.15242730882541305 0.08627662442706929 0.009159905783826222 0.088008800880088 0.026674570243034972 -0.025141420490257704 -0.06687825889820902 -0.05956471935853378 -0.22937432448660983 -0.08610235265583313 -0.12524557956777996 -0.08001016002032005 -0.1067112368218051 -0.02398081534772182 -0.011938516639307565 0.0037406483790523694 -0.036071677914824296 0.0033821871476888373 -0.06690140845070422 0.00816707502041769 -0.12685495452369555 0.0423623224520309 -0.062143310082435 0.044795783926218705 -0.015488594762038862 -0.07730402222490639 -0.05599626691553896 0.0011680878402055826 -0.17122473246135556 -0.10905125408942203 -0.15219773529769878 0.019721434734376923 -0.04323122529644269 0.0064234326824254865 -0.00691085003455425 0.04068141367912535 -0.08390451429922005 0.05543760320830384 -0.10713416118821524 0.049654838319002054 -0.14323543572460276 0.10207892443669861 -0.10695187165775402 0.07445141065830721 -0.09002770083102492 -0.0036918533103618006 -0.048560135516657256 0.007881107858590405 -0.10540184453227933 0.015222482435597184 -0.165347820951931 0.04295005522149957 -0.13334979627114457 0.04180390169749177 -0.053524804177545696
-0.04864404718472577 -0.19252170042288003 -0.006754474839581223 -0.3751753155680224 -5.445356166012606 -3.5630014157621526 -0.4614623283434368 -0.2640345465761875 -0.11532979136970326 -0.10211218352217093 -0.037424183765647184 -0.09772782799902271 -0.055222088835534214 -0.3432946406520129 -3.19838056680162 -3.2748393475037068 -0.6335022672712723 -0.3777979039979299 -0.1781677968355272 -0.1685630004214075 0.039355084423003686 -0.08983853344664319 0.03405754550792719 -0.13590167809028597 0.17209128320239428 0.27445549540475894 -0.05425433373031626 -0.16675152749490837 0.018706574024585785 -0.023118046525068634 -0.06829016879268135 -0.05319777751507271 -0.043990013078112 -0.1809789870035224 -0.10096095365527309 0.1613936211092609 0.11188999730385549 0.019628369536770482 0.10176017601760175 0.03408417308832247 -0.027655562539283467 -0.07254590795737928 -0.06872852233676975 -0.24018253872943437 -0.08367693427116177 -0.12401768172888014 -0.06477012954025907 -0.10799691437387504 -0.005329070077271516 -0.013430831219221012 -0.0012468827930174563 -0.04305329299511287 -0.0011273957158962808 -0.07394366197183097 0.003500175008750437 -0.12685495452369555 0.04610017443309245 -0.058338617628408376 0.05006587615283268 -0.016896648831315125 -0.08213552361396305 -0.058329444703686416 -0.004672351360822333 -0.17122473246135556 -0.1042045316854477 -0.15219773529769878 0.03327992111426106 -0.04817193675889329 0.019270298047276466 0.0 0.04322400203407069 -0.0815410068541716 0.05189903279075253 -0.10835159483808132 0.04723265108392879 -0.1396244583533943 0.10830324909747294 -0.10322099241387887 0.07183908045977011 -0.08033240997229917 -0.0049224710804824 -0.049689440993788817 0.005629362756136004 -0.10180859983231524 0.014051522248243558 -0.16180465336010394 0.047858632961099525 -0.13334979627114454 0.040537116797567774 -0.05221932114882507
-0.049860148364343916 -0.19474738482083237 -0.005628729032984353 -0.3705002337540907 -5.462004994648591 -3.5677206229353464 -0.470122479277496 -0.27143738433066006 -0.12440067383698328 -0.1063085746258218 -0.04000516195638147 -0.09772782799902271 -0.05042016806722689 -0.3432946406520129 -3.2072368421052637 -3.2871972318339098 -0.6214990664177115 -0.3881485315047225 -0.18481584895625583 -0.1671583087512291 0.038085565570648724 -0.09590870462547044 0.03053435114503817 -0.14062869298038289 0.16211497692979174 0.27445549540475894 -0.06219399232499669 -0.1718431771894094 0.013361838588989844 -0.021673168617251843 -0.06957866254348666 -0.050833431847736144 -0.039234335988586375 -0.17369124256042756 -0.11190852694319424 0.16779812988343792 0.1024534915071448 0.020936927505888513 0.08800880088008801 0.03852993479549496 -0.0251414204902577 -0.06687825889820902 -0.058419243986254275 -0.24258436411672873 -0.08003880669415472 -0.12033398821218075 -0.05969011938023876 -0.09514013885317563 -0.014654942712496666 -0.0029846291598268904 -0.0037406483790523694 -0.05003490807540144 0.001127395715896279 -0.08450704225352111 -0.0011667250029168137 -0.1328386787936812 0.05108397707450785 -0.06721623335447051 0.048748353096179184 -0.018304702900591385 -0.08092764826669888 -0.05132991133924405 -0.0035042635206167494 -0.1676575505350773 -0.10783957348842843 -0.14123949835626448 0.032047331443362505 -0.0358201581027668 0.019270298047276462 0.00691085003455425 0.045766590389016024 -0.07090522335145355 0.06251474404340647 -0.0961772583394205 0.04238827661378224 -0.12156957149735195 0.10830324909747294 -0.0982464867553787 0.060083594566353184 -0.07063711911357341 -0.006153088850603002 -0.04630152456239413 -0.003377617653681604 -0.10061085159899388 0.007025761124121779 -0.152356206448565 0.060130077310099395 -0.12100259291270525 0.0532049657968077 -0.03916449086161881
-0.05107624954396206 -0.19252170042288003 -0.004502983226387483 -0.3669939223936418 -5.478653823284577 -3.571260028315243 -0.4787826302115551 -0.2677359654534238 -0.1334715563042633 -0.1063085746258218 -0.04000516195638147 -0.0830686537991693 -0.04561824729891957 -0.32971103976290445 -3.2160931174089074 -3.2896688086999504 -0.6094958655641506 -0.3816793893129771 -0.19146390107698447 -0.15311139204944516 0.040624603275358634 -0.0922666019181741 0.03875513799177921 -0.13826518553533443 0.1596209003616411 0.28578622686642324 -0.06219399232499671 -0.17566191446028515 0.022715125601282735 -0.03034243606415258 -0.0760211312975132 -0.04965125901406786 -0.02734514326477232 -0.17612049070812583 -0.11799051210315045 0.17804534392212118 0.10919385279050957 0.02486260141324261 0.09763476347634764 0.040011855364552464 -0.023884349465744813 -0.05554296077986851 -0.043528064146620846 -0.23417797526119855 -0.06669900557846227 -0.1043713163064833 -0.046990093980187955 -0.08871175109282592 -0.01598721023181455 -0.0029846291598268878 0.006234413965087282 -0.04770770304863858 0.019165727170236752 -0.07746478873239435 0.001166725002916813 -0.1172809956917185 0.05606777971592325 -0.05960684844641724 0.05138339920948617 -0.023936919177696424 -0.09059065104481218 -0.0454969668688754 -0.0035042635206167503 -0.1617122473246136 -0.11510965709438989 -0.1254109338853038 0.02095402440527548 -0.028409090909090905 0.01670092497430627 -0.0013821700069108502 0.045766590389016024 -0.06381470101630819 0.08728473696626562 -0.09130752373995617 0.05086593193653869 -0.11434761675493502 0.11079297896178264 -0.09575923392612859 0.07314524555903866 -0.06232686980609418 -0.0012306177701206012 -0.038396386222473176 0.023643323575771227 -0.09701760689902983 0.028103044496487116 -0.14763198299279556 0.06135722174499938 -0.12470675392023707 0.05447175069673169 -0.043080939947780686
-0.05350845190319835 -0.19697306921878474 0.0033772374197906115 -0.39971949509116406 -5.484599833511714 -3.6019348749410107 -0.4713596436966473 -0.2887106724244294 -0.11532979136970326 -0.12309413904042524 -0.046457607433217196 -0.08062545809919375 -0.03001200480192077 -0.3358854038034083 -3.2160931174089074 -3.313148788927336 -0.6121632435316084 -0.3894423599430716 -0.19412312192527592 -0.16434892541087234 0.0355465278659388 -0.09955080733276679 0.052847915443335294 -0.14417395414795556 0.1658560917820177 0.2857862268664233 -0.07410348021701735 -0.18711812627291244 0.021378941742383754 -0.04334633723450369 -0.08375209380234505 -0.056744296016077556 -0.01783378908572108 -0.19069597959431556 -0.11312492397518548 0.17035993339310873 0.11997843084389323 0.0039256739073540966 0.10726072607260725 0.023710729104919975 -0.037712130735386554 -0.053275901156200414 -0.026345933562428408 -0.24618710219767026 -0.05578462284744119 -0.12401768172888014 -0.05334010668021335 -0.09771149395731552 -0.018651745270450305 -0.013430831219221012 0.00997506234413965 -0.04188969048173144 0.0439684329199549 -0.0892018779342723 0.0093338000233345 -0.11847774054571565 0.05108397707450785 -0.05960684844641724 0.05401844532279315 -0.036609405801182764 -0.09542215243386883 -0.05132991133924405 -0.009344702721644668 -0.1747919143876338 -0.11753301829637705 -0.1363691708267381 0.014791076050782693 -0.044466403162055336 0.01670092497430627 -0.013821700069108498 0.04322400203407069 -0.06499645473883242 0.09672092474640245 -0.11565619673727781 0.052077025554075326 -0.12758786711603273 0.10207892443669861 -0.11192637731625421 0.07575757575757576 -0.07894736842105263 0.006153088850603001 -0.04404291360813099 0.029272686331907227 -0.09941310336567254 0.03629976580796253 -0.152356206448565 0.06135722174499938 -0.1370539572786764 0.05827210539650367 -0.058746736292428194
-0.05594065426243464 -0.20698864900957042 -0.00112574580659687 -0.42075736325385693 -5.488167439647997 -3.6172722982538934 -0.4639366571817395 -0.30228254164096235 -0.10885058960736035 -0.1398797034550287 -0.06065298748225578 -0.07085267529929147 -0.05042016806722689 -0.332180785379106 -3.2401315789473686 -3.3168561542263966 -0.6241664443851694 -0.3816793893129771 -0.19279351150113017 -0.16294423374069394 0.044433159832423505 -0.09590870462547044 0.04932472108044626 -0.15717324509572203 0.1720912832023943 0.2883041671912376 -0.07410348021701733 -0.18584521384928715 0.026723677177979688 -0.043346337234503686 -0.07988661254992913 -0.05437995034874099 -0.014267031268576863 -0.21012996477590185 -0.10461014475124679 0.16523632637376715 0.12267457535723916 -0.00785134781470819 0.12376237623762376 0.00889152341434499 -0.04651162790697675 -0.05440943096803445 -0.0286368843069874 -0.2521916656659061 -0.05335920446276983 -0.12770137524557956 -0.05207010414020828 -0.10028284906145539 -0.017319477751132427 -0.03133860617818236 0.00997506234413965 -0.03839888294158715 0.04284103720405862 -0.09976525821596244 0.01750087504375219 -0.11967448539971279 0.06603538499875404 -0.06594800253646163 0.06324110671936758 -0.04505773021684033 -0.09663002778113298 -0.05716285580961269 -0.016353229762878167 -0.20451843043995246 -0.11874469889737065 -0.1473274077681724 0.009860717367188462 -0.04817193675889327 0.012846865364850977 -0.029025570145127848 0.04068141367912535 -0.07445048451902622 0.09907997169143665 -0.13878743608473337 0.06297686811190505 -0.137217140105922 0.10705838416531807 -0.1193881358040045 0.08359456635318704 -0.09279778393351798 0.008614324390844202 -0.03274985883681537 0.01688808826840802 -0.08983111749910169 0.0351288056206089 -0.1405456478091414 0.06258436617989938 -0.12964563526361278 0.06840638459589563 -0.056135770234986934
-0.07053386841785236 -0.21366570220342754 -0.013508949679162446 -0.437120149602618 -5.503627066238555 -3.6302501179801796 -0.47383397253494997 -0.3084515731030228 -0.12051315277957757 -0.1468736886277801 -0.06065298748225578 -0.08551184949914489 -0.07202881152460985 -0.3420597678439121 -3.251518218623482 -3.33292140385566 -0.6214990664177115 -0.3946176736964679 -0.1981119531977131 -0.1741817671021211 0.033007490161228885 -0.10683501274735947 0.052847915443335294 -0.16899078232096432 0.1658560917820177 0.2757144655671661 -0.08204313881169775 -0.19984725050916496 0.021378941742383754 -0.05923999422048837 -0.09663703131039814 -0.049651259014067854 -0.033289739626679346 -0.20527146848050526 -0.11920690913514172 0.16907903163827337 0.1051496360204907 -0.005234231876472127 0.10588558855885588 0.0029638411381149978 -0.057825267127592714 -0.052142371344366355 -0.04467353951890034 -0.2533925783595533 -0.06306087800145525 -0.13015717092337917 -0.05715011430022861 -0.10542555926973515 -0.025313082867039705 -0.03432323533800925 0.0012468827930174563 -0.05119851058878287 0.033821871476888386 -0.11267605633802817 0.011667250029168125 -0.13164193393968407 0.049838026414153996 -0.06594800253646163 0.047430830039525695 -0.04505773021684033 -0.11112453194830293 -0.059496033597760144 -0.036210723046373086 -0.20214030915576692 -0.1272264631043257 -0.14002191647388287 -1.3877787807814458e-18 -0.030879446640316204 0.011562178828365877 -0.0110573600552868 0.030511060259344015 -0.06735996218388088 0.09082330738381693 -0.12661309958607253 0.06176577449436841 -0.12397688974482426 0.10207892443669864 -0.10446461882850391 0.0822884012539185 -0.07340720221606647 -0.0012306177701206017 -0.04517221908526256 0.01125872551227201 -0.09701760689902984 0.03278688524590164 -0.14999409472068032 0.05522149957049945 -0.13211507593530064 0.06207246009627565 -0.05221932114882506
-0.052292350723580204 -0.2092143334075228 0.007880220646178094 -0.43361383824216926 -5.4738970151028665 -3.6184521000471923 -0.45280217740937784 -0.30475015422578655 -0.08811714396786316 -0.13428451531682756 -0.05291005291005291 -0.09039824089909601 -0.057623049219687875 -0.3432946406520129 -3.2388663967611335 -3.33292140385566 -0.6094958655641505 -0.3946176736964679 -0.1794974072596729 -0.17980053378283467 0.04570267868477847 -0.11169114969042127 0.07633587786259542 -0.16544552115339164 0.17583239805462028 0.266901674430316 -0.07807330951435755 -0.2011201629327902 0.029396044895777663 -0.060684872128305166 -0.0914830563071769 -0.05201560468140441 -0.008322434906669837 -0.20162759625895785 -0.10947573287921178 0.16139362110926092 0.11054192504718255 -0.005234231876472126 0.11826182618261827 0.01185536455245999 -0.05153991200502829 -0.04987531172069826 -0.035509736540664374 -0.2533925783595533 -0.06306087800145525 -0.1424361493123772 -0.055880111760223526 -0.11442530213422475 -0.025313082867039705 -0.05073869571705715 0.0037406483790523694 -0.061670933209215725 0.029312288613303268 -0.11267605633802816 0.014000700035001751 -0.1376256582096697 0.04859207575380014 -0.0672162333544705 0.05138339920948617 -0.043649676147564063 -0.10508515521198211 -0.06766215585627625 -0.02336175680411167 -0.2080856123662307 -0.12359142130134497 -0.14489224400340922 6.938893903907229e-19 -0.0308794466403162 0.01670092497430627 -0.004146510020732549 0.050851767098906694 -0.05790593240368706 0.11913187072422741 -0.11565619673727782 0.08477655322756449 -0.11916225324987964 0.11452757375824722 -0.09700286034075364 0.09665621734587253 -0.06094182825484764 0.008614324390844202 -0.0564652738565782 0.03039855888313443 -0.1006108515989939 0.04332552693208431 -0.1535372623125074 0.05890293287519941 -0.13705395727867636 0.07474030909551559 -0.053524804177545696
-0.0547245530828165 -0.21366570220342754 -0.0033772374197906115 -0.43478260869565216 -5.447734570103461 -3.5948560641812177 -0.45032784857107516 -0.30351634793337445 -0.08682130361539457 -0.1272905301440761 -0.056781520196154345 -0.09406303444905936 -0.07082833133253301 -0.3494690046925167 -3.2287449392712553 -3.3180919426594158 -0.6188316884502534 -0.38685470306637343 -0.18614545938040153 -0.1727770754319427 0.03046845245651898 -0.12018938934077941 0.05754550792718732 -0.1678090285984401 0.15089163237311387 0.24298124134458016 -0.0899827974063782 -0.21894093686354382 0.01202565473009086 -0.0693541395752059 -0.09277155005798221 -0.05556212318240927 -0.019022708358102484 -0.21377383699744934 -0.11434132100717673 0.14730370180607147 0.10784578053383662 -0.010468463752944255 0.1265126512651265 0.0029638411381149978 -0.05153991200502829 -0.053275901156200414 -0.043528064146620846 -0.25699531644049484 -0.07518796992481204 -0.14489194499017682 -0.07239014478028957 -0.1131396245821548 -0.03730349054090061 -0.043277122817489924 0.0024937655860349127 -0.06516174074936001 0.01803833145434047 -0.11267605633802817 0.008167075020417688 -0.14480612733365247 0.04111637179167705 -0.06594800253646163 0.04084321475625823 -0.04787383835539285 -0.09421427708660465 -0.07582827811479234 -0.01752131760308375 -0.2187871581450654 -0.11510965709438992 -0.15098015341531718 0.0012325896708985568 -0.034584980237154145 0.024409044193216857 -0.0055286800276434 0.05720823798627002 -0.06026943984873552 0.1132342533616419 -0.11930849768687608 0.07750999152234468 -0.11795859412614347 0.1095481140296278 -0.09451560751150356 0.09143155694879833 -0.04293628808864266 0.007383706620723601 -0.060982495765104464 0.027020941229452828 -0.10659959276560067 0.04098360655737705 -0.15944254163221921 0.04663148852619954 -0.13705395727867636 0.06587281479604763 -0.048302872062663184
-0.06445336251976165 -0.21255286000445137 -0.0033772374197906115 -0.4453015427769985 -5.35735521465097 -3.5358659745162817 -0.44537919089446987 -0.29981492905613816 -0.08941298432033172 -0.1384809064204784 -0.07484836753129435 -0.09284143659907158 -0.07563025210084033 -0.35317362311681894 -3.19585020242915 -3.2637172516065247 -0.6255001333688983 -0.3816793893129771 -0.20077117404600447 -0.1727770754319427 0.027929414751809066 -0.12383149204807575 0.06694069289489138 -0.16544552115339164 0.1459034792368126 0.20395316630995844 -0.10586211459573906 -0.22275967413441955 -0.0013361838588989844 -0.07513365120647306 -0.0901945625563716 -0.04965125901406786 -0.011889192723814054 -0.21984695736669502 -0.10461014475124682 0.1306519789932112 0.10784578053383662 -0.013085579691180321 0.121012101210121 -0.00889152341434499 -0.07416719044626022 -0.05554296077986851 -0.05612829324169529 -0.25579440374684764 -0.07882609750181907 -0.13998035363457761 -0.08763017526035052 -0.11313962458215479 -0.04662936317612577 -0.03730786449783614 0.0037406483790523694 -0.06283453572259716 0.02593010146561443 -0.11032863849765258 0.011667250029168125 -0.1555768310196266 0.031148766508846248 -0.06975269499048826 0.03293807641633729 -0.06477048718670797 -0.09783790312839714 -0.07582827811479234 -0.010512790561850251 -0.22948870392390014 -0.0945110868774991 -0.15828564470960674 -0.007395538025391347 -0.045701581027667984 0.014131551901336073 -0.020732550103662747 0.034324942791762014 -0.06263294729378396 0.09907997169143666 -0.11930849768687608 0.06055468087683178 -0.11194029850746268 0.08714054525084029 -0.08207934336525309 0.06792058516196446 -0.04155124653739613 0.009844942160964803 -0.060982495765104464 0.046160774600315244 -0.09701760689902983 0.05620608899297423 -0.15708042990433446 0.041722910786599586 -0.13828867761452032 0.0709399543957436 -0.056135770234986934
-0.06080505898090721 -0.2081014912085466 0.0011257458065968696 -0.4195885928003739 -4.960161731478178 -3.325861255309108 -0.41445008041568726 -0.28747686613201723 -0.07386290009070882 -0.12029654497132465 -0.06968641114982578 -0.08673344734913266 -0.07683073229291718 -0.3457643862682144 -2.9934210526315788 -3.091942659416708 -0.5908242197919444 -0.3648596196144392 -0.18747506980454726 -0.16294423374069392 0.027929414751809066 -0.12625956051960666 0.08220786846741046 -0.16071850626329473 0.14465644095273728 0.17373788241218682 -0.10586211459573905 -0.22021384928716908 0.0013361838588989844 -0.06357462794393873 -0.0914830563071769 -0.04965125901406786 -0.01307811199619546 -0.20527146848050531 -0.08514779223938694 0.1216856667093634 0.11054192504718255 -0.009159905783826226 0.12238723872387239 6.938893903907229e-19 -0.07039597737272156 -0.056676490591702565 -0.0549828178694158 -0.2533925783595533 -0.052146495270434155 -0.11910609037328093 -0.08509017018034036 -0.1067112368218051 -0.05462296829203304 -0.029846291598268914 -0.00997506234413965 -0.059343728182452885 0.02480270574971815 -0.1091549295774648 0.0046669000116672495 -0.15198659645763526 0.013705457263892348 -0.06721623335447052 0.019762845849802375 -0.05068994649394537 -0.09663002778113297 -0.06532897806812879 0.0 -0.2116527942925089 -0.058160668847691756 -0.11688786070863263 0.00493035868359423 -0.016057312252964428 0.025693730729701953 0.00691085003455425 0.03686753114670735 -0.06263294729378396 0.09554140127388536 -0.11078646213781351 0.07629889790480804 -0.09388541165142031 0.10083405950454376 -0.06839945280437756 0.07836990595611285 -0.029085872576177292 0.002461235540241199 -0.05420666290231507 0.04390902949786085 -0.08743562103245897 0.0702576112412178 -0.13700248021731426 0.049085777395999515 -0.12841091492776885 0.07727387889536358 -0.044386422976501305
-0.04742794600510762 -0.2036501224126419 -6.938893903907229e-19 -0.4102384291725105 -4.473778094898323 -2.9990561585653612 -0.39465544970926636 -0.25786551511412703 -0.07127121938577168 -0.09791579241852008 -0.06452445476835719 -0.08062545809919373 -0.07923169267707084 -0.3445295134601136 -2.713815789473684 -2.7879387048937216 -0.5521472392638036 -0.32216328114891973 -0.17550857598723574 -0.1362550920073044 0.03046845245651898 -0.13354376593419934 0.07398708162066941 -0.1630820137083432 0.12220975183938147 0.14478156867682232 -0.10718539102818578 -0.20112016293279025 1.7347234759768072e-19 -0.04912584886577085 -0.08890606880556629 -0.061472987350750685 -0.015455950540958269 -0.20770071662820358 -0.08028220411142198 0.10247214038683232 0.09571313022377999 -0.00785134781470819 0.12101210121012103 0.014819205690574985 -0.05531112507856693 -0.06007708002720472 -0.05269186712485681 -0.2485889275849646 -0.050933786078098474 -0.11296660117878195 -0.10160020320040639 -0.08999742864489585 -0.07327471356248334 -0.01790777495896135 -0.014962593516209478 -0.0523621131021643 0.018038331454340473 -0.1032863849765258 0.0046669000116672495 -0.13523216850167546 0.00872165462247695 -0.04692454026632849 0.013175230566534918 -0.03379329766263024 -0.08817490035028384 -0.06066262249183387 0.005840439201027917 -0.20808561236623063 -0.05573730764570458 -0.1095823694143431 -0.00369776901269567 0.002470355731225296 0.020554984583761565 0.02073255010366275 0.04449529621154335 -0.06972346962892934 0.10969568294409057 -0.11565619673727781 0.07872108513988132 -0.08907077515647568 0.09212000497945974 -0.06964307921900262 0.07445141065830721 -0.03185595567867037 0.0036918533103617993 -0.04743083003952568 0.046160774600315244 -0.08743562103245897 0.07962529274004684 -0.12046769812212114 0.04417719965639956 -0.10495122854673418 0.07727387889536357 -0.022193211488250646
-0.032834731849689894 -0.19808591141776097 0.011257458065968704 -0.40088826554464696 -3.956475205137353 -2.6675318546484195 -0.34888036620066804 -0.22331893892658847 -0.05312945445121162 -0.07973143096936633 -0.05032907471931862 -0.06230149034937697 -0.05882352941176472 -0.31489256606569527 -2.4101720647773286 -2.469105289174493 -0.5041344358495599 -0.2846422564367965 -0.15024597792846694 -0.11518471695462844 0.029198933604164024 -0.1250455262838412 0.0716382853787434 -0.15362798392814936 0.11597456041900489 0.11582525494145787 -0.09659917956861187 -0.18329938900203666 0.00267236771779797 -0.04334633723450367 -0.0901945625563716 -0.0602908145170824 -0.02021162763048389 -0.1979837240374104 -0.0608198515995621 0.0973485333674907 0.11323806956052844 0.010468463752944256 0.14163916391639164 0.03112033195020747 -0.061596480201131364 -0.044207662661528 -0.05269186712485681 -0.20895880869460787 -0.03759398496240603 -0.08963654223968567 -0.09779019558039116 -0.08228336333247621 -0.05995203836930454 -0.011938516639307565 -0.013715710723192021 -0.04188969048173144 0.012401352874859078 -0.07394366197183097 0.017500875043752185 -0.11129727142173289 0.009967605282830801 -0.03297400126823082 0.013175230566534912 -0.02675302731624895 -0.08575914965575551 -0.06066262249183387 0.01051279056185025 -0.20214030915576692 -0.046043862837755974 -0.09497138682576403 -0.0061629483544927924 0.016057312252964424 0.014131551901336076 0.030407740152038697 0.047037884566488684 -0.06972346962892932 0.10733663599905638 -0.10104699293888483 0.0847765532275645 -0.0746268656716418 0.09585459977592431 -0.06093769431662728 0.08881922675026123 -0.027700831024930754 0.018459266551809007 -0.03500846979107849 0.057419500112587264 -0.0622829081327105 0.09836065573770492 -0.10038974843510098 0.053994355135599456 -0.10001234720335846 0.08360780339498354 -0.020887728459530026
-0.020673720053508454 -0.17360338304028491 0.016886187098953058 -0.3775128564749883 -3.4356047092401 -2.3194903256252952 -0.29691946059631324 -0.19123997532387416 -0.028508487754308677 -0.06294586655476289 -0.03742418376564718 -0.04275592474957243 -0.0504201680672269 -0.30007409236848603 -2.106528340080972 -2.149036085022244 -0.45345425446785803 -0.24970888860137147 -0.12897221114213536 -0.09692372524230929 0.027929414751809066 -0.11654728663348306 0.06928948913681739 -0.14771921531552823 0.11223344556677892 0.07805615006924337 -0.08468969167659124 -0.16929735234215887 0.00267236771779797 -0.023118046525068624 -0.0914830563071769 -0.04965125901406786 -0.024967304720009513 -0.19312522774201385 -0.041357499087702226 0.07941590879979506 0.13076300889727688 0.013085579691180325 0.16226622662266227 0.03408417308832247 -0.06788183532369578 -0.028338245295851282 -0.05269186712485681 -0.1837396421280173 -0.024254183846713562 -0.07735756385068762 -0.09398018796037591 -0.07071226536384674 -0.04662936317612576 -1.3877787807814458e-18 -0.016209476309226933 -0.03374447288806144 0.006764374295377679 -0.0692488262910798 0.03033485007583712 -0.11010052656773575 0.011213555943184652 -0.02916930881420419 0.013175230566534916 -0.016896648831315125 -0.07488827153037805 -0.05482967802146523 0.021025581123700503 -0.20214030915576692 -0.03756209863080092 -0.09131864117861926 0.004930358683594233 0.022233201581027668 0.01670092497430627 0.04008293020041465 0.05339435545385203 -0.053178917513590176 0.10025949516395376 -0.07913318724129534 0.09325420855032093 -0.05536831969186327 0.11328270882609237 -0.04352692451187664 0.09665621734587251 -0.020775623268698067 0.024612355402412012 -0.023715415019762848 0.05179013735645124 -0.05629416696610373 0.10421545667447307 -0.08621707806779261 0.06749294391949931 -0.08519570317323125 0.09754243729414747 -0.013054830287206259
0.007296607077708866 -0.150233696861785 0.0303951367781155 -0.34244974287050023 -2.8968961826614343 -1.9608305804624824 -0.2325869108004454 -0.15422578655151142 -0.009070882467280033 -0.04616030214015946 -0.029681249193444316 -0.021988761299780113 -0.06002400960384154 -0.2778463818226723 -1.7965587044534417 -1.8302026693030151 -0.37876767137903444 -0.21865700608099373 -0.10636883393165801 -0.08287680854052533 0.022851339342389237 -0.10804904698312492 0.03992953611274221 -0.13471992436776176 0.07981045018082056 0.037769104872214534 -0.06087071589254996 -0.16293279022403256 1.3877787807814458e-18 -0.017338534893801473 -0.07473263754670789 -0.036647357843716755 -0.019022708358102484 -0.18462285922506985 -0.03040992579978105 0.0640450877417702 0.14289565920733352 0.019628369536770485 0.16639163916391636 0.040011855364552464 -0.057825267127592714 -0.011335298118340517 -0.07331042382588773 -0.15131499939954365 -0.021828765462042203 -0.057711198428290755 -0.07747015494030987 -0.06556955515556698 -0.049293898214761524 -0.005969258319653781 -0.018703241895261846 -0.027926460321154294 -0.0033821871476888386 -0.056338028169014065 0.03266830008167075 -0.09932982288176159 0.03364066782955395 -0.029169308814204188 0.009222661396574438 -0.014080540692762605 -0.057978016668679785 -0.05482967802146523 0.04088307440719542 -0.19500594530321042 -0.016963528413910096 -0.08401314988432973 0.027116972759768276 0.03211462450592885 0.01798561151079137 0.045611610228058055 0.06610729722857869 -0.061451193571259756 0.10143901863647087 -0.07791575359142926 0.10657623834322391 -0.05657197881559942 0.13071081787626043 -0.04352692451187664 0.09273772204806688 -0.01939058171745153 0.015998031011567805 -0.016939582156973464 0.032650303985588824 -0.05030542579949694 0.10070257611241218 -0.08149285461202314 0.07853724383359921 -0.07778738115816766 0.09374208259437547 0.0026109660574412637
0.020673720053508447 -0.13687959047407078 0.050658561296859174 -0.31323048153342686 -2.359376858128196 -1.609249646059462 -0.18681182729184712 -0.11227637260950032 0.0103667228197486 -0.015386767380053155 4.163336342344337e-18 -0.006107989249938916 -0.03241296518607443 -0.2630279081254631 -1.4486336032388665 -1.505190311418685 -0.29741264337156575 -0.18501746668391772 -0.07711740460045206 -0.05337828346677903 0.031737971308873944 -0.10197887580429768 0.045801526717557245 -0.12172063341999526 0.07731637361266992 0.0012589701624071497 -0.03705174010850867 -0.14765784114052954 0.009353287012292894 0.002889755815633585 -0.06700167504187604 -0.04846908618039958 0.002377838544762809 -0.17612049070812585 -0.01216397031991242 0.05251697194825157 0.1563763817740631 0.028788275320596707 0.16501650165016502 0.04742145820983996 -0.04274041483343809 -0.004534119247336199 -0.06529209621993126 -0.12849765822024736 -0.004850836769342717 -0.04420432220039292 -0.06223012446024891 -0.05142710208279764 -0.03597122302158273 0.01492314579913446 -0.013715710723192021 -0.02327205026762858 0.002254791431792559 -0.04577464788732395 0.04083537510208844 -0.09214935375777884 0.0348866184899078 -0.02155992390615092 0.009222661396574438 0.0014080540692762574 -0.054354390626887295 -0.05716285580961269 0.06541291905151267 -0.18073721759809747 0.0012116806009935728 -0.07670765859004018 0.04190804881055097 0.03705533596837944 0.02183967112024666 0.0525224602626123 0.0813628273582507 -0.05554242495863861 0.11913187072422741 -0.07061115169223278 0.12110936175366356 -0.04814636494944631 0.13942487240134446 -0.029847033951001124 0.09926854754440961 -1.3877787807814458e-18 0.030765444253015018 -0.012422360248447197 0.04841251970276964 -0.04671218109953288 0.12177985948477751 -0.07558757529231133 0.09449012148729904 -0.06914433880726015 0.09627565239422346 0.024804177545691912
0.03161863067007176 -0.11128421989761852 0.0574130361364404 -0.2805049088359047 -1.8289927458675233 -1.261208117036338 -0.13856241494494617 -0.07772979642196175 0.02202928599196579 0.004196391103650859 -0.007742934572202864 0.0036647935499633543 -0.030012004801920768 -0.24944430723635466 -1.14498987854251 -1.1925358378645576 -0.24673246198986395 -0.15525941260188897 -0.07046935247972343 -0.03511729175445989 0.033007490161228906 -0.10197887580429768 0.03640634174985319 -0.11817537225242258 0.05985783763561542 -0.04658189600906459 -0.026465528648934766 -0.14638492871690428 0.00534473543559594 -0.010114145354717524 -0.06184770003865481 -0.03310083934271191 -0.002377838544762809 -0.17247661848657841 -0.007298382191947453 0.034584347380555915 0.1658128875707738 0.03402250719706883 0.15676567656765675 0.05779490219324244 -0.03519798868636077 0.004534119247336206 -0.05154639175257732 -0.12129218205836434 0.012127091923356776 -0.03929273084479372 -0.05588011176022352 -0.04371303677037798 -0.03064215294431121 0.016415460379047907 -0.012468827930174564 -0.017454037700721438 -0.0011273957158962802 -0.03755868544600939 0.04316882510792206 -0.08736237434179032 0.041116371791677056 -0.029169308814204188 0.013175230566534916 -0.011264432554210082 -0.04710713854330233 -0.050163322445170314 0.06658100689171827 -0.18192627824019023 0.010905125408942198 -0.08401314988432972 0.05423394551953655 0.028409090909090905 0.028263103802672145 0.04146510020732551 0.08009153318077804 -0.05672417868116285 0.11913187072422744 -0.07426345264183101 0.1126317064309071 -0.051757342320654785 0.13195568280841527 -0.03606516602412635 0.09012539184952978 -0.009695290858725763 0.023381737632291417 -0.013551665725578765 0.03490204908804324 -0.05629416696610372 0.1135831381733021 -0.08621707806779261 0.09203583261749908 -0.08025682182985554 0.08867494299467951 0.00913838120104439
0.032834731849689894 -0.09014021811707101 0.05516154452324664 -0.2536231884057971 -1.3069330479248427 -0.9202453987730064 -0.0940244958554992 -0.04688463911165947 0.03110016845924582 0.018184361449153728 0.0051619563814685795 0.01221597849987784 -0.028811524609843937 -0.24450481600395157 -0.8261639676113359 -0.8848245180425112 -0.18004801280341423 -0.12679518695820932 -0.05052519611753755 -0.02107037505267594 0.025390377047099157 -0.10197887580429768 0.028185554903112153 -0.12053887969747104 0.04738745479486221 -0.07805615006924335 -0.007939658594680429 -0.1489307535641548 0.004008551576696956 -0.01878341280161826 -0.06957866254348667 -0.023643456673365648 -0.023778385447628107 -0.17126199441272927 -0.010947573287921179 0.019213526322531066 0.16716095982744678 0.027479717351478673 0.15126512651265128 0.04445761707172496 -0.04022627278441231 0.005667649059170258 -0.06643757159221077 -0.10928305512189262 0.014552510308028132 -0.025785854616895875 -0.05969011938023876 -0.033427616353818454 -0.0319744204636291 0.0358155499179227 -0.007481296758104739 -0.005818012566907145 0.001127395715896279 -0.012910798122065728 0.05483607513709019 -0.06701771182383916 0.05357587839521556 -0.022828154724159794 0.015810276679841896 -0.002816108138552522 -0.05677014132141563 -0.03733084461035931 0.05373204064945684 -0.1759809750297265 0.0109051254089422 -0.08036040423718496 0.044373228152348086 0.01852766798418972 0.01670092497430627 0.03178991015894955 0.08517670989066872 -0.06026943984873553 0.09907997169143665 -0.0681762843925006 0.11142061281337048 -0.04694270582571016 0.14191460226565417 -0.03233428678025121 0.09796238244514108 -0.0027700831024930787 0.01845926655180901 -0.006775832862789382 0.01801396081963522 -0.03952569169960474 0.10772833723653394 -0.07204440770048423 0.09080868818259909 -0.07531794048647981 0.07980744869521156 0.011749347258485646
