-2.7755575615628915e-18 -0.02115577329918717 0.004501462975467024 -0.03746195270428472 -1.020699500356888 -0.5395513577331759 -0.14087988136431046 -0.07890519048206139 -0.07247314611103921 -0.0573025856044724 0.025816445075513107 -0.008552229688454491 0.014407491895785806 -0.018568952711067097 -0.43577400557385354 -0.45420792079207917 -0.056037358238825885 -0.0647332988089073 -0.031906407870247275 -0.06882022471910113 -0.08243500317057703 -0.03888213851761847 0.06461466165413533 -0.00946409558736543 0.06608478802992519 -0.12468513853904281 0.029108229690394276 -0.022932857688877557 0.02938819129040876 -0.02312138728323699 0.02837245292752128 0.014189428875487761 0.07499107249137006 -0.038919970810021895 0.020683781481932107 -0.08705671488925873 0.036344057073630365 0.010462987182840703 -0.026073830108412244 -0.0266390409945242 -0.003773584905660374 0.021546836017237468 -0.04467865734906633 0.014438695704488028 0.02424830261881668 -0.052812576762466215 0.043207523192273486 0.021873391662377763 0.058658845487268366 -0.02835820895522388 -0.13700336280981443 -0.010478519035976247 -0.023672641190395673 -0.05165531814980042 -0.011656370206317757 -0.16507177033492823 -0.031121623303871526 -0.050735667174023336 -0.006587615283267458 -0.021132713440405747 -0.01087876223860752 0.014003967790874084 0.06311360448807854 0.01906350530203741 -0.016961473225102983 -0.12664393570384805 0.009853430225397215 0.0037046184243022945 0.0012845215157353893 -0.005527152134862512 -0.0038129130655821055 0.027215714116672583 0.034198113207547176 0.0658777601561547 0.06415688173344633 0.03616200578592092 0.01989554837105198 0.04234122042341221 0.0026106252447461163 0.04300180330142876 -0.056594488188976375 -0.004519263360072307 -0.04614518851997749 -0.06949436855978913 -0.04093567251461988 -0.12996219281663518 -0.013488657265481301 -0.008651588184402422 -0.05062650297430704 -0.030026109660574417
-0.019455252918287935 -0.04119808484578554 -0.007877560207067298 -0.06907047529852495 -1.5274803711634548 -0.8701298701298701 -0.21255561047948596 -0.11096042411539883 -0.11259220913679306 -0.07267645003494061 0.02839808958306441 -0.013439218081857057 0.007203745947892901 -0.025996533795493937 -0.7119331137572841 -0.7487623762376238 -0.12274849899933289 -0.10486794407042983 -0.057165647434193036 -0.09410112359550563 -0.07482561826252379 -0.03766707168894289 0.07988721804511277 -0.01183011948420679 0.0685785536159601 -0.09949622166246849 0.0013231013495633756 -0.029303095935787993 0.017365749398877903 -0.021676300578034678 0.02837245292752128 0.005912262031453236 0.07261040352339006 -0.057163707127219666 0.0 -0.07937524004608884 0.017498990442859057 0.003923620193565262 -0.041169205434335124 -0.03107888116027823 -0.008805031446540877 0.014742572011794058 -0.048115477145148355 0.007219347852244012 0.004849660523763337 -0.06263817243920412 0.017791333079171426 0.011580030880082345 0.04132782295693908 -0.034328358208955224 -0.14323078839207873 -0.015135638607521245 -0.02141810393416751 -0.055177271660014085 -0.01865019233010841 -0.180622009569378 -0.04606000248972986 -0.06215119228817859 -0.017127799736495388 -0.03381234150464919 -0.012087513598452799 0.01050297584315556 0.06778868630201028 0.007148814488264028 -0.023019142234068334 -0.14247442766682902 -0.004926715112698611 -0.008644109656705357 -0.008991650610147717 -0.01381788033715628 -0.005083884087442804 0.01774937877174299 0.03655660377358491 0.06099792607051361 0.05568333131582134 0.018081002892960465 0.003730415319572243 0.021170610211706107 -0.003915937867119175 0.034678873630184494 -0.06028543307086613 -0.0011298158400180759 -0.04501969611705121 -0.07308890486460581 -0.05146198830409356 -0.14177693761814744 -0.01716738197424893 -0.014831294030404155 -0.049360840399949375 -0.03394255874673629
-0.034046692607003895 -0.05901347288720632 -0.027008777852802163 -0.0889721376726762 -2.0556745182012848 -1.201889020070838 -0.27681660899653976 -0.14794723215386513 -0.1540054354859583 -0.09923130677847661 0.018071511552859167 0.0024434941967012825 -0.0024012486492976325 -0.00990344144590245 -1.0159614897390423 -1.0247524752475248 -0.18412274849899934 -0.10486794407042983 -0.07045998404679607 -0.08286516853932585 -0.06848446417247939 -0.030376670716889424 0.07636278195488722 -0.009464095587365433 0.07356608478802992 -0.05037783375314862 -0.01323101349563377 -0.035673334182698434 0.005343307507347049 -0.020231213872832367 0.027082795976270314 -3.469446951953614e-18 0.06784906558743006 -0.057163707127219666 -0.018250395425234215 -0.06273204455255409 0.02153721900659577 -0.00523149359142035 -0.03705228489090161 -0.04291845493562232 -0.01132075471698113 0.0226808800181447 -0.04467865734906633 0.0024064492840813385 -0.018186226964112512 -0.061409972979611885 0.016520523573516327 0.02058672156459084 0.03999466737768297 -0.026865671641791045 -0.14323078839207873 -0.011642798928862497 -0.015781760793597114 -0.0575252406668232 -0.03496911061895326 -0.17942583732057416 -0.05228432715050416 -0.06595636732623034 -0.019762845849802375 -0.036630036630036625 -0.013296264958298078 -0.004667989263624694 0.07947639083683963 0.005957345406886689 -0.033922946450205965 -0.1546517291768144 -0.006158393890873264 -0.024697456162015314 0.0025690430314707787 -0.023490396573165675 -0.015251652262328417 0.02839900603478878 0.03301886792452831 0.06953763572038552 0.04357825929064278 0.019286403085824494 0.002486943546381494 0.0224159402241594 -0.0013053126223730597 0.029130253849354977 -0.06028543307086613 0.0056490792000903865 -0.042768711311198644 -0.06829618979151689 -0.06666666666666667 -0.13468809073724006 -0.01716738197424893 -0.009887529353602768 -0.04556385267687634 -0.03655352480417755
-0.053501945525291826 -0.08462309319674868 -0.03263560657213595 -0.11238585811285413 -2.5767309064953605 -1.5442739079102714 -0.31636183885318836 -0.16890642337566267 -0.1617704154264268 -0.11180992313067786 0.005163289015102622 -0.01588271227855834 -0.016808740545083443 -0.02352067343401832 -1.3263237902204206 -1.3242574257425743 -0.2561707805203469 -0.13464526152252718 -0.09837809093326241 -0.08426966292134833 -0.06341154090044387 -0.027946537059538274 0.07401315789473685 -0.010647107535786111 0.08478802992518704 0.0025188916876574207 -0.0277851283408309 -0.026755000637023824 0.0 -0.00867052023121387 0.023213825122517413 -0.0023649048125812923 0.06665873110344006 -0.04621746533690099 -0.032850711765421585 -0.0358468826014595 0.02422937138242024 -0.010462987182840703 -0.03705228489090161 -0.0414385082137043 -0.023899371069182385 0.007938308006350649 -0.05957154313208844 -0.015641920346528698 -0.0497090203685742 -0.07369196757553427 0.008895666539585718 0.016726711271230058 0.03466204506065858 -0.03283582089552239 -0.13949433304272013 -0.012807078821748747 -0.011272686281140795 -0.054003287156609535 -0.05012239188716634 -0.16985645933014354 -0.054774057014813894 -0.04946727549467275 -0.0158102766798419 -0.02395040856579318 -0.016922519037833917 -0.022172949002217297 0.08181393174380551 0.011914690813773384 -0.04967288587351587 -0.15586945932781296 -0.023401896785318392 -0.034576438626821436 0.0012845215157353902 -0.03869006494403758 -0.020335536349771224 0.024849130280440182 0.025943396226415096 0.06831767719897523 0.03268369446798209 0.024108003857280614 -0.0049738870927629915 0.043586550435865505 -0.007831875734238351 0.04993757802746568 -0.05905511811023621 0.006778895040108461 -0.055149127743387726 -0.06230529595015575 -0.08421052631578947 -0.13705103969754254 -0.02452483139178418 -0.008651588184402422 -0.0480951778255917 -0.026109660574412535
-0.057149805447470815 -0.10466540474334707 -0.029259509340535672 -0.1264340903769609 -3.0942184154175587 -1.9020070838252656 -0.36208601087493825 -0.2108248058192578 -0.1682412320434839 -0.12997903563941302 0.0064541112688782775 -0.021991447770311544 0.004802497298595274 -0.022282743253280512 -1.616417532303015 -1.6299504950495052 -0.31754503002001333 -0.16053858104609012 -0.12230789683594787 -0.09691011235955056 -0.05580215599239062 -0.032806804374240585 0.07636278195488722 -0.016562167277889506 0.10473815461346633 0.042821158690176324 -0.04630854723471818 -0.04331762007899095 -0.016029922522041145 -0.011560693641618502 0.015475883415011608 -0.016554333688069058 0.06665873110344007 -0.04378496716127463 -0.04258425599221316 -0.024324670336704664 0.01346076187912236 -0.020925974365681402 -0.04254151228214629 -0.050318188545212375 -0.023899371069182385 -0.0011340440009072333 -0.05957154313208844 -0.019251594272650708 -0.06668283220174587 -0.0872021616310489 -0.006354047528275517 0.00514668039114771 0.021330489268097587 -0.04477611940298508 -0.14572175862498443 -0.01979275817906625 -0.020290835306053433 -0.06339516318384597 -0.06061312507285231 -0.18181818181818182 -0.059753516743433335 -0.059614408929477405 -0.0158102766798419 -0.018315018315018312 -0.01571376767798864 -0.030341930213560502 0.08882655446470313 0.014297628976528056 -0.05694208868427429 -0.1570871894788115 -0.02586525434166769 -0.04075080266732527 0.0038535645472061683 -0.03316291280917507 -0.012709710218607015 0.030765589871021175 0.03773584905660378 0.0914968891057704 0.035104708873017795 0.024108003857280617 -0.006217358865953741 0.04358655043586551 -0.00783187573423835 0.05409904286308782 -0.047982283464566934 0.007908710880126537 -0.048396173325830044 -0.041936256889527915 -0.08070175438596491 -0.12641776937618146 -0.019619865113427344 -0.004943764676801384 -0.04429819010251867 -0.018276762402088777
-0.06930933852140078 -0.12916156330030065 -0.04051316677920324 -0.16038398501521894 -3.6271710682845586 -2.2585596221959863 -0.41646070192783 -0.24657872025644187 -0.18377119192442087 -0.14255765199161427 0.001290822253775656 -0.030543677458766037 -0.0012006243246488121 -0.03342411487992077 -1.9115784139853051 -1.9331683168316833 -0.3762508338892595 -0.18643190056965303 -0.13560223344855088 -0.10393258426966293 -0.060875079264426125 -0.032806804374240585 0.08106203007518797 -0.02366023896841358 0.12344139650872818 0.08816120906801009 -0.06086266207991531 -0.04713976302713722 -0.024044883783061716 0.004335260115606937 0.009027598658756773 -0.028378857750975522 0.05237471729556006 -0.045001216249087816 -0.06448473050249423 -0.0012802458071949796 -0.002692152375824472 -0.013078733978550878 -0.05489227391244682 -0.04883824182329436 -0.020125786163522015 -0.00907235200725788 -0.05040669034253638 -0.033690289977138736 -0.07395732298739087 -0.09579955784819454 -0.010166476045240822 0.0025733401955738587 0.019997333688841493 -0.035820895522388055 -0.13824884792626727 -0.015135638607521252 -0.009018149024912638 -0.06456914768725053 -0.05245366592842989 -0.18660287081339716 -0.06099838167558819 -0.057077625570776246 -0.014492753623188406 -0.025359256128486895 -0.009670010878762236 -0.02100595168631112 0.091164095371669 0.014297628976528056 -0.058153622486067355 -0.16317584023380421 -0.02463357556349304 -0.027167201778216844 0.015414258188824664 -0.02210860853945005 -0.011438739196746314 0.03194888178913738 0.04599056603773585 0.08051726241307795 0.0375257232780535 0.020491803278688527 2.7755575615628915e-18 0.047322540473225407 0.0026106252447461176 0.05687335275350258 -0.041830708661417325 0.010168342560162693 -0.04276871131119865 -0.039539899352983465 -0.08538011695906432 -0.11932892249527409 -0.02207234825260576 -0.0012359411692003434 -0.048095177825591695 -0.01827676240208877
-0.07782101167315175 -0.1402961808261886 -0.049516092730137296 -0.18496839147740576 -4.154175588865097 -2.606847697756789 -0.4733069698467623 -0.2786339538897793 -0.2057719684224149 -0.16491963661774983 0.009035755776429585 -0.0354306658521686 -0.01080561892183935 -0.04456548650656103 -2.2054725107676716 -2.24009900990099 -0.4349566377585057 -0.2110305541170378 -0.15421430470619515 -0.11235955056179774 -0.06341154090044387 -0.03523693803159174 0.08223684210526314 -0.03549035845262037 0.12967581047381546 0.12216624685138537 -0.07277057422598569 -0.050961905975283474 -0.01736574939887791 -2.7755575615628915e-18 0.009027598658756773 -0.039020929407591345 0.05118438281157005 -0.05594745803940647 -0.07056819564423897 0.010241966457559853 -0.010768609503297884 -0.01961810096782631 -0.06175380815150268 -0.044398401657540325 -0.01886792452830189 -0.01134044000907235 -0.057280329934700426 -0.039706413187342075 -0.09093113482056256 -0.09948415622697125 -0.024145380607446948 0.0038600102933607854 0.017331022530329296 -0.02835820895522388 -0.13949433304272013 -0.008149959250203754 -0.002254537256228159 -0.06222117868044143 -0.048956754866534564 -0.1901913875598086 -0.05477405701481388 -0.050735667174023336 0.003952569169960475 -0.025359256128486902 0.004835005439381121 -0.023339946318123465 0.09467040673211781 0.016680567139282735 -0.05694208868427429 -0.15952264978080857 -0.019706860450794433 -0.018523092121511483 0.023121387283237 -0.008290728202293767 0.0012709710218607034 0.039048633297834576 0.03891509433962264 0.07807734537025741 0.024210144050357103 0.01808100289296046 -0.004973887092762997 0.04856787048567871 0.003915937867119175 0.0554861978082952 -0.033218503937007884 0.007908710880126539 -0.02363534046145188 -0.039539899352983465 -0.07719298245614034 -0.13232514177693763 -0.012262415695892087 -0.003707823507601039 -0.027844576635868878 -0.02741514360313315
-0.08025291828793775 -0.15477118360984302 -0.033760972316002696 -0.20955279793959264 -4.656197953842494 -2.9610389610389616 -0.5091448344043499 -0.31438786832696336 -0.20577196842241494 -0.1816911250873515 0.0012908222537756544 -0.03909590714722053 -0.0060031216232440815 -0.04827927704877445 -2.48416518875095 -2.5556930693069306 -0.49099399599733157 -0.23174520973588816 -0.16352034033501722 -0.11235955056179774 -0.057070386810399484 -0.04617253948967194 0.0881109022556391 -0.04732047793682716 0.14713216957605985 0.1561712846347607 -0.0780629796242392 -0.05478404892342973 -0.012022441891530861 -0.0014450867052023127 0.007737941707505805 -0.044933191439044576 0.05118438281157005 -0.06446120165409877 -0.07786835381433264 0.01664319549353476 -0.013460761879122356 -0.03269683494637719 -0.059009194455880355 -0.047358295101376346 -0.03018867924528302 -0.022680880018144705 -0.06988200252033452 -0.05895800745999278 -0.10790494665373425 -0.12281994595922378 -0.039395094675308176 -0.015440041173443133 0.005332622317024395 -0.04029850746268657 -0.13326690746045583 -0.006985679357317501 0.004509074512456318 -0.07161305470767786 -0.05245366592842989 -0.19617224880382772 -0.04979459728619444 -0.0532724505327245 0.005270092226613965 -0.025359256128486895 0.00967001087876224 -0.028007935581748154 0.10051425899953248 0.015489098057905399 -0.056942088684274285 -0.17291768144179248 -0.02093853922896909 -0.029636947394418377 0.024405908798972385 -0.01381788033715628 0.007625826131164211 0.03786534137971838 0.04716981132075472 0.06953763572038549 0.02905217286042852 0.003616200578592092 -0.0012434717731907496 0.038605230386052306 0.015663751468476702 0.05271188791788044 -0.03075787401574804 0.005649079200090386 -0.0168823860438942 -0.04073807812125568 -0.07953216374269005 -0.13823251417769378 -0.00735744941753525 -0.009887529353602766 -0.02278192633843817 -0.02349869451697128
-0.1009241245136187 -0.16479233938314217 -0.04726536124240378 -0.2247717162257083 -5.182012847965739 -3.309327036599764 -0.5795847750865053 -0.3464431019603008 -0.2394202148311117 -0.19846261355695322 -0.007744933522653932 -0.047648136835675016 -0.012006243246488168 -0.0569447883139391 -2.774258930833544 -2.857673267326733 -0.5710473649099399 -0.2628171931641637 -0.1980856155277851 -0.12219101123595504 -0.07228915662650601 -0.04495747266099635 0.07166353383458646 -0.05323553767893056 0.14214463840399003 0.19395465994962216 -0.1005557025668166 -0.06242833481972225 -0.03205984504408229 0.0028901734104046254 -0.011606912561258705 -0.053210358283079094 0.046423044875610046 -0.08027243979567014 -0.1022022143813116 0.02432467033670465 -0.03499798088571813 -0.044467695527072984 -0.06038150130369151 -0.05179813526713038 -0.031446540880503145 -0.027217056021773645 -0.08133806850727461 -0.06858380459631813 -0.12972841901066925 -0.12896094325718496 -0.05337399923751429 -0.021873391662377766 -0.014664711371817091 -0.04029850746268657 -0.1370033628098144 -0.0011642798928862515 -2.7755575615628915e-18 -0.07630899272129608 -0.0711038582585383 -0.1997607655502392 -0.05726378687912361 -0.0532724505327245 -0.007905138339920948 -0.028176951253874327 -0.004835005439381118 -0.04201190337262224 0.09934548854604955 -0.004765876325509353 -0.07996123091834262 -0.18996590355577203 -0.040645399679763515 -0.05680414917263521 0.012845215157353887 -0.04007185297775322 -0.002541942043721399 0.039048633297834576 0.03301886792452831 0.07075759424179576 0.003631521607553565 -6.938893903907229e-19 -0.01989554837105198 0.0423412204234122 -0.0039159378671191755 0.0554861978082952 -0.03567913385826772 5.204170427930421e-19 -0.02025886325267304 -0.031152647975077875 -0.0935672514619883 -0.13350661625708884 -0.017167381974248924 -0.009887529353602768 -0.022781926338438167 -0.016971279373368144
-0.10700389105058365 -0.15365772185725418 -0.04839072698627053 -0.22594240224771722 -5.211753509398049 -3.452184179456907 -0.5808205635195255 -0.3464431019603008 -0.22777274492040894 -0.21383647798742142 -0.016780689299083516 -0.04886988393402565 -0.010805618921839353 -0.05323099777172567 -2.7957942741322523 -2.9863861386138617 -0.5763842561707805 -0.26799585706887624 -0.19276788088274394 -0.12219101123595504 -0.08750792644261254 -0.04495747266099635 0.06578947368421054 -0.0567845735241926 0.13840399002493767 0.27707808564231734 -0.0952632971685631 -0.07516881131354312 -0.017365749398877906 0.0028901734104046202 -0.015475883415011604 -0.046115643845335216 0.045232710391620044 -0.08513743614692289 -0.10341890740966056 0.07553450262450392 -0.04038228563736707 -0.03923620193565263 -0.053519967064635646 -0.04735829510137635 -0.0339622641509434 -0.03515536402812429 -0.08592049490205064 -0.0770063770906028 -0.12487875848690592 -0.11790714812085483 -0.04829076121489388 -0.024446731857951622 -0.006665777896280495 -0.02835820895522388 -0.13326690746045583 -0.0034928396786587496 -0.001127268628114081 -0.08687485325193708 -0.06294439911411587 -0.21650717703349281 -0.049794597286194446 -0.06341958396752917 0.002635046113306984 -0.02958579881656805 -0.004835005439381118 -0.03034193021356051 0.10635811126694716 -0.007148814488264028 -0.06421129149503271 -0.1534339990258159 -0.038182042123414216 -0.053099530748332915 0.021836865767501608 -0.035926488876606336 0.007625826131164209 0.043781800970299364 0.035377358490566044 0.06343784311333414 0.008473550417624987 0.010848601735776276 -0.014921661278288981 0.043586550435865505 -0.00130531262237306 0.049937578027465665 -0.03813976377952756 0.002259631680036155 -0.02138435565559932 -0.03474718427989456 -0.08187134502923976 -0.10396975425330812 -0.006131207847946045 -0.016067235199604495 -0.012656625743576764 -0.015665796344647515
-0.10092412451361868 -0.1503173365994878 -0.03488633805986946 -0.20721142589557484 -5.231977159172019 -3.4994096812278634 -0.5610479485912012 -0.35877203797312285 -0.2057719684224149 -0.21802935010482177 -0.014199044791532205 -0.051313378130726936 -0.009604994597190535 -0.04085169596434761 -2.81732961743096 -3.0334158415841586 -0.5790527018012008 -0.2705851890212326 -0.1901090135602233 -0.12219101123595506 -0.0900443880786303 -0.04131227217496962 0.06578947368421054 -0.06151662131787532 0.15087281795511223 0.2884130982367758 -0.08467848637205608 -0.09045738310612816 -0.020037403152551432 -0.005780346820809248 -0.01676554036626257 -0.054392810689369755 0.06546839661945006 -0.07540744344441741 -0.10098552135296265 0.08705671488925874 -0.02288329519450801 -0.04969918911849333 -0.049403046521202136 -0.05179813526713038 -0.022641509433962266 -0.037423452029938756 -0.0801924619085806 -0.07219347852244014 -0.12366634335596507 -0.13510194055514615 -0.031770237641377555 -0.034740092640247036 0.0026663111585121984 -0.03880597014925373 -0.13077593722755015 0.0116427989288625 0.006763611768684477 -0.06574313219065508 -0.06644131017601118 -0.20693779904306217 -0.05228432715050417 -0.06341958396752917 0.0013175230566534924 -0.03522118906734291 -0.002417502719690558 -0.03734391410899755 0.11453950444132772 -0.010723221732396045 -0.05694208868427429 -0.1546517291768144 -0.022170218007143735 -0.05433440355643367 0.03596660244059088 -0.03039933674174382 0.016522623284189124 0.04733167672464797 0.040094339622641514 0.07563742832743685 0.016947100835249973 0.0024108003857280626 0.0024869435463814996 0.0298879202988792 0.00783187573423835 0.034678873630184494 -0.03690944881889764 0.006778895040108463 -0.00900393922341024 -0.029954469206805657 -0.07134502923976607 -0.09806238185255198 0.013488657265481301 -0.024718823384006917 0.008859638020503735 -0.0195822454308094
-0.09484435797665369 -0.1458634895891326 -0.021381949133468373 -0.2118941699836104 -5.25220080894599 -3.5383707201889023 -0.5412753336628768 -0.3661693995808161 -0.18377119192442087 -0.2278127183787561 -0.011617400283980896 -0.05986560781918143 -0.008404370272541716 -0.0569447883139391 -2.838864960729668 -3.0754950495049505 -0.5817211474316211 -0.2796478508544795 -0.1874501462377027 -0.13342696629213482 -0.09258084971464806 -0.036452004860267305 0.06578947368421052 -0.0567845735241926 0.1633416458852868 0.30478589420654906 -0.07409367557554909 -0.09045738310612816 -0.02270905690622495 -0.018786127167630055 -0.018055197317513542 -0.04611564384533523 0.08570408284728008 -0.06446120165409876 -0.09855213529626475 0.10241966457559852 -0.005384304751648942 -0.03923620193565263 -0.04528612597776862 -0.060677815598638454 -0.011320754716981128 -0.03628940802903153 -0.07446442891511057 -0.07459992780652147 -0.12245392822502424 -0.13878653893392284 -0.015249714067861232 -0.030880082346886262 0.011998400213304892 -0.03134328358208955 -0.12828496699464442 0.017464198393293752 0.014654492165483035 -0.0727870392110824 -0.06993822123790652 -0.19976076555023922 -0.05477405701481388 -0.059614408929477426 6.938893903907229e-19 -0.0338123415046492 1.3877787807814458e-18 -0.03617691679309138 0.12272089761570826 -0.00834028356964137 -0.049672885873515885 -0.1570871894788115 -0.006158393890873262 -0.05927389478883675 0.05009633911368015 -0.03869006494403758 0.025419420437214034 0.05443142823334516 0.044811320754716985 0.05733805050628279 0.02542065125287496 -0.008437801350048216 0.01989554837105198 0.031133250311332496 0.016969064090849757 0.02774309890414759 -0.03321850393700788 0.0 -0.00787844682048396 -0.02995446920680565 -0.06315789473684211 -0.10042533081285443 0.011036174126302882 -0.032134470399209 0.005062650297430705 -0.033942558746736295
-0.09484435797665369 -0.14586348958913264 -0.007877560207067296 -0.2200889721376727 -5.254580061860576 -3.566706021251476 -0.5425111220958971 -0.371100973985945 -0.18247702860100948 -0.23060796645702308 -0.0077449335226539295 -0.06719609040928527 -0.001200624324648815 -0.06932409012131716 -2.835064606029896 -3.117574257425743 -0.5830553702468312 -0.3068358363542206 -0.19675618186652483 -0.1558988764044944 -0.0849714648065948 -0.04009720534629404 0.07871240601503758 -0.0674316810599787 0.17955112219451372 0.3060453400503778 -0.06483196612860545 -0.08408714485921773 -0.00667913438418381 -0.008670520231213877 -0.015475883415011608 -0.04493319143904458 0.0964170932031901 -0.07054244709316468 -0.08273512592772844 0.10498015618998849 -1.3877787807814458e-18 -0.043159822129217894 -0.04940304652120213 -0.07251738937398254 -0.01006289308176101 -0.04989793603991834 -0.07561003551380457 -0.08542894958488749 -0.11517943743937924 -0.15106853352984526 -0.013978904562206126 -0.03345342254246012 0.015997866951073192 -0.034328358208955224 -0.1257939967617387 0.00931423914309 0.02254537256228159 -0.07865696172810518 -0.06177876209348408 -0.20095693779904306 -0.04730486742188472 -0.05200405885337391 0.013175230566534916 -0.023950408565793183 -0.0012087513598452789 -0.0350099194771852 0.12038335670874241 -0.010723221732396046 -0.038769081657378246 -0.15586945932781296 -0.00492671511269861 -0.06050876759693752 0.04110468850353243 -0.0442172170789001 0.03177427554651754 0.046148384806531766 0.0589622641509434 0.05001829937782115 0.031473187265464234 -0.006027000964320155 0.014921661278288983 0.0410958904109589 0.0156637514684767 0.04716326813705091 -0.03321850393700788 -0.005649079200090385 -0.00900393922341024 -0.029954469206805657 -0.05847953216374269 -0.09688090737240075 0.006131207847946045 -0.022246941045606226 -0.007593975446146059 -0.01827676240208877
-0.08390077821011672 -0.13918271907359986 -0.0011253657438667567 -0.21891828611566377 -5.260528194147038 -3.577331759149941 -0.5523974295600593 -0.36986808038466273 -0.1954186618351236 -0.23619846261355698 3.469446951953614e-18 -0.05742211362248014 0.0012006243246488178 -0.07551374102500619 -2.8337978211299717 -3.1373762376237617 -0.5843895930620413 -0.30295183842568624 -0.20739165115660727 -0.16292134831460675 -0.08623969562460368 -0.04374240583232077 0.07518796992481203 -0.06861469300839938 0.17082294264339154 0.3010075566750629 -0.0727705742259857 -0.0866352401579819 -0.017365749398877906 -0.0115606936416185 -0.00515862780500387 -0.044933191439044576 0.1083204380430901 -0.07175869618097787 -0.0790850468426816 0.10241966457559852 -0.009422533315385648 -0.04969918911849334 -0.057636887608069155 -0.0947165902027527 -0.0037735849056603765 -0.05216602404173282 -0.06988200252033452 -0.0974611960052942 -0.11275460717749757 -0.1633505281257676 -0.01397890456220613 -0.02830674215131241 0.013331555792560993 -0.035820895522388055 -0.12454851164528583 0.012807078821748748 0.01803629804982527 -0.07983094623150973 -0.06294439911411587 -0.208133971291866 -0.05228432715050416 -0.060882800608828 0.00922266139657444 -0.02958579881656805 0.006043756799226402 -0.029174932897654337 0.1297335203366059 -0.017872036220660074 -0.036346014053792106 -0.16804676083779832 0.001231678778174651 -0.06421338602123981 0.04110468850353243 -0.03730827691032196 0.03558718861209964 0.04851496864276416 0.05542452830188679 0.05611809198487252 0.02178912964532139 -0.013259402121504343 0.007460830639144493 0.024906600249066 0.005221250489492233 0.03745318352059925 -0.03321850393700788 6.938893903907229e-19 -0.00450196961170512 -0.027558111670261197 -0.05380116959064327 -0.09569943289224953 0.003678724708767627 -0.0160672351996045 -0.01771927604100747 -0.03263707571801566
-0.08268482490272372 -0.143636566083955 -0.01237902318253432 -0.2236010302036994 -5.265286699976207 -3.5950413223140503 -0.5647553138902619 -0.37479965478979166 -0.20836029506923776 -0.24737945492662475 -0.007744933522653931 -0.05742211362248014 -0.024012486492976347 -0.0804654617479574 -2.847732455029136 -3.14480198019802 -0.5977318212141427 -0.2964785085447955 -0.2153682531241691 -0.1601123595505618 -0.08497146480659479 -0.040097205346294046 0.08106203007518797 -0.07098071690524074 0.16458852867830426 0.28841309823677574 -0.07012437152685895 -0.0866352401579819 -0.004007480630510289 -0.030346820809248554 -1.3877787807814458e-18 -0.044933191439044576 0.1166527794310201 -0.07783994162004379 -0.08030173987103054 0.08961720650364871 -0.016152914254946832 -0.05754642950562385 -0.06312611499931384 -0.09619653692467071 -0.0025157232704402506 -0.051031980040825584 -0.07217321571772253 -0.09264829743713152 -0.11154219204655673 -0.16089412920658314 -0.01397890456220613 -0.02959341224909933 0.011998400213304892 -0.04029850746268657 -0.11583011583011582 0.016299918500407497 0.030436252959080146 -0.08100493073491428 -0.05361930294906166 -0.208133971291866 -0.05352919208265903 -0.06468797564687975 0.019762845849802372 -0.04085657931811778 0.013296264958298078 -0.032675924845372864 0.14726507713884993 -0.025020850708924104 -0.025442209837654467 -0.1850949829517779 0.004926715112698607 -0.0753272412941467 0.047527296082209375 -0.04698079314633136 0.034316217590238944 0.046148384806531766 0.054245283018867926 0.05733805050628279 0.022999636847839244 -0.019286403085824494 0.0024869435463814966 0.024906600249066 0.002610625244746119 0.03745318352059925 -0.035679133858267716 0.0056490792000903865 -0.01463140123804164 -0.031152647975077878 -0.0654970760233918 -0.09924385633270322 -0.008583690987124463 -0.011123470522803117 -0.022781926338438174 -0.04177545691906005
-0.07174124513618677 -0.1402961808261886 -0.0033760972316002696 -0.2142355420276282 -5.256959314775161 -3.5985832349468714 -0.5585763717251606 -0.37110097398594505 -0.20447780509900348 -0.25716282320055905 -0.014199044791532209 -0.061087354917532075 -0.02641373514227398 -0.08170339192869522 -2.8565999493286034 -3.1633663366336635 -0.6084056037358239 -0.30295183842568624 -0.23132145705929275 -0.16994382022471913 -0.07228915662650601 -0.0425273390036452 0.0869360902255639 -0.07334674080208209 0.15835411471321698 0.26952141057934503 -0.06483196612860545 -0.09810166900242069 0.0026716537536735224 -0.05635838150289017 -0.0025793139025019353 -0.043750739032753935 0.12260445185097013 -0.07905619070785697 -0.0790850468426816 0.07937524004608885 -0.013460761879122356 -0.06539366989275439 -0.06312611499931384 -0.10507621725617877 0.002515723270440251 -0.05556815604445452 -0.07675564211249856 -0.0974611960052942 -0.11396702230843839 -0.1658069270449521 -0.01397890456220613 -0.02702007205352548 0.01199840021330489 -0.05223880597014925 -0.1108481753643044 0.00931423914309 0.03156352158719423 -0.0833528997417234 -0.048956754866534564 -0.20693779904306217 -0.04232540769326528 -0.06595636732623034 0.03162055335968379 -0.04367427444350522 -0.0012087513598452795 -0.04084490605671608 0.1367461430575035 -0.023829381627546765 -0.04482675066634358 -0.19605455431076474 -0.002463357556349307 -0.09385033341565818 0.033397559409120106 -0.0690894016857814 0.03940010167768175 0.04259850905218317 0.05542452830188679 0.06099792607051361 0.018157608037767826 -0.027724204435872712 0.003730415319572247 0.014943960149439606 -0.0013053126223730581 0.027743098904147594 -0.03567913385826772 0.0011298158400180776 -0.01463140123804164 -0.03235082674335011 -0.06315789473684211 -0.10751417769376181 -0.004904966278356836 -0.0160672351996045 -0.017719276041007467 -0.04699738903394256
-0.0644455252918288 -0.1391827190735998 -0.0033760972316002696 -0.21189416998361038 -5.25220080894599 -3.6009445100354194 -0.5573405832921404 -0.3637036123782518 -0.21353694836288342 -0.25017470300489164 -0.02710726732928876 -0.057422113622480155 -0.03121623244086925 -0.06808615994057934 -2.8540663795287555 -3.1596534653465347 -0.6110740493662441 -0.28612118073537035 -0.23530975804307364 -0.1643258426966292 -0.06848446417247937 -0.046172539489671933 0.0787124060150376 -0.06861469300839937 0.1546134663341646 0.26826196473551633 -0.0780629796242392 -0.09173143075551024 -0.016029922522041145 -0.0491329479768786 0.003868970853752901 -0.04020338181388199 0.12855612427092014 -0.07297494526879106 -0.0766516607859837 0.08193573166047882 -0.0067303809395611825 -0.06408579649489929 -0.06587072869493617 -0.11691579103152286 0.012578616352201255 -0.04989793603991836 -0.06644518272425248 -0.08903862351100951 -0.10548011639185258 -0.1522967329894375 -0.006354047528275513 -0.010293360782295424 0.011998400213304892 -0.040298507462686574 -0.1108481753643044 0.0011642798928862517 0.025927178446623834 -0.08217891523831886 -0.05828185103158876 -0.208133971291866 -0.05850865181127848 -0.0684931506849315 0.011857707509881426 -0.042265426880811495 0.0024175027196905604 -0.045512895320340765 0.15077138849929875 -0.021446443464792086 -0.03998061545917131 -0.19970774476376035 -0.007390072669047914 -0.09632007903185971 0.025690430314707774 -0.08152549398922206 0.03812913065582105 0.04023192521595077 0.05660377358490566 0.06343784311333414 0.0242101440503571 -0.026518804243008683 0.008704302412335241 0.021170610211706107 -0.011747813601357524 0.03745318352059925 -0.0344488188976378 0.0022596316800361535 -0.024760832864378163 -0.033549005511622335 -0.06432748538011696 -0.10633270321361059 -0.0134886572654813 -0.0160672351996045 -0.027844576635868878 -0.04308093994778068
-0.059581712062256806 -0.1391827190735998 -0.014629754670267836 -0.20721142589557479 -5.260528194147037 -3.612750885478158 -0.5647553138902619 -0.3637036123782517 -0.22647858159699755 -0.24178895877009082 -0.019362333806634824 -0.07208307880268784 -0.025213110817625162 -0.08417925229017084 -2.8477324550291354 -3.1769801980198022 -0.6070713809206137 -0.2964785085447955 -0.23663919170433392 -0.17696629213483145 -0.07102092580849714 -0.032806804374240585 0.07636278195488723 -0.06506565716313735 0.15087281795511223 0.2783375314861461 -0.08997089177030959 -0.08281309720983564 -0.028052364413572 -0.03901734104046243 0.00902759865875677 -0.04729809625162588 0.13688846565885016 -0.08027243979567014 -0.08151843289937949 0.07553450262450391 -0.010768609503297891 -0.0758566570755951 -0.08371071771648139 -0.12135563119727691 0.020125786163522015 -0.04876389203901112 -0.05269790353992441 -0.08663217422692818 -0.1030552861299709 -0.1522967329894375 -0.006354047528275513 -0.01029336078229542 0.013331555792560993 -0.035820895522388055 -0.10835720513139871 0.00814995925020375 0.02479990981850975 -0.06926508570086874 -0.055950576990325206 -0.19138755980861247 -0.05601892194696876 -0.057077625570776246 0.019762845849802375 -0.03381234150464919 -0.0036262540795358386 -0.044345898004434586 0.14375876577840113 -0.01906350530203741 -0.0484613520717228 -0.19361909400876764 -0.0073900726690479136 -0.09385033341565817 0.025690430314707774 -0.07185297775321266 0.03558718861209965 0.033132173707253576 0.04716981132075472 0.05855800902769306 0.01452608643021426 -0.03254580520732884 0.0037304153195722458 0.0136986301369863 -0.02480093982508811 0.03467887363018449 -0.028297244094488184 0.004519263360072307 -0.025886325267304444 -0.04433261442607237 -0.06666666666666667 -0.10515122873345936 -0.020846106683016556 -0.014831294030404151 -0.03290722693329959 -0.05221932114882506
-0.0607976653696498 -0.12916156330030065 -0.024758046365068648 -0.2107234839616015 -5.270045205805376 -3.6245572609208976 -0.5684626791893227 -0.3612378251756873 -0.234243561537466 -0.24039133473095736 -0.014199044791532204 -0.06230910201588271 -0.022811862168327528 -0.07922753156721961 -2.8502660248289837 -3.1881188118811883 -0.5963975983989326 -0.28871051268772663 -0.24062749268811484 -0.1797752808988764 -0.062143310082435 -0.032806804374240585 0.09398496240601503 -0.05796758547261327 0.1633416458852868 0.28337531486146095 -0.0833553850224927 -0.08536119250859982 -0.018701576275714664 -0.040462427745664734 0.021924168171266446 -0.0354735721887194 0.13926913462683016 -0.06932619800535149 -0.0742182747292858 0.08833696069645373 -0.0013460761879122347 -0.07324091027988491 -0.09606147934678191 -0.12579547136303093 0.027672955974842768 -0.038557496030845996 -0.040096230954290296 -0.08783539886896884 -0.09820562560620757 -0.15720953082780648 -0.0025416190113102047 -0.015440041173443131 0.013331555792560993 -0.03880597014925373 -0.10088429443268154 0.013971358714635002 0.02930898433096607 -0.06339516318384598 -0.04312856976337569 -0.17703349282296652 -0.04108054276111043 -0.05580923389142567 0.03557312252964427 -0.022541561003099463 0.008461259518916959 -0.028007935581748154 0.15194015895278165 -0.0023829381627546776 -0.04361521686455052 -0.17778860204578667 -0.003695036334523958 -0.08273647814275129 0.023121387283236997 -0.05665330938234074 0.03812913065582105 0.04023192521595077 0.05778301886792454 0.05733805050628278 0.016947100835249973 -0.02410800385728062 0.008704302412335243 0.0211706102117061 -0.02219031458034199 0.04438895824663615 -0.02091535433070866 0.005649079200090386 -0.021384355655599326 -0.037143541816439016 -0.0608187134502924 -0.10751417769376181 -0.008583690987124462 -0.017303176368804844 -0.029110239210226558 -0.0587467362924282
-0.042558365758754865 -0.12916156330030065 -0.013504388926401082 -0.20252868180753922 -5.270045205805376 -3.63754427390791 -0.5598121601581809 -0.35753914437184064 -0.23553772486087743 -0.23480083857442352 0.002581644507551311 -0.051313378130726936 -0.013206867571136992 -0.06808615994057934 -2.835064606029896 -3.2066831683168315 -0.5883922615076718 -0.2977731745209736 -0.23929805902685458 -0.18117977528089887 -0.051997463538363986 -0.027946537059538274 0.10338345864661655 -0.04732047793682716 0.17705735660847882 0.30982367758186397 -0.07277057422598569 -0.07262071601477896 -0.017365749398877906 -0.031791907514450865 0.03224142378127418 -0.0378384770013007 0.14879181049875015 -0.07054244709316468 -0.053534493247353696 0.09857892715401359 0.021537219006595776 -0.07193303688202982 -0.07135995608618087 -0.11543584430960485 0.045283018867924525 -0.030619188024495352 -0.020620918776492147 -0.07700637709060282 -0.07880698351115423 -0.14738393515106854 0.019062142584826535 -0.012866700977869275 0.030662578322890283 -0.041791044776119404 -0.0959023539668701 0.02444987775061125 0.03494532747153647 -0.050481333646395864 -0.04079729572211214 -0.15789473684210528 -0.03361135316818126 -0.046930492135971585 0.048748353096179184 -0.016906170752324597 0.024175027196905598 -0.024506943634029638 0.15778401122019636 0.004765876325509353 -0.03876908165737824 -0.1692644909887969 0.008621751447222565 -0.07903185971844898 0.024405908798972385 -0.05941688544977199 0.045754956786985254 0.043781800970299364 0.06250000000000001 0.06831767719897523 0.030262680062946384 -0.019286403085824497 0.02362596369062422 0.016189290161892904 -0.00783187573423835 0.04300180330142876 -0.013533464566929134 0.009038526720144616 -0.015756893640967926 -0.031152647975077878 -0.0608187134502924 -0.10751417769376181 -0.006131207847946044 -0.019775058707205535 -0.027844576635868878 -0.06135770234986946
-0.034046692607003895 -0.12470771628994545 -0.013504388926401078 -0.20955279793959258 -5.278372591006424 -3.6658795749704844 -0.569698467622343 -0.35753914437184064 -0.24459686812475737 -0.23340321453529006 0.001290822253775655 -0.056200366524129505 -0.008404370272541723 -0.08294132210943303 -2.838864960729668 -3.237623762376238 -0.5923949299533022 -0.3158984981874676 -0.23796862536559424 -0.1952247191011236 -0.044388078630310725 -0.031591737545565005 0.10573308270676693 -0.049686501833668524 0.18703241895261846 0.30856423173803527 -0.07144747287642232 -0.08026500191107147 -0.017365749398877903 -0.03757225433526011 0.039979365488779985 -0.02128414331323164 0.13688846565885018 -0.07540744344441741 -0.0511011071906558 0.09473818973242862 0.00807645712747342 -0.06670154329060947 -0.06312611499931384 -0.1065561639780968 0.055345911949685536 -0.03175323202540258 -0.012601672585634091 -0.08663217422692818 -0.08123181377303587 -0.15843773028739866 0.02160376159613674 -0.024446731857951622 0.03332888948140249 -0.04925373134328358 -0.07223813675426578 0.0116427989288625 0.06087250591816029 -0.06339516318384597 -0.018650192330108402 -0.173444976076555 -0.006224324660774305 -0.060882800608828 0.0790513833992095 -0.019723865877712035 0.030218783996131992 -0.019838954370404942 0.15077138849929878 0.0035744072441320136 -0.04361521686455052 -0.17778860204578667 0.001231678778174651 -0.08891084218325512 0.023121387283236993 -0.06632582561835013 0.06354855109303507 0.050881552478996575 0.09433962264150944 0.06343784311333414 0.04357825929064278 -0.020491803278688523 0.031086794329768713 0.0186799501867995 0.0013053126223730616 0.05132473297267305 -0.011072834645669292 -0.0033894475200542313 -0.014631401238041644 -0.04433261442607237 -0.061988304093567245 -0.12523629489603025 -0.01226241569589209 -0.03584229390681003 -0.036704214656372615 -0.07702349869451697
-0.03769455252918288 -0.11914040752700146 -0.029259509340535672 -0.19433387965347693 -5.302165120152272 -3.674144037780402 -0.5956500247157687 -0.35630625077055844 -0.26271515465251716 -0.22781271837875616 -0.007744933522653931 -0.04642638973732437 -0.010805618921839354 -0.07427581084426838 -2.846465670129212 -3.2413366336633658 -0.6124082721814543 -0.3133091662351114 -0.24727466099441636 -0.18679775280898875 -0.044388078630310725 -0.03523693803159174 0.10338345864661655 -0.04968650183366851 0.18204488778054864 0.30730478589420657 -0.0833553850224927 -0.09300547840489234 -0.022709056906224954 -0.039017341040462436 0.04513799329378385 -0.02128414331323164 0.12974645875491012 -0.07905619070785697 -0.0511011071906558 0.08449622327486878 -0.00942253331538565 -0.07716453047345018 -0.06175380815150268 -0.10359627053426076 0.04905660377358491 -0.029485144023588112 -0.013747279184328104 -0.09024184815305017 -0.08244422890397672 -0.1658069270449521 0.013978904562206126 -0.03216675244467319 0.031995733902146384 -0.05820895522388059 -0.06974716652136007 0.012807078821748748 0.06538158043061662 -0.05635125616341863 -0.017484555309476627 -0.1758373205741627 0.003734594796464584 -0.06849315068493152 0.08300395256916997 -0.014088475626937167 0.026592529916596153 -0.02567394094993581 0.14025245441795234 -0.0011914690813773373 -0.05936515628786043 -0.18022406234778376 -0.01354846655992117 -0.09138058779945665 0.00770712909441233 -0.06356224955091888 0.05210981189628876 0.05324813631522897 0.08726415094339623 0.07929730389166768 0.02905217286042852 -0.009643201542912247 0.009947774185525986 0.026151930261519307 -0.024800939825088106 0.06103481758912471 -0.00984251968503937 0.010168342560162694 -0.012380416432189081 -0.026359932901988976 -0.06315789473684211 -0.11696597353497165 -0.019619865113427344 -0.030898529230008652 -0.04809517782559171 -0.06919060052219321
-0.0303988326848249 -0.10355194299075828 -0.01913121764573486 -0.17443221727932565 -5.308113252438734 -3.683589138134593 -0.5968858131487889 -0.3439773147577364 -0.2510676847418144 -0.21942697414395526 -0.003872466761326966 -0.03909590714722053 -0.007203745947892906 -0.0569447883139391 -2.845198885229288 -3.2363861386138617 -0.6230820547031354 -0.2977731745209736 -0.2472746609944164 -0.17415730337078647 -0.04311984781230183 -0.021871202916160386 0.10573308270676693 -0.02957529871051697 0.17830423940149626 0.3148614609571789 -0.08732468907118283 -0.09427952605427443 -0.03205984504408229 -0.05057803468208093 0.04513799329378385 -0.013006976469197115 0.12974645875491012 -0.06324495256628557 -0.06326803747414528 0.08577646908206375 -0.03365190469780589 -0.07978027726916034 -0.0699876492383697 -0.1065561639780968 0.05157232704402516 -0.00680426400544341 -0.018329705579104134 -0.05534833353387079 -0.08486905916585838 -0.1473839351510685 0.019062142584826535 -0.033453422542460115 0.03332888948140248 -0.05970149253731344 -0.05729231535683148 0.01746419839329375 0.0822906098523278 -0.046959380136182186 -0.009325096165054194 -0.18779904306220094 0.009958919457238891 -0.08625063419583968 0.077733860342556 -0.03522118906734291 0.03142753535597728 -0.011669973159061738 0.13323983169705472 0.020254974383414753 -0.07148049430579113 -0.16682903068679983 -0.01970686045079443 -0.08026673252654976 0.0 -0.05803509741605637 0.05592272496187086 0.06153117974204236 0.0849056603773585 0.0914968891057704 0.02905217286042852 -0.007232401157184187 0.021139020144242727 0.019925280199252802 -0.011747813601357526 0.05826050769870994 0.007381889763779528 0.015817421760253077 0.01463140123804164 -0.010783608914450037 -0.045614035087719294 -0.1264177693761815 -0.004904966278356836 -0.04449388209121245 -0.03290722693329958 -0.0835509138381201
-0.029182879377431904 -0.10243848123816948 -0.015755120414134592 -0.16506672910325448 -5.310492505353319 -3.7119244391971664 -0.5944142362827483 -0.36247071877696957 -0.24071437815452312 -0.21802935010482177 -0.006454111268878277 -0.0354306658521686 0.01320686757113699 -0.039613765783609804 -2.832531036230048 -3.25 -0.6164109406270847 -0.3094251683065769 -0.2246742887529912 -0.18117977528089885 -0.026632847178186432 -0.01701093560145808 0.12570488721804512 -0.01537915532946883 0.2032418952618454 0.32619647355163733 -0.06880127017729556 -0.10574595489871322 -0.010686615014694093 -0.05346820809248556 0.039979365488779985 -0.00827716684403453 0.13093679323890012 -0.052298710775966914 -0.05718457233240054 0.0832159774676738 -0.04038228563736708 -0.08893539105414597 -0.06175380815150268 -0.09471659020275272 0.061635220125786164 0.006804264005443412 0.004582426394776029 -0.036096739261220076 -0.061833171677982544 -0.1301891427167772 0.027957809124412248 -0.03988677303139475 0.04666044527396348 -0.05671641791044777 -0.05853780047328434 0.016299918500407497 0.10145417653026716 -0.04343742662596853 1.0408340855860842e-18 -0.18899521531100477 0.012448649321548613 -0.091324200913242 0.08168642951251648 -0.03803888419273035 0.035053789435513114 -0.00583498657953087 0.14258999532491817 0.02978672703443346 -0.05451902108068816 -0.15830491962981003 -0.009853430225397215 -0.08150160533465053 0.006422607578676942 -0.06079867348348762 0.058464667005592275 0.07099751508697197 0.10377358490566038 0.10735634988410392 0.05689383851833918 0.007232401157184184 0.03730415319572246 0.0273972602739726 0.013053126223730583 0.06658343736995422 0.004921259842519687 0.02033668512032539 0.03038829487900957 -0.002396357536544454 -0.03625730994152047 -0.12287334593572778 0.0036787247087676283 -0.05438141144481523 -0.013922288317934439 -0.08224543080939947
-0.029182879377431907 -0.09575771072263668 -0.016880486158001348 -0.14399438070709433 -5.329526528669998 -3.71900826446281 -0.5944142362827485 -0.3538404635679941 -0.23553772486087748 -0.20964360587002093 -0.009035755776429583 -0.04398289554062309 0.01320686757113699 -0.030948254518445163 -2.843932100329364 -3.274752475247525 -0.6244162775183455 -0.3236664940445365 -0.22068598776921028 -0.18820224719101122 -0.04311984781230184 -0.013365735115431349 0.11278195488721807 -0.01419614338104815 0.19950124688279303 0.3476070528967255 -0.07144747287642232 -0.10574595489871322 -0.012022441891530856 -0.047687861271676305 0.02966210987877225 -0.0011824524062906468 0.1202237828829901 -0.037703721722208705 -0.05718457233240054 0.09857892715401358 -0.043074438013191545 -0.07847240387130526 -0.05489227391244682 -0.08435696314932663 0.05786163522012579 0.014742572011794058 0.0057280329934700416 -0.02526771748285405 -0.06668283220174588 -0.12281994595922378 0.024145380607446948 -0.021873391662377766 0.05332622317024397 -0.041791044776119404 -0.07348362187071864 0.018628478286179997 0.09243602750535451 -0.04461141112937309 -0.012822007226949528 -0.18779904306220097 0.016183244118013196 -0.09005580923389142 0.07509881422924901 -0.042265426880811495 0.025383778556750874 0.0011669973159061724 0.12505843852267412 0.04050994876682951 -0.07026896050399807 -0.13151485630784215 -0.027096933119842348 -0.059273894788836747 -0.002569043031470777 -0.04559900511261572 0.04575495678698526 0.06981422316885576 0.0919811320754717 0.10735634988410395 0.03873623048057136 0.012054001928640309 0.022382491917433477 0.0298879202988792 0.002610625244746119 0.069357747260369 -0.007381889763779526 0.021466500960343464 0.03151378728193585 -1.3877787807814458e-18 -0.04093567251461988 -0.11814744801512286 -0.001226241569589208 -0.05685329378321592 -0.01645361346664979 -0.07180156657963446
-0.0316147859922179 -0.0757153991760383 -0.016880486158001348 -0.13697026457504094 -5.340233166785629 -3.724911452184179 -0.5907068709836876 -0.3304154851436321 -0.22777274492040894 -0.18867924528301885 -0.007744933522653931 -0.02687843616371411 0.020410613519029893 -0.009903441445902455 -2.8477324550291363 -3.2722772277227725 -0.6230820547031354 -0.3003625064733299 -0.20473278383408666 -0.16292134831460675 -0.05580215599239061 0.0036452004860267314 0.10573308270676691 0.0023660238968413586 0.20573566084788028 0.3853904282115869 -0.0674781688277322 -0.08281309720983565 -0.004007480630510281 -0.02312138728323699 0.030951766830023215 0.016554333688069054 0.12498512081895012 -0.021892483580637317 -0.046234335077260005 0.12290359749071822 -0.036344057073630365 -0.05754642950562385 -0.035679978043090435 -0.0665976024863105 0.052830188679245285 0.030619188024495352 0.009164852789552067 0.0012032246420406677 -0.0678952473326867 -0.09579955784819454 0.011437285550895926 -0.007720020586721564 0.047993600853219576 -0.017910447761194027 -0.07597459210362435 0.04773547560833624 0.08792695299289821 -0.0234796900680911 -0.02214710339200373 -0.1626794258373206 0.009958919457238891 -0.0621511922881786 0.07509881422924901 -0.007044237813468584 0.026592529916596153 0.023339946318123465 0.12155212716222534 0.047658763255093536 -0.05573055488248122 -0.10350706283487576 -0.02340189678531839 -0.02346258335391455 0.012845215157353884 -0.0069089401685781425 0.04194204372140316 0.08283043426813395 0.09669811320754718 0.12321581066243747 0.04357825929064278 0.033751205400192864 0.022382491917433474 0.0535491905354919 0.009137188356611406 0.09710084616451657 -0.011072834645669289 0.03841373856061462 0.024760832864378163 0.01317996645099449 -0.047953216374269005 -0.09806238185255198 -0.008583690987124462 -0.035842293906810034 -0.017719276041007464 -0.050913838120104436
-0.04134241245136187 -0.0723750139182719 -0.019131217645734867 -0.12877546242097868 -5.358077563645016 -3.7461629279811097 -0.5944142362827483 -0.3316483787449143 -0.2174194383331176 -0.17889587700908455 -0.0025816445075513097 -0.019547953573610263 0.02161123784367871 -0.001237930180737809 -2.860400304028376 -3.292079207920792 -0.6377585056704469 -0.3055411703780425 -0.20606221749534698 -0.15308988764044945 -0.05453392517438173 0.02065613608748481 0.10690789473684212 0.008281083638944753 0.20947630922693267 0.3967254408060454 -0.062185763429478694 -0.08026500191107148 0.00667913438418381 -0.023121387283236993 0.02063451122001548 0.023649048125812935 0.1035591001071301 -0.018243736317197758 -0.05961795838909843 0.1318653181410831 -0.061919504643962855 -0.05623855610776877 -0.05077535336901331 -0.05623797543288441 0.050314465408805034 0.03061918802449535 0.003436819796082025 0.014438695704488028 -0.07516973811833169 -0.10071235568656349 -0.003812428516965305 -0.020586721564590845 0.04132782295693908 -0.029850746268656712 -0.0660107111720015 0.06403539410874375 0.09581783338969677 -0.012913829537450105 -0.01981582935074018 -0.15550239234449761 0.019917838914477785 -0.05454084221207509 0.08959156785243741 -0.0014088475626937158 0.014505016318143354 0.03384292216127903 0.0981767180925666 0.05242463958060288 -0.06299975769323964 -0.09011203117389187 -0.02586525434166769 -0.020992837737713023 0.023121387283236993 0.002763576067431256 0.040671072699542454 0.08993018577683114 0.10849056603773585 0.1341954373551299 0.03994673768308921 0.039778206364513014 0.014921661278288978 0.0572851805728518 0.018274376713222816 0.09987515605493134 -0.0036909448818897633 0.05649079200090386 0.03489026449071468 0.031152647975077885 -0.042105263157894736 -0.082703213610586 0.002452483139178418 -0.022246941045606226 -0.011390963169219084 -0.03655352480417755
-0.042558365758754865 -0.06458078165015031 -0.01688048615800135 -0.13111683446499647 -5.3604568165596005 -3.7461629279811106 -0.583292140385566 -0.3279496979410677 -0.20318364177559206 -0.18308874912648498 0.005163289015102622 -0.006108735491753208 0.03121623244086925 0.014855162168853676 -2.8629338738282244 -3.2821782178217824 -0.6390927284856571 -0.2938891765924392 -0.20606221749534695 -0.13904494382022473 -0.04692454026632847 0.03645200486026732 0.12218045112781954 0.02602626286525494 0.2182044887780549 0.4168765743073048 -0.04895474993384493 -0.07899095426168941 0.01602992252204114 -0.020231213872832367 0.02966210987877225 0.034291119782428756 0.1071301035591001 -0.01824373631719776 -0.05475118627570265 0.14338753040583793 -0.053843047516489426 -0.04839131572063825 -0.04254151228214629 -0.051798135267130375 0.05408805031446541 0.034021320027217056 0.003436819796082024 0.020454818914691374 -0.0751697381183317 -0.08965856055023338 -0.003812428516965305 -0.019300051466803917 0.038661511798426876 -0.034328358208955224 -0.05604683024037862 0.07684247293049248 0.10596325104272349 0.0035219535102136656 -0.009325096165054204 -0.1423444976076555 0.027387028507406947 -0.050735667174023336 0.08959156785243741 0.004226542688081146 0.02538377855675088 0.04201190337262224 0.10518934081346423 0.05480757774335756 -0.056942088684274285 -0.08280565026790064 -0.019706860450794433 -0.023462583353914553 0.023121387283236993 -0.001381788033715628 0.04829689883070666 0.10176310495799312 0.12735849056603774 0.13175552031230936 0.047209780898196343 0.057859209257473475 0.02113902014424272 0.0672478206724782 0.023495627202715044 0.09293938132889444 0.001230314960629922 0.0689187662411027 0.046145188519977495 0.051521687035705734 -0.0304093567251462 -0.06379962192816635 0.012262415695892091 -0.01235941169200346 -0.001265662574357676 -0.02219321148825066
-0.036478599221789886 -0.06680770515532791 -0.009002925950934056 -0.1264340903769609 -5.356887937187723 -3.756788665879575 -0.5684626791893228 -0.33164837874491426 -0.1915361718648893 -0.183088749126485 0.001290822253775656 -0.009773976786805132 0.02881498379157162 0.008665511265164644 -2.851532809728908 -3.301980198019802 -0.628418945963976 -0.3042465044018644 -0.18612071257644242 -0.13764044943820225 -0.04946100190234622 0.03645200486026731 0.11748120300751878 0.026026262865254935 0.22319201995012472 0.42191435768261965 -0.039693040486901296 -0.08281309720983568 0.02137323002938819 -0.011560693641618497 0.027082795976270314 0.03074376256355682 0.10117843113915011 -0.02067623449282413 -0.053534493247353696 0.13442580975547308 -0.04711266657692825 -0.06408579649489929 -0.026073830108412244 -0.062157762320556455 0.050314465408805034 0.03515536402812429 -0.004582426394776034 0.02526771748285405 -0.06910766246362755 -0.07983296487349546 2.0816681711721684e-18 -0.006433350488934642 0.041327822956939084 -0.013432835820895526 -0.05604683024037863 0.06869251368028874 0.10032690790215308 0.008217891523831884 -0.004662548082527101 -0.145933014354067 0.03361135316818126 -0.05200405885337393 0.08827404479578392 -2.0816681711721684e-18 0.024175027196905598 0.031508927529466685 0.09583917718560074 0.04408435601096151 -0.05451902108068816 -0.09132976132489042 -0.014780145338095824 -0.022227710545813784 0.028259473346178548 -0.005527152134862512 0.053380782918149475 0.10412968879422554 0.12499999999999997 0.1354153958765402 0.06536738893596417 0.06147540983606557 0.026112907237005722 0.06849315068493149 0.024800939825088106 0.09987515605493133 -0.0012303149606299212 0.07230821376115694 0.046145188519977495 0.053918044572250176 -0.023391812865497075 -0.06379962192816635 0.020846106683016556 -0.014831294030404151 0.0025313251487153526 -0.022193211488250656
-0.049854085603112844 -0.06680770515532791 -0.022507314877335132 -0.1264340903769609 -5.372353081132525 -3.76741440377804 -0.5845279288185863 -0.33781284675132534 -0.20318364177559203 -0.18308874912648498 6.938893903907229e-19 -0.015882712278558343 0.025213110817625166 0.0012379301807378053 -2.859133519128452 -3.304455445544555 -0.6350900600400267 -0.29647850854479546 -0.1927678808827439 -0.12780898876404495 -0.044388078630310704 0.03159173754556501 0.11748120300751878 0.016562167277889506 0.2281795511221945 0.41183879093198994 -0.037046837787774546 -0.08536119250859983 0.02270905690622495 6.938893903907228e-18 0.016765540366262578 0.030743762563556813 0.0892750862992501 -0.01824373631719776 -0.06935150261589001 0.1331455639482781 -0.05653519989231389 -0.06539366989275439 -0.04528612597776863 -0.06659760248631048 0.04654088050314465 0.03175323202540258 -0.011456065986940085 0.022861268198772714 -0.08244422890397672 -0.07492016703512651 -0.01906214258482653 0.0038600102933607793 0.019997333688841486 -0.004477611940298507 -0.06102877070619006 0.06869251368028874 0.09243602750535454 0.0035219535102136677 -0.009325096165054203 -0.1507177033492823 0.034856218100336116 -0.05834601725012685 0.07905138339920949 -0.005635390250774871 0.014505016318143358 0.023339946318123465 0.08999532491818606 0.05004170141784821 -0.058153622486067355 -0.09132976132489042 -0.01847518167261978 -0.025932328970116082 0.028259473346178544 -0.004145364101146886 0.045754956786985254 0.10057981303987695 0.12146226415094341 0.13175552031230936 0.05568333131582133 0.0662970106075217 0.021139020144242723 0.0722291407222914 0.016969064090849757 0.10403662089055347 -0.007381889763779528 0.07908710880126539 0.038266741699493526 0.053918044572250176 -0.02456140350877193 -0.05671077504725898 0.023298589822194977 -0.0074156470152020775 0.0012656625743576763 -0.01697127937336814
-0.058365758754863814 -0.06569424340273912 -0.036011703803736216 -0.125263404354952 -5.375921960504401 -3.778040141676505 -0.596885813148789 -0.3489088891628652 -0.22259609162676325 -0.1956673654786862 -0.0025816445075513097 -0.0048869883934025676 0.006003121623244084 0.014855162168853676 -2.859133519128452 -3.2908415841584167 -0.6444296197464976 -0.283531848783014 -0.20340335017282635 -0.12921348314606743 -0.035510462904248564 0.04131227217496963 0.118656015037594 0.02129421507157222 0.22069825436408977 0.4118387909319899 -0.037046837787774546 -0.07007262071601478 0.02137323002938819 0.010115606936416185 0.007737941707505804 0.02956131015726617 0.08927508629925009 -0.014594989053758209 -0.0742182747292858 0.14210728459864294 -0.060573428456050606 -0.057546429505623865 -0.04940304652120214 -0.06363770904247446 0.033962264150943396 0.04082558403266047 -0.03436819796082026 0.037299963903260736 -0.08608147429679922 -0.054040776222058474 -0.022874571101791842 0.018013381369016986 0.021330489268097587 0.0059701492537313425 -0.07971104745298294 0.069856793573175 0.0552361627775899 0.010565860530640996 -0.03846602168084858 -0.14952153110047847 0.01369351425370347 -0.04819888381532217 0.05533596837944664 -0.004226542688081149 0.013296264958298078 0.024506943634029645 0.08648901355773726 0.05361610866198022 -0.058153622486067355 -0.08280565026790063 -0.02217021800714374 -0.022227710545813784 0.019267822736030827 0.001381788033715628 0.022877478393492627 0.10886285646669033 0.08254716981132074 0.13785531291936076 0.027841665657910665 0.07594021215043395 -0.002486943546381496 0.07970112079701121 -0.014358438846103641 0.10403662089055347 -0.004921259842519685 0.0892554513614281 0.028137310073157007 0.06230529595015577 -0.0304093567251462 -0.050803402646502835 0.01839362354383814 0.007415647015202075 -0.005062650297430705 -0.005221932114882505
-0.05471789883268483 -0.06235385814497272 -0.0337609723160027 -0.12409271833294311 -5.352129431358553 -3.76741440377804 -0.5795847750865052 -0.33781284675132534 -0.21871360165652906 -0.18308874912648496 -0.009035755776429585 0.006108735491753207 0.008404370272541723 0.02847239415696955 -2.847732455029136 -3.2772277227722775 -0.6324216144096064 -0.2705851890212325 -0.19941504918904546 -0.12359550561797752 -0.029169308814204174 0.051032806804374255 0.11865601503759397 0.026026262865254935 0.22443890274314215 0.41183879093198994 -0.030431331039957654 -0.05478404892342973 0.01602992252204114 0.020231213872832377 0.006448284756254837 0.028378857750975522 0.08927508629925009 -0.010946241790318658 -0.07056819564423897 0.15106900524900782 -0.04980481895275272 -0.04969918911849333 -0.04391381912995746 -0.06067781559863844 0.0389937106918239 0.04989793603991835 -0.028640164967350216 0.05173865960774876 -0.07638215324927254 -0.033161385408990426 -0.010166476045240815 0.03216675244467319 0.02799626716437808 0.016417910447761197 -0.07971104745298294 0.07102107346606125 0.042836207868335016 0.01760976755106832 -0.03613474763958503 -0.14832535885167464 0.011203784389393748 -0.0380517503805175 0.05138339920948617 -0.0028176951253874338 0.0181312703976792 0.025673940949935824 0.091164095371669 0.05719051590611224 -0.04724981826992972 -0.07428153921091085 -0.009853430225397222 -0.01852309212151148 0.030828516377649322 0.00690894016857814 0.02541942043721403 0.11714589989350373 0.08726415094339621 0.1439551055264121 0.036315216075535645 0.0855834136933462 0.0037304153195722458 0.087173100871731 0.00261062524474612 0.10403662089055347 -0.003690944881889764 0.0892554513614281 0.03376477208778841 0.053918044572250176 -0.021052631578947368 -0.04962192816635161 0.03188228080931944 0.014831294030404151 0.002531325148715352 0.001305483028720629
-0.058365758754863814 -0.0734884756708607 -0.05064145847400405 -0.1357995785530321 -5.342612419700214 -3.7603305785123973 -0.5734058329214039 -0.3464431019603008 -0.2225960916267633 -0.1872816212438854 -0.01290822253775655 0.0012217470983506395 0.0012006243246488143 0.028472394156969543 -2.8388649607296683 -3.2759900990099005 -0.6244162775183455 -0.2809425168306577 -0.20739165115660727 -0.12921348314606743 -0.032974001268230815 0.04131227217496963 0.11630639097744362 0.014196143381048146 0.21945137157107233 0.3979848866498741 -0.029108229690394283 -0.05605809657281182 0.026716537536735235 0.030346820809248554 0.011606912561258707 0.023649048125812932 0.09046542078324009 -0.024324981756263686 -0.05961795838909843 0.14082703879144798 -0.04038228563736707 -0.05100706251634842 -0.041169205434335124 -0.057717922154802426 0.03522012578616352 0.039691540031753236 -0.02520334517126819 0.03970641318734208 -0.06789524733268672 -0.03684598378776714 -0.016520523573516327 0.03216675244467319 0.02532995600586589 0.01940298507462687 -0.09590235396687011 0.07102107346606125 0.01578176079359711 0.01878375205447288 -0.04662548082527101 -0.13636363636363635 -0.006224324660774304 -0.020294266869609334 0.039525691699604744 0.019723865877712028 0.015713767677988637 0.0221729490022173 0.09467040673211781 0.042892886929584186 -0.03634601405379209 -0.08280565026790063 0.0073900726690479136 -0.027167201778216844 0.0449582530507386 0.002763576067431256 0.022877478393492627 0.11714589989350373 0.08372641509433962 0.1402952299621813 0.035104708873017795 0.0819672131147541 1.3877787807814458e-18 0.07845579078455792 -0.003915937867119172 0.09432653627410184 -0.014763779527559057 0.0892554513614281 0.016882386043894207 0.047927150730889045 -0.0327485380116959 -0.0448960302457467 0.02452483139178418 0.022246941045606226 -0.006328312871788382 0.011749347258485643
-0.0644455252918288 -0.07126155216568311 -0.057393652937204595 -0.1299461484429876 -5.329526528669997 -3.7414403778040146 -0.5758774097874444 -0.33781284675132534 -0.22259609162676336 -0.1928721174004193 -0.011617400283980898 0.006108735491753204 -0.01320686757113699 0.02352067343401832 -2.832531036230048 -3.2636138613861383 -0.6230820547031354 -0.27576385292594513 -0.2113799521403882 -0.13483146067415733 -0.04185161699429295 0.049817739975698674 0.11160714285714286 0.017745179226310186 0.20448877805486285 0.3967254408060453 -0.03307753373908441 -0.035673334182698434 0.026716537536735235 0.03612716763005779 0.016765540366262575 0.03192621496984746 0.08570408284728008 -0.007297494526879106 -0.05840126536074949 0.14594802202022789 -0.03230582850989365 -0.03531258174208736 -0.046658432825579806 -0.060677815598638454 0.028930817610062894 0.04082558403266047 -0.03780501775690228 0.04090963782938275 -0.07153249272550921 -0.04175878162613608 -0.01906214258482653 0.03216675244467319 0.021330489268097587 0.014925373134328363 -0.0959023539668701 0.07800675282337874 0.0067636117686844755 0.03169758159192298 -0.05711621401095699 -0.12200956937799043 -0.016183244118013192 -0.0050735667174023336 0.028985507246376812 0.030994646379261758 0.0181312703976792 0.03150892752946669 0.07713884992987377 0.06791373763850829 -0.05209595347710201 -0.07184607890891379 -0.0012316787781746525 -0.014818473697209183 0.03468208092485549 0.008290728202293771 0.020335536349771227 0.11122944030292274 0.0731132075471698 0.11955593509820668 0.012105072025178552 0.06509161041465766 -0.017408604824670482 0.06600249066002492 -0.022190314580341992 0.07351921209599113 -0.011072834645669292 0.09264489888148232 0.0011254924029262792 0.05631440210879464 -0.042105263157894736 -0.04017013232514178 0.011036174126302882 0.03213447039920899 -0.018984938615365144 0.013054830287206266
-0.0668774319066148 -0.06124039639238391 -0.05401755570560433 -0.1264340903769609 -5.308113252438734 -3.7060212514757964 -0.5746416213544242 -0.32055233633337443 -0.22906690824382042 -0.17610062893081763 -0.006454111268878277 0.02199144777031154 -0.010805618921839354 0.03589997524139639 -2.8185964023308845 -3.2301980198019797 -0.619079386257505 -0.25116519937856036 -0.20739165115660727 -0.125 -0.03551046290424857 0.049817739975698674 0.11630639097744362 0.020111203123151542 0.1945137157107232 0.38161209068010077 -0.038369939137337924 -0.02420690533825965 0.020037403152551432 0.04624277456647398 0.021924168171266443 0.047298096251625864 0.08332341387930006 0.0036487472634395487 -0.06935150261589001 0.15618998847778773 -0.03903620944945484 -0.01569448077426105 -0.061753808151502686 -0.04735829510137636 0.04276729559748428 0.04649580403719665 -0.020620918776492154 0.04692576103958609 -0.07153249272550921 -0.02824858757062147 -0.016520523573516327 0.03731343283582089 0.01733102253032929 0.019402985074626865 -0.0896749283846058 0.079171032716265 0.010145417653026716 0.038741488612350314 -0.06061312507285231 -0.10885167464114834 -0.028631893439561806 0.012683916793505834 0.021080368906455864 0.05635390250774867 0.02901003263628672 0.03734391410899755 0.07363253856942496 0.0714881448826403 -0.05209595347710201 -0.07915245981490501 0.00492671511269861 -0.020992837737713013 0.026974951830443163 0.001381788033715628 0.025419420437214034 0.12187906756596853 0.07193396226415094 0.12931560326948885 0.010894564822660695 0.08317261330761813 -0.012434717731907486 0.08841843088418432 -0.019579689335595875 0.09155222638368707 -0.004921259842519687 0.09151508304146426 -0.00450196961170512 0.06949436855978912 -0.042105263157894736 -0.03780718336483932 0.00858369098712446 0.03707823507601038 -0.021516263764080494 0.007832898172323759
-0.07174124513618678 -0.0779423226812159 -0.059644384424938114 -0.1346288925310232 -5.274803711634547 -3.684769775678866 -0.5721700444883837 -0.341511527555172 -0.23165523489064319 -0.18867924528301888 -0.003872466761326966 0.01710445937690898 -0.009604994597190537 0.02847239415696955 -2.7881935647327087 -3.2066831683168315 -0.6070713809206137 -0.25634386328327297 -0.20739165115660727 -0.13342696629213485 -0.027901077996195307 0.042527339003645206 0.11395676691729324 0.01301313143262747 0.19576059850374067 0.35768261964735515 -0.03307753373908441 -0.03439928653331635 0.017365749398877906 0.03757225433526012 0.02966210987877225 0.04611564384533522 0.08808475181526007 -0.007297494526879103 -0.06813480958754106 0.1510690052490078 -0.04038228563736708 -0.01700235417211614 -0.07547687662961437 -0.03847861476986828 0.04528301886792453 0.03742345202993876 -0.018329705579104134 0.036096739261220076 -0.06547041707080505 -0.0356177843281749 2.0816681711721684e-18 0.028306742151312403 0.023996800426609784 0.013432835820895526 -0.0834475028023415 0.05472115496565374 0.011272686281140795 0.024653674571495653 -0.051288028907798114 -0.12081339712918662 -0.021162703846632644 -0.010147133434804667 0.0316205533596838 0.03803888419273034 0.03747129215520368 0.025673940949935813 0.08882655446470314 0.06076492315024425 -0.049672885873515864 -0.08767657087189479 0.004926715112698607 -0.04075080266732527 0.019267822736030827 -0.012436092303440652 0.029232333502796137 0.11359602413915512 0.06721698113207547 0.13419543735512993 0.01694710083524997 0.08678881388621022 -0.006217358865953743 0.07845579078455792 -0.018274376713222813 0.0818421417672354 -0.008612204724409451 0.08021692464128348 0.0022509848058525628 0.06949436855978912 -0.031578947368421054 -0.03780718336483932 0.014714898835070506 0.029662588060808303 -0.017719276041007467 0.005221932114882507
-0.07903696498054476 -0.0779423226812159 -0.05851901868107136 -0.1346288925310232 -5.234356412086605 -3.6351829988193622 -0.5647553138902621 -0.3427444211564542 -0.23036107156723182 -0.20125786163522014 -0.014199044791532205 0.013439218081857057 -0.019209989194381077 0.014855162168853677 -2.7666582214340005 -3.1707920792079207 -0.5990660440293529 -0.2615225271879856 -0.20606221749534695 -0.15308988764044945 -0.03804692454026633 0.03645200486026732 0.11395676691729326 0.009464095587365433 0.18952618453865339 0.3249370277078086 -0.03043133103995766 -0.045865715377755134 0.018701576275714664 0.026011560693641623 0.027082795976270314 0.04256828662646328 0.09641709320319009 -0.006081245439065919 -0.060834651417447386 0.13314556394827806 -0.03365190469780589 -0.023541721161391575 -0.06449842184712501 -0.04143850821370431 0.03522012578616352 0.03628940802903153 -0.02405773857257418 0.014438695704488025 -0.06183317167798254 -0.03807418324735937 0.011437285550895923 0.034740092640247036 0.030662578322890276 0.013432835820895526 -0.09092041350105864 0.04773547560833624 0.010145417653026716 0.02230570556468654 -0.05012239188716634 -0.12320574162679425 -0.019917838914477782 -0.01902587519025875 0.03557312252964427 0.03240349394195548 0.030218783996131992 0.0175049597385926 0.09350163627863488 0.051233170499225544 -0.054519021080688145 -0.09376522162688748 -0.0036950363345239546 -0.04445542109162756 0.00770712909441233 -0.015199668370871907 0.02033553634977123 0.1100461483848065 0.06485849056603774 0.12809564474807858 0.024210144050357103 0.08317261330761813 0.0037304153195722458 0.0709838107098381 -0.006526563111865285 0.0679705923151616 -0.027066929133858268 0.07004858208112079 -0.018007878446820485 0.05511622334052241 -0.04327485380116959 -0.04844045368620038 -0.002452483139178416 0.01853911753800519 -0.03037590178458423 -0.01566579634464752
-0.08633268482490274 -0.0779423226812159 -0.061895115912671626 -0.1264340903769609 -5.186771353794908 -3.591499409681228 -0.5721700444883837 -0.3378128467513254 -0.23553772486087748 -0.206848357791754 -0.027107267329288753 0.01954795357361026 -0.01680874054508344 0.02352067343401832 -2.750190017734989 -3.1101485148514856 -0.6084056037358239 -0.2589331952356292 -0.21536825312416905 -0.1544943820224719 -0.05580215599239062 0.02551640340218712 0.10103383458646616 -0.0011830119484206785 0.1596009975062344 0.27078085642317384 -0.050277851283408316 -0.058606191871575994 0.002671653753673525 0.0043352601156069455 0.012896569512509674 0.03310866737613811 0.09760742768718009 -0.0012162490878131836 -0.06205134444579633 0.11266163103315836 -0.049804818952752725 -0.022233847763536492 -0.07684918347742555 -0.042918454935622324 0.026415094339622643 0.04649580403719665 -0.022912131973880177 0.025267717482854047 -0.059408341416100865 -0.02702038811102923 0.003812428516965309 0.03602676273803397 0.02799626716437808 0.011940298507462688 -0.10960269024785152 0.036092676679473745 -0.00450907451245632 0.003521953510213665 -0.06760694719664298 -0.14473684210526316 -0.037345947964645826 -0.03424657534246575 0.02503293807641634 0.012679628064243451 0.018131270397679197 0.021005951686311124 0.08181393174380554 0.051233170499225544 -0.050884419675308934 -0.09376522162688748 -0.0061583938908732596 -0.0432205482835268 0.011560693641618495 -0.01934503247201879 0.006354855109303506 0.11122944030292274 0.05660377358490567 0.14151518848359154 0.020578622442803538 0.0819672131147541 -0.001243471773190748 0.0660024906600249 0.0013053126223730605 0.07213205715078375 -0.03937007874015748 0.0643995028810304 -0.028137310073157007 0.05511622334052241 -0.05964912280701754 -0.05434782608695652 -0.02452483139178418 0.011123470522803113 -0.05062650297430704 -0.02610966057441253
-0.07782101167315177 -0.07460193742344949 -0.05626828719333784 -0.125263404354952 -5.096359743040685 -3.51357733175915 -0.5585763717251607 -0.32671680433978545 -0.22000776497994043 -0.19706498951781973 -0.02065315606041048 0.01954795357361026 -0.006003121623244086 0.03342411487992077 -2.709652900937421 -3.0371287128712874 -0.5923949299533022 -0.2511651993785603 -0.20606221749534695 -0.15028089887640447 -0.0507292327203551 0.031591737545565005 0.11043233082706767 -0.0035490358452620373 0.14214463840399003 0.23299748110831237 -0.058216459380788566 -0.05988023952095808 0.0013358268768367619 -0.017341040462427744 0.011606912561258707 0.02128414331323164 0.09522675871920008 -0.004864996351252734 -0.05718457233240054 0.09217769811803865 -0.056535199892313905 -0.013078733978550878 -0.08782763825991491 -0.028118987716442213 0.028930817610062894 0.043093672034474936 -0.02749455836865621 0.03128384069305739 -0.05213385063045588 -0.02702038811102923 0.007624857033930616 0.01801338136901698 0.03466204506065858 -0.019402985074626865 -0.11084817536430439 0.0395855163581325 -1.3877787807814458e-18 0.00234796900680911 -0.0664413101760112 -0.1495215311004785 -0.042325407693265274 -0.03678335870116692 0.03425559947299078 0.0028176951253874316 0.02538377855675087 0.025673940949935813 0.08298270219728845 0.061956392231621596 -0.0363460140537921 -0.08280565026790064 0.0 -0.034576438626821436 0.025690430314707767 -0.015199668370871907 0.00889679715302491 0.10294639687610936 0.06839622641509434 0.14151518848359157 0.013315579227696403 0.07594021215043395 -0.0012434717731907492 0.06351183063511831 0.010442500978984467 0.05687335275350257 -0.041830708661417325 0.06552931872104847 -0.02363534046145188 0.05511622334052241 -0.05847953216374269 -0.041351606805293005 -0.03678724708767628 0.03213447039920899 -0.048095177825591695 -0.018276762402088774
-0.07174124513618677 -0.062353858144972726 -0.049516092730137296 -0.12058066026691643 -4.697834879847727 -3.238488783943329 -0.522738507167573 -0.30205893231414127 -0.2070661317458263 -0.18588399720475196 -0.019362333806634824 0.02199144777031154 0.0024012486492976395 0.03218618469918297 -2.518368381048898 -2.8131188118811883 -0.5510340226817878 -0.23174520973588814 -0.18612071257644242 -0.14185393258426965 -0.06467977171845277 0.03523693803159174 0.10455827067669173 -0.0011830119484206793 0.11097256857855362 0.18261964735516373 -0.07012437152685896 -0.05478404892342973 -0.01469409564520438 -0.026011560693641623 0.018055197317513542 0.022466595719522288 0.10117843113915011 -0.0012162490878131842 -0.04136756296386422 0.07169376520291897 -0.04980481895275273 -0.009155113784985614 -0.08096610402085905 -0.028118987716442213 0.03270440251572327 0.043093672034474936 -0.018329705579104145 0.028877391408976057 -0.029097963142580018 -0.020879390813068045 0.017791333079171433 0.014153371075656198 0.042660978536195174 -0.020895522388059702 -0.10586623489849296 0.0395855163581325 0.005636343140570399 0.0023479690068091085 -0.05828185103158877 -0.14952153110047847 -0.04979459728619444 -0.03424657534246575 0.02635046113306983 0.005635390250774865 0.030218783996132 0.026840938265841986 0.08882655446470314 0.051233170499225544 -0.01696147322510298 -0.08645884072089625 0.008621751447222565 -0.030871820202519145 0.029543994861913937 -0.02072682050573442 0.010167768174885614 0.10649627263045795 0.07193396226415096 0.14273514700500184 0.027841665657910665 0.07714561234329798 -0.0012434717731907455 0.0684931506849315 0.007831875734238353 0.05548619780829519 -0.04183070866141732 0.057620607840921934 -0.024760832864378163 0.057512580877066864 -0.05614035087719298 -0.03780718336483932 -0.050275904353157576 0.03213447039920899 -0.059486140994810775 -0.022193211488250653
-0.0620136186770428 -0.04676539360872954 -0.04276389826693676 -0.12292203231093421 -4.26956935522246 -2.9256198347107434 -0.4980227385071676 -0.265072124275675 -0.20188947845218067 -0.15793151642208247 -0.01936233380663483 0.01832620647525962 0.016808740545083446 0.02228274325328052 -2.318216366860907 -2.573019801980198 -0.5203468979319547 -0.20973588814085967 -0.1794735442701409 -0.125 -0.07863031071655041 0.03037667071688943 0.09515977443609022 -0.0023660238968413586 0.08852867830423941 0.13602015113350124 -0.07806297962423922 -0.05988023952095808 -0.018701576275714664 -0.018786127167630055 0.01934485426876451 0.02719640534468487 0.09879776217117009 0.0036487472634395522 -0.03406740479377053 0.05761106132377417 -0.052496971328577204 -0.003923620193565263 -0.10017839989021544 -0.0266390409945242 0.03270440251572327 0.03742345202993876 -0.005728032993470044 0.02647094212489471 -0.014548981571290009 -0.01842299189388357 0.006354047528275513 0.016726711271230054 0.02666311158512199 -0.010447761194029846 -0.1108481753643044 0.036092676679473745 0.011272686281140799 -0.00469593801361822 -0.048956754866534564 -0.14473684210526316 -0.04979459728619444 -0.035514967021816335 0.02108036890645586 0.008453085376162298 0.024175027196905594 0.03267592484537286 0.08532024310425432 0.051233170499225544 -0.016961473225102983 -0.08037018996590356 1.3877787807814458e-18 -0.02469745616201531 0.01798330122029544 -0.02210860853945005 0.011438739196746314 0.09821322920364453 0.07311320754716982 0.13419543735512993 0.03268369446798208 0.07594021215043394 -0.0037304153195722458 0.06724782067247821 0.00783187573423835 0.05409904286308781 -0.03937007874015748 0.051971528640831544 -0.014631401238041644 0.05511622334052241 -0.05029239766081871 -0.036625708884688093 -0.045370938074800735 0.024718823384006917 -0.05948614099481079 -0.030026109660574417
-0.05228599221789883 -0.045651931856140734 -0.036011703803736216 -0.13345820650901427 -3.8532000951701173 -2.6340023612750882 -0.4869006426099852 -0.27000369868080376 -0.21094862171606055 -0.1774982529699511 -0.0077449335226539295 0.020769700671960906 0.016808740545083446 0.01733102253032929 -2.1256650620724598 -2.3032178217821784 -0.494996664442962 -0.19290523045054372 -0.17681467694762032 -0.11657303370786516 -0.08243500317057705 0.01701093560145808 0.09163533834586465 -0.01419614338104815 0.06982543640897756 0.07304785894206547 -0.07938608097380259 -0.07899095426168938 -0.013358268768367617 -0.04046242774566474 0.015475883415011608 0.027196405344684878 0.09165575526723006 -0.002432498175626368 -0.032850711765421585 0.029445653565484585 -0.06595773320769957 -0.01831022756997123 -0.1221353094551942 -0.04439840165754033 0.031446540880503145 0.034021320027217056 -0.012601672585634095 0.014438695704488025 -0.014548981571290009 -0.01719479243429133 -0.01143728555089592 0.015440041173443126 0.009332089054792696 -0.008955223880597012 -0.11333914559721012 0.02910699732215625 0.013527223537368955 -0.03287156609532754 -0.05012239188716634 -0.1590909090909091 -0.0510394622183493 -0.05200405885337391 0.022397891963109356 -0.007044237813468584 0.021757524477215035 0.03150892752946668 0.07713884992987377 0.030978196115810798 -0.016961473225102986 -0.09498295177788602 -0.01724350289444513 -0.034576438626821436 0.0 -0.04007185297775321 0.010167768174885612 0.08993018577683115 0.07429245283018868 0.12443576918384776 0.04478876649316064 0.06629701060752169 0.011191245958716737 0.0547945205479452 -0.0052212504894922325 0.04716326813705091 -0.04552165354330708 0.04293300192068693 -0.022509848058525607 0.04433261442607238 -0.05497076023391813 -0.04253308128544423 -0.0551808706315144 0.007415647015202076 -0.06075180356916847 -0.04960835509138382
-0.047422178988326846 -0.03674423783543035 -0.027008777852802163 -0.12058066026691638 -3.3928146561979537 -2.3057851239669422 -0.45353435491843797 -0.24288003945259526 -0.19930115180535785 -0.1481481481481482 -0.006454111268878274 0.025656689065363468 0.016808740545083446 0.018568952711067097 -1.8951102102862933 -2.006188118811881 -0.4563042028018679 -0.15924391506991195 -0.15421430470619515 -0.1053370786516854 -0.09004438807863031 0.027946537059538278 0.0775375939849624 0.008281083638944756 0.057356608478802994 0.05289672544080602 -0.07541677692511248 -0.057332144222193904 -0.017365749398877903 -0.017341040462427744 0.009027598658756773 0.020101690906940993 0.08927508629925007 -0.0024324981756263684 -0.0255505535953279 0.01792344130072974 -0.06595773320769957 -0.009155113784985616 -0.112529161520516 -0.025159094272606188 0.02389937106918239 0.037423452029938756 -0.022912131973880173 0.027674166766935387 -0.012124151309408337 0.0036845983787767113 -0.013978904562206124 0.030880082346886256 0.006665777896280496 0.004477611940298507 -0.11707560094656869 0.04307835603679124 0.013527223537368956 -0.008217891523831882 -0.03846602168084858 -0.13397129186602869 -0.044815137557575005 -0.038051750380517495 0.02635046113306983 0.0014088475626937214 0.022966275837060315 0.02684093826584199 0.07363253856942498 0.022637912546169425 -0.006057669008965353 -0.09498295177788602 -0.02586525434166769 -0.028402074586317612 -0.0012845215157353887 -0.02763576067431256 0.0 0.08638031002248255 0.07193396226415094 0.11345614249115529 0.053262316910785625 0.06870781099324975 0.012434717731907487 0.0672478206724782 -0.007831875734238348 0.06519628242474684 -0.05167322834645669 0.04858208112077732 -0.030388294879009563 0.06110711718188354 -0.05380116959064327 -0.01772211720226843 -0.06376456161863886 0.022246941045606226 -0.06328312871788383 -0.03916449086161879
-0.03526264591439689 -0.026723082062131163 -0.024758046365068648 -0.11940997424490751 -2.9264810849393292 -1.9634002361275091 -0.41646070192783 -0.20342744421156453 -0.1876536818946551 -0.11879804332634522 -0.006454111268878274 0.019547953573610263 0.01920998919438108 0.014855162168853677 -1.644286800101343 -1.7178217821782173 -0.4029352901934623 -0.13205592957017093 -0.1329433661260303 -0.08707865168539326 -0.08623969562460368 0.025516403402187127 0.07048872180451128 0.004732047793682718 0.04488778054862843 -1.6653345369377347e-17 -0.06880127017729559 -0.056058096572811834 -0.018701576275714664 -0.020231213872832367 0.007737941707505804 0.010642071656615818 0.08689441733127008 -0.01824373631719776 -0.024333860566978956 0.0025604916143899593 -0.06999596177143627 -0.010462987182840704 -0.11801838891176067 -0.02219920082877017 0.02389937106918239 0.03175323202540258 -0.02520334517126819 0.01804836963061003 -0.007274490785644997 0.0012281994595922372 -0.01652052357351633 0.03860010293360782 0.006665777896280497 0.007462686567164178 -0.1133391455972101 0.04307835603679124 0.014654492165483035 -0.02582765907490021 -0.024478377433267282 -0.13755980861244016 -0.028631893439561802 -0.03678335870116691 0.04479578392621871 0.0028176951253874338 0.014505016318143354 0.018671957054498773 0.07947639083683965 0.0023829381627546793 0.007269202810758421 -0.09132976132489039 -0.02340189678531839 -0.029636947394418373 0.005138086062941555 -0.03039933674174381 3.4694469519536144e-19 0.08283043426813395 0.07547169811320756 0.11589605953397583 0.07020941774603559 0.07955641272902603 0.022382491917433474 0.0859277708592777 0.0039159378671191755 0.07768067693161326 -0.056594488188976375 0.04067337024065078 -0.025886325267304444 0.041936256889527915 -0.039766081871345026 -0.024810964083175797 -0.044144696505211516 0.02719070572240761 -0.04556385267687636 -0.03263707571801566
-0.04012645914396887 -0.02560962030954237 -0.0337609723160027 -0.12058066026691641 -2.455389007851535 -1.6422668240850058 -0.3905091448344044 -0.18986561459746026 -0.18506535524783224 -0.11740041928721175 -0.009035755776429587 0.030543677458766037 0.024012486492976354 0.009903441445902451 -1.387129465416772 -1.4232673267326734 -0.3495663775850567 -0.11393060590367685 -0.1276256314809891 -0.07865168539325842 -0.08877615726062142 0.029161603888213854 0.06109022556390977 0.01301313143262747 0.041147132169576064 -0.041561712846347604 -0.05292405398253508 -0.06115428717034016 -0.01469409564520438 -0.02890173410404625 0.01031725561000774 -0.007094714437743882 0.08927508629925009 -0.02918997810751641 -0.006083465141744739 -0.03200614517987453 -0.06326558083187508 -0.02746534135495684 -0.11527377521613832 -0.04439840165754033 0.01509433962264151 0.02608301202086641 -0.0389506243555963 0.006016123210203344 0.0072744907856450046 -0.007369196757553427 -0.0025416190113102047 0.020586721564590838 0.015997866951073192 -0.013432835820895519 -0.1046207497820401 0.04424263592967749 0.014654492165483035 -0.019957736557877435 -0.005828185103158876 -0.13995215311004786 -0.014938379185858336 -0.043125317097919835 0.05401844532279315 -0.00563539025077487 0.0012087513598452808 0.007001983895437039 0.07480130902290791 -0.011914690813773382 0.014538405621516842 -0.094982951777886 -0.027096933119842348 -0.037046184243022966 0.006422607578676945 -0.03730827691032196 -0.0076258261311642084 0.07336409892320436 0.07311320754716981 0.10979626692692449 0.07868296816366058 0.06750241080038574 0.026112907237005722 0.07222914072229139 -0.0013053126223730531 0.06380912747953946 -0.054133858267716536 0.04745226528075923 -0.02588632526730445 0.029954469206805657 -0.03391812865497076 -0.025992438563327037 -0.03678724708767627 0.025954764553207266 -0.041766864953803315 -0.03263707571801567
-0.03647859922178988 -0.018928849794009574 -0.02813414359666892 -0.11004448606883635 -1.9783487984772783 -1.3223140495867767 -0.342313395946614 -0.16150906176796945 -0.16694706872007248 -0.10062893081761004 -0.014199044791532209 0.04031765424557117 0.022811862168327535 0.008665511265164644 -1.1325057005320496 -1.13490099009901 -0.29086057371581053 -0.09062661833247024 -0.10768412656208455 -0.07162921348314608 -0.1014584654407102 0.032806804374240585 0.05991541353383458 0.015379155329468827 0.01745635910224439 -0.08438287153652393 -0.044985445885154816 -0.056058096572811814 -0.005343307507347047 -0.030346820809248564 -0.002579313902501934 -0.020101690906940993 0.08451374836329009 -0.02675747993189005 -0.0024333860566978934 -0.0550505697093842 -0.05922735226813839 -0.041851948731362804 -0.11527377521613831 -0.05327808198904839 -0.0037735849056603765 0.019278748015422998 -0.043533050750372324 0.003609673926122007 0.008486905916585838 -0.0049127978383689515 -0.007624857033930616 0.02444673185795162 0.014664711371817091 -0.0044776119402985095 -0.11707560094656869 0.03842123646524624 0.014654492165483035 -0.02582765907490021 -0.006993822123790651 -0.14952153110047847 -0.009958919457238891 -0.050735667174023336 0.06060606060606061 -0.015497323189630879 -0.00967001087876224 -0.002333994631812349 0.06895745675549322 -0.007148814488264028 0.019384540828689123 -0.09132976132489039 -0.01724350289444513 -0.04816003951592986 0.017983301220295442 -0.04836258118004698 -0.020335536349771227 0.06271447166015856 0.07193396226415094 0.08783701354153958 0.07989347536617844 0.05424300867888139 0.034817209649340965 0.0697384806973848 0.003915937867119178 0.06380912747953946 -0.06274606299212598 0.03615410688057847 -0.033764772087788414 0.007189072609633362 -0.039766081871345026 -0.043714555765595464 -0.02575107296137339 0.011123470522803111 -0.03417288950765727 -0.03263707571801567
-0.010943579766536964 -0.011134617525887985 -0.022507314877335132 -0.10302036993678294 -1.5001189626457292 -1.010625737898465 -0.2965892239248641 -0.13931697694488968 -0.1527112721625469 -0.0726764500349406 6.938893903907229e-19 0.0354306658521686 0.03361748109016689 0.004951720722951226 -0.8740815809475553 -0.8626237623762376 -0.22815210140093395 -0.06602796478508545 -0.08774262164318 -0.0294943820224719 -0.09892200380469247 0.01822600243013366 0.058740601503759406 0.011830119484206791 0.0012468827930174563 -0.1070528967254408 -0.04233924318602805 -0.052235953624665564 -0.004007480630510284 -0.01445086705202312 0.006448284756254838 -0.02483150053210358 0.08094274491132009 -0.031622476283142784 0.006083465141744739 -0.05761106132377416 -0.04980481895275272 -0.04185194873136281 -0.11252916152051598 -0.03847861476986828 0.0012578616352201255 0.010206396008165114 -0.04238744415167831 0.012032246420406692 0.019398642095053344 0.003684598378776713 0.003812428516965308 0.021873391662377763 0.02266364484735369 0.014925373134328356 -0.11458463071366295 0.02910699732215625 0.016909029421711193 -0.036393519605541214 -0.0034969110618953267 -0.14832535885167467 -0.011203784389393751 -0.050735667174023336 0.05270092226613966 -0.012679628064243453 0.006043756799226398 -0.007001983895437039 0.07363253856942495 -0.0023829381627546746 0.03149987884661981 -0.08280565026790063 -0.003695036334523955 -0.05803902198073598 0.025690430314707767 -0.05112615724747823 -0.015251652262328417 0.05206484439711277 0.054245283018867926 0.08295717945589849 0.07626195375862488 0.05424300867888139 0.03979109674210395 0.06849315068493149 0.002610625244746119 0.07351921209599113 -0.05044291338582677 0.033894475200542305 -0.019133370849746766 0.009585430146177812 -0.03391812865497076 -0.034262759924385634 -0.015941140404659715 0.012359411692003459 -0.024047588912795854 -0.02480417754569191
-0.0012159533073929957 -0.0011134617525887986 -0.013504388926401082 -0.09014282369468508 -1.0551986676183678 -0.6977567886658795 -0.26445872466633713 -0.10849463691283442 -0.143652128898667 -0.04192872117400419 0.016780689299083516 0.04031765424557117 0.036018729739464524 0.011141371626640258 -0.6143906764631366 -0.6039603960396038 -0.16944629753168777 -0.03754531330916623 -0.05849508109545333 -0.01685393258426966 -0.10399492707672797 0.013365735115431349 0.05404135338345865 0.01537915532946883 0.0 -0.11712846347607056 -0.02513892564170415 -0.04331762007899096 0.008014961261020572 -0.00722543352601156 0.012896569512509674 -0.016554333688069058 0.09046542078324009 -0.02554123084407687 0.013383623311838424 -0.0550505697093842 -0.0417283618252793 -0.03400470834423228 -0.10155070673802662 -0.031078881160278227 0.007547169811320755 0.00907235200725788 -0.03436819796082026 0.016845144988569365 0.038797284190106696 0.01105379513633014 0.017791333079171433 0.036026762738033964 0.03599520063991468 0.03283582089552238 -0.11832108606302154 0.030271277215042497 0.020290835306053433 -0.030523597088518435 0.001165637020631774 -0.1327751196172249 -0.007469189592929168 -0.04185692541856925 0.05928853754940712 -0.014088475626937163 0.014505016318143354 -0.004667989263624696 0.09350163627863486 2.7755575615628915e-18 0.03513448025199903 -0.07428153921091085 -0.003695036334523956 -0.045690293899728326 0.029543994861913937 -0.03869006494403758 -0.006354855109303506 0.04851496864276417 0.06132075471698113 0.08661705502012931 0.08715651858128556 0.05544840887174542 0.04725192738124845 0.0734744707347447 0.003915937867119176 0.0749063670411985 -0.054133858267716536 0.03163484352050616 -0.014631401238041648 0.00479271507308891 -0.026900584795321637 -0.0330812854442344 -0.0134886572654813 0.011123470522803113 -0.017719276041007467 -0.02480417754569191
