-0.06418960622145416 -0.1453650900145365 -0.1534614072979425 -0.17496792254753296 -0.28142141664679227 -0.4086306653809064 -0.07982316099717549 -0.12295081967213115 -0.0025364616360177526 -0.1026132165822958 -0.253358925143954 -0.2786604742116842 -0.4494786048184107 -0.25766871165644173 -0.6812059012187299 -0.7341772151898734 -0.4298107255520505 -0.33764914953033764 -0.33810143042912877 -0.10609357997823723 -0.2459016393442623 -0.16453831041257366 -0.5026391554702495 -0.12758786711603273 -0.4789494013132483 -0.1939599062744077 -0.4561776832025535 -1.3860136329209796 -0.3812433581296493 -0.0743175646705731 -0.18463524854744995 -0.1764846172191748 -0.355678803954666 -0.17267080745341618 -0.3204965796807703 -0.3194801678624611 -0.3148097454147276 -0.42508250825082516 -0.20366320393657739 -0.16391106043329534 -0.07674886763965778 -0.07423481041571493 -0.15996290715196476 -0.08338368580060423 -0.17198713189804504 -0.14457831325301204 -0.06974041069352964 -0.03320986077404522 -0.04831548707234265 0.020351795319087075 -0.051134946370666 0.09452678258840004 -0.02504268639726807 0.1682577565632458 0.0012193634922570418 0.011245782831438211 0.002516989680342312 0.04882323485227842 -0.03333760738556225 -0.00275178866263071 -0.05446623093681917 0.04324450677886863 -0.06994665085951393 0.016955310645512898 -0.06739049045301385 -0.07629768605378362 -0.0885397181693478 -0.11107042597339192 -0.018937002903673776 -0.07932166301969366 0.05031608824667785 -0.014207909069381958 -0.0011950286806883357 -0.027261462205700127 -0.03228610455730783 -0.16274195536925165 0.011223344556677887 -0.002467917077986187 0.01818181818181818 -0.008336807002917881 -0.05753595997498436 0.21748980516538285 -0.05218377765173001 0.17235145233216825 -0.05207716889572731 0.04635842381359034 -0.08481868469575907 0.06143260842855389 -0.10009886307464162 0.04928664072632945
-0.07653376126404149 -0.15207424801520744 -0.18074343526202113 -0.21229441269100663 -0.4865251609825901 -0.5605110896817743 -0.11666461991894879 -0.11812921890067503 -0.029169308814204188 -0.12039950745656043 -0.290467050543826 -0.5035443656807627 -0.8797794558312357 -0.3656441717791411 -1.5343168697883258 -1.379746835443038 -0.5047318611987383 -0.3896928154353897 -0.4148244473342003 -0.14553862894450492 -0.28688524590163933 -0.39906679764243613 -1.0352687140115162 -0.22989889263360616 -0.5755117806102743 -0.2082790939859412 -0.5865141641175688 -2.429941933855087 -0.6017534537725824 -0.11862226668572244 -0.2014202711426727 -0.21464345337467208 -0.4509283819628648 -0.20248447204968945 -0.36103369647833805 -0.3303100040611886 -0.3736654804270462 -0.5082508250825083 -0.2733734281027884 -0.18814139110604333 -0.10191243080020132 -0.09022384650525353 -0.23067114871913758 -0.09667673716012085 -0.20786933927245732 -0.16867469879518074 -0.0916957251711223 -0.03576446544897178 -0.06398537477148081 0.017444395987788918 -0.06859565976552758 0.08168981211343213 -0.04667046101309049 0.14797136038186157 -0.02804536032191196 -0.006247657128576787 -0.017618927762396173 0.048823234852278415 -0.05513527375304526 -0.005503577325261419 -0.06051803437424352 0.03389434315100514 -0.0877296976882039 0.009688748940293085 -0.08361412704355423 -0.0900562851782364 -0.10724529243047762 -0.10740876357866472 -0.03156167150612297 -0.08479212253829321 0.039994839375564445 -0.003551977267345488 -0.010755258126195029 -0.024783147459727387 -0.058363342853594936 -0.16397484897053383 -0.0024940765681506468 0.01727541954590326 0.003896103896103895 -0.0013894678338196478 -0.07379612257661038 0.21295876755777074 -0.09529211571185478 0.1639146679522719 -0.07101432122144632 0.030498963035256798 -0.09219422249539029 0.04914608674284312 -0.11616411270390507 0.0324254215304799
-0.08764350080237009 -0.1621379850162138 -0.20461520973058994 -0.24962090283448032 -0.6785118053899357 -0.6774349083895854 -0.1535060788407221 -0.12656702025072325 -0.058338617628408376 -0.12997674100424134 -0.3250159948816379 -0.7284282571498413 -1.2980942107155697 -0.47852760736196326 -2.4964720974983967 -2.0924050632911393 -0.5783385909568874 -0.3643056613353643 -0.47984395318595585 -0.19722524483133844 -0.33427254098360654 -0.7146365422396856 -1.6722648752399234 -0.3502648050072219 -0.6913866357667053 -0.22520177037229888 -0.7208405373054927 -3.4385256248422116 -0.8196068012752391 -0.17721880806059737 -0.22336991607488704 -0.27665156212735514 -0.5148299975886182 -0.25217391304347825 -0.3990372434760578 -0.3194801678624611 -0.43799616753353404 -0.6033003300330033 -0.34034991798797154 -0.2080957810718358 -0.12204328132863614 -0.12334399269072635 -0.2584907847455662 -0.1232628398791541 -0.24746349913387772 -0.19530754597336716 -0.13560635412630764 -0.0574786051858475 -0.09793679811961348 -0.005814798662596307 -0.07607882264903967 0.05484887384759014 -0.05350028457598179 0.12171837708830549 -0.04267772222899646 -0.019992502811445705 -0.030203876164107725 0.05257886830245369 -0.06411078343377355 -0.00825536598789213 -0.07988380537400146 0.023375409069658716 -0.09958506224066391 -0.012110936175366354 -0.10482965181579933 -0.10381488430268919 -0.13842124953236062 -0.1135115342365434 -0.06943567731347053 -0.08889496717724289 0.0425751515933428 -0.020127871181624436 -0.014340344168260036 -0.05328376703841388 -0.07698994163665714 -0.17630378498335592 -0.024940765681506424 -1.3877787807814458e-18 -0.02857142857142857 -0.02223148534111435 -0.07379612257661038 0.19030357951971003 -0.10663641520136131 0.13739905990116913 -0.08285004142502073 0.010979626692692455 -0.11063306699446836 0.02580169553999263 -0.14087988136431043 0.011673151750972766
-0.09011233181088754 -0.17220172201722014 -0.20006820506991022 -0.2706170535401843 -0.8108752683043168 -0.7714561234329798 -0.18052314871668917 -0.15067502410800385 -0.07482561826252378 -0.14776303187850592 -0.344209852847089 -0.915424101686629 -1.6217188061848258 -0.5828220858895705 -3.4637588197562543 -2.7974683544303796 -0.6401156677181914 -0.3858847423203859 -0.5331599479843954 -0.23531011969532104 -0.3714139344262295 -1.0731827111984282 -2.4088291746641075 -0.47424169475204625 -0.8458864426419467 -0.24472793543348087 -0.868466551403112 -4.468568543297147 -1.0467587672688627 -0.22724024581963698 -0.24531956100710137 -0.3529692344383496 -0.5799373040752351 -0.31055900621118016 -0.40917152267544976 -0.30865033166373357 -0.498220640569395 -0.7577557755775578 -0.41279387643521054 -0.2309007981755986 -0.1346250629089079 -0.16103243490178162 -0.27240060275878053 -0.15226586102719036 -0.2561247216035635 -0.22954977805960688 -0.1743510267338241 -0.07280623323540683 -0.13188822146774615 -0.027620293647332463 -0.08356198553255176 0.02100595168631113 -0.05577689243027889 0.10501193317422435 -0.043897085721253504 -0.04248406847432213 -0.0478228039265039 0.03380070105157737 -0.0794973714578792 -0.028893780957622454 -0.08835633018639555 0.0011687704534829341 -0.1007705986959099 -0.043599370231318886 -0.11481342817920878 -0.1288305190744215 -0.15712682379349047 -0.12327596728914927 -0.09342254765812397 -0.11351203501094091 0.04515546381112115 -0.027231825716315418 0.003585086042065011 -0.06319702602230483 -0.06457220911461566 -0.17630378498335592 -0.031175957101883027 0.009871668311944718 -0.04155844155844156 -0.034736695845491175 -0.07754846779237023 0.17104666968735843 -0.11003970504821328 0.11208870676148006 -0.08285004142502073 -0.004879834085641082 -0.1315304240934235 0.02211573903427939 -0.16930301532377656 0.0025940337224383925
-0.08640908529811134 -0.18002907301800292 -0.19665795157440033 -0.29861192114778956 -0.8955401860243262 -0.8618611378977821 -0.1989438781775758 -0.16875602700096434 -0.07989854153455929 -0.15460391298399234 -0.3646833013435701 -1.101197751161085 -1.8470574134004554 -0.6748466257668712 -4.4605516356638875 -3.481012658227848 -0.700578338590957 -0.4011170347804011 -0.5799739921976593 -0.26659412404787813 -0.4136782786885246 -1.4231335952848725 -3.2365642994241837 -0.5970149253731343 -1.1214110982361274 -0.2590471231450143 -0.9828434632264929 -5.483463771774805 -1.224760892667375 -0.26439902815492355 -0.26985151710781147 -0.42093966134032906 -0.6619242826139378 -0.3552795031055901 -0.4205725867747657 -0.2896981183159605 -0.5529701615110867 -0.9135313531353135 -0.49070530344450525 -0.26083238312428736 -0.15853044791142426 -0.189584285061672 -0.29558363278080446 -0.18006042296072508 -0.28087107151695123 -0.24730500951173115 -0.21438718842825777 -0.08302465193511305 -0.16453382084095064 -0.03343509230992877 -0.08605637316038912 0.00583498657953087 -0.06829823562891292 0.06921241050119332 -0.045116449213510545 -0.04873172560289892 -0.04908129876667506 0.026289434151226844 -0.07693294012052829 -0.030269675288937807 -0.10530137981118375 -0.00584385226741468 -0.11855364552459988 -0.0508659319365387 -0.1285411206788968 -0.13383364602876796 -0.1658560917820177 -0.12327596728914927 -0.1035222825400833 -0.1162472647702407 0.0477357760288995 -0.0307838029836609 0.005975143403441683 -0.07063197026022305 -0.055879796349186626 -0.1676735297743805 -0.03616411023818431 0.014807502467917077 -0.051948051948051945 -0.029178824510212586 -0.0762976860537836 0.15292251925690986 -0.10777084515031196 0.08075207906472219 -0.07101432122144632 -0.012199585214102717 -0.1290719114935464 0.013515173854281849 -0.16435986159169552 -0.014267185473411156
-0.09258116281940501 -0.19456558201945656 -0.20347845856542 -0.32310743030444417 -0.9515859766277129 -0.9293635486981676 -0.2112243644848336 -0.2145612343297975 -0.07989854153455929 -0.1696538514160624 -0.3672424824056302 -1.2368614030799314 -1.9872947381037995 -0.7742331288343558 -5.317511225144323 -4.09367088607595 -0.7255520504731863 -0.4353896928154354 -0.5981794538361509 -0.2965179542981502 -0.45466188524590156 -1.8209724950884087 -4.090690978886756 -0.7342320654790562 -1.4934981331273336 -0.295495964592554 -1.093230482776965 -6.4718505427922235 -1.4120616365568543 -0.3101329141060455 -0.29438347320852165 -0.49964226091104225 -0.7885218230045816 -0.41739130434782606 -0.4459082847732456 -0.2829294706917558 -0.624144538735286 -1.1617161716171618 -0.5932203389830508 -0.28506271379703535 -0.17111222949169602 -0.22156235724074919 -0.31876666280282834 -0.21631419939577037 -0.28705765899529817 -0.2714013950538998 -0.23375952473201603 -0.09835227998467237 -0.18412118046487333 -0.04215729030382324 -0.08979795460214518 -0.015170965106780255 -0.07398975526465565 0.03937947494033413 -0.04755517619802463 -0.05248031988004499 -0.040271834885476976 0.013770655983975966 -0.07308629311450186 -0.03302146395156852 -0.12466715081094168 -0.024544179523141654 -0.13515115589804388 -0.06297686811190506 -0.1447647572694372 -0.1413383364602877 -0.17583239805462028 -0.12937873794702795 -0.11867188486302234 -0.12171772428884024 0.046445619920010325 -0.05683163627752782 0.004780114722753347 -0.09169764560099133 -0.048429156835961745 -0.1676735297743805 -0.028681880533732385 0.006169792694965449 -0.03896103896103896 -0.03751563151313047 -0.08005003126954346 0.13366560942455824 -0.10890527509926262 0.0638785103049295 -0.05799502899751452 -0.009759668171282172 -0.11677934849416105 0.019658434697137243 -0.15570934256055363 -0.007782101167315178
-0.08023700777681766 -0.21022028402102202 -0.1875639422530408 -0.3452700338271316 -0.9670880038158837 -0.9679363548698168 -0.20876826722338207 -0.2639826422372228 -0.07102092580849714 -0.18607196606922974 -0.3710812539987204 -1.3211928623808358 -2.0448279995205563 -0.8650306748466257 -5.9281590763309815 -4.512658227848101 -0.7597266035751841 -0.4671236354404672 -0.622886866059818 -0.31011969532100114 -0.4828381147540983 -2.2102161100196462 -4.932821497120921 -0.8690418873375059 -1.8823226470966912 -0.3801093465243426 -1.1703684000531986 -7.347891946478162 -1.5701381509032943 -0.3501500643132771 -0.31245965138799225 -0.5771523968518959 -0.9344104171690379 -0.48571428571428565 -0.4699771978718014 -0.28969811831596043 -0.7021626060771967 -1.5207920792079208 -0.7189721159103335 -0.32069555302166475 -0.18495218922999496 -0.254682503426222 -0.35006375333256057 -0.26223564954682776 -0.29200692897797575 -0.3043753963221306 -0.26346377373111196 -0.11495721037169497 -0.218072603813006 -0.05814798662596308 -0.10601147418308805 -0.045512895320340765 -0.09220261809903244 0.0071599045346062125 -0.06218753810510913 -0.06872422841434464 -0.05411527812735968 -3.469446951953614e-18 -0.08334401846390563 -0.03714914694551458 -0.12950859356088115 -0.039738195418419824 -0.12448132780082988 -0.07629889790480805 -0.14850867340571575 -0.15384615384615388 -0.1720912832023943 -0.14280483339436104 -0.11614695114253251 -0.1299234135667396 0.03999483937556445 -0.08169547714894625 0.003585086042065009 -0.11400247831474597 -0.04842915683596175 -0.16274195536925165 -0.038658186806334954 -0.003701875616979271 -0.051948051948051945 -0.04168403501458941 -0.07879924953095685 0.11440869959220663 -0.10663641520136131 0.04941545136796434 -0.04971002485501243 -0.009759668171282182 -0.10694529809465277 0.024573043371421556 -0.15200197726149284 -0.009079118028534372
-0.07529934575978273 -0.21469305602146932 -0.16823917244515174 -0.3499358450950658 -0.9599332220367278 -0.9715525554484088 -0.20754021859265626 -0.27844744455159115 -0.06341154090044387 -0.18880831851142427 -0.37492002559181065 -1.3578587142507943 -2.0568140956490475 -0.9251533742331288 -6.384862091084029 -4.768354430379747 -0.7912723449001052 -0.5064737242955066 -0.6358907672301691 -0.337323177366703 -0.5186987704918032 -2.557711198428291 -5.7281669865642995 -0.9930187770823302 -2.336809578988026 -0.4959645925540224 -1.2381965686926453 -8.101489522847766 -1.7149309245483528 -0.39445476632842646 -0.34215622982569405 -0.6832816599093727 -1.1912225705329154 -0.5602484472049689 -0.5269825183683811 -0.320833897387302 -0.7829181494661921 -1.974917491749175 -0.8720612356478951 -0.3420752565564424 -0.20005032712632112 -0.2798081315669255 -0.3802016923611916 -0.2960725075528701 -0.30809205642167775 -0.33988585922637926 -0.29187653364329075 -0.14944437348320347 -0.24680073126142593 -0.07849978194505015 -0.11349463706660015 -0.06768584432255806 -0.08992601024473534 -0.011933174224343673 -0.05974881112059505 -0.07497188554292142 -0.06795872136924239 -0.017526289434151226 -0.09488395948198487 -0.04127682993946064 -0.13435003631082063 -0.054932211313697986 -0.11618257261410787 -0.09688748940293086 -0.14601272931486337 -0.15259537210756724 -0.17209128320239434 -0.13548150860490663 -0.10983461684130794 -0.12855579868708972 0.03612437104889692 -0.09235140895098272 0.01673040152963671 -0.1288723667905824 -0.03228610455730783 -0.1676735297743805 -0.042399301658560914 -0.007403751233958543 -0.045454545454545456 -0.047241906349868 -0.08130081300813008 0.10308110557317625 -0.09415768576290413 0.040978666988067985 -0.0426085927328678 -0.010979626692692446 -0.10571604179471421 0.03317360855141909 -0.14829461196243204 -0.006485084306095979
-0.06542402172571286 -0.2113384770211338 -0.14323064681141298 -0.3429371281931646 -0.9134271404722154 -0.9582931533269046 -0.19648778091612426 -0.29652844744455165 -0.062143310082435 -0.19291284717471613 -0.35188739603326935 -1.3297482278171593 -1.9944863957808945 -0.9239263803680983 -6.658114175753688 -4.849367088607595 -0.7610410094637223 -0.4671236354404672 -0.6163849154746425 -0.33868335146898804 -0.5212602459016393 -2.788555992141454 -6.254798464491363 -1.1097737120847375 -3.1183211020986223 -0.738089039312679 -1.2514962096023408 -8.417066397374402 -1.7693942614240172 -0.42589681291982273 -0.36410587475790834 -0.8812306224660148 -1.6855558234868582 -0.6521739130434783 -0.5814542690651127 -0.3627995126573711 -0.8458800985491376 -2.78943894389439 -1.062055768179333 -0.39196123147092365 -0.21137393054856565 -0.314070351758794 -0.4126579343920251 -0.33957703927492444 -0.3427369463004207 -0.36651870640456563 -0.34353609711997934 -0.22735981606846342 -0.31862104988247586 -0.12065707224887338 -0.11474183088051884 -0.08635780137705683 -0.09675583380762665 -0.03221957040572792 -0.06584562858188026 -0.09371485692865177 -0.07550969041026932 -0.03880821231847772 -0.10385946916271319 -0.053659878921298844 -0.14161220043572986 -0.07246376811594203 -0.10788381742738588 -0.11020951919583384 -0.1422688131785848 -0.16885553470919326 -0.17333832148646963 -0.15134871231539118 -0.11488448428228759 -0.14496717724288838 0.03483421494000774 -0.10537532559791618 0.021510516252390057 -0.13878562577447334 -0.026077238296287088 -0.1664406361730983 -0.054869684499314134 -0.0037018756169792688 -0.06493506493506493 -0.054189245518966235 -0.07254534083802376 0.10081558676937019 -0.07487237663074306 0.03736290225382668 -0.04142502071251038 -0.01341954373551299 -0.12046711739397664 0.04668878240570094 -0.15941670785961443 -0.006485084306095981
-0.056783113195901735 -0.1923291960192329 -0.12390587700352393 -0.32310743030444417 -0.8800381588361553 -0.9185149469623916 -0.20017192680830162 -0.33510125361620063 -0.07482561826252376 -0.2052264331645916 -0.3186180422264875 -1.2869714006355413 -1.9237684286227978 -0.9042944785276074 -6.828736369467608 -4.840506329113924 -0.7321240799158779 -0.3706524498603707 -0.58777633289987 -0.3264417845484222 -0.49564549180327866 -2.926080550098232 -6.566698656429942 -1.1916225324987963 -3.984807518990601 -0.9476698776360323 -1.2461763532384627 -8.418328704872508 -1.7866631243358129 -0.4444762040874661 -0.3912201420271143 -1.1304555211066063 -2.304075235109718 -0.7403726708074534 -0.6308588801621484 -0.38445918505482607 -0.907473309608541 -3.6422442244224427 -1.2301804264625478 -0.4261687571265679 -0.2113739305485657 -0.35746916400182727 -0.44743247942506087 -0.3879154078549849 -0.3489235337787676 -0.3918833227647432 -0.37969779155366135 -0.3282667007280623 -0.36563071297989025 -0.15263846489315308 -0.12347218757794962 -0.10269576379974325 -0.11383039271485487 -0.03460620525059666 -0.08413608096573588 -0.09746345120579783 -0.1044550717342059 -0.061342013019529296 -0.13078599820489806 -0.06466703357182169 -0.140401839748245 -0.07597007947639083 -0.1007705986959099 -0.1089984255782972 -0.14601272931486337 -0.1638524077548468 -0.18082055119092155 -0.15745148297326986 -0.11109708370155283 -0.1613785557986871 0.02451296606889434 -0.10300734075301918 0.017925430210325048 -0.137546468401487 -0.01986837203526636 -0.1565774873628406 -0.06235191420376607 -0.02344521224086871 -0.07012987012987013 -0.06113658468806447 -0.06128830519074422 0.09741730856366107 -0.05672149744753263 0.043389176810895505 -0.03314001657000829 -0.010979626692692455 -0.13153042409342347 0.06757586927140927 -0.15818091942659418 -0.0077821011673151735
-0.05678311319590175 -0.1811472660181147 -0.10685460952597477 -0.3009448267817567 -0.7989506320057239 -0.7545805207328834 -0.18297924597814075 -0.3760848601735777 -0.0786303107165504 -0.197017375838008 -0.2853486884197057 -1.1818626252749937 -1.7943185904350956 -0.8625766871165645 -6.740218088518281 -4.486075949367089 -0.6729758149316509 -0.2564102564102565 -0.517555266579974 -0.30467899891186073 -0.4623463114754098 -2.9420432220039294 -6.731046065259117 -1.2518054886856043 -4.82554396807004 -1.0687321010153605 -1.1796781486899854 -7.557434991163848 -1.6883634431455898 -0.4459053880234386 -0.41833440929632026 -1.4226091104221321 -3.067277550036171 -0.8298136645962734 -0.7322016721560679 -0.3898741031541898 -0.963591568573775 -4.546534653465347 -1.4037725533078182 -0.4603762827822121 -0.21514846502264723 -0.41228871630881675 -0.5030717514779182 -0.43867069486404836 -0.3526354862657758 -0.38934686112872535 -0.41198501872659177 -0.5262485630348703 -0.4256986158265866 -0.17008286088094202 -0.12721376901970566 -0.13420469132920992 -0.1309049516220831 -0.053699284009546544 -0.09267162541153517 -0.10870923403723602 -0.12459098917694438 -0.08512769153730596 -0.15771252724708296 -0.07842597688497523 -0.13556039699830552 -0.09817671809256662 -0.0936573799644339 -0.12110936175366356 -0.14850867340571572 -0.14759224515322075 -0.1895498191794488 -0.16721591602587574 -0.11488448428228756 -0.16958424507658643 0.016772029415559282 -0.1231352119346436 0.010755258126195027 -0.14498141263940517 -0.004967093008816588 -0.12328936012822093 -0.0586107993515401 -0.05059230009871668 -0.07272727272727272 -0.07225232735862164 -0.05128205128205129 0.0826914363389216 -0.007941009642654564 0.031336627696757866 -0.016570008285004146 0.004879834085641088 -0.13398893669330053 0.07494778228283573 -0.15694513099357393 -0.012970168612191958
-0.0444389581533144 -0.1621379850162138 -0.07843583039672616 -0.2694506007232008 -0.6105413784879562 -0.6087270973963357 -0.15596217610217367 -0.39054966248794604 -0.06341154090044387 -0.17239020385825696 -0.2495201535508637 -0.9435345881202639 -1.3604219105837227 -0.7595092024539878 -5.966645285439386 -3.8835443037974686 -0.611198738170347 -0.20944402132520942 -0.4525357607282185 -0.26251360174102284 -0.42008196721311475 -2.765225933202358 -6.325575815738964 -1.2674530572941742 -5.613492983133771 -1.2652954959645926 -1.0732810214124218 -6.577884372633173 -1.4917640807651433 -0.43875946834357576 -0.43511943189154295 -1.7278797996661102 -3.8666505907885216 -0.9304347826086957 -0.9272865467443628 -0.4778665222688507 -1.0019162332329592 -5.357095709570958 -1.5582285401858937 -0.47890535917901944 -0.22269753397081024 -0.45797167656464133 -0.5633476295351801 -0.4858006042296072 -0.3489235337787676 -0.4109067850348763 -0.43394033320418446 -0.8289692170136671 -0.5131888221467745 -0.1904346562000291 -0.13095535046146173 -0.14120667522464697 -0.14001138303927146 -0.06205250596658711 -0.09023289842702109 -0.11745595401724354 -0.1409514220991694 -0.10766149223835753 -0.17951019361456594 -0.09906439185470554 -0.13798111837327523 -0.10285179990649836 -0.07587433313574395 -0.13322029792902992 -0.1485086734057157 -0.1513445903689806 -0.18456166604314753 -0.17698034907848162 -0.11488448428228756 -0.17505470459518602 0.016772029415559286 -0.11839924224484963 0.01075525812619503 -0.14250309789343246 0.014901279026449771 -0.11219331771668106 -0.05486968449931414 -0.051826258637709774 -0.06233766233766234 -0.07781019869390023 -0.042526579111944976 0.08948799275033983 0.03743618831537153 0.04579968663372303 0.005917860101787194 0.017079419299743808 -0.1352181929932391 0.08969160830568865 -0.15323776569451308 -0.007782101167315177
-0.03209480311072707 -0.15319244101531923 -0.04319654427645789 -0.253120261285431 -0.4316718340090627 -0.5074734811957571 -0.1228048630725777 -0.40019286403085824 -0.03804692454026633 -0.16418114653167332 -0.2085732565579015 -0.7149841114641897 -0.9397099364736905 -0.6552147239263804 -5.054522129570238 -3.2202531645569623 -0.5467928496319663 -0.264026402640264 -0.3914174252275683 -0.21354733405875947 -0.36372950819672134 -2.514734774066798 -5.710172744721691 -1.2758786711603274 -6.285567143041071 -1.4644623795886489 -0.9575741454980713 -5.637465286543802 -1.2845377258235917 -0.4216092611119052 -0.4467398321497741 -2.0140710708323395 -4.703400048227634 -1.0124223602484472 -1.2401824170255888 -0.5807499661567619 -1.0320284697508897 -6.1610561056105615 -1.6949152542372878 -0.4945838084378564 -0.22521389028686462 -0.5059387848332572 -0.7291062941926509 -0.5438066465256798 -0.3699579312051472 -0.4464172479391249 -0.45977011494252873 -1.1367990803423171 -0.632018803865239 -0.2049716528565199 -0.12596657520578697 -0.14820865912008402 -0.15025611838360842 -0.07517899761336515 -0.08535544445799292 -0.12245407972010496 -0.14220991693934054 -0.128943415122684 -0.18720348762661881 -0.1155751238304898 -0.12587751149842655 -0.10986442262739597 -0.07231772377000592 -0.15017560857454282 -0.13602895295145387 -0.16635397123202 -0.1646090534979424 -0.1904064445258147 -0.0896351470773892 -0.17778993435448578 0.023222809960005163 -0.1266871892019891 0.02868068833652008 -0.1474597273853779 0.03601142431392028 -0.1158919985205277 -0.03491707195410899 -0.04812438302073051 -0.02857142857142857 -0.07781019869390023 -0.033771106941838644 0.08948799275033983 0.05445263754963131 0.06026274557068819 0.02840572848857853 0.015859460778333535 -0.11923786109403811 0.09214891264283082 -0.1371725160652496 -0.0025940337224383933
-0.025922725589433405 -0.14648328301464833 -0.050017051267477554 -0.23912282748162833 -0.31123300739327453 -0.427917068466731 -0.09824389045806214 -0.39657666345226616 -0.022828154724159798 -0.16144479408947873 -0.17658349328214973 -0.5353214373013934 -0.6172839506172839 -0.5558282208588956 -4.112892880051316 -2.5582278481012657 -0.500788643533123 -0.2576796141152577 -0.34720416124837455 -0.1659412404787813 -0.3163422131147541 -2.2003929273084477 -4.977207293666028 -1.273471352912855 -6.853353933307583 -1.6193699557406926 -0.8365474132198433 -4.659176975511235 -1.081296493092455 -0.4016006860082893 -0.45448676565526147 -2.293107560219413 -5.432843019049916 -1.1043478260869566 -1.7164935393970104 -0.7147691891160146 -1.0457158499863124 -6.806600660066008 -1.7782941498086384 -0.5245153933865451 -0.23905385002516355 -0.5721790772042028 -1.0188941694679494 -0.5933534743202417 -0.4281118535016085 -0.48573240329740014 -0.5114296784192174 -1.5813002937795377 -0.7978584486811178 -0.22241604884430882 -0.11848341232227488 -0.15987863227914575 -0.16960728514513376 -0.09069212410501193 -0.10486526033410559 -0.1274522054229664 -0.16360432922225018 -0.14646970455683522 -0.223105526349532 -0.11144744083654375 -0.13192931493585086 -0.11687704534829357 -0.0818020154119739 -0.16107545113237254 -0.15100461749656807 -0.17886178861788615 -0.17832647462277093 -0.2062736482362993 -0.1035222825400833 -0.18189277899343542 0.016772029415559286 -0.13615912858157705 -0.008365200764818356 -0.14745972738537794 0.01614305227865392 -0.1306867217359142 -0.04115226337448559 -0.05429417571569595 -0.028571428571428574 -0.07642073086008058 -0.02876797998749218 0.08835523334843678 0.04424276800907544 0.06749427503917078 0.03195644454965084 0.013419543735512999 -0.11923786109403811 0.0823196952942622 -0.12852199703410774 -0.002594033722438394
-0.037032465127762 -0.14201051101420104 -0.05342730476298738 -0.2297912049457599 -0.24803243501073222 -0.35197685631629705 -0.09087559867370748 -0.40260366441658635 -0.024096385542168676 -0.16007661786838145 -0.1471529110684581 -0.35199217795160104 -0.39314395301450317 -0.45276073619631907 -3.1430404105195633 -1.8835443037974684 -0.44426919032597256 -0.25514089870525514 -0.305591677503251 -0.12105549510337325 -0.28304303278688525 -1.8713163064833005 -4.144673704414588 -1.2722676937891189 -7.20355349555813 -1.762561832856027 -0.7394600345790664 -3.67583943448624 -0.905951115834219 -0.3901672145205088 -0.45965138799225314 -2.543524922489864 -6.024837231733783 -1.2062111801242237 -2.361287053458323 -0.8704480844727224 -1.0539282781275665 -7.332013201320133 -1.8234007654455984 -0.5401938426453821 -0.25792652239557123 -0.6738236637734125 -1.4443027703720877 -0.6561933534743203 -0.49492699826775544 -0.5301204819277108 -0.5708381764174092 -2.168859369012645 -0.9976495168451294 -0.2500363424916413 -0.13220254427538042 -0.17154860543820746 -0.1821286283437678 -0.10143198090692125 -0.11583953176441897 -0.14869423966012746 -0.19506670022652908 -0.16900350525788682 -0.26670085908449803 -0.13070996147495872 -0.12587751149842652 -0.12155212716222534 -0.0960284528749259 -0.16834201283759237 -0.16598028204168228 -0.18011257035647277 -0.19703204888390075 -0.2172586354204809 -0.11867188486302234 -0.18326039387308532 0.010321248871113405 -0.14918304522851053 -0.03226577437858509 -0.15613382899628253 0.002483546504408296 -0.15287880655899397 -0.05486968449931412 -0.05799605133267523 -0.03636363636363636 -0.0861470056968181 -0.030018761726078803 0.095151789759855 0.03970504821327283 0.08195733397613594 0.03787430465143804 0.013419543735512993 -0.11677934849416105 0.0921489126428308 -0.12852199703410777 0.0025940337224383886
-0.02345389458091594 -0.1397741250139774 -0.03751278845060817 -0.21462731832497375 -0.2039112807059385 -0.30617164898746385 -0.08350730688935282 -0.3953712632594021 -0.022828154724159794 -0.1532357367628951 -0.13691618682021753 -0.21143974578342703 -0.24691358024691357 -0.36073619631901843 -2.304041051956382 -1.30253164556962 -0.4245531019978969 -0.25260218329525264 -0.28998699609882966 -0.08433079434167574 -0.23693647540983606 -1.479616895874263 -3.274952015355087 -1.2265286470871448 -7.342603321745848 -1.8328560270762821 -0.6463625482111983 -2.713961120929058 -0.7319341126461211 -0.3615835358010576 -0.4635248547449968 -2.749821130455521 -6.44682903303593 -1.3006211180124225 -3.132759057512034 -1.0504941112765667 -1.0429783739392282 -7.623762376237624 -1.8234007654455984 -0.5544469783352338 -0.2881227981882235 -0.8051621745089081 -1.9809899153819406 -0.7311178247734139 -0.5877258104429596 -0.5846544071020926 -0.6509104998062766 -2.877762166304764 -1.2340036563071297 -0.27329553714202653 -0.14093290097281116 -0.1843855759131754 -0.22766078542970974 -0.11217183770883055 -0.146323619070845 -0.1711858053230039 -0.23659702995217718 -0.20655983975963946 -0.31927170150019235 -0.15685195376995045 -0.12224642943597193 -0.13440860215053763 -0.10669828097213989 -0.18408622986556863 -0.1871958068139274 -0.20387742338961848 -0.21698466142910586 -0.24655193457829855 -0.1300340866052266 -0.19420131291028447 0.00903109276222423 -0.14444707553871655 -0.03107074569789675 -0.16109045848822798 -0.001241773252204148 -0.16274195536925165 -0.07357525876044395 -0.05552813425468904 -0.05324675324675325 -0.08614700569681809 -0.031269543464665414 0.10308110557317626 0.034032898468519576 0.09159937326744606 0.02722215646822109 0.013419543735512993 -0.13767670559311618 0.0761764344514068 -0.14087988136431043 -6.938893903907229e-19
-0.01851623256388101 -0.11852845801185286 -0.029555530294418552 -0.18779890353435205 -0.1955640352969234 -0.27121504339440694 -0.08350730688935282 -0.3748794599807136 -0.02916930881420418 -0.14092215077301956 -0.11260396673064618 -0.1344414568565143 -0.1690039554117224 -0.2773006134969325 -1.6959589480436172 -0.9164556962025318 -0.38512092534174547 -0.2576796141152577 -0.2561768530559168 -0.07072905331882483 -0.18826844262295084 -1.0928290766208248 -2.405230326295585 -1.1567164179104477 -7.450753186558518 -1.8159333506899245 -0.5678946668439951 -1.8644281747033578 -0.5685441020191285 -0.3215663855938259 -0.4364105874757908 -2.898879084187932 -6.683144441765132 -1.3900621118012424 -3.9878388649607297 -1.2102341952077975 -1.0046537092800438 -7.634323432343235 -1.7700929469655549 -0.5515963511972635 -0.3032209360845496 -0.977615349474646 -2.618523240987597 -0.8072507552870091 -0.7077456075228904 -0.6239695624603677 -0.707736019630634 -3.6709669178694595 -1.4808043875685557 -0.29364733246111363 -0.14093290097281116 -0.19488855175633096 -0.280022766078543 -0.12410501193317422 -0.17680770637727106 -0.1824315881544421 -0.27183488547696955 -0.25538307461191784 -0.39364021028336965 -0.18161805173362683 -0.11256354393609294 -0.13791491351098645 -0.11973918197984587 -0.19256388518832507 -0.20217147135904154 -0.20137585991244525 -0.22820800598578378 -0.2514341511046015 -0.15023355636914532 -0.20103938730853393 0.012901561088891757 -0.14444707553871658 -0.029875717017208415 -0.1573729863692689 -0.0062088662610207375 -0.16150906176796942 -0.06983414390821799 -0.04565646594274432 -0.05194805194805195 -0.08336807002917881 -0.02876797998749218 0.095151789759855 0.03630175836642087 0.08918886344461853 0.02958930050893597 0.004879834085641088 -0.13767670559311618 0.04914608674284311 -0.14705882352941177 -0.014267185473411156
-0.014812986051104806 -0.09504640500950463 -0.023871774468568828 -0.17613437536451654 -0.1967564989267827 -0.2531340405014465 -0.0687707233206435 -0.37246865959498554 -0.022828154724159794 -0.138185798330825 -0.09341010876519512 -0.08433145930090444 -0.13184705741340047 -0.20613496932515338 -1.2315586914688903 -0.6645569620253164 -0.32728706624605675 -0.24117796395024121 -0.22366710013003904 -0.03672470076169749 -0.13831967213114754 -0.7355108055009824 -1.5714971209213053 -1.0796822339913335 -7.334878331402086 -1.7391304347826089 -0.48011703684000534 -1.1108305983337543 -0.40913921360255046 -0.2658282120908961 -0.408005164622337 -2.947770093012163 -6.819387509042682 -1.4819875776397518 -4.808715480111476 -1.3699742791390281 -0.9526416643854366 -7.436303630363038 -1.6785128485511205 -0.5587229190421894 -0.3158027176648213 -1.1934673366834172 -3.2444650515822415 -0.9123867069486404 -0.8153922296461271 -0.6785034876347495 -0.7658530285419088 -4.496104227870736 -1.735440062679551 -0.30963802878325347 -0.1471688700424046 -0.21239351149492358 -0.3414911781445646 -0.16825775656324585 -0.21460797463723935 -0.20117455954017244 -0.3083312358419331 -0.3192288432648973 -0.4603154250544942 -0.20913593835993396 -0.11256354393609296 -0.13557737260402059 -0.13515115589804388 -0.19498607242339833 -0.21340321976787718 -0.20137585991244525 -0.22945504426985908 -0.26363969242035884 -0.16033329125110468 -0.2051422319474836 0.006450780544445879 -0.14444707553871655 -0.03107074569789675 -0.1722428748451053 -0.0037253197566124428 -0.16644063617309826 -0.05736376106746477 -0.04935834155972359 -0.05324675324675325 -0.08336807002917881 -0.03877423389618512 0.0985500679655641 0.024957458876914355 0.08677835362179101 0.04379216475322523 0.013419543735512993 -0.12046711739397664 0.045460130237129866 -0.12975778546712802 -0.012970168612191963
-0.0012344155042587387 -0.08945544000894554 -0.013641013982039329 -0.16796920564563161 -0.20033388981636055 -0.23987463837994216 -0.06754267468991773 -0.3736740597878495 -0.03170577045022194 -0.14092215077301956 -0.07805502239283427 -0.07210950867758495 -0.1222581805106077 -0.16319018404907976 -0.8710711994868505 -0.5265822784810126 -0.30231335436382756 -0.24879411018024883 -0.20416124837451238 -0.02584330794341676 -0.11270491803278689 -0.47519646365422397 -0.9836852207293665 -0.9508907077515646 -6.612591734260333 -1.4761780786253582 -0.4149487963824976 -0.7359252713961121 -0.30419766206163645 -0.21437759039588394 -0.3757262750161394 -2.7879799666110183 -6.391367253436218 -1.5329192546583852 -5.6992652647580435 -1.4945173954243942 -0.8883109772789488 -6.664026402640265 -1.487151448879169 -0.5344925883694411 -0.3321590337191746 -1.4287345820009139 -4.123101889416946 -1.029607250755287 -1.091314031180401 -0.7723525681674064 -0.8084721684101769 -5.325073444884404 -1.9979106816401153 -0.32562872510539326 -0.15215764529807935 -0.2637413933947952 -0.4553215708594195 -0.22434367541766115 -0.23411779051335202 -0.21741846807447204 -0.3435690913667254 -0.4894842263395093 -0.5667393255545583 -0.23940561364887175 -0.09924957637375939 -0.13908368396446938 -0.14937759336099588 -0.22041903839166768 -0.22713091226756524 -0.20512820512820512 -0.24317246539468756 -0.272183571341389 -0.1754828935740437 -0.22292122538293216 0.0038704683266675274 -0.15155103007340753 -0.04063097514340344 -0.17967781908302355 -0.0012417732522041476 -0.1689064233756627 -0.052375607931163484 -0.06293188548864757 -0.046753246753246755 -0.0917048770320967 -0.043777360850531584 0.09175351155414589 0.018150879183210438 0.08557309871037724 0.06272931707894425 0.030498963035256798 -0.10817455439459127 0.040545521562845556 -0.12605042016806722 -0.014267185473411156
0.007406493025552398 -0.09616459800961645 -0.0011367511651699453 -0.16796920564563161 -0.18602432625804913 -0.235053037608486 -0.04420975070612796 -0.3772902603664416 -0.012682308180088775 -0.13955397455192226 -0.07677543186180422 -0.06110975311659741 -0.1198609612849095 -0.12392638036809818 -0.6144964720974985 -0.4265822784810126 -0.26419558359621453 -0.23736989083523735 -0.19115734720416128 -0.014961915125136015 -0.08965163934426229 -0.287328094302554 -0.5470249520153551 -0.8353394318728935 -5.749967812540234 -1.2288466545170529 -0.35643037637983777 -0.503660691744509 -0.23113708820403828 -0.17150207231670717 -0.33311814073595863 -2.5435249224898646 -5.763202314926453 -1.5614906832298137 -6.499873321510007 -1.5798023554893734 -0.7897618395839037 -5.78085808580858 -1.2616183706943687 -0.5173888255416191 -0.3459989934574736 -1.638876199177707 -4.995942969746146 -1.1577039274924472 -1.4526107399158623 -0.8915662650602408 -0.827844504713935 -6.081236428662664 -2.2094541655784803 -0.3517953190870767 -0.16088800199551012 -0.31042128603104213 -0.6158224245873648 -0.2983293556085919 -0.2536276063894647 -0.24615769086592526 -0.36496350364963503 -0.7110665998998498 -0.6680343633799205 -0.25591634562465604 -0.10167029774872913 -0.14843384759233286 -0.1778304682868998 -0.24100762988979046 -0.24460252090353177 -0.21513445903689807 -0.2543958099513655 -0.2868302209202978 -0.18937002903673777 -0.22839168490153172 0.0012901561088891759 -0.1633909542978925 -0.05138623326959847 -0.19206939281288724 -0.0012417732522041476 -0.1676735297743805 -0.048634493078937524 -0.06910167818361303 -0.050649350649350645 -0.0889259413644574 -0.052532833020637895 0.08155867693701857 0.0011344299489506535 0.08195733397613594 0.06983074920108888 0.040258631206538976 -0.09956976029502151 0.03931686939427448 -0.12852199703410774 -0.011673151750972766
0.025922725589433405 -0.08274628200827462 0.0022735023303398893 -0.15747113029277965 -0.1788695444788934 -0.22420443587270977 -0.03192926439887019 -0.36523625843780133 0.0050729232720355105 -0.13271309344643592 -0.06781829814459372 -0.05133219261794182 -0.1438331535418914 -0.08588957055214723 -0.49005772931366254 -0.3569620253164557 -0.23659305993690852 -0.2208682406702208 -0.17555266579973994 -0.008161044613710554 -0.07044057377049182 -0.1719056974459725 -0.2651151631477927 -0.7246027924891671 -4.831981460023175 -1.0322832595678206 -0.3098816331959037 -0.40772532188841204 -0.17003188097768332 -0.1457767614692011 -0.2840542285345384 -2.2382542332458866 -4.966240655895828 -1.5739130434782609 -7.190271091968583 -1.646135102206579 -0.7103750342184505 -4.839603960396039 -1.044286495352652 -0.491733181299886 -0.34474081529944645 -1.821608040201005 -5.831691202040107 -1.2652567975830817 -1.8893838158871563 -0.9968294229549777 -0.8459253519307761 -6.7441563418061055 -2.383128754243928 -0.3808693124000582 -0.16587677725118485 -0.3454312055082273 -0.8434832100170746 -0.3568019093078759 -0.29020851115717594 -0.2686492565288017 -0.4115278127359677 -0.9364046069103656 -0.8039492242595203 -0.2848101265822785 -0.10045993706124426 -0.16362786348761102 -0.2062833432128038 -0.26644059585805985 -0.25833021340321977 -0.2376485303314572 -0.25314877166729016 -0.2978152081044794 -0.1843201615957581 -0.24343544857768049 0.007740936653335052 -0.16694293156523798 -0.07767686424474188 -0.21065675340768278 0.004967093008816589 -0.16150906176796945 -0.04364633994263624 -0.061697926949654494 -0.048051948051948054 -0.08336807002917881 -0.05503439649781113 0.08608971454463071 -0.017016449234259785 0.09521513800168735 0.06864717718073145 0.07441746980602659 -0.09342347879532883 0.050374738911414176 -0.1161641127039051 -0.014267185473411154
0.03579804962350327 -0.08050989600805097 6.938893903907229e-19 -0.1504724133908783 -0.1764846172191748 -0.21576663452266157 -0.028245118506692868 -0.35920925747348115 1.3877787807814458e-18 -0.13544944588863045 -0.0601407549584133 -0.04155463211928624 -0.1438331535418914 -0.06993865030674845 -0.4413085311096857 -0.30379746835443033 -0.23527865404837014 -0.20309723280020306 -0.1729518855656697 0.006800870511425462 -0.06019467213114754 -0.1129666011787819 -0.1451535508637236 -0.6234954260953299 -3.9526200592249268 -0.8318146316063524 -0.28195238728554334 -0.37364301943953554 -0.15010626992561105 -0.12148063455766758 -0.24144609425435765 -1.9174815168137371 -4.059561128526646 -1.586335403726708 -7.713453255637193 -1.689454447001489 -0.63235696687654 -3.9683168316831674 -0.8365226899945325 -0.46322690992018245 -0.3510317060895823 -1.9894929191411603 -6.522545496696418 -1.3788519637462238 -2.4201930215293244 -1.0957514267596704 -0.8859615136252097 -7.262741090816195 -2.5332985113606687 -0.40412850705044334 -0.1845846844599651 -0.4096160578830668 -1.159931701764371 -0.43198090692124114 -0.32800877941714424 -0.29114082219167814 -0.4530581424616159 -1.2193289934902354 -0.9603795358379278 -0.31370390753990096 -0.09803921568627451 -0.1799906498363721 -0.23710729104919975 -0.2930846554438658 -0.27829776613003865 -0.2539086929330832 -0.2668661927921187 -0.313682411814964 -0.19820729705845222 -0.25164113785557984 -0.001290156108889174 -0.1823348330570684 -0.10635755258126194 -0.2304832713754647 -0.003725319756612443 -0.15164591295771176 -0.05112856964708817 -0.05923000987166831 -0.06233766233766234 -0.06947339169098235 -0.06253908692933083 0.0826914363389216 -0.03176403857061826 0.08918886344461854 0.054444312936442175 0.09027693058436012 -0.09834050399508298 0.060203956259982795 -0.11245674740484428 -0.020752269779507133
0.03950129613627948 -0.0816280890081628 -0.014777765147209276 -0.1423072436719935 -0.17886954447889336 -0.20371263259402123 -0.029473167137418647 -0.3567984570877531 -0.008877615726062143 -0.13544944588863045 -0.07037747920665387 -0.04522121730628208 -0.1486275919932878 -0.05889570552147237 -0.4207825529185375 -0.2721518987341772 -0.23133543638275497 -0.20309723280020306 -0.1729518855656697 0.002720348204570186 -0.06403688524590165 -0.05525540275049114 -0.1175623800383877 -0.5079441502166586 -3.174971031286211 -0.630044259307472 -0.27397260273972607 -0.342085331986872 -0.1487778958554729 -0.08860940403029871 -0.19625564880568108 -1.5871690913427143 -3.137207619966241 -1.5875776397515529 -8.006080567519634 -1.7029917422498986 -0.5639200656994252 -3.0851485148514852 -0.6478950246036086 -0.4375712656784493 -0.3573225968797181 -2.1402466879853814 -7.04880027819636 -1.5009063444108761 -2.9782232120762187 -1.212428662016487 -0.9027508717551337 -7.734065653340146 -2.629929485505354 -0.43029510103212676 -0.20828136692442006 -0.4843038861010619 -1.5571997723392146 -0.5155131264916468 -0.3682477746616266 -0.3323753592402849 -0.5210168638308583 -1.5848773159739609 -1.1719451211693808 -0.3329664281783159 -0.11619462599854755 -0.1951846657316503 -0.27860106698280973 -0.31246215332445193 -0.32447273181080744 -0.2651657285803627 -0.3005362264621524 -0.33321127792017574 -0.2449185708875142 -0.2721553610503282 -0.019352341633337634 -0.19772673454889889 -0.14579349904397707 -0.24783147459727384 -0.014901279026449771 -0.1565774873628406 -0.061104875919690736 -0.07527147087857847 -0.08181818181818182 -0.0736417951924413 -0.08130081300813008 0.0792931581332125 -0.035167328417470216 0.08557309871037724 0.0426085927328678 0.09271684762718067 -0.11555009219422248 0.06757586927140925 -0.12852199703410777 -0.02204928664072633
0.05184545117886681 -0.07715531700771552 -0.00795725815618961 -0.13414207395310862 -0.1764846172191748 -0.1928640308582449 -0.03438536166032176 -0.35559305689488907 -0.024096385542168676 -0.13134491722533861 -0.0652591170825336 -0.03911024199462234 -0.12465539973630588 -0.058895705521472407 -0.40667094291212313 -0.2518987341772152 -0.20504731861198736 -0.20817466362020814 -0.15344603381014305 -0.004080522306855276 -0.052510245901639344 -0.007367387033398827 -0.11036468330134357 -0.3863745787193067 -2.4539719325350844 -0.44780005206977347 -0.24072350046548738 -0.3067407220398889 -0.12885228480340064 -0.0500214377590396 -0.15106520335700452 -1.2461244932029576 -2.324571979744394 -1.5639751552795031 -8.056751963516593 -1.67591715175308 -0.4804270462633453 -2.3128712871287127 -0.47430289775833795 -0.41049030786773094 -0.34725717161550074 -2.238465052535404 -7.34902051698157 -1.619335347432024 -3.5869834199455584 -1.3176918199112237 -0.8859615136252099 -7.989526120832801 -2.6364586053799948 -0.4361098996947231 -0.22200049887752557 -0.5718286847940249 -2.0489470688673874 -0.613365155131265 -0.39873186196805266 -0.3736098962888917 -0.5587717090359929 -2.0330495743615424 -1.3758174124887805 -0.37424325811777653 -0.1065117404986686 -0.2057035998129967 -0.30705394190871366 -0.33426183844011137 -0.34943217271933114 -0.28017510944340207 -0.30926549445067963 -0.35151958989381177 -0.2588057063502083 -0.29130196936542674 -0.01806218552444846 -0.21430262846317785 -0.15176864244741875 -0.2688971499380421 -0.016143052278653917 -0.16274195536925165 -0.0648459907719167 -0.09007897334649555 -0.08181818181818182 -0.07086285952480201 -0.07879924953095685 0.08722247394653375 -0.02155416903006239 0.08316258888754972 0.03787430465143804 0.10369647431987312 -0.09711124769514443 0.08109104312569111 -0.11863568956994563 -0.0324254215304799
0.0666584372299716 -0.07044615900704462 -0.006820506991019664 -0.11897818733232239 -0.15979012640114476 -0.17357762777242042 -0.017192680830160876 -0.34233365477338473 -0.006341154090044385 -0.12724038856204675 -0.06781829814459372 -0.029332681495966757 -0.10907347476926763 -0.046625766871165646 -0.40410519563822966 -0.22784810126582275 -0.19716088328075715 -0.19675044427519672 -0.1469440832249675 2.0816681711721684e-18 -0.030737704918032783 0.022102161100196464 -0.11156429942418426 -0.26961964371689934 -1.811510235612205 -0.2811767768810206 -0.20215454182737064 -0.292855339560717 -0.1129117959617428 -0.02000857510361584 -0.10845706907682376 -0.9432387312186978 -1.6337111164697373 -1.5378881987577642 -7.933873828223969 -1.6163530526600784 -0.4037777169449767 -1.6594059405940595 -0.3266812465828321 -0.3990877993158495 -0.3271263210870659 -2.279579716765646 -7.408137243537732 -1.7220543806646524 -4.245236327641672 -1.4280279010779962 -0.8627147100607001 -8.018904074594456 -2.6181770697310003 -0.45210059601686287 -0.23073085557495632 -0.6815264324892053 -2.6420034149117817 -0.7243436754176611 -0.4548225826118766 -0.409846307634637 -0.6040775232821546 -2.5588382573860793 -1.6207206052057956 -0.4017611447440837 -0.11135318324860807 -0.22557269752220663 -0.32957913455838767 -0.3584837107908442 -0.355672032946462 -0.2964352720450282 -0.3080184561666043 -0.3673867936042963 -0.26764297437192275 -0.31591903719912473 -0.012901561088891756 -0.20483068908358987 -0.15415869980879543 -0.2614622057001239 -0.007450639513224888 -0.1442485513500185 -0.046140416510786875 -0.08884501480750247 -0.07402597402597402 -0.07086285952480201 -0.07254534083802375 0.08948799275033982 -0.019285309132161088 0.08677835362179101 0.03550716061072317 0.11711601805538611 -0.09465273509526737 0.08477699963140435 -0.12110726643598617 -0.024643320363164724
0.0851746697938526 -0.058146036005814604 -0.0011367511651699427 -0.1143123760643882 -0.14071070832339613 -0.15790742526518803 -0.0036841458921773305 -0.3338958534233365 -0.001268230818008878 -0.11903133123546313 -0.05374280230326296 -0.019555120997311166 -0.09349154980222943 -0.028220858895705515 -0.39512508017960235 -0.20379746835443036 -0.1774447949526814 -0.1739020055851739 -0.1443433029908973 0.008161044613710556 -0.021772540983606554 0.046660117878192534 -0.11516314779270634 -0.1636976408281175 -1.290073387408266 -0.14319187711533454 -0.1702354036441016 -0.276445342085332 -0.09962805526036131 0.02286694297556095 -0.07359586830213041 -0.6618173145719055 -1.075476247890041 -1.4720496894409938 -7.599442614644035 -1.494517395424394 -0.3654530522857925 -1.1326732673267326 -0.22416621104428644 -0.3620296465222349 -0.29567186713638643 -2.2578803106441296 -7.347861365480469 -1.8296072507552867 -4.886166790398415 -1.5155358275206088 -0.8123466356709287 -7.823476816962575 -2.526769391486028 -0.44773949701991567 -0.24070840608630578 -0.807562142607072 -3.2088787706317587 -0.837708830548926 -0.49750030484087304 -0.4423341247032363 -0.6468663478479739 -3.1309464196294443 -1.8617771509167842 -0.4003852504127683 -0.11498426531106269 -0.23959794296400183 -0.3568464730290456 -0.3681724597311372 -0.35941594908274055 -0.28267667292057536 -0.3155006858710562 -0.3661662394727206 -0.2865799772755965 -0.30908096280087527 -0.006450780544445882 -0.20838266635093533 -0.17088910133843213 -0.2602230483271375 -0.008692412765429036 -0.13931697694488965 -0.03491707195410899 -0.08637709772951628 -0.07272727272727272 -0.06947339169098235 -0.0762976860537836 0.09062075215224287 -0.018150879183210438 0.08436784379896348 0.02958930050893597 0.11467610101256556 -0.09342347879532883 0.10197812999139944 -0.13222936233316857 -0.02204928664072633
0.09381557832366375 -0.06038242200603825 -0.003410253495509834 -0.10381430071153623 -0.1323634629143811 -0.14344262295081966 0.011052437676531992 -0.32304725168756027 0.0025364616360177587 -0.1094540976877822 -0.042226487523992315 -0.0012221950623319468 -0.08510128251228577 -0.007361963190184051 -0.39255933290570877 -0.17721518987341778 -0.1695583596214511 -0.1497842091901498 -0.1443433029908973 0.02448313384113166 -0.008965163934426226 0.06507858546168958 -0.1211612284069098 -0.09990370727010114 -0.764774044032445 -0.0481645404842489 -0.14097619364277164 -0.25498611461752085 -0.0810308182784272 0.040017150207231664 -0.06197546804389931 -0.43524922489864054 -0.6643356643356643 -1.3888198757763974 -7.068659741575881 -1.3591444429403006 -0.3408157678620312 -0.7683168316831684 -0.1571897211591033 -0.32069555302166475 -0.27176648213387006 -2.1687985381452717 -7.068505853715081 -1.9250755287009063 -5.569166048007918 -1.5814838300570704 -0.7878083430195015 -7.445395325073444 -2.3896578741185683 -0.43465620002907396 -0.25567473185333 -0.968607772202124 -3.8531587933978373 -0.954653937947494 -0.5511522985001829 -0.4923153817318505 -0.6896551724137933 -3.779419128693039 -2.0977048339530713 -0.4265272427077601 -0.12587751149842655 -0.2711547452080411 -0.4113811499703616 -0.4008719874046264 -0.3818794459004119 -0.30018761726078796 -0.3391944132684873 -0.3881362138410838 -0.31435424820098473 -0.32002188183807434 -0.006450780544445878 -0.21667061330807483 -0.20315487571701724 -0.2602230483271375 -0.016143052278653917 -0.1331525089384786 -0.04364633994263624 -0.08020730503455084 -0.07922077922077922 -0.05974711685424483 -0.07754846779237023 0.10081558676937019 -0.027226318774815655 0.09400988309027358 0.016570008285004142 0.12687568622666828 -0.0921942224953903 0.12900847769996313 -0.12605042016806722 -0.007782101167315175
0.09998765584495742 -0.07491893100749189 -0.009094009321359554 -0.10031494226058557 -0.12759360839494396 -0.1374156219864995 0.008596340415080436 -0.32184185149469624 -0.011414077362079895 -0.10124504036119852 -0.03071017274472168 0.0012221950623319488 -0.08270406328658758 0.009815950920245398 -0.3899935856318153 -0.1468354430379747 -0.1695583596214511 -0.13074384361513075 -0.1599479843953186 0.03536452665941241 -0.0051229508196721256 0.0638506876227898 -0.1295585412667946 -0.04092441020702937 -0.39268700914123866 0.018224420723769848 -0.12900651682404576 -0.2789699570815451 -0.08235919234856535 0.028583678719451187 -0.05035506778566816 -0.2754590984974959 -0.2556064625030142 -1.2944099378881986 -6.439067646313656 -1.1953431704345472 -0.3107035313441008 -0.5201320132013202 -0.09158009841443411 -0.29361459521094635 -0.23905385002516355 -2.0271813613522154 -6.667439434334066 -2.0145015105740187 -6.292996782974511 -1.6144578313253013 -0.7477721813250678 -6.95235662281262 -2.2159832854531207 -0.43029510103212676 -0.27438263906211025 -1.1506593534834872 -4.579396698918611 -1.0477326968973746 -0.6218753810510913 -0.5335499187804573 -0.7337024918197835 -4.487981972959439 -2.3579946146941912 -0.4499174463401211 -0.11982570806100215 -0.3003740065451145 -0.45998814463544757 -0.4372047959307254 -0.4018469986272307 -0.3126954346466541 -0.36164110238184305 -0.4308556084462346 -0.3585405883095569 -0.3419037199124726 -0.009031092762224227 -0.23206251479990528 -0.23064053537284898 -0.25402726146220567 -0.038494970818328575 -0.11835778572309211 -0.054869684499314134 -0.08514313919052321 -0.1 -0.056968181186605536 -0.07629768605378363 0.0883552333484368 -0.03743618831537152 0.09159937326744605 -0.004734288081429755 0.13175552031230936 -0.10448678549477568 0.12900847769996313 -0.15447355412753333 -0.007782101167315177
0.10369090235773362 -0.0693279660069328 -0.014777765147209274 -0.09564913099265135 -0.11686143572621036 -0.11571841851494695 0.018420729460886652 -0.30978784956605593 0.0050729232720355105 -0.0902996305924203 -0.031989763275751745 0.0 -0.08629989212513486 0.0012269938650306734 -0.38357921744708146 -0.14303797468354432 -0.14984227129337538 -0.12693577050012694 -0.14174252275682703 0.046245919477693145 0.005122950819672133 0.07121807465618861 -0.11756238003838773 -0.014443909484833895 -0.27552465559418055 0.0520697734964853 -0.09575741454980716 -0.2777076495834386 -0.05844845908607863 0.021437759039588392 -0.04002582311168494 -0.2229906987836871 -0.15915119363395228 -1.1739130434782608 -5.520648593868761 -1.0071747664816568 -0.26964139063783193 -0.45016501650165014 -0.049207217058501916 -0.2565564424173318 -0.19124308002013085 -1.7987665600730929 -5.752868899965225 -2.105135951661631 -6.836179163573372 -1.5916296766011415 -0.6689913470231177 -6.220462383446161 -1.9025855314703572 -0.3924989097252508 -0.28436018957345977 -1.3292099428171316 -5.342060330108138 -1.1276849642004774 -0.8206316302889892 -0.5822816443833563 -0.7903347596274856 -5.235353029544317 -2.5875112193871006 -0.47743533296642815 -0.12950859356088112 -0.3517999064983637 -0.6022525192649674 -0.4832263533971175 -0.4342942718083115 -0.3302063789868668 -0.38907594463150014 -0.5333821554985964 -0.41661406388082317 -0.3473741794310722 -0.00903109276222423 -0.23798247691214777 -0.24139579349904397 -0.27013630731102845 -0.05712156960139079 -0.12082357292565653 -0.05362264621523881 -0.07403751233958539 -0.08961038961038961 -0.052799777685146584 -0.08380237648530331 0.06909832351608519 -0.049914917753828704 0.07713631433048088 -0.004734288081429755 0.12077589361961694 -0.09711124769514444 0.12777982553139206 -0.1520019772614928 -0.006485084306095982
0.11233181088754476 -0.06709158000670916 -0.01591451631237922 -0.09098331972471714 -0.11209158120677318 -0.10848601735776278 0.02456097261451554 -0.31099324975891995 0.0012682308180088793 -0.08345874948693392 -0.01919385796545105 -0.0012221950623319481 -0.08869711135083305 0.006134969325153372 -0.36946760744066703 -0.14050632911392405 -0.1419558359621451 -0.132013201320132 -0.1326397919375813 0.055767138193688795 0.010245901639344265 0.08104125736738703 -0.11156429942418425 0.007221954742416952 -0.216299729625338 0.08721687060661286 -0.08245777364011173 -0.25877303711184046 -0.06110520722635493 0.040017150207231664 -0.027114267269205933 -0.19794896255664202 -0.12298046780805402 -1.0583850931677017 -4.651634152520901 -0.8690943549478813 -0.2600602244730359 -0.4105610561056105 -0.042372881355932215 -0.22092360319270235 -0.1509813789632612 -1.5772042028323434 -4.810478729569955 -2.19214501510574 -7.251917842118289 -1.5358275206087508 -0.6044168926772568 -5.459190190318049 -1.6244450248106557 -0.3619712167466202 -0.29558493389872786 -1.5147625160462133 -5.99203187250996 -1.2016706443914082 -1.0901109620777953 -0.6360114956891165 -0.8406745532343318 -5.961442163244868 -2.799076804718554 -0.48981838194826643 -0.140401839748245 -0.400888265544647 -0.8132780082987552 -0.5340922853336563 -0.4530138524897042 -0.34771732332707944 -0.40778151889263 -0.6334675942878066 -0.4936245423557632 -0.3555798687089715 -0.005160624435556703 -0.24982240113663273 -0.24139579349904397 -0.29120198265179675 -0.07202284862784056 -0.13561829614104304 -0.0473874547948622 -0.07280355380059231 -0.08701298701298701 -0.06252605252188412 -0.0762976860537836 0.053239691889442685 -0.05445263754963131 0.06508376521634325 0.005917860101787194 0.11589605953397586 -0.08727719729563613 0.1314657820371053 -0.15076618882847256 0.00129701686121919
0.10492531786199236 -0.07268254500726826 -0.017051267477549165 -0.09448267817566779 -0.11089911757691392 -0.10486981677917069 0.025789021245241312 -0.3278688524590164 -0.006341154090044388 -0.09166780681351758 -0.011516314779270629 -0.006110975311659741 -0.06472491909385113 0.0024539877300613485 -0.3515073765234124 -0.13164556962025314 -0.13932702418506834 -0.1370906321401371 -0.13654096228868662 0.055767138193688795 0.014088114754098362 0.08718074656188605 -0.08997120921305182 0.020462205103514687 -0.17123728595339258 0.11455350169226766 -0.05851842000265993 -0.25246149962130776 -0.04914984059511158 0.040017150207231664 -0.025823111684958037 -0.1633675172907226 -0.10610079575596817 -0.9316770186335402 -3.8206232581707624 -0.7228915662650602 -0.22857924993156314 -0.3815181518151815 -0.021869874248223065 -0.19384264538198404 -0.12707599396074484 -1.3590680676107811 -3.8854758316912017 -2.2888217522658607 -7.503093293739172 -1.4635383639822448 -0.5566317964613199 -4.660876229403501 -1.381561765474014 -0.33871202209623497 -0.3055624844100774 -1.6921461080639517 -6.453044963005122 -1.2744630071599048 -1.432752103402024 -0.6909908784205923 -0.8759124087591241 -6.682523785678518 -2.9478138222849086 -0.5090809025866814 -0.1561365286855483 -0.4628330995792426 -1.108476585655009 -0.5801138428000485 -0.4704854611256707 -0.35522201375859913 -0.43646339942636236 -0.7823751983400463 -0.5845221562933973 -0.3651531728665208 -0.006450780544445879 -0.2652143026284632 -0.22466539196940732 -0.2973977695167286 -0.09561654041971937 -0.14424855135001852 -0.054869684499314134 -0.06910167818361303 -0.09610389610389611 -0.07503126302626092 -0.07004377736085052 0.033982782057091085 -0.06693136698808848 0.04338917681089549 0.004734288081429755 0.09271684762718069 -0.08481868469575907 0.11549330384568128 -0.15447355412753336 -0.003891050583657589
0.10492531786199236 -0.07491893100749189 -0.01591451631237922 -0.08981686690773358 -0.10374433579775819 -0.09522661523625844 0.03438536166032176 -0.3254580520732883 0.0038046924540266354 -0.08893145437132303 -0.007677543186180422 -0.007333170373991687 -0.06472491909385114 0.01595092024539877 -0.32969852469531746 -0.13164556962025317 -0.11829652996845426 -0.14089870525514087 -0.12873862158647595 0.0530467899891186 0.02561475409836066 0.09823182711198428 -0.0671785028790787 0.046942705825710154 -0.14677481653147934 0.14579536579015878 -0.043888815001994944 -0.24867457712698812 -0.031880977683315624 0.04287551807917679 -0.011620400258231118 -0.13713331743381824 -0.11454063178201108 -0.7999999999999998 -3.0706865974157584 -0.5888723433058075 -0.20804817957842867 -0.37095709570957097 -0.009568069983597594 -0.18671607753705816 -0.09562154001006543 -1.1317953403380538 -3.0636374174104555 -2.362537764350453 -7.576095025983669 -1.3734939759036147 -0.5010977657238797 -3.871503384851195 -1.142595978062157 -0.3110917284489025 -0.3005737091544026 -1.8251838020772553 -6.698918611269209 -1.3532219570405726 -1.8534325082307035 -0.7522179182806447 -0.923735212685628 -7.293440160240361 -3.047826644441595 -0.5283434232250963 -0.1646090534979424 -0.548153342683497 -1.4961470065204505 -0.6418796172944169 -0.49544490203419445 -0.3702313946216385 -0.47387454794862194 -0.9788844135237398 -0.6918318394142153 -0.387035010940919 -0.010321248871113405 -0.2711342647407057 -0.22227533460803062 -0.3060718711276332 -0.11548491245498571 -0.14794723215386513 -0.05611672278338946 -0.05182625863770977 -0.08831168831168831 -0.08336807002917881 -0.06504065040650406 0.027186225645672864 -0.08508224617129892 0.036157647342412905 0.01183572020357439 0.09027693058436013 -0.0762138905961893 0.1142646516771102 -0.1532377656945131 0.001297016861219195
0.10492531786199236 -0.06261880800626188 -0.020461520973059 -0.07815233873789805 -0.1013594085380396 -0.06388621022179362 0.03315731302959597 -0.31340405014464806 0.005072923272035512 -0.061567929949377466 0.006397952655150352 0.0036665851869958446 -0.05873187102960566 0.0343558282208589 -0.30917254650416937 -0.1063291139240506 -0.10383806519453206 -0.12820512820512822 -0.11183355006501952 0.06936887921653972 0.043545081967213115 0.11296660117878192 -0.05758157389635317 0.06740491092922483 -0.11716235354705803 0.1822442072376985 -0.014629605000664982 -0.22595304216107043 -0.009298618490967053 0.0528798056309847 0.0 -0.11089911757691391 -0.13262599469496023 -0.6732919254658383 -2.436027362553838 -0.46568295654528236 -0.1806734191075828 -0.3551155115511551 0.0013668671405139433 -0.14965792474344358 -0.06165072974333167 -0.9125171311100958 -2.3322128202156027 -2.401208459214502 -7.593417470923039 -1.2403297400126825 -0.44298075681260485 -3.1000127730233746 -0.9075476625750849 -0.26602703881378115 -0.2893489648291344 -1.8998716302952505 -6.869664200341492 -1.4212410501193316 -2.2741129130593825 -0.7759590153692366 -0.956456078530078 -7.717826740110167 -3.110655212206693 -0.5324711062190424 -0.1646090534979424 -0.6428237494156147 -1.9703615886188497 -0.6975899237011021 -0.5041807063521777 -0.3827392120075047 -0.5025564284823544 -1.23642133528622 -0.7978790556747886 -0.39387308533916854 -0.001290156108889175 -0.26403031020601475 -0.2258604206500956 -0.3060718711276332 -0.13162796473363964 -0.12205646652693872 -0.047387454794862206 -0.0024679170779861813 -0.07662337662337664 -0.070862859524802 -0.0525328330206379 0.023787947439963757 -0.11230856494611459 0.03615764734241291 0.014202864244289265 0.10491643284128341 -0.054087277197295634 0.11917926035139452 -0.1408798813643104 0.00907911802853437
0.10492531786199233 -0.07380073800738007 -0.028418779129248607 -0.08048524437186515 -0.09897448127832102 -0.059064609450337514 0.04666584796757951 -0.3314850530376085 0.013950538998097655 -0.06977698727596114 0.017914267434420986 0.009777560498655587 -0.06951935754524752 0.05030674846625767 -0.29890955740859526 -0.08607594936708862 -0.09989484752891692 -0.12185833968012187 -0.10923276983094929 0.08297062023939064 0.04738729508196722 0.11296660117878192 -0.04438579654510556 0.07703418391911411 -0.11587485515643106 0.1978651392866441 0.005319856363878175 -0.2246907346629639 0.003985122210414453 0.0457338859511219 -0.0064557779212395085 -0.10732172668733604 -0.15553412105136244 -0.5577639751552794 -1.903977704585761 -0.37362934885609855 -0.18614837120175198 -0.3617161716171617 -0.016402405686167305 -0.12685290763968074 -0.02893809763462506 -0.7297852900867977 -1.7155442216297672 -2.4108761329305137 -7.4338035139816885 -1.1135066582117947 -0.38357225881441304 -2.403882999105888 -0.7064507704361451 -0.2369530455007996 -0.2905961586430531 -1.9243785739292805 -6.810472396129766 -1.5190930787589496 -2.770393854407999 -0.8109458952892664 -0.9740750062924741 -7.968202303455184 -3.1132196435440442 -0.5407264722069345 -0.18518518518518517 -0.7912575970079476 -2.4552459988144633 -0.7678333535182269 -0.5179083988518658 -0.4140087554721701 -0.5349794238683128 -1.5977053582326375 -0.9115010730968311 -0.4266958424507659 0.0012901561088891772 -0.27587023443049963 -0.22944550669216063 -0.31970260223048325 -0.14777101701229353 -0.10726174331155222 -0.034917071954108994 0.03948667324777888 -0.07012987012987014 -0.06669445602334305 -0.05378361475922452 0.004531037607612145 -0.13726602382302894 0.024105098228275283 0.016570008285004146 0.10857630840551422 -0.049170251997541485 0.11672195601425235 -0.14335145823035095 0.023346303501945526
0.10986297987902727 -0.0760371240076037 -0.02387177446856883 -0.08281815000583227 -0.08824230860958741 -0.04942140790742527 0.05526218838265996 -0.3314850530376085 0.02155992390615092 -0.0601997537282802 0.028150991682661546 0.0036665851869958437 -0.06352630948100205 0.05766871165644173 -0.2655548428479794 -0.07468354430379748 -0.09069400630914824 -0.12693577050012694 -0.10663198959687907 0.08569096844396083 0.05891393442622951 0.11173870333988212 -0.019193857965451054 0.07101588830043332 -0.10299987125016093 0.21088258266076543 0.013299640909695437 -0.2095430446856854 0.013283740701381514 0.05430898956695727 -0.003873466752743704 -0.08108752683043167 -0.1615625753556788 -0.4136645962732919 -1.3541930580187487 -0.2693921754433464 -0.17519846701341363 -0.3524752475247525 -0.01366867140513942 -0.08979475484606615 -0.013839959738298945 -0.5710370031978074 -1.2043584096441404 -2.397583081570997 -7.096015837663946 -0.9714648065948002 -0.3319126953377244 -1.7933324817984417 -0.5131888221467745 -0.1977031545282745 -0.2718882514342729 -1.8893686544520947 -6.4883323847467285 -1.6443914081145583 -3.3130106084623825 -0.8571785580407347 -0.98036748049333 -8.039559339008514 -3.036286703423516 -0.5517336268574573 -0.20334059549745825 -0.9478728377746609 -3.0183758150563125 -0.830810221630132 -0.5528516161237989 -0.44152595372107567 -0.5836139169472503 -2.0444281703893568 -1.0554222951647518 -0.4417396061269147 -0.01806218552444846 -0.3090220222590575 -0.24737093690248563 -0.36555142503097887 -0.18254066807400968 -0.12205646652693873 -0.05237560793116349 0.051826258637709774 -0.08571428571428572 -0.07919966652771988 -0.06253908692933083 -0.028318985047575896 -0.15314804310833807 -0.008436784379896348 0.010652148183216949 0.0829571794558985 -0.061462814996926865 0.09460621697997298 -0.14829461196243204 0.007782101167315177
0.0888779163066288 -0.08274628200827464 -0.04660679777196771 -0.07581943310393094 -0.10970665394705463 -0.030135004821600773 0.036841458921773304 -0.33630665380906455 -0.00507292327203551 -0.06567245861266931 0.02687140115163148 -0.0012221950623319481 -0.07071796715809661 0.05521472392638038 -0.25400898011545864 -0.0569620253164557 -0.09332281808622502 -0.13074384361513075 -0.10663198959687907 0.08433079434167574 0.04738729508196721 0.11787819253438114 -0.016794625719769675 0.07823784304285027 -0.11329985837517705 0.22780525904712312 0.0013299640909695404 -0.2057561221913658 0.006641870350690758 0.041446334143204235 -0.0012911555842479 -0.07512520868113523 -0.1772365565469014 -0.31055900621118004 -0.9044844185457311 -0.20441315825098147 -0.15740487270736386 -0.3643564356435644 -0.023236741388737013 -0.09834663625997721 1.7347234759768072e-19 -0.4442667884878941 -0.6966500521618174 -2.3202416918429 -6.666666666666669 -0.8357641090678504 -0.2854190882087046 -1.288798058500447 -0.34343170540611134 -0.18607355720308189 -0.2706410576203542 -1.7936748745477886 -6.078542970973251 -1.7816229116945106 -3.934885989513474 -0.89341496938648 -0.9979864082557262 -7.959439158738109 -2.9388383126041804 -0.5723720418271877 -0.2263374485596708 -1.1302010285179989 -3.69768820391227 -0.9083202131524766 -0.6015225258954199 -0.4752970606629143 -0.6497069460032423 -2.5680458928353476 -1.2410049236207548 -0.4827680525164114 -0.0425751515933428 -0.34454179493251247 -0.2915869980879541 -0.40768277571251543 -0.21855209238792997 -0.13561829614104304 -0.07232822047636864 0.04812438302073051 -0.11298701298701301 -0.1000416840350146 -0.07254534083802376 -0.03851381966470322 -0.1758366420873511 -0.015668313848378933 -0.0071014321221446325 0.0914968891057704 -0.0860479409956976 0.09460621697997298 -0.17548195748887788 0.0012970168612191943
0.0888779163066288 -0.092810019009281 -0.054564055928157315 -0.08865041409075002 -0.1120915812067732 -0.02772420443587271 0.03070121576814442 -0.353182256509161 -0.015218769816106531 -0.07661786838144753 0.016634676903390915 -0.0024443901246638962 -0.08150545367373847 0.05030674846625768 -0.2591404746632457 -0.04050632911392406 -0.1012092534174553 -0.13074384361513075 -0.11703511053315996 0.08161044613710557 0.033299180327868855 0.11787819253438114 -0.020393474088291747 0.08425613866153106 -0.13647482940646324 0.24863316844571726 -0.011969676818725896 -0.20701842968947232 -0.007970244420828904 0.03715878233528656 0.003873466752743706 -0.06439303601240162 -0.17361948396431157 -0.23478260869565215 -0.5510514314669368 -0.15838635440638962 -0.13413632630714484 -0.3722772277227723 -0.010934937124111537 -0.09407069555302167 0.012581781580271767 -0.34033805390589306 -0.3129709052973223 -2.2138972809667674 -6.088839396189063 -0.7140139505389982 -0.22471910112359553 -0.8621790777877123 -0.19456777226429875 -0.15699956389010034 -0.25567473185333 -1.6513012020072355 -5.486624928856005 -1.958233890214797 -4.606755273747104 -0.9284018493065099 -0.9828844701736722 -7.732849273910867 -2.770868060007693 -0.5751238304898184 -0.23965141612200438 -1.316035530621786 -4.413752222880854 -0.9882523919098946 -0.6427056033944838 -0.5353345841150718 -0.7033295922184811 -3.175881850360063 -1.427850018937003 -0.5183260393873085 -0.05676686879112373 -0.3694056358039309 -0.3417782026768642 -0.45229244114002476 -0.24587110393642125 -0.14671433855258292 -0.07606933532859458 0.049358341559723594 -0.13246753246753246 -0.11949423370848963 -0.07754846779237022 -0.053239691889442685 -0.19852524106636416 -0.03615764734241292 -0.009468576162859508 0.07929730389166767 -0.09342347879532883 0.09092026047425973 -0.18783984181908056 0.002594033722438389
0.09628440933218121 -0.08833724700883372 -0.054564055928157315 -0.08865041409075003 -0.1013594085380396 -0.026518804243008676 0.04912194522903107 -0.3628254580520733 0.007609384908053264 -0.09166780681351758 0.024312220089571335 -0.010999755560987534 -0.07071796715809661 0.039263803680981604 -0.23733162283515075 -0.059493670886075954 -0.0880651945320715 -0.15486164001015484 -0.08582574772431731 0.07208922742110992 0.04610655737704918 0.12524557956777996 -0.020393474088291747 0.08786711603273953 -0.11973735032831212 0.2603488674824264 0.0026599281819390834 -0.19060843221408735 0.0053134962805526055 0.04859225382306703 0.015493867010974823 -0.058430717863105185 -0.18326501085121777 -0.1614906832298137 -0.2913605269825184 -0.11642073913632056 -0.10813030385984121 -0.37755775577557754 0.005467468562055768 -0.0798175598631699 0.027679919476597887 -0.25354042941982635 -0.0394111510374406 -2.096676737160121 -5.398416233605544 -0.6074825618262524 -0.1666020922123208 -0.5007025162856047 -0.0705144946461217 -0.1192033725832243 -0.22449488650536295 -1.4809195938849342 -4.752418895845191 -2.127684964200477 -5.2810632849652475 -0.9596401349493938 -0.9413541404480241 -7.427391086629946 -2.5272470829593536 -0.5778756191524491 -0.2565964657467925 -1.492519869097709 -5.140486069946651 -1.0609180089620929 -0.6938724572569575 -0.5828642901813633 -0.7631874298540965 -3.806908336384719 -1.612170180532761 -0.5511487964989058 -0.05031608824667785 -0.4132133554345252 -0.39913957934990435 -0.516728624535316 -0.24959642369303364 -0.17383799778079154 -0.06983414390821799 0.0357847976307996 -0.12987012987012986 -0.14450465471724327 -0.07129455909943713 -0.06456728590847305 -0.21100397050482136 -0.04459443172230926 -0.0035507160610723136 0.08173722093448822 -0.08973570989551322 0.10197812999139944 -0.17795353435491845 0.003891050583657589
0.10862856437476856 -0.08945544000894554 -0.036376037285438215 -0.09214977254170068 -0.10255187216789888 -0.033751205400192864 0.05526218838265995 -0.3736740597878496 0.017755231452124286 -0.09987686414010125 0.030710172744721688 -0.012221950623319482 -0.0719165767709457 0.04785276073619632 -0.236048749198204 -0.04683544303797468 -0.0946372239747634 -0.1612084285351612 -0.09882964889466841 0.06528835690968446 0.05635245901639345 0.11787819253438112 -0.020393474088291747 0.08907077515647568 -0.12617484228144718 0.26425410049466286 -0.007979784545817267 -0.18429689472355465 -0.009298618490967053 0.057167357438902375 0.028405422853453842 -0.05366086334366803 -0.16879672052085848 -0.11801242236024848 -0.24195591588548265 -0.09476106673886557 -0.10813030385984121 -0.3854785478547854 0.002733734281027884 -0.07981755986316989 0.026421741318570707 -0.21356783919597988 -0.03245624203083343 -1.8984894259818734 -4.590447908933433 -0.49841471147748895 -0.15368720134314864 -0.32060288670328263 -0.05615043092191172 -0.1003052769297863 -0.19456223497131453 -1.2626910958104796 -3.8770631758679572 -2.3233890214797137 -5.778563589806121 -0.9346495064350868 -0.8658444500377549 -6.690035052578868 -2.2131042441338633 -0.5476059438635114 -0.26264826918421685 -1.6327723235156615 -5.67397747480735 -1.1117839408986314 -0.7962061649819044 -0.6253908692933083 -0.8217982292056366 -4.4367142682777985 -1.7270546648150487 -0.5812363238512035 -0.05547671268223455 -0.4735969689793985 -0.5521032504780115 -0.5687732342007435 -0.2558052899540544 -0.18739982739489586 -0.08978675645342311 -0.00987166831194471 -0.1753246753246753 -0.15839933305543977 -0.07504690431519699 -0.06456728590847303 -0.22234826999432786 -0.048210196456550544 -0.031956444549650846 0.08417713797730876 -0.1020282728948986 0.09337756481140189 -0.18289668808699952 -0.0038910505836575833
0.1148006418960622 -0.08721905400872189 -0.0284187791292486 -0.08165169718884871 -0.11447650846649175 -0.012054001928640309 0.050349993859756845 -0.36885245901639346 0.016487000634115408 -0.10124504036119855 0.017914267434420986 -0.015888535810315327 -0.07910823444804027 0.04539877300613497 -0.2475946119307248 -0.03670886075949367 -0.1012092534174553 -0.1739020055851739 -0.09882964889466841 0.05848748639825898 0.04610655737704918 0.09823182711198429 -0.031190019193857964 0.091478093403948 -0.1429123213595983 0.27076282218172354 -0.01994946136454316 -0.19313304721030042 -0.0053134962805526 0.04716306988709447 0.027114267269205933 -0.0441211543047937 -0.17000241138172173 -0.08198757763975154 -0.22168735748669874 -0.06091782861784214 -0.10539282781275665 -0.3894389438943894 -0.0013668671405139422 -0.07839224629418473 0.013839959738298943 -0.19072635906806762 -0.0567984235539585 -1.6725075528700906 -3.802276664192031 -0.39949270767279643 -0.13173188686555598 -0.19798186230680803 -0.03133977539827631 -0.0697775839511557 -0.1683711648790222 -1.0421286031042127 -3.0711439954467843 -2.476133651551313 -6.088281916839409 -0.8884168436836186 -0.8004027183488548 -5.831246870305458 -1.9092191306577764 -0.5173362685745734 -0.26506899055918665 -1.7449742870500233 -6.021339656194427 -1.1614387792176335 -0.9160114813428178 -0.6579111944965603 -0.8716797605686495 -5.048211888197242 -1.7914404746875392 -0.6085886214442012 -0.07224874209779383 -0.5363485673691688 -0.749282982791587 -0.6022304832713755 -0.2582888364584627 -0.20342744421156458 -0.12345679012345678 -0.09501480750246791 -0.22597402597402594 -0.17785188272891483 -0.08880550343964978 -0.0792931581332125 -0.22121384004537722 -0.07231529468482584 -0.07574860930287608 0.0792973038916677 -0.12538414259373082 0.07371913011426463 -0.19278299555116166 -0.022049286640726327
0.12344155042587335 -0.08498266800849824 -0.01932476980788905 -0.08981686690773358 -0.12640114476508466 -0.010848601735776278 0.04912194522903107 -0.3387174541947927 0.015218769816106531 -0.09850868791900397 0.00255918106206014 -0.02077731605964312 -0.09109433057653123 0.03312883435582823 -0.2565747273893521 -0.04556962025316456 -0.10646687697160881 -0.20055851739020056 -0.09102730819245775 0.05168661588683351 0.03329918032786885 0.08718074656188605 -0.05038387715930902 0.08907077515647568 -0.16222479721900346 0.2694610778443114 -0.04521877909296449 -0.20449381469325925 -0.02125398512221042 0.05716735743890239 0.030987734021949643 -0.04769854519437156 -0.17603086568603812 -0.07204968944099378 -0.22168735748669874 -0.05414918099363747 -0.1108677799069258 -0.3854785478547854 -0.005467468562055768 -0.07411630558722919 0.006290890790135883 -0.15989036089538602 -0.07998145357598238 -1.422356495468278 -3.1056669141301656 -0.33100824350031705 -0.0981531706057084 -0.1443351641333504 0.003917471924784535 -0.04070359063817415 -0.15215764529807932 -0.827401096977477 -2.3870233352305066 -2.515513126491647 -6.317522253383734 -0.8609271523178806 -0.7337024918197835 -4.941161742613921 -1.6335427618925504 -0.48569069895432027 -0.2699104333091262 -1.7823749415614771 -6.2845287492590405 -1.1941383068911227 -1.0420566579308623 -0.6791744840525329 -0.9228083302157378 -5.3521298669596 -1.8533013508395402 -0.6099562363238511 -0.09676170816668817 -0.5919962112242481 -0.9357074569789676 -0.6567534076827758 -0.26449770271948336 -0.24288003945259523 -0.1533857089412645 -0.21594274432379074 -0.274025974025974 -0.20286230373766845 -0.10131332082551596 -0.0826914363389216 -0.2212138400453772 -0.09400988309027358 -0.11717363001538643 0.06465780163474441 -0.13767670559311615 0.08600565179997541 -0.2014335145823035 -0.011673151750972761
0.11726947290457967 -0.07380073800738005 -0.013641013982039336 -0.09098331972471713 -0.13594085380395898 -0.014464802314368369 0.0528060911212084 -0.32063645130183227 0.02155992390615092 -0.09029963059242031 -0.0038387715930902123 -0.020777316059643117 -0.1186623516720604 0.01226993865030675 -0.2758178319435535 -0.05316455696202532 -0.120925341745531 -0.20055851739020056 -0.10143042912873863 0.05032644178454841 0.030737704918032793 0.08963654223968567 -0.08157389635316699 0.09749638902262879 -0.16994978756276555 0.2707628221817236 -0.04654874318393404 -0.1729361272405958 -0.03055260361317747 0.09289695583821636 0.01936733376371853 -0.023849272597185785 -0.18929346515553414 -0.05341614906832298 -0.23308842158601467 -0.031135779071341546 -0.10128661374212977 -0.3603960396039604 -0.008201202843083653 -0.05986316989737741 0.007549068948163059 -0.145043398812243 -0.1147559986090182 -1.1794561933534744 -2.4882454837911405 -0.25998731769181993 -0.07878083430195015 -0.09579767530974583 0.013058239749281799 0.002907399331298165 -0.13344973808929905 -0.6115065935348349 -1.8315310187820146 -2.4152744630071603 -6.101694915254237 -0.7822066724978133 -0.6418323684872893 -4.0435653480220335 -1.3706885498140788 -0.4017611447440836 -0.27112079399661104 -1.7262739597942964 -6.237107291049201 -1.1844495579508296 -1.101959316111319 -0.6741713570981865 -0.9153261005112856 -5.248382765775663 -1.8015402095694988 -0.5702954048140043 -0.1109534253644691 -0.6239640066303576 -1.1125717017208414 -0.6976456009913259 -0.2644977027194834 -0.26630501787695726 -0.1845616660431475 -0.2899802566633761 -0.3220779220779221 -0.21397804640822563 -0.10631644777986242 -0.08722247394653375 -0.21554169030062392 -0.10606243220441122 -0.1597822227482542 0.041478589727949246 -0.14628149969268592 0.07617643445140679 -0.20884824518042513 -0.007782101167315173
0.12097271941735588 -0.08386447500838642 -0.007957258156189615 -0.09448267817566779 -0.12878607202480324 -0.02772420443587271 0.056490237013385736 -0.30617164898746385 0.027901077996195307 -0.09440415925571213 -0.006397952655150351 -0.024443901246638963 -0.13184705741340047 -0.0024539877300613485 -0.26940346375881974 -0.07215189873417722 -0.12355415352260776 -0.20182787509520184 -0.10403120936280885 0.036724700761697496 0.014088114754098362 0.08718074656188605 -0.10436660268714011 0.09629272989889263 -0.18024977468778164 0.24733142410830516 -0.054528527729751294 -0.1729361272405958 -0.03852284803400637 0.08289266828640846 0.009038089089735314 -0.03577390889577868 -0.1904991560163974 -0.0484472049689441 -0.22422092728654675 -0.047380533369432785 -0.10813030385984124 -0.3603960396039604 -0.015035538545653362 -0.07696693272519954 0.016356316054353295 -0.1347647327546825 -0.13793902863104207 -0.955891238670695 -1.8708240534521157 -0.22194039315155356 -0.05811700891127469 -0.07663814024779665 0.026116479498563595 0.017444395987788925 -0.12596657520578697 -0.44579297467615814 -1.2805919180421175 -2.285202863961814 -5.734666504084868 -0.7459702611520679 -0.5600302038761642 -3.2761642463695546 -1.1052699063982563 -0.38937809576224536 -0.25901718712176225 -1.642122487143525 -5.85180794309425 -1.16264987283517 -1.1194309247472858 -0.6766729205753597 -0.8903853348297792 -5.020139143171 -1.6942305264486808 -0.5511487964989059 -0.12385498645336084 -0.6452758702344304 -1.2010038240917784 -0.7211895910780669 -0.2818825282503415 -0.3008260387128591 -0.22197281456540713 -0.34674234945705823 -0.36103896103896094 -0.21814644990968457 -0.1188242651657286 -0.08495695514272769 -0.21894498014747593 -0.12173074605279018 -0.18345366315540299 0.013419543735512995 -0.16840811309157958 0.046688782405700936 -0.21379139891250615 -0.0311284046692607
0.1172694729045797 -0.06261880800626188 0.0 -0.08515105563979937 -0.11686143572621036 -0.024108003857280617 0.041753653444676415 -0.2591610414657667 0.019023462270133164 -0.07661786838144753 -0.020473448496481125 -0.026888291371302858 -0.14383315354189138 -0.008588957055214726 -0.26427196921103274 -0.08481012658227848 -0.13932702418506832 -0.1827875095201828 -0.11183355006501952 0.021762785636561477 0.008965163934426233 0.08472495088408645 -0.11036468330134355 0.091478093403948 -0.16994978756276552 0.22520177037229888 -0.07181806091235537 -0.17041151224438272 -0.04782146652497343 0.07003001286265542 0.01936733376371852 -0.031004054376341524 -0.1772365565469014 -0.043478260869565216 -0.20901950848745882 -0.052795451468796536 -0.10813030385984121 -0.3287128712871287 -0.02050300710770913 -0.07981755986316989 0.008807247106190236 -0.12677021470991318 -0.1483713921409528 -0.7637462235649546 -1.3672358327146752 -0.1927710843373494 -0.05424254165052304 -0.06131051219823732 0.028728127448419953 0.027620293647332463 -0.10725866799700674 -0.31508927529466674 -0.8514513375071143 -2.0978520286396183 -5.242043653213022 -0.6772460327377233 -0.4882959979864084 -2.5751126690035058 -0.8654955763559432 -0.345349477160154 -0.24933430162188328 -1.5007012622720899 -5.402489626556017 -1.1081506600460216 -1.1244228129289904 -0.6554096310193872 -0.869185684000499 -4.6551934578298555 -1.5856583764676175 -0.4991794310722101 -0.1380467036511418 -0.6334359460099455 -1.2380497131931167 -0.7174721189591077 -0.2918167142679747 -0.3230181235359389 -0.24566654196283824 -0.39239881539980254 -0.3805194805194804 -0.22648325691260246 -0.13008130081300812 -0.08042591753511555 -0.2144072603516733 -0.12293600096420391 -0.20239081548112203 -0.009759668171282172 -0.19422249539028885 0.03440226071999018 -0.2236777063766683 -0.03761348897535668
0.1098629798790273 -0.05031868500503187 -2.6020852139652106e-18 -0.07815233873789804 -0.1120915812067732 -0.030135004821600773 0.038069507552499084 -0.23264223722275795 0.015218769816106528 -0.07524969216035025 -0.030710172744721688 -0.024443901246638967 -0.1486275919932878 -0.02208588957055215 -0.2694034637588198 -0.10506329113924051 -0.13669821240799157 -0.16501650165016502 -0.10273081924577374 0.009521218715995646 -0.01280737704918033 0.08595284872298624 -0.12835892514395392 0.1083293211362542 -0.1763872795159006 0.20958083832335328 -0.07846788136720309 -0.16536228225195654 -0.05446333687566418 0.058596541374874946 0.012911555842479012 -0.027426663486763658 -0.16879672052085845 -0.054658385093167706 -0.20395236888776286 -0.07716258291593339 -0.11771147002463729 -0.304950495049505 -0.03143794423182066 -0.0855188141391106 0.0025163563160543537 -0.1187756966651439 -0.16228121015416716 -0.5812688821752265 -0.9675822816134623 -0.16233354470513633 -0.03616169443368204 -0.04087367479882488 0.047009663097414466 0.04942578863206862 -0.09977550511349463 -0.22873147391760998 -0.5543540125213432 -1.8591885441527445 -4.6555298134373855 -0.5972760214919405 -0.4102693178957966 -1.9579369053580375 -0.6526477753558149 -0.29031370390753986 -0.23602033405954975 -1.3464235624123424 -4.845287492590397 -1.0463848855516533 -1.1044552602021716 -0.6441525953721076 -0.8242923057737872 -4.202367875015257 -1.4291124857972477 -0.45678336980306355 -0.13417623532447426 -0.6204120293630121 -1.2380497131931167 -0.6864931846344484 -0.28560784800695393 -0.341511527555172 -0.2481606185309889 -0.4232477788746298 -0.37142857142857133 -0.21953591774350426 -0.13633520950594122 -0.05210693248753965 -0.2110039705048213 -0.09400988309027358 -0.22014439578648362 5.551115123125783e-18 -0.19299323909035032 0.04177417373141663 -0.21873455264458724 -0.025940337224383915
0.10862856437476856 -0.05255507100525551 0.011367511651699445 -0.0793187915548816 -0.09778201764846173 -0.06147540983606557 0.050349993859756845 -0.2157666345226615 0.03804692454026633 -0.07798604460254481 -0.03326935380678183 -0.025666096308970914 -0.1474289823804387 -0.013496932515337425 -0.2617062219371392 -0.11139240506329114 -0.1458990536277602 -0.14343742066514345 -0.10663198959687907 0.01224156692056583 -0.014088114754098357 0.0699901768172888 -0.14275431861804222 0.09629272989889262 -0.17381228273464658 0.18484769591252279 -0.07713791727623355 -0.15526382226710425 -0.05313496280552603 0.05002143775903959 -0.001291155584247901 -0.026234199856904367 -0.17723655654690135 -0.059627329192546576 -0.1950848745882949 -0.09882225531338837 -0.11360525595401039 -0.2706270627062707 -0.025970475669764896 -0.07126567844925884 0.0012581781580271775 -0.1119232526267702 -0.17966848267068508 -0.4459214501510574 -0.6656768126701312 -0.1382371591629677 -0.03745318352059925 -0.01788223272448588 0.03264559937320449 0.07413868294810293 -0.0810675979047144 -0.18555257322908156 -0.363118952760387 -1.6062052505966586 -3.9897573466650407 -0.5298013245033112 -0.33853511200604075 -1.4308963445167748 -0.47185536607257345 -0.24766097963676387 -0.2118131203098524 -1.1640953716690043 -4.158861885002964 -0.9761414557345283 -1.0595282665668289 -0.6341463414634146 -0.7494700087292681 -3.671426827779811 -1.2321676555990406 -0.4102844638949672 -0.12127467423558251 -0.5955481884915936 -1.2021988527724665 -0.6592317224287484 -0.2719483422327083 -0.3550733571692763 -0.24691358024691357 -0.4454590325765054 -0.3571428571428571 -0.21536751424204534 -0.1375859912445278 -0.05210693248753965 -0.20986954055587065 -0.10003615764734242 -0.2284293999289857 -0.0219592533853849 -0.18438844499078058 0.022115739034279398 -0.19896193771626297 -0.025940337224383915
0.11233181088754476 -0.05031868500503187 0.02614527679890872 -0.0793187915548816 -0.0787025995707131 -0.08076181292189007 0.051578042490482624 -0.19045323047251686 0.04185161699429296 -0.07935422082364207 -0.0345489443378119 -0.02933268149596676 -0.14143593431619322 -0.01226993865030675 -0.23861449647209748 -0.12658227848101264 -0.1353838065194532 -0.12185833968012187 -0.09622886866059818 0.014961915125136015 -0.00896516393442623 0.06630648330058939 -0.1295585412667946 0.09629272989889262 -0.14934981331273334 0.16792501952616506 -0.07447798909429446 -0.14011613228982578 -0.04117959617428268 0.05002143775903959 -0.009038089089735316 -0.03577390889577868 -0.17844224740776465 -0.05838509316770185 -0.18748416518875094 -0.10694463246243399 -0.1108677799069258 -0.24158415841584158 -0.03007107709130672 -0.08124287343215508 -0.0012581781580271762 -0.1027866605756053 -0.17850933116958384 -0.3480362537764351 -0.44172234595397175 -0.12682308180088775 -0.02970424899909596 -0.003831907012389829 0.026116479498563588 0.07704608227940109 -0.06859565976552756 -0.14354066985645933 -0.25384177575412636 -1.3042959427207639 -3.2374100719424455 -0.4410845932775209 -0.2806443493581676 -0.972709063595393 -0.32440056417489427 -0.20363236103467255 -0.1924473493100944 -0.9654043945769052 -3.394190871369294 -0.8756206854789875 -0.9958816922500937 -0.5778611632270169 -0.6821299413892007 -3.050164774807763 -1.0099734881959348 -0.36788840262582057 -0.1109534253644691 -0.5718683400426237 -1.1316921606118548 -0.630731102850062 -0.24214578417980875 -0.37233386758722725 -0.23693727397431102 -0.4639684106614017 -0.33376623376623366 -0.20842017507294708 -0.13383364602876796 -0.0407793384685093 -0.18718094157685763 -0.09280462817885982 -0.22724582790862824 -0.02927900451384653 -0.19053472649047326 0.007371913011426467 -0.1903114186851211 -0.03372243839169909
0.10245648685347489 -0.051436878005143696 0.029555530294418552 -0.07581943310393095 -0.06797042690197949 -0.08799421407907425 0.04420975070612796 -0.16634522661523624 0.053265694356372864 -0.0725133397181557 -0.04862444017914268 -0.02199951112197507 -0.1474289823804387 -0.015950920245398775 -0.22835150737652338 -0.12784810126582277 -0.1498422712933754 -0.09774054328509772 -0.10923276983094929 0.009521218715995648 -0.034579918032786885 0.0675343811394892 -0.1307581573896353 0.09749638902262878 -0.16093729882837646 0.14839885446498308 -0.09575741454980716 -0.12118151981822771 -0.049149840595111585 0.048592253823067026 -0.02453195610071014 -0.045313617934653 -0.17120810224258498 -0.05590062111801243 -0.18241702558905498 -0.11777446866116151 -0.11497399397755267 -0.21518151815181516 -0.024603608529250955 -0.08124287343215507 -0.023905385002516356 -0.09707629054362724 -0.1958966036861018 -0.2549848942598188 -0.2821083890126207 -0.12301838934686112 -0.05295105256360584 -0.011495721037169492 0.003917471924784539 0.07559238261375201 -0.07483162883512098 -0.10036176916793091 -0.21513944223107573 -0.9880668257756563 -2.466772344835996 -0.34861926777458446 -0.24918197835388875 -0.5045067601402102 -0.23208103603026026 -0.14446890478811228 -0.18397482449770033 -0.7772323515661526 -2.6152934202726734 -0.77752210245852 -0.9147635092973918 -0.5340838023764852 -0.6023194912083801 -2.383742218967412 -0.7701047847494003 -0.313183807439825 -0.11869436201780417 -0.5197726734548899 -1.0659655831739963 -0.5600991325898389 -0.23469514466658387 -0.36863518678338064 -0.25190173338321487 -0.4627344521224086 -0.3168831168831169 -0.1917465610671113 -0.14133833646028768 -0.021522428636157696 -0.17697107203630177 -0.08436784379896348 -0.2355308320511303 -0.051238257899231435 -0.20405654578979715 -0.01474382602285293 -0.18536826495304004 -0.03631647211413749
0.08394025428959387 -0.05143687800514368 0.013641013982039332 -0.06882071620202963 -0.0560457906033866 -0.09281581485053038 0.04298170207540219 -0.14344262295081966 0.04185161699429296 -0.06840881105486388 -0.051183621241202806 -0.015888535810315324 -0.14263454392904232 -0.01226993865030675 -0.214239897370109 -0.13797468354430378 -0.14589905362776026 -0.06600660066006601 -0.10533159947984397 0.019042437431991292 -0.049948770491803275 0.07858546168958742 -0.131957773512476 0.10592200288878191 -0.14806231492210634 0.14319187711533454 -0.09043755818592898 -0.08836152486745771 -0.03852284803400637 0.05573817350292983 -0.04389928986442866 -0.04054376341521583 -0.18808777429467086 -0.05217391304347827 -0.17228274638966304 -0.13672668200893462 -0.12044894607172188 -0.1900990099009901 -0.032804811372334604 -0.07981755986316989 -0.02767991947659789 -0.08222932846048424 -0.19241914918279818 -0.20181268882175227 -0.22271714922048994 -0.11794546607482563 -0.0503680743897714 0.0012773023374632812 0.0065291198746408995 0.07704608227940109 -0.08605637316038914 -0.07935581748161977 -0.20375640295959024 -0.6396181384248212 -1.7351542494817707 -0.2936398850431088 -0.20765164862824062 -0.30295443164747116 -0.1910501346326452 -0.10594386351128235 -0.17792302106027597 -0.5785413744740533 -1.9300533491404859 -0.6527794598522466 -0.7724946961188068 -0.46278924327704807 -0.5000623519142038 -1.624557549127304 -0.5769473551319279 -0.24343544857768054 -0.11353373758224747 -0.44636514326308313 -0.8974665391969407 -0.4845105328376703 -0.20737613311809264 -0.35753914437184076 -0.22197281456540718 -0.42941757156959526 -0.26363636363636356 -0.17507294706127555 -0.13633520950594122 -0.0033982782057091084 -0.15768576290414069 -0.06628902012775702 -0.22014439578648362 -0.06709771867756496 -0.19545175169022744 -0.01597247819142401 -0.18166089965397925 -0.022049286640726327
0.07036168374274782 -0.046964106004696415 0.014777765147209276 -0.07581943310393095 -0.0345814452659194 -0.11812921890067503 0.039297556183224856 -0.12536162005785925 0.04311984781230184 -0.06840881105486386 -0.04094689699296226 -0.013444145685651433 -0.13064844780055135 -0.023312883435582826 -0.1834509300833868 -0.15822784810126578 -0.14721345951629863 -0.03935008885503936 -0.11183355006501952 0.019042437431991292 -0.04098360655737705 0.09454813359528488 -0.11876199616122843 0.0974963890226288 -0.12359984550019312 0.1288726894038011 -0.07580795318526401 -0.059328452411007315 -0.030552603613177465 0.0643132771187652 -0.05035506778566817 -0.03219651800620081 -0.17603086568603807 -0.05590062111801244 -0.13934633899163923 -0.15432516583186678 -0.11771147002463726 -0.16633663366336632 -0.031437944231820655 -0.07696693272519954 -0.023905385002516356 -0.07195066240292372 -0.1727135736640779 -0.1824773413897281 -0.194258846820094 -0.12935954343690553 -0.058117008911274706 0.0012773023374632805 0.00391747192478454 0.07559238261375201 -0.09353953604390122 -0.05718286847940248 -0.18895845190665908 -0.3400954653937947 -1.1218144128764784 -0.24990628514307128 -0.1724137931034483 -0.1827741612418628 -0.15386588024105657 -0.07705008255365989 -0.15976761074800291 -0.4055633473585788 -1.3479549496147007 -0.5389366598038029 -0.6052664420316984 -0.40650406504065034 -0.40404040404040414 -0.8971072867081655 -0.41408913016033344 -0.19146608315098465 -0.09418139594890981 -0.3599336964243428 -0.6883365200764818 -0.4151177199504336 -0.18874953433503044 -0.3267168043397855 -0.18580870432722285 -0.3381046396841066 -0.20259740259740258 -0.13199944421286647 -0.1275797373358349 0.026053466243769825 -0.14861032331253546 -0.04097866698806798 -0.18227009113504555 -0.07685738684884715 -0.17332513829133378 -0.012286521685710776 -0.17053880375679686 -0.007782101167315177
