-0.013354376593419934 0.0 -0.00985545335085414 -0.004667989263624694 -0.003551136363636364 -0.003523608174770965 -0.0036773719048786464 -0.007291286912139992 0.0 -0.006901311249137336 0.0012714558169103624 0.0 -0.004789845527481739 -0.013513513513513514 -0.014996250937265684 0.0012420817289777667 -0.011843663639952626 -0.012661433274246644 -0.013041210224308816 -0.015311804008908686 -0.008912655971479501 -0.007291286912139992 -0.006004563468235859 -0.013309134906231096 -0.008693492300049677 -0.016286644951140065 0.0013201320132013201 -0.02250562640660165 0.0013199577613516368 -0.010301692420897719 -0.007696254489481785 -0.005918560606060606 0.002400096003840154 -0.013429373702844586 -0.0048596768314907056 -0.013878374968458238 0.0 -0.012815583749839803 0.0027247956403269754 -0.008979347500748278 -0.00502828409805154 -0.020391979154865753 -0.004639294827186268 -0.021820826766880835 -0.014508523757707652 -0.025411423039690222 -0.016260162601626015 -0.02881844380403458 -0.02226588081204977 -0.02380598125278976 -0.0049769814607440585 -0.026623451788401437 0.0011330160888284612 -0.02803738317757009 0.0 -0.034922928709055875 -0.0024679170779861796 -0.04073068378178228 -0.007759958613554061 -0.03397027600849257 0.007136909718092066 0.0023169601482854493 0.01172745396974317 -0.02021883920076118 0.019191555715485187 -0.015795868772782502 0.013447432762836187 -0.00484027105517909 -0.0037716872014080965 -0.006924248719013986 -0.006357279084551812 -0.008247908566042182 -0.007079646017699115 -0.01098498718418162 -0.013241844227759722 -0.01437125748502994 -0.017313875834776157 -0.017112822393350446 -0.007692307692307693 -0.009664503658704957 -0.0024807740014884646 -0.015717974626698102 -0.006775832862789384 -0.007231529468482584 -0.012854972537104126 -0.025897586815773987 -0.01707317073170732 -0.03523693803159174 -0.014960728088766986 -0.02330097087378641
-0.00728420541459269 0.004423310848169855 0.0010950503723171274 -0.004667989263624694 0.015388257575757574 -0.011745360582569886 0.02206423142927188 -0.010936930368209988 0.02680965147453083 -0.0013802622498274672 -0.006357279084551812 0.008528265107212475 -0.01796192072805652 -0.012285012285012286 -0.03624093976505873 0.004968326915911067 -0.03158310303987367 -0.010129146619397315 -0.02477829942618675 -0.015311804008908686 -0.022918258212375857 0.0012152144853566666 -0.021616428485649094 -0.01693889897156685 -0.01987083954297069 -0.023803558005512402 -0.0066006600660066 -0.02625656414103526 -0.0013199577613516368 -0.010301692420897719 -0.02052334530528476 0.0 -0.01200048001920077 -0.017091930167256745 -0.023083464949580853 -0.018925056775170323 -0.00923848488847829 -0.014097142124823783 0.005449591280653951 0.0014965579167913801 -0.021370207416719043 -0.01586042823156225 -0.027835768963117607 -0.035155776457752454 -0.03748035304074478 -0.03388189738625363 -0.03502188868042526 -0.03633629870943491 -0.03536345776031434 -0.03570897187918464 -0.014930944382232175 -0.03588378284523672 -0.00906412871062769 -0.0397196261682243 -0.008146165483533108 -0.05539499036608864 -0.009871668311944718 -0.054307578375709695 -0.012933264355923435 -0.03963198867657466 0.0023789699060306887 0.01737720111214087 0.0 -0.028544243577545193 0.015593139018831715 -0.02065613608748481 0.017114914425427875 0.0024201355275895444 -0.002514458134272064 -0.008309098462816784 -0.024157660521296885 0.0047130906091669604 -0.020058997050147492 -0.007323324789454413 -0.03370651257975202 -0.00718562874251497 -0.027207519168933957 -0.01222344456667889 -0.007692307692307693 -0.009664503658704957 -0.01612503100967502 -0.02357696194004715 -0.02145680406549972 -0.016873568759792696 -0.033890382143274514 -0.0494408475573867 -0.04024390243902439 -0.05589307411907655 -0.03241491085899514 -0.036245954692556634
-0.016996479300716277 0.00884662169633971 -0.0021901007446342526 -0.004667989263624694 0.013020833333333332 -0.019967112990368806 0.031870556508948274 -0.014582573824279984 0.04340610238733563 0.004140786749482402 -0.013986013986013984 0.01705653021442495 -0.034726380074242606 -0.011056511056511056 -0.062484378905273676 0.008694572102844366 -0.05658639294644032 -0.007596859964547986 -0.04434011476264997 -0.015311804008908686 -0.036923860453272214 0.009721715882853326 -0.037228293503062324 -0.0205686630369026 -0.031048186785891708 -0.03132047105988474 -0.01452145214521452 -0.030007501875468866 -0.00395987328405491 -0.010301692420897719 -0.033350436121087734 0.005918560606060606 -0.026401056042241695 -0.020754486631668904 -0.041307253067671 -0.02397173858188241 -0.01847696977695658 -0.015378700499807763 0.008174386920980926 0.01197246333433104 -0.037712130735386554 -0.01132887730825875 -0.05103224309904895 -0.048490726148624076 -0.06045218232378189 -0.042352371732817036 -0.05378361475922451 -0.04385415361483523 -0.04846103470857892 -0.04761196250557952 -0.024884907303720293 -0.045144113902072 -0.019261273510083842 -0.051401869158878497 -0.016292330967066216 -0.0758670520231214 -0.01727541954590326 -0.06788447296963712 -0.01810657009829281 -0.04529370134465675 -0.0023789699060306883 0.03243744207599629 -0.01172745396974317 -0.03686964795432921 0.011994722322178242 -0.02551640340218712 0.020782396088019562 0.009680542110358178 -0.001257229067136032 -0.009693948206619582 -0.04195804195804196 0.017674089784376103 -0.03303834808259587 -0.0036616623947272075 -0.05417118093174431 0.0 -0.03710116250309176 -0.007334066740007333 -0.007692307692307693 -0.009664503658704957 -0.02976928801786157 -0.031435949253396205 -0.03613777526821005 -0.026515608051102806 -0.0549257917494449 -0.07298410829899941 -0.06341463414634146 -0.07654921020656136 -0.049869093629223295 -0.049190938511326866
-0.026708753186839868 0.004423310848169855 -0.005475251861585632 -0.005834986579530867 0.010653409090909088 -0.0411087620389946 0.04167688158862466 -0.038886863531413296 0.06000255330014044 -0.00966183574879227 -0.021614748887476158 0.01705653021442495 -0.05149083942042869 -0.01597051597051597 -0.08872781804548861 0.004968326915911066 -0.08158968285300698 -0.00886300329197265 -0.0639019300991132 -0.020879732739420936 -0.05092946269416858 0.007291286912139994 -0.052840158520475564 -0.025408348457350273 -0.042225534028812725 -0.043848659483838634 -0.022442244224422443 -0.04376094023505876 -0.006599788806758183 -0.016188373804267846 -0.046177526936890714 -0.004734848484848485 -0.04080163206528262 -0.031742156024905384 -0.05953104118576115 -0.035326772646984604 -0.027715454665434867 -0.02691272587466359 0.010899182561307902 0.008979347500748278 -0.05405405405405406 -0.01586042823156225 -0.07422871723498028 -0.0618256758394957 -0.083424011606819 -0.0568731848983543 -0.07254534083802375 -0.05763688760806916 -0.06155861165684349 -0.06249070078857313 -0.034838870225208415 -0.0567195277231161 -0.029458418309539998 -0.05957943925233644 -0.024438496450599322 -0.08790944123314066 -0.024679170779861797 -0.07899284127375956 -0.023279875840662184 -0.048124557678697805 -0.007136909718092066 0.02896200185356812 -0.02345490793948634 -0.04876308277830638 0.008396305625524769 -0.042527339003645206 0.02444987775061125 0.003630203291384316 0.0 -0.01800304666943637 -0.05975842339478703 0.022387180393543062 -0.04601769911504425 -1.3877787807814458e-18 -0.07463584928373661 -0.010778443113772455 -0.04699480583724956 -0.02566923359002567 -0.007692307692307693 -0.028993510976114866 -0.04341354502604813 -0.04154036151341641 -0.050818746470920384 -0.025310353139689046 -0.07596120135561528 -0.09181871689228958 -0.08658536585365853 -0.09720534629404617 -0.06732327639945145 -0.06472491909385114
-0.044919266723321596 0.0 -0.02956636005256242 -0.00700198389543704 0.004734848484848482 -0.062250411087620396 0.05148320666830105 -0.0631911532385466 0.08553555470445551 -0.023464458247066944 -0.03178639542275906 0.01705653021442495 -0.06705783738474434 -0.020884520884520884 -0.1037240689827543 0.001242081728977766 -0.0908014212396368 -0.010129146619397313 -0.07303077725612937 -0.026447661469933187 -0.06875477463712758 0.004860857941426663 -0.08046115047436052 -0.030248033877797943 -0.04843517138599106 -0.05637684790779253 -0.021122112211221122 -0.05751437859464866 -0.0026399155227032735 -0.02207505518763797 -0.07824525397639814 -0.015388257575757574 -0.06960278411136447 -0.04272982541814187 -0.082614506135342 -0.046681806712086805 -0.027715454665434867 -0.03844675124951942 0.023160762942779294 0.005986231667165519 -0.0666247642991829 -0.020391979154865753 -0.09394572025052192 -0.07516062553036731 -0.09188731713214847 -0.07139399806389157 -0.0838023764853033 -0.0714196216013031 -0.06941715782580224 -0.07736943907156672 -0.03981585168595247 -0.0682949415441602 -0.04871969181962384 -0.06775700934579439 -0.02560223437681834 -0.09995183044315993 -0.025913129318854887 -0.09010120957788201 -0.0206932229694775 -0.050955414012738856 -0.01665278934221482 0.025486561631139947 -0.036355107306203824 -0.06065651760228354 0.011994722322178242 -0.05953827460510328 0.04034229828850856 -0.0024201355275895466 0.012572290671360323 -0.02631214513225315 -0.06865861411315957 0.027100271002710025 -0.058997050147492625 0.0036616623947272045 -0.08185867340796918 -0.02155688622754491 -0.060598565421716544 -0.04400440044004401 -0.017948717948717947 -0.04832251829352478 -0.06077896303646738 -0.051644773773436625 -0.07340485601355166 -0.024105098228275283 -0.08998480775972888 -0.11065332548557975 -0.1 -0.11786148238153098 -0.07605036778456552 -0.08025889967637541
-0.06312978025980333 -0.004423310848169855 -0.05365746824353921 -0.008168981211343214 -0.0011837121212121243 -0.08339206013624618 0.061289531747977445 -0.08749544294567992 0.11106855610877057 -0.037267080745341616 -0.04195804195804196 0.01705653021442495 -0.08262483534906 -0.025798525798525797 -0.11872031992002 -0.0024841634579555343 -0.10001315962626663 -0.011395289946821978 -0.08215962441314555 -0.032015590200445435 -0.08658008658008658 0.002430428970713332 -0.10808214242824547 -0.03508771929824561 -0.054644808743169404 -0.06890503633174642 -0.019801980198019802 -0.07126781695423856 0.0013199577613516368 -0.027961736571008096 -0.11031298101590559 -0.026041666666666664 -0.09840393615744632 -0.053717494811378344 -0.10569797108492285 -0.058036840777189 -0.027715454665434867 -0.049980776624375244 0.035422343324250684 0.002993115833582759 -0.07919547454431175 -0.024923530078169255 -0.11366272326606355 -0.08849557522123894 -0.10035062265747793 -0.08591481122942884 -0.09505941213258284 -0.08520235559453702 -0.07727570399476098 -0.09224817735456033 -0.04479283314669653 -0.0798703553652043 -0.06798096532970768 -0.07593457943925233 -0.026765972303037355 -0.1119942196531792 -0.02714708785784798 -0.10120957788200444 -0.018106570098292814 -0.053786270346779894 -0.02616866896633757 0.022011121408711774 -0.049255306672921315 -0.07254995242626071 0.015593139018831715 -0.07654921020656136 0.05623471882640587 -0.008470474346563409 0.025144581342720646 -0.034621243595069934 -0.0775588048315321 0.031813361611876985 -0.071976401179941 0.007323324789454411 -0.08908149753220176 -0.032335329341317366 -0.07420232500618353 -0.062339567290062334 -0.028205128205128206 -0.0676515256109347 -0.07814438104688663 -0.06174918603345684 -0.09599096555618294 -0.02289984331686152 -0.10400841416384247 -0.12948793407886994 -0.11341463414634148 -0.13851761846901578 -0.08477745916967959 -0.09579288025889968
-0.06312978025980333 -0.0033174831361273915 -0.04599211563731932 0.0011669973159061735 0.015388257575757572 -0.09278834860230209 0.08335376317724932 -0.10815408919674323 0.13660155751308564 -0.04830917874396136 -0.03560076287349014 0.03898635477582846 -0.08142737396718956 -0.013513513513513509 -0.12496875781054735 0.029809961495466403 -0.10264508487958943 0.010129146619397318 -0.10172143974960876 -0.013919821826280626 -0.11586452762923352 0.008506501397496658 -0.13450222168848325 -0.02903811252268602 -0.07203179334326876 -0.058882485592583314 -0.019801980198019802 -0.06501625406351588 0.005279831045406547 -0.017660044150110375 -0.12057465366854796 -0.028409090909090905 -0.1044041761670467 -0.058600903430594556 -0.10691289029279552 -0.058036840777189 -0.022436320443447275 -0.05510701012431116 0.051771117166212535 0.004489673750374139 -0.08170961659333752 -0.013594652769910504 -0.11714219438645326 -0.08970784337495455 -0.1088139281828074 -0.08470474346563407 -0.11131957473420886 -0.09272021049993735 -0.10609037328094303 -0.10266329415265585 -0.060968022894114716 -0.09376085195045722 -0.07138001359619306 -0.07827102803738316 -0.02560223437681834 -0.13126204238921002 -0.02097729516288253 -0.1283633670698593 -0.019399896533885155 -0.07926397735314931 -0.03092660877839895 0.018535681186283598 -0.048082561275947 -0.08682207421503331 0.02278997241213866 -0.09842041312272175 0.06723716381418093 -0.025411423039690222 0.02640181040985668 -0.0540091400083091 -0.07883026064844247 0.037704724873335684 -0.06843657817109143 0.025631636763090437 -0.08426628144938005 -0.016766467065868262 -0.060598565421716544 -0.05867253392005867 -0.02564102564102564 -0.06489023885130471 -0.08930786405358473 -0.06624003592679915 -0.11067193675889328 -0.021694588405447753 -0.11920065443496553 -0.13890523837551502 -0.12682926829268296 -0.15309842041312272 -0.09724473257698542 -0.113915857605178
-0.06312978025980333 -0.0022116554240849276 -0.03832676303109943 0.01050297584315556 0.03196022727272727 -0.10218463706835801 0.1054179946065212 -0.12881273544780653 0.15064470828545895 -0.059351276742581095 -0.02924348378893833 0.060916179337231965 -0.08022991258531913 -0.0012285012285012235 -0.1312171957010747 0.06210408644888834 -0.10527701013291224 0.03165358318561661 -0.12128325508607199 0.004175946547884185 -0.14514896867838045 0.014582573824279988 -0.160922300948721 -0.022988505747126433 -0.08941877794336811 -0.048859934853420196 -0.019801980198019802 -0.05876469117279319 0.009239704329461456 -0.007358351729212657 -0.13083632632119033 -0.03077651515151515 -0.11040441617664706 -0.06348431204981077 -0.10812780950066818 -0.058036840777189 -0.017157186221459682 -0.060233243624247076 0.06811989100817438 0.005986231667165519 -0.08422375864236328 -0.002265775461651752 -0.12062166550684297 -0.09092011152867015 -0.11727723370813685 -0.0834946757018393 -0.1275797373358349 -0.10023806540533768 -0.1349050425671251 -0.11307841095075137 -0.07714321264153291 -0.10765134853571015 -0.07477906186267844 -0.080607476635514 -0.024438496450599322 -0.15052986512524086 -0.014807502467917084 -0.15551715625771415 -0.0206932229694775 -0.10474168435951874 -0.03568454859046033 0.015060240963855423 -0.04690981587897268 -0.10109419600380591 0.029986805805445604 -0.12029161603888214 0.07823960880195599 -0.04235237173281704 0.027659039476992713 -0.07339703642154827 -0.08010171646535283 0.04359608813479439 -0.06489675516224187 0.043939948736726464 -0.07945106536655833 -0.00119760479041916 -0.04699480583724956 -0.055005500550055 -0.023076923076923075 -0.06212895209167472 -0.10047134706028282 -0.07073088582014148 -0.12535290796160362 -0.02048933349403399 -0.13439289470608856 -0.1483225426721601 -0.14024390243902443 -0.16767922235722965 -0.10971200598429123 -0.13203883495145632
-0.06312978025980333 0.0033174831361273915 -0.03066141042487954 0.008168981211343214 0.04853219696969697 -0.10923185341789994 0.12748222603579307 -0.1373192368453032 0.16468785905783223 -0.07039337474120083 -0.022886204704386518 0.08528265107212477 -0.07903245120344869 0.009828009828009833 -0.13746563359160208 0.08694572102844368 -0.10790893538623506 0.04178272980501393 -0.1408450704225352 0.008351893095768373 -0.17443340972752738 0.01336735933892332 -0.1873423802089588 -0.036297640653357534 -0.10680576254346748 -0.05387121022300175 -0.019801980198019802 -0.06376594148537133 0.013199577613516367 -0.007358351729212657 -0.1410979989738327 -0.04142992424242424 -0.11640465618624744 -0.0891222073006959 -0.10934272870854085 -0.06686853393893515 -0.011878051999472086 -0.06664103549916697 0.08446866485013624 -6.938893903907229e-19 -0.08673790069138906 -1.734723475976807e-18 -0.12410113662723268 -0.10061825675839495 -0.12574053923346631 -0.08591481122942883 -0.14383989993746088 -0.10399699285803785 -0.16371971185330716 -0.12051778009224819 -0.0933184023889511 -0.1145965968283366 -0.07817811012916383 -0.09228971962616819 -0.023274758524380306 -0.16377649325626203 -0.008637709772951634 -0.17526536657615405 -0.02198654940506984 -0.12455767869780607 -0.04044248840252171 0.011584800741427249 -0.04573707048199836 -0.11893434823977167 0.03718363919875255 -0.13608748481166463 0.08924205378973106 -0.045982575024201354 0.028916268544128747 -0.09140008309098463 -0.08137317228226318 0.062448450571462234 -0.06135693215339231 0.051263273526180875 -0.07463584928373661 0.01317365269461078 -0.03339104625278259 -0.04155971152670822 -0.020512820512820513 -0.05108380505315476 -0.11163483006698091 -0.0740990232401482 -0.14003387916431392 -0.026515608051102812 -0.14958513497721163 -0.15420835785756332 -0.1536585365853659 -0.18590522478736332 -0.12217927939159705 -0.1488673139158576
-0.06312978025980333 0.0022116554240849276 -0.027376259307928162 0.00350099194771852 0.04616477272727272 -0.10923185341789994 0.12870801667075263 -0.12881273544780653 0.17745435975998977 -0.06211180124223603 -0.020343293070565795 0.09746588693957116 -0.07663752843970782 0.01228501228501229 -0.1412146963259185 0.10185070177617687 -0.10659297275957365 0.05317801975183591 -0.13041210224308813 0.004175946547884186 -0.19225872167048638 0.02430428970713331 -0.2041551579200192 -0.03508771929824561 -0.12543467461500252 -0.05136557253821097 -0.033003300330033 -0.060015003750937726 0.010559662090813094 -0.007358351729212657 -0.14879425346331449 -0.03669507575757576 -0.11520460818432736 -0.08790135514589184 -0.12270683999514029 -0.07317688619732525 -0.025075887554441068 -0.06920415224913494 0.08583106267029972 -0.01047590541753966 -0.09302325581395349 0.009063101846607 -0.12178148921363954 -0.10910413383440416 -0.13057671381936886 -0.08470474346563406 -0.15009380863039395 -0.1065029444931713 -0.15586116568434843 -0.12498140157714625 -0.09829538384969516 -0.1145965968283366 -0.07931112621799229 -0.09345794392523363 -0.026765972303037355 -0.16377649325626203 -0.008637709772951634 -0.17896815601086152 -0.0206932229694775 -0.12880396319886764 -0.027358153919352923 0.02432808155699722 -0.035182361909229506 -0.11893434823977167 0.04917836152093079 -0.13001215066828675 0.10391198044009782 -0.029041626331074544 0.031430726678400814 -0.08447583437197063 -0.08645899554990463 0.07187463178979615 -0.05545722713864305 0.04760161113145367 -0.07463584928373661 0.019161676646706587 -0.03339104625278259 -0.030558611416697218 -0.0051282051282051265 -0.04003865801463481 -0.11907715207144631 -0.06848546087347032 -0.14793901750423488 -0.0168735687597927 -0.15893420591328736 -0.15420835785756332 -0.16463414634146348 -0.18833535844471447 -0.12093255205086646 -0.1656957928802589
-0.04977540366638339 0.001105827712042464 -0.014235654840122638 0.003500991947718519 0.04734848484848484 -0.10570824524312897 0.13361117921059082 -0.11301494713816987 0.1902208604621473 -0.04692891649413389 -0.01907183725365543 0.10964912280701755 -0.06945276014848521 0.028255528255528257 -0.12996750812296923 0.11551360079493231 -0.0934333464929596 0.07723474297290453 -0.10693792383933227 0.015311804008908686 -0.2011713776419659 0.042532506987483294 -0.21496337216284372 -0.020568663036902603 -0.13537009438648784 -0.032573289902280124 -0.047524752475247525 -0.03375843960990247 0.006599788806758183 0.0029433406916850617 -0.14879425346331449 -0.026041666666666664 -0.11640465618624743 -0.0732511292882432 -0.13121127445024905 -0.06560686348725712 -0.03827372310941005 -0.05895168524926311 0.08446866485013624 -0.011972463334331041 -0.09428032683846636 0.03851818284807976 -0.11482254697286014 -0.09576918414353255 -0.12090436464756378 -0.05808325266214907 -0.14008755472170104 -0.08019045232427013 -0.1257367387033399 -0.10563904180925457 -0.09829538384969516 -0.08797314503993517 -0.08157715839564922 -0.06658878504672897 -0.030257186081694403 -0.12885356454720617 -0.006169792694965451 -0.1419402616637867 -0.011639937920331092 -0.09907997169143666 -0.0214107291542762 0.03475440222428174 -0.036355107306203824 -0.09871550903901047 0.041981528127623846 -0.10814094775212635 0.10513447432762837 -0.007260406582768636 0.03771687201408097 -0.07062733693394267 -0.08518753973299428 0.08954872157417225 -0.042477876106194676 0.054924935920908094 -0.061394005055976884 0.03952095808383234 -0.016077170418006426 -0.002444688913335781 0.017948717948717947 -0.0193290073174099 -0.12403870007442323 -0.0471539238800943 -0.14906832298136644 0.0 -0.15542830431225896 -0.12831077104178928 -0.15853658536585372 -0.1555285540704739 -0.10472509662136889 -0.15922330097087378
-0.05584557484521063 0.0033174831361273915 -0.021901007446342526 0.015170965106780255 0.026041666666666664 -0.09748649283533006 0.10909536651139987 -0.11787580507959654 0.17617770968977403 -0.0552104899930987 -0.008900190718372534 0.10112085769980508 -0.05388576218416956 0.024570024570024572 -0.11247188202949261 0.11302943733697679 -0.07237794446637716 0.0645733096986579 -0.0847678664580073 0.0 -0.20499108734402852 0.04860857941426662 -0.21616428485649092 -0.0012099213551119204 -0.14282165921510187 -0.026309195690303176 -0.0528052805280528 -0.05251312828207052 0.006599788806758183 -0.020603384841795438 -0.14366341713699332 -0.04142992424242424 -0.10080403216128644 -0.07691368575265536 -0.12635159761875836 -0.06813020439061317 -0.04223307377590075 -0.06920415224913495 0.08310626702997273 -0.0224483687518707 -0.0842237586423633 0.03851818284807976 -0.08930642542333565 -0.08485877076009211 -0.10276870995042922 -0.047192642787996134 -0.1275797373358349 -0.07893747650670342 -0.1047806155861166 -0.11010266329415268 -0.0933184023889511 -0.07408264845468225 -0.07251302968502153 -0.04672897196261683 -0.02560223437681834 -0.11801541425818882 0.0012339585389930894 -0.15181436682300667 -0.005173305742369372 -0.11040339702760085 -0.0035684548590460387 0.01506024096385542 -0.014072944763691808 -0.09990485252140817 0.05757466714645556 -0.11300121506682867 0.11613691931540342 -0.025411423039690222 0.038974101081217 -0.08170613488436505 -0.07247298156389066 0.08719217626958878 -0.02359882005899705 0.06713047723666545 -0.040929336703984597 0.04311377245508982 -0.006183527083848628 -0.008556411196675218 0.03333333333333334 -0.023470937456854878 -0.11783676507070209 -0.03929493656674525 -0.14229249011857706 0.021694588405447753 -0.14374196564216432 -0.11771630370806359 -0.1463414634146342 -0.16281895504252736 -0.08602418651041019 -0.16828478964401294
-0.05098943790214884 0.005529138560212319 -0.018615856329391146 0.02684093826584199 0.03551136363636363 -0.08926474042753114 0.11154694778131893 -0.12273666302102322 0.17617770968977403 -0.0634920634920635 0.011443102352193264 0.09259259259259259 -0.0347263800742426 0.020884520884520884 -0.09122719320169959 0.11054527387902127 -0.056586392946440314 0.051911876424411266 -0.07563901930099111 -0.015311804008908686 -0.19225872167048635 0.054684651841049946 -0.2053560706136664 0.018148820326678763 -0.1279185295578738 -0.020045101478326232 -0.046204620462046195 -0.07126781695423856 0.00791974656810982 -0.04415011037527594 -0.14494612621857364 -0.05681818181818182 -0.09240369614784595 -0.08057624221706752 -0.11177256712428625 -0.07065354529396921 -0.03299458888742246 -0.0794566192490068 0.08991825613079017 -0.03292427416941036 -0.07542426147077311 0.03851818284807976 -0.06610995128740432 -0.0739483573766517 -0.08342401160681903 -0.03630203291384318 -0.12007504690431518 -0.07768450068913671 -0.09823182711198428 -0.11456628477905076 -0.08709717556302102 -0.06019215186942933 -0.0679809653297077 -0.026869158878504672 -0.024438496450599322 -0.10717726396917149 1.3877787807814458e-18 -0.1616884719822266 -0.015519917227108122 -0.12172682236376504 -0.0023789699060306896 -0.004633920296570902 0.0011727453969743173 -0.1010941960038059 0.07316780616528727 -0.11786148238153098 0.12591687041564792 -0.0435624394966118 0.03394518481267287 -0.09278493283478743 -0.052129688493324854 0.0848356309650053 -0.007079646017699115 0.0793360185524228 -0.020464668351992298 0.046706586826347304 0.006183527083848626 -0.014668133480014667 0.04487179487179488 -0.027612867596299863 -0.11163483006698091 -0.0314359492533962 -0.1422924901185771 0.043389176810895505 -0.1343928947060886 -0.10712183637433785 -0.1426829268292683 -0.17010935601458083 -0.08353073182894902 -0.1773462783171521
-0.04613330095908705 0.016587415680636958 -0.015330705212439765 0.0396779087408099 0.04498106060606061 -0.06812309137890533 0.11399852905123802 -0.10693887471138655 0.17617770968977403 -0.05244996549344376 0.03178639542275906 0.09259259259259259 -0.015566997964315649 0.023341523341523337 -0.06998250437390653 0.11551360079493234 -0.040794841426503484 0.04304887313243861 -0.06651017214397495 -0.02505567928730512 -0.17952635599694422 0.07169765463604326 -0.19454785637084182 0.03871748336358137 -0.1130153999006458 -0.008769731896767727 -0.0396039603960396 -0.08002000500125031 0.009239704329461456 -0.06181015452538632 -0.14622883530015396 -0.0556344696969697 -0.08400336013440542 -0.07691368575265535 -0.09719353662981414 -0.06686853393893515 -0.02375610399894417 -0.0794566192490068 0.09673024523160761 -0.029931158335827594 -0.06662476429918289 0.04758128469468676 -0.042913477151472965 -0.06303794399321129 -0.06407931326320881 -0.01936108422071637 -0.11257035647279552 -0.07016664578373638 -0.09168303863785197 -0.1160541586073501 -0.08087594873709095 -0.04398657251996759 -0.06344890097439385 -0.010514018691588783 -0.023274758524380306 -0.10476878612716764 -0.0012339585389930907 -0.17403110343125155 -0.02586652871184687 -0.13588110403397027 -0.0011894849530153435 0.0034754402224281716 0.016418435557640436 -0.09157944814462415 0.08876094518411899 -0.09720534629404617 0.1356968215158924 -0.030251694094869313 0.028916268544128744 -0.09693948206619582 -0.03178639542275906 0.0789442677035466 0.00943952802359882 0.07323324789454412 -1.3877787807814458e-18 0.05868263473053893 0.018550581251545885 -0.001222344456667885 0.05641025641025642 -0.00138064337981499 -0.10543289506325974 -0.028067811833389474 -0.1422924901185771 0.04097866698806798 -0.12504382377001286 -0.10123602118893467 -0.13902439024390242 -0.16403402187120292 -0.08103727714748785 -0.16957928802588998
-0.02306665047954352 0.019904898816764348 0.017520805957074025 0.04084490605671608 0.05445075757575757 -0.04580690627202255 0.10786957587644028 -0.08020415603353992 0.1570279586365377 -0.022084195997239493 0.039415130324221226 0.09502923976608188 -0.008382229673093041 0.02088452088452089 -0.07248187953011748 0.11675568252391011 -0.0447427293064877 0.036718156495315284 -0.07303077725612936 -0.02366369710467706 -0.16934046345811052 0.07291286912139994 -0.16932868980425123 0.04960677555958863 -0.10556383507203178 0.005011275369581558 -0.03432343234323432 -0.07001750437609403 0.01583949313621964 -0.04856512141280354 -0.11416110826064652 -0.04616477272727273 -0.039601584063362526 -0.06958857282383103 -0.0728951524723606 -0.049205147615442854 -0.01715718622145968 -0.06407791874919902 0.09536784741144413 -0.016462137084705175 -0.06033940917661847 0.04984706015633851 -0.0243562978427279 -0.06061340768578009 -0.06166122597025754 -0.014520813165537267 -0.10756722951844903 -0.07016664578373638 -0.09037328094302552 -0.10415116798095522 -0.08958566629339307 -0.046301655284176416 -0.047586675730795364 -0.014018691588785043 -0.029093448155475383 -0.10838150289017341 -0.0024679170779861796 -0.17526536657615402 -0.03750646663217796 -0.1330502476999292 0.019031759248245513 0.011584800741427245 0.05746452445174153 -0.08206470028544241 0.10915197313182201 -0.07654921020656137 0.14425427872860636 -0.01694094869312681 0.023887352275584604 -0.08170613488436504 -0.0076287349014621695 0.07305290444208788 0.03775811209439528 0.06713047723666545 0.015649452269170576 0.07065868263473053 0.03957457333663121 0.012223444566678888 0.07692307692307693 0.024851580836669895 -0.09426941205656167 -0.024699674413382736 -0.12648221343873517 0.038568157165240445 -0.12387518990300339 -0.09535020600353149 -0.1353658536585366 -0.15795868772782504 -0.08353073182894902 -0.16181229773462785
0.0 0.02322238195289174 0.05037231712658783 0.04201190337262224 0.06392045454545454 -0.023490721165139766 0.10174062270164257 -0.05346943735569328 0.13787820758330138 0.008281573498964804 0.0470438652256834 0.09746588693957116 -0.001197461381870435 0.01842751842751843 -0.07498125468632842 0.11799776425288791 -0.0486906171864719 0.03038743985819196 -0.07955138236828378 -0.022271714922048998 -0.1591545709192768 0.0741280836067566 -0.14410952323766063 0.06049606775559589 -0.09811227024341777 0.018792282635930843 -0.02904290429042904 -0.06001500375093775 0.022439281942977823 -0.03532008830022075 -0.08209338122113904 -0.03669507575757576 0.004800192007680304 -0.062263459895006715 -0.04859676831490706 -0.03154176129195054 -0.010558268443975186 -0.04869921824939126 0.09400544959128065 -0.002993115833582756 -0.05405405405405404 0.05211283561799025 -0.005799118533982834 -0.0581888713783489 -0.05924313867730626 -0.00968054211035818 -0.10256410256410256 -0.07016664578373638 -0.08906352324819905 -0.09224817735456034 -0.09829538384969513 -0.04861673804838523 -0.031724450487196916 -0.017523364485981307 -0.034912137786570464 -0.1119942196531792 -0.0037018756169792688 -0.1764996297210565 -0.04914640455250905 -0.13021939136588817 0.039253003449506364 0.019694161260426318 0.09851061334584263 -0.0725499524262607 0.12954300107952502 -0.05589307411907655 0.1528117359413203 -0.0036302032913843123 0.01885843600704048 -0.06647278770253429 0.016528925619834704 0.06716154118062918 0.06607669616519174 0.06102770657878677 0.03129890453834116 0.08263473053892215 0.060598565421716544 0.025669233590025674 0.09743589743589745 0.051083805053154775 -0.08310592904986357 -0.021331536993375998 -0.11067193675889327 0.03615764734241291 -0.12270655603599392 -0.08946439081812832 -0.13170731707317074 -0.15188335358444713 -0.08602418651041019 -0.1540453074433657
0.004856136943061794 0.022116554240849275 0.051467367498904945 0.050180884583965454 0.050899621212121215 -0.01291989664082687 0.08335376317724932 -0.04131729250212662 0.11872845653006507 0.012422360248447204 0.03814367450731086 0.09137426900584796 -0.010777152436833913 0.02702702702702702 -0.0862284428892777 0.09564029313128801 -0.05921831819976313 0.012661433274246648 -0.07563901930099114 -0.04315144766146993 -0.13750954927425516 0.08628022846032325 -0.12009126936471717 0.07138535995160315 -0.07948335817188276 0.010022550739163116 -0.02244224422442244 -0.07251812953238311 0.029039070749736006 -0.0559234731420162 -0.07183170856849667 -0.03077651515151515 0.02640105604224169 -0.04883408619216213 -0.0461669298991617 -0.02775674993691648 -0.009238484888478287 -0.03844675124951942 0.0885558583106267 3.469446951953614e-18 -0.05782526712759271 0.053245723348816144 -0.0034794711203897017 -0.05333979876348649 -0.05682505138435499 -0.012100677637947725 -0.09255784865540964 -0.06515474251346949 -0.0667976424361493 -0.08778455586966225 -0.08336443946746297 -0.035883782845236724 -0.027192386131883073 -0.023364485981308407 -0.02676597230303735 -0.10597302504816956 -0.0123395853899309 -0.16415699827203162 -0.05690636316606311 -0.11748053786270345 0.0428214583085524 0.04170528266913809 0.09264688636097104 -0.03449096098953376 0.12954300107952502 -0.01944106925880923 0.14547677261613692 0.025411423039690222 0.01131506160422429 -0.04154549231408392 0.01780038143674507 0.07423117709437962 0.06607669616519174 0.07079213963139266 0.028891296496930303 0.07664670658682635 0.05194162750432847 0.025669233590025674 0.10256410256410256 0.04832251829352478 -0.07442322004465393 -0.012349837206691368 -0.10615471485036702 0.05544172592503314 -0.11335748509991819 -0.08122424955856386 -0.12439024390243905 -0.14459295261239372 -0.07480364044383493 -0.14757281553398058
-0.0012140342357654487 0.02101072652880681 0.03942181340341655 0.058349865795308674 0.03196022727272728 -0.002349072116513977 0.06864427555773474 -0.029165147648559975 0.11362185624920207 0.0165631469979296 0.039415130324221226 0.08528265107212477 -0.011974613818704348 0.03562653562653563 -0.07873031742064485 0.07328282200968823 -0.05921831819976313 -0.005064573309698661 -0.04825247782994262 -0.06403118040089087 -0.11586452762923354 0.0984323733138899 -0.10568031704095111 0.08227465214761041 -0.06458022851465475 0.0012528188423953895 -0.01584158415841584 -0.08502125531382847 0.030359028511087644 -0.07652685798381165 -0.07567983581323756 -0.02485795454545454 0.026401056042241695 -0.03540471248931755 -0.05224152593852508 -0.023971738581882417 -0.011878051999472087 -0.028194284249647573 0.08174386920980928 0.002993115833582763 -0.06411062225015714 0.054378611079642016 -0.005799118533982834 -0.048490726148624076 -0.054406964091403706 -0.014520813165537268 -0.0888055034396498 -0.06014283924320261 -0.040602488539620174 -0.08332093438476416 -0.0684334950852308 -0.023150827642088208 -0.022660321776569226 -0.02920560747663551 -0.01861980681950424 -0.09995183044315994 -0.003701875616979269 -0.15181436682300667 -0.04397309881013968 -0.10474168435951874 0.046389913167598426 0.06371640407784986 0.08678315937609946 0.0035680304471931434 0.12954300107952502 0.017010935601458076 0.13814180929095352 0.05445304937076476 0.0037716872014080943 -0.016618196925633565 0.01907183725365543 0.08130081300813007 0.06607669616519174 0.08055657268399855 0.026483688455519443 0.07065868263473053 0.04328468958694039 0.02566923359002567 0.10769230769230768 0.0455612315338948 -0.06574051103944431 -0.003368137420006738 -0.1016374929418408 0.07472580450765337 -0.10400841416384246 -0.0729841082989994 -0.11707317073170731 -0.13730255164034025 -0.0635830943772597 -0.14110032362459546
-0.007284205414592693 0.006634966272254783 0.027376259307928162 0.05484887384759015 0.013020833333333337 -0.005872680291284943 0.05393478793822015 -0.02673471867784664 0.10851525596833908 0.030365769496204276 0.04068658614113159 0.07797270955165692 -0.01317207520057478 0.03194103194103194 -0.071232191952012 0.06583033163582164 -0.05921831819976313 -0.011395289946821976 -0.02086593635889411 -0.07516703786191536 -0.09421950598421189 0.10329323125531656 -0.09126936471718505 0.09800362976406535 -0.049677098857426744 0.0037584565271861687 -0.00924092409240924 -0.08752188047011754 0.03167898627243928 -0.08535688005886684 -0.07952796305797846 -0.016571969696969696 0.026401056042241695 -0.013429373702844588 -0.058316121977888456 -0.017663386323492306 -0.014517619110465885 -0.01922337562475971 0.07493188010899182 0.01197246333433104 -0.07039597737272156 0.05211283561799026 -0.00811876594757597 -0.059401139532064495 -0.05198887679845243 -0.022991287512100677 -0.08505315822388995 -0.07141962160130308 -0.01440733464309103 -0.09819967266775778 -0.05350255070299863 -0.016205579349461742 -0.01812825742125538 -0.02219626168224299 -0.010473641335971135 -0.09754335260115608 0.00493583415597236 -0.1456430510984942 -0.031039834454216243 -0.10757254069355979 0.04995836802664447 0.0706672845227062 0.08091943239122787 0.010704091341579451 0.12954300107952502 0.030376670716889424 0.13080684596577016 0.06413359148112294 -0.0037716872014080987 0.0041545492314083955 0.020343293070565795 0.06833981383292095 0.06607669616519177 0.07689491028927134 0.024076080414108584 0.06347305389221557 0.03462775166955231 0.012223444566678888 0.11282051282051282 0.030374154355929866 -0.057057802034234675 -0.00112271247333558 -0.09712027103331453 0.08798360853320478 -0.09465934322776673 -0.07062978222483814 -0.10975609756097562 -0.13244228432563793 -0.05236254831068445 -0.1423948220064725
-0.0012140342357654494 0.006634966272254785 0.019710906701708282 0.05134788189987164 0.021306818181818184 -0.021141649048625793 0.05761215984309879 -0.051039008384979954 0.10596195582790757 0.012422360248447202 0.03814367450731086 0.07919103313840156 -0.021554304873667822 0.025798525798525797 -0.07248187953011748 0.0521674326170662 -0.05790235557310173 -0.03798429982273993 -0.026082420448617628 -0.09465478841870824 -0.09039979628214923 0.10329323125531656 -0.08886753932989071 0.1016333938294011 -0.03725782414307005 0.002505637684790779 0.0052805280528052815 -0.09002250562640661 0.04751847940865892 -0.07652685798381165 -0.08722421754746025 -0.03077651515151515 0.01920076803072123 -0.026858747405689175 -0.04373709148341635 -0.020186727226848344 0.003959350666490696 -0.020504933999743687 0.08719346049046321 0.017958695001496557 -0.07542426147077311 0.05097994788716438 -0.016237531895151935 -0.05697660322463329 -0.05198887679845243 -0.037512100677637945 -0.08380237648530332 -0.09397318631750408 -0.030124426981008517 -0.12200565392054752 -0.05847953216374269 -0.019678203495774975 -0.027192386131883066 -0.021028037383177572 -0.009309903409752122 -0.10717726396917152 6.938893903907229e-19 -0.15798568254751916 -0.028453181583031555 -0.1203113941967445 0.04520042821458308 0.06719184430027803 0.07271021461240765 0.0035680304471931517 0.13793930670504978 0.018226002430133656 0.13814180929095354 0.04719264278799613 0.003771687201408093 -0.009693948206619578 0.024157660521296885 0.06598326852833745 0.055457227138643074 0.08177712681557428 0.024076080414108584 0.055089820359281436 0.03957457333663121 -0.014668133480014667 0.10512820512820512 0.004141930139444983 -0.0657405110394443 -0.005613562366677896 -0.1038961038961039 0.07834156924189466 -0.10050251256281406 -0.08828722778104767 -0.10487804878048783 -0.15309842041312272 -0.04737563894776212 -0.14498381877022654
0.004856136943061794 0.006634966272254783 0.012045554095488395 0.04784688995215311 0.029592803030303032 -0.03641061780596665 0.06128953174797743 -0.07534329809211326 0.10340865568747606 -0.005521048999309866 0.03560076287349014 0.08040935672514621 -0.029936534546760867 0.01965601965601966 -0.07373156710822296 0.03850453359831077 -0.05658639294644032 -0.06457330969865789 -0.03129890453834115 -0.11414253897550111 -0.08658008658008658 0.10329323125531656 -0.08646571394259636 0.10526315789473688 -0.024838549428713365 0.0012528188423953895 0.0198019801980198 -0.09252313078269567 0.06335797254487856 -0.06769683590875646 -0.09492047203694202 -0.04498106060606061 0.012000480019200776 -0.04028812110853376 -0.029158060988944228 -0.02271006813020439 0.022436320443447275 -0.021786492374727663 0.0994550408719346 0.023944926668662075 -0.08045254556882464 0.04984706015633851 -0.024356297842727904 -0.05455206691720209 -0.05198887679845243 -0.05203291384317521 -0.08255159474671672 -0.11652675103370505 -0.045841519318926 -0.14581163517333728 -0.06345651362448675 -0.023150827642088204 -0.03625651484251076 -0.01985981308411215 -0.008146165483533105 -0.11681117533718692 -0.004935834155972358 -0.17032831399654408 -0.02586652871184687 -0.1330502476999292 0.040442488402521716 0.06371640407784986 0.06450099683358743 -0.0035680304471931478 0.14633561233057452 0.0060753341433778816 0.14547677261613692 0.03025169409486931 0.011315061604224286 -0.02354244564464755 0.027972027972027975 0.06362672322375397 0.04483775811209441 0.08665934334187722 0.024076080414108584 0.046706586826347304 0.04452139500371012 -0.041559711526708225 0.09743589743589742 -0.022090294077039895 -0.07442322004465393 -0.010104412260020212 -0.11067193675889328 0.06869952995058455 -0.10634568189786138 -0.10594467333725721 -0.10000000000000002 -0.17375455650060753 -0.04238872958483979 -0.14757281553398055
0.010926308121889036 -0.004423310848169853 0.004380201489268506 0.035009919477185215 0.03787878787878789 -0.05050505050505051 0.06496690365285608 -0.0814193705188966 0.10085535554704454 -0.009661835748792274 0.03305785123966942 0.08162768031189085 -0.03831876421985391 0.02457002457002457 -0.07498125468632842 0.045957023972177366 -0.05527043031977892 -0.053178019751835906 -0.03651538862806468 -0.10161469933184855 -0.08276037687802393 0.08263458500425323 -0.08406388855530203 0.07743496672716274 -0.012419274714356682 -0.008769731896767729 0.03432343234323432 -0.06876719179794948 0.0791974656810982 -0.041206769683590876 -0.10261672652642381 -0.048532196969696975 0.004800192007680312 -0.05615919912098645 -0.014579030494472112 -0.041635124905374715 0.04091329022040384 -0.03332051774958349 0.11171662125340598 0.013469021251122416 -0.08548082966687619 0.04871417242551263 -0.03247506379030387 -0.06667474845435811 -0.05198887679845243 -0.06413359148112294 -0.0813008130081301 -0.11777972685127178 -0.06155861165684349 -0.13986013986013984 -0.0684334950852308 -0.037041324227341126 -0.04532064355313846 -0.04322429906542056 -0.006982427557314093 -0.12644508670520233 -0.009871668311944717 -0.1604542088373241 -0.023279875840662184 -0.13446567586694974 0.03568454859046034 0.07877664504170527 0.05629177905476721 0.0035680304471931547 0.1547319179560993 0.010935601458080191 0.1528117359413203 0.042352371732817036 0.01885843600704048 -0.016618196925633565 0.03178639542275906 0.04359608813479439 0.03421828908554572 0.06468936897351399 0.024076080414108584 0.032335329341317366 0.049468216670789024 -0.04522674489671189 0.08974358974358972 -0.024851580836669884 -0.08310592904986355 -0.021331536993375998 -0.11744776962168266 0.05303121610220561 -0.11218885123290871 -0.10829899941141848 -0.09512195121951221 -0.1543134872417983 -0.03740182022191746 -0.13462783171521034
0.009712273886123588 -0.01548158796859449 0.0010950503723171265 0.0221729490022173 0.024857954545454548 -0.06459948320413436 0.050257416033341495 -0.08749544294567993 0.08425890463423975 -0.013802622498274677 0.017800381436745075 0.08284600389863549 -0.05388576218416956 0.02948402948402949 -0.0862284428892777 0.053409514346043976 -0.05527043031977892 -0.04178272980501393 -0.03651538862806468 -0.08908685968819599 -0.0903997962821492 0.06197593875318992 -0.09006845202353789 0.04960677555958863 -0.024838549428713365 -0.018792282635930847 0.033003300330033 -0.045011252813203305 0.07655755015839491 -0.014716703458425313 -0.10005130836326322 -0.052083333333333336 0.008400336013440543 -0.07203027713343915 -0.019438707325962822 -0.06056018168054504 0.04223307377590074 -0.04485454312443932 0.10626702997275203 0.002993115833582756 -0.0930232558139535 0.047581284694686754 -0.04871259568545581 -0.07879742999151412 -0.06528835690968444 -0.07623426911907068 -0.07879924953095685 -0.11903270266883852 -0.0641781270464964 -0.13390864454694243 -0.0597237775289287 -0.05093182081259405 -0.041921595286653075 -0.06658878504672897 0.001163737926219014 -0.13607899807321774 0.0012339585389930876 -0.15058010367810418 -0.005173305742369373 -0.1358811040339703 0.03449506363744499 0.0938368860055607 0.04690981587897267 0.010704091341579451 0.13793930670504975 0.015795868772782495 0.136919315403423 0.05445304937076477 0.0012572290671360286 -0.00969394820661958 0.031786395422759066 0.023565453045834805 0.02831858407079646 0.04271939460515074 0.022872276393403154 0.01796407185628742 0.04946821667078903 -0.04889377826671555 0.0846153846153846 -0.027612867596299877 -0.08186554204911932 -0.03255866172673179 -0.11631846414455112 0.03736290225382668 -0.11335748509991819 -0.11065332548557975 -0.09390243902439026 -0.13487241798298907 -0.03740182022191746 -0.12168284789644013
0.008498239650358138 -0.026539865089019128 -0.002190100744634253 0.009335978527249392 0.011837121212121212 -0.07869391590321823 0.035547928413826924 -0.09357151537246325 0.06766245372143495 -0.017943409247757076 0.0025429116338207226 0.08406432748538013 -0.06945276014848521 0.03439803439803439 -0.09747563109222696 0.060862004719910566 -0.05527043031977892 -0.03038743985819195 -0.03651538862806468 -0.07655902004454342 -0.0980392156862745 0.04131729250212661 -0.09607301549177374 0.02177858439201453 -0.03725782414307004 -0.02881483337509396 0.031683168316831684 -0.021255313828457117 0.07391763463569165 0.01177336276674025 -0.0974858902001026 -0.0556344696969697 0.012000480019200777 -0.08790135514589184 -0.02429838415745353 -0.07948523845571535 0.043552857331397646 -0.05638856849929515 0.1008174386920981 -0.007482789583956903 -0.10056568196103081 0.046448396963860876 -0.06495012758060774 -0.09092011152867015 -0.07858783702091647 -0.08833494675701839 -0.07629768605378362 -0.12028567848640523 -0.0667976424361493 -0.12795714923374496 -0.051014059972626605 -0.06482231739784697 -0.03852254702016769 -0.08995327102803737 0.009309903409752124 -0.14571290944123313 0.012339585389930897 -0.14070599851888418 0.012933264355923433 -0.13729653220099083 0.03330557868442964 0.09962928637627433 0.037527852703178134 0.010704091341579448 0.12114669545400022 0.007290400972053459 0.12102689486552567 0.04840271055179089 -0.016343977872768423 -0.0027696994876055966 0.031786395422759066 0.015317544479792628 0.022418879056047197 0.03905773221042354 0.021668472372697724 0.013173652694610774 0.049468216670789024 -0.04889377826671555 0.07948717948717947 -0.04141930139444981 -0.08062515504837509 -0.037049511620074096 -0.11518915866741955 0.03495239243099916 -0.11452611896692766 -0.11300765155974105 -0.09268292682926829 -0.1287970838396112 -0.037401820221917466 -0.12297734627831716
-0.0024280684715308988 -0.03428065907331638 -0.0164257555847569 0.007001983895437045 0.02367424242424242 -0.0904392764857881 0.06374111301789656 -0.11179973265281325 0.0995787054768288 -0.04278812974465148 -0.007628734901462176 0.0925925925925926 -0.07544006705783739 0.04422604422604422 -0.10122469382654338 0.07328282200968823 -0.053954467693117514 -0.024056723221068624 -0.023474178403755867 -0.0695991091314031 -0.10058568882098293 0.04496293595819661 -0.10568031704095111 0.01814882032667877 -0.03601589667163437 -0.03257328990228013 0.03168316831683168 -0.02625656414103526 0.06863780359028511 0.008830022075055188 -0.12442278091328887 -0.06510416666666667 -0.018000720028801147 -0.091563911610304 -0.040092333859798324 -0.08327024981074942 0.034314372442919364 -0.05254389337434321 0.10081743869209811 0.004489673750374137 -0.11187932118164676 0.05324572334881613 -0.0835073068893528 -0.08000969814522974 -0.09672349171805103 -0.07744433688286544 -0.09255784865540963 -0.10900889612830474 -0.07858546168958742 -0.12200565392054755 -0.043548587781510516 -0.05093182081259405 -0.043054611375481534 -0.0794392523364486 0.01280111718840917 -0.1396917148362235 0.013573543928923983 -0.14070599851888418 0.018106570098292807 -0.15003538570417554 0.013084334483168786 0.09267840593141798 -0.0023454907939486278 0.00951474785918174 0.10555355643516853 0.0012150668286755768 0.11613691931540342 0.05082284607938044 -0.012572290671360325 -0.005539398975211187 0.0038143674507310848 0.01649581713208436 -0.008259587020648967 0.04638105699987795 0.004815216082821717 0.016766467065868262 0.03710116250309177 -0.04400440044004399 0.07564102564102564 -0.04279994477426481 -0.08310592904986355 -0.03368137420006736 -0.11970638057594578 0.04097866698806798 -0.10517704803085193 -0.10829899941141849 -0.08292682926829269 -0.13244228432563793 -0.019947637451689315 -0.12427184466019418
-0.013354376593419936 -0.04202145305761361 -0.03066141042487954 0.004667989263624698 0.03551136363636363 -0.10218463706835798 0.09193429762196619 -0.13002794993316322 0.13149495723222265 -0.06763285024154589 -0.01780038143674507 0.10112085769980508 -0.08142737396718956 0.05405405405405404 -0.10497375656085979 0.08570363929946592 -0.05263850506645612 -0.0177260065839453 -0.010432968179447055 -0.0626391982182628 -0.10313216195569137 0.048608579414266606 -0.11528761859012848 0.014519056261343016 -0.03477396920019871 -0.0363317464294663 0.03168316831683168 -0.031257814453613406 0.06335797254487856 0.005886681383370128 -0.15135967162647512 -0.07457386363636365 -0.04800192007680308 -0.09522646807471616 -0.05588628356214311 -0.0870552611657835 0.025075887554441078 -0.04869921824939126 0.10081743869209811 0.016462137084705182 -0.12319296040226273 0.06004304973377137 -0.1020644861980979 -0.06909928476178931 -0.1148591464151856 -0.06655372700871248 -0.10881801125703565 -0.09773211377020423 -0.09037328094302553 -0.1160541586073501 -0.036083115590394434 -0.037041324227341126 -0.04758667573079538 -0.0689252336448598 0.016292330967066216 -0.13367052023121387 0.01480750246791707 -0.14070599851888418 0.023279875840662184 -0.16277423920736026 -0.0071369097180920636 0.08572752548656164 -0.04221883429107541 0.00832540437678402 0.08996041741633681 -0.00486026731470231 0.11124694376528117 0.05324298160696998 -0.00880060346995223 -0.008309098462816786 -0.024157660521296885 0.017674089784376106 -0.03893805309734513 0.05370438178933236 -0.012038040207054292 0.02035928143712575 0.024734108335394515 -0.03911502261337244 0.07179487179487179 -0.044180588154079804 -0.085586703051352 -0.030313236780060628 -0.12422360248447203 0.047004941545136805 -0.0958279770947762 -0.10359034726309595 -0.07317073170731707 -0.13608748481166463 -0.0024934546814611635 -0.1255663430420712
-0.024280684715308972 -0.04091562534557115 -0.044897065265002194 -0.015170965106780256 0.04734848484848485 -0.10805731735964293 0.1201274822260358 -0.12273666302102322 0.1634112089876165 -0.0634920634920635 -0.02797202797202797 0.09381091617933725 -0.08741468087654174 0.025798525798525797 -0.1087228192951762 0.08321947584151038 -0.05132254243979471 -0.005064573309698656 0.002608242044861765 -0.05011135857461023 -0.10567863509039979 0.027949933163203305 -0.12489492013930585 3.469446951953614e-18 -0.033532041728763035 -0.04635429716862942 0.03168316831683168 -0.03375843960990248 0.05807814149947201 0.0014716703458425352 -0.17829656233966137 -0.07457386363636365 -0.078003120124805 -0.10621413746795264 -0.07168023326448791 -0.09336361342417361 0.015837402665962785 -0.05126233499935921 0.10081743869209811 0.0074827895839569 -0.1345065996228787 0.05097994788716438 -0.12062166550684297 -0.08849557522123894 -0.13299480111232015 -0.07260406582768633 -0.12507817385866166 -0.09397318631750406 -0.10216110019646366 -0.1130784109507514 -0.041060097051138486 -0.04051394837365436 -0.05665080444142308 -0.06542056074766354 0.003491213778657045 -0.1336705202312139 0.01604146100691016 -0.1394717353739817 0.028453181583031555 -0.16418966737438073 -0.015463304389199472 0.079935125115848 -0.04925530667292131 -0.015461465271170316 0.09115988964855463 -0.020656136087484813 0.1271393643031785 0.045982575024201354 0.00880060346995222 -0.022157595900844762 -0.03687221869040051 0.009426181218333921 -0.057817109144542765 0.023190528499938974 -0.022872276393403158 0.022754491017964073 0.014840465001236706 -0.02566923359002566 0.07051282051282051 -0.03175479773574486 -0.09178863805507317 -0.028067811833389474 -0.12535290796160362 0.03133662769675786 -0.09349070936075726 -0.10712183637433785 -0.06707317073170731 -0.13122721749696234 0.0049869093629223305 -0.12038834951456312
-0.013354376593419934 -0.03980979763352869 -0.036136662286465185 -0.0350099194771852 0.0615530303030303 -0.11392999765092786 0.12625643540083353 -0.11544537610888321 0.17107110940891102 -0.059351276742581095 -0.033057851239669415 0.0865009746588694 -0.09220452640402348 -0.002457002457002458 -0.11497125718570356 0.08073531238355484 -0.048690617186471906 0.007596859964547986 -0.005216484089723526 -0.03758351893095768 -0.11713776419658772 0.007291286912139991 -0.13089948360754172 -0.01451905626134301 -0.03725782414307004 -0.056376847907792536 0.026402640264026396 -0.03625906476619155 0.062038014783526926 -0.002943340691685059 -0.17316572601334018 -0.07457386363636365 -0.07680307212288492 -0.11720180686118911 -0.060745960393633815 -0.09967196568256372 0.034314372442919364 -0.05382545174932718 0.12670299727520437 -0.0014965579167913786 -0.12947831552482716 0.04191684604055738 -0.1159823706796567 -0.10789186568068856 -0.12936767017289325 -0.0786544046466602 -0.1125703564727955 -0.09021425886480389 -0.09823182711198428 -0.11010266329415266 -0.04354858778151051 -0.043986572519967584 -0.06004985270790845 -0.06191588785046729 0.006982427557314092 -0.1336705202312139 0.020977295162882527 -0.1382374722290792 0.0387997930677703 -0.1656050955414013 -0.0035684548590460274 0.07414272474513436 -0.03870059810015246 -0.03924833491912465 0.09955619527407941 -0.03645200486026731 0.14180929095354525 0.03872216844143272 0.013829519738496351 -0.03600609333887273 -0.034329307056579786 0.0011782726522917425 -0.055457227138643074 -0.007323324789454412 -0.021668472372697728 0.025149700598802394 0.009893643334157806 -0.012223444566678881 0.06538461538461539 -0.01932900731740992 -0.09550979905730586 -0.025822386886718306 -0.12422360248447203 0.015668313848378933 -0.08647890615870048 -0.11065332548557978 -0.05365853658536586 -0.12636695018226002 0.01620745542949757 -0.11521035598705501
-0.0024280684715308983 -0.02985734822514653 -0.027376259307928162 -0.031508927529466685 0.07575757575757576 -0.10805731735964293 0.13238538857563129 -0.11058451816745656 0.17873100983020554 -0.06487232574189097 -0.03814367450731086 0.07797270955165692 -0.09699437193150522 -0.0171990171990172 -0.12121969507623094 0.07079865855173272 -0.0460586919331491 0.02025829323879463 -0.013041210224308819 -0.020879732739420936 -0.12859689330277566 0.001215214485356666 -0.13690404707577758 -0.01451905626134301 -0.04098360655737704 -0.06264094211976948 0.02112211221122112 -0.037509377344336084 0.06599788806758185 -0.008830022075055182 -0.16803488968701902 -0.06865530303030304 -0.07560302412096484 -0.11598095470638506 -0.04981168752277973 -0.09967196568256372 0.052791342219875935 -0.05382545174932718 0.15258855585831066 -0.008979347500748278 -0.1244500314267756 0.048714172425512625 -0.11134307585247043 -0.10304279306582616 -0.12574053923346634 -0.07502420135527588 -0.10006253908692933 -0.07392557323643652 -0.09430255402750491 -0.09076030352626098 -0.04603707851188253 -0.052089362194698466 -0.06344890097439383 -0.07593457943925233 0.01047364133597114 -0.14691714836223507 0.025913129318854887 -0.1616884719822266 0.04914640455250906 -0.17268223637650387 0.008326394671107412 0.08920296570898979 -0.0281458895273836 -0.029733587059942907 0.10795250089960418 -0.029161603888213844 0.15647921760391195 0.04114230396902226 0.01885843600704048 -0.03877579282647833 -0.03178639542275906 0.011782726522917406 -0.053097345132743376 -0.007323324789454413 -0.020464668351992298 0.023952095808383235 0.004946821667078901 -0.014668133480014658 0.060256410256410264 -0.02485158083666989 -0.09923096005953856 -0.031435949253396205 -0.12309429700734047 -0.003615764734241292 -0.07946710295664368 -0.12948793407886994 -0.04024390243902439 -0.14580801944106928 0.02742800149607281 -0.1307443365695793
-0.012140342357654484 -0.029857348225146525 -0.01533070521243977 -0.029174932897654337 0.07220643939393939 -0.101010101010101 0.12503064476587403 -0.0984323733138899 0.1736244095493425 -0.0552104899930987 -0.039415130324221226 0.0804093567251462 -0.09579691054963478 -0.018427518427518427 -0.1274681329667583 0.08446155757048815 -0.0421108040531649 0.04431501645986326 -0.013041210224308819 0.006959910913140316 -0.13368983957219252 -0.003645643456069997 -0.1441095232376606 -0.01935874168179068 -0.05464480874316939 -0.056376847907792536 0.007920792079207917 -0.027506876719179795 0.0541182682154171 0.0029433406916850673 -0.15777321703437663 -0.06273674242424243 -0.06600264010560422 -0.11720180686118911 -0.05710120277001578 -0.09588695432752965 0.05147155866437904 -0.04869921824939126 0.15122615803814715 -0.008979347500748278 -0.12570710245128852 0.053245723348816124 -0.1020644861980979 -0.11274093829555096 -0.11848627735461251 -0.06413359148112294 -0.09631019387116949 -0.0551309359729357 -0.08644400785854618 -0.06546644844517183 -0.031106134129650364 -0.043986572519967584 -0.06004985270790845 -0.07593457943925233 0.016292330967066216 -0.1396917148362235 0.03455083909180652 -0.14317452480868922 0.05302638385928608 -0.14861995753715498 0.008326394671107417 0.09036144578313252 -0.01759118095461475 -0.027354900095147478 0.10315461197073288 -0.019441069258809233 0.1552567237163814 0.04961277831558567 0.01885843600704048 -0.03185154410746434 -0.02542911633820724 0.015317544479792628 -0.037758112094395294 -0.007323324789454413 -0.013241844227759725 0.03473053892215568 0.004946821667078901 0.008556411196675225 0.060256410256410264 0.00414193013944498 -0.085586703051352 -0.028067811833389467 -0.11405985319028797 0.001205254911413764 -0.0654434965525301 -0.10947616244849914 -0.040243902439024384 -0.12272174969623331 0.027428001496072812 -0.11003236245954692
