0.02187386073641998 0.007745933384972889 0.018630136986301372 0.02221442768619198 0.010653409090909092 0.022358201929865852 0.006125949522175937 0.020693852708460133 -0.008917197452229299 0.027651043826904465 -0.0038114597890992253 0.006079766536964981 -0.01675843907110366 0.01596855423166687 -0.0025 0.00992063492063492 0.0 0.00885851683118198 -0.010426169685911637 0.0027828022818978714 0.015306122448979591 0.004857316332726168 0.009624639076034648 0.02059108527131783 0.01740860482467048 0.015052684395383844 0.011884325894625644 0.005006884466140943 0.009234828496042216 -0.004418262150220913 0.015424164524421594 0.004737652493189625 0.004804227720393946 0.023255813953488372 0.01095290251916758 0.013904689672607762 0.021141649048625793 0.019262874020803906 0.012243232213304313 0.01948733323339829 -0.002515406867060747 0.0 -0.020876826722338204 -0.0072744907856450046 -0.008464328899637243 -0.007256016446970613 -0.010012515644555695 0.005015673981191222 -0.015706806282722512 0.005956813104988831 0.01121355594318465 0.005793071486502144 -0.0034021320027217057 0.012870012870012871 0.003494060097833683 0.018111567254286403 -0.011105626850937808 0.017328877336303998 -0.012924906294429364 0.017028522775649212 0.021436227224008574 0.005792400370713624 0.010562140593827016 0.025041736227045076 0.01199616122840691 0.019474196689386564 0.006113964294448521 0.023024721279689773 0.005030181086519115 0.0263669164585068 0.00636213258684311 -0.0011770244821092278 -0.007082152974504249 -0.0036594291290558676 -0.0024090580582992053 0.0 -0.011127596439169139 0.006110975311659741 -0.015366884364195161 0.01104667219000276 0.002482313516197096 0.007862518252274514 -0.0045218177707438394 0.015673981191222573 -0.0023391812865497076 0.01297322797499705 -0.008544921875 0.012183235867446393 -0.014966325767024197 0.006483402489626556
0.02673471867784664 0.019918114418501713 0.019726027397260277 0.0526131182041389 0.016571969696969696 0.04706989879971758 0.017152658662092625 0.043822276323797926 -0.008917197452229299 0.05806719203649937 -0.011434379367297676 0.007295719844357977 -0.023940627244433806 0.02333865618474389 -0.0037500000000000007 0.01488095238095238 0.007897854416216928 0.01645153125790939 -0.00781962726443373 0.011131209127591486 0.024234693877551023 0.01700060716454159 0.015640038498556302 0.04239341085271318 0.021139020144242727 0.04139488208730557 0.021127690479334476 0.018775816748028536 0.017150395778364115 0.011782032400589101 0.02442159383033419 0.00947530498637925 0.008407398510689407 0.042839657282741736 0.01947182670074236 0.02148906585766654 0.0330338266384778 0.026968023629125464 0.020405387022173854 0.03897466646679658 -0.011319330901773363 -0.005657388549445576 -0.03247506379030387 -0.013336566440349177 -0.016928657799274487 -0.016930705042931433 -0.008760951188986232 0.003761755485893417 -0.02225130890052356 0.01489203276247208 0.026164963867430845 0.015061985864905574 0.009072352007257882 0.02925002925002925 0.01630561378989052 0.050712388312001935 -0.0024679170779861787 0.035895531625201135 -0.009047434406100554 0.03547608911593586 0.03215434083601286 0.018535681186283594 0.014082854125102687 0.051275936083949446 0.026391554702495202 0.03894839337877313 0.02690144289557349 0.041202132816286964 0.02515090543259558 0.04301970580072162 0.008906985621580354 0.01059322033898305 -0.017705382436260624 0.013417906806538182 -0.0012045290291496026 0.015553960277578369 -0.007418397626112761 0.02077731605964312 -0.015366884364195161 0.024855012427506214 0.002482313516197096 0.014601819611366956 0.0011304544426859596 0.025319508078128772 -0.003508771929824561 0.03302276211817431 -0.00732421875 0.0341130604288499 -0.01247193813918683 0.02074688796680498
0.0315955766192733 0.029877171627752573 0.02082191780821918 0.07482754589033087 0.022490530303030304 0.0717815956695693 0.028179367802009313 0.059646987218502735 -0.008917197452229299 0.08018802709802295 -0.019057298945496126 0.0036478599221789884 -0.031122815417763943 0.024567006510256725 -0.005 0.004960317460317461 0.015795708832433857 0.0 -0.0052130848429558195 -0.009739807986642549 0.03316326530612245 0.01700060716454159 0.021655437921077957 0.056928294573643415 0.02486943546381497 0.05017561465127949 0.030371055064043313 0.015020653398422828 0.025065963060686015 -0.004418262150220914 0.033419023136246784 0.008290891863081842 0.012010569300984866 0.06119951040391677 0.027990750882317145 0.0341296928327645 0.04492600422832981 0.03852574804160781 0.028567541831043396 0.0599610253335332 -0.02012325493648598 -0.01584068793844761 -0.044073300858269535 -0.018186226964112512 -0.02539298669891173 -0.025396057564397147 -0.00750938673341677 -0.005015673981191222 -0.028795811518324603 0.013402829486224871 0.04111637179167704 0.012744757270304718 0.021546836017237468 0.040950040950040956 0.02911716748194736 0.0627867664815262 0.006169792694965451 0.029706646862235425 -0.005169962517771745 0.02838087129274869 0.04287245444801715 0.02896200185356812 0.01760356765637836 0.0787025995707131 0.040786948176583494 0.05842259006815968 0.04768892149669846 0.05937954435288415 0.04527162977867204 0.06938662225922843 0.011451838656317598 0.007062146892655366 -0.028328611898016998 0.01585752622590876 0.0 0.021536252692031587 -0.003709198813056381 0.018332925934979222 -0.015366884364195161 0.026235846451256557 0.002482313516197096 0.00898573514545659 0.006782726656115759 0.025319508078128772 -0.004678362573099415 0.028305224672720834 -0.006103515625 0.023148148148148147 -0.009977550511349464 0.005186721991701243
0.05225422287033661 0.039836228837003426 0.040547945205479455 0.09704197357652285 0.04379734848484849 0.09649329253942104 0.04778240627297231 0.07547169811320754 -0.011464968152866243 0.10230886215954652 -0.02795070512006098 0.0 -0.04189609767775916 0.025795356835769563 -0.005 -0.004960317460317459 0.013163090693694878 -0.01645153125790939 -0.022155610582562234 -0.030610825100876583 0.04209183673469388 0.01700060716454159 0.04571703561116458 0.07146317829457365 0.0435215120616762 0.058956347215253405 0.033012016373960125 0.01126549004881712 0.014511873350923483 -0.02061855670103093 0.051413881748071974 0.007106478739784436 0.024021138601969732 0.0795593635250918 0.051113545089448695 0.04677031980786247 0.06342494714587739 0.05008347245409015 0.020405387022173854 0.08094738420026983 -0.03144258583825934 -0.02602398732744965 -0.05567153792623521 -0.02303588748787585 -0.03143893591293833 -0.03386141008586286 -0.008760951188986232 -0.013793103448275862 -0.051047120418848166 0.011913626209977662 0.059805631696984794 0.010427528675703861 0.029485144023588115 0.05265005265005266 0.041928721174004195 0.07486114465105047 0.0012339585389930913 0.02351776209926971 -0.03489724699495929 0.021285653469561516 0.05478146957246636 0.03938832252085264 0.024644994718929704 0.10612926305747676 0.0647792706333973 0.07789678675754626 0.08192712154561017 0.07755695588948133 0.0591046277665996 0.09575353871773522 0.02544853034737244 0.0035310734463276823 -0.014164305949008499 0.018297145645279338 0.015658877378944832 0.027518545106484806 0.007418397626112757 0.015888535810315324 -0.017928031758227686 0.0276166804750069 0.0037234702742956435 0.003369650679546221 0.006782726656115759 0.025319508078128772 -0.0023391812865497076 0.02358768722726736 -0.013427734375 0.012183235867446391 -0.023696682464454978 -0.010373443983402491
0.07291286912139991 0.049795286046254286 0.06027397260273972 0.11925640126271482 0.06510416666666667 0.12120498940927278 0.0673854447439353 0.09129640900791235 -0.014012738853503185 0.12442969722107008 -0.036844111294625836 -0.0036478599221789884 -0.05266937993775437 0.027023707161282395 -0.005 -0.014880952380952378 0.010530472554955903 -0.03290306251581878 -0.039098136322168645 -0.05148184221511062 0.05102040816326531 0.01700060716454159 0.0697786333012512 0.08599806201550389 0.062173588659537427 0.06773707977922731 0.03565297768387694 0.007510326699211411 0.003957783641160948 -0.036818851251840944 0.06940874035989716 0.00592206561648703 0.0360317079029546 0.09791921664626682 0.07423633929658026 0.05941094678296044 0.08192389006342496 0.06164119686657249 0.012243232213304313 0.10193374306700645 -0.0427619167400327 -0.03620728671645169 -0.06726977499420086 -0.027885548011639182 -0.037484885126964934 -0.04232676260732857 -0.010012515644555695 -0.022570532915360503 -0.07329842931937172 0.010424422933730453 0.07849489160229255 0.008110300081103004 0.03742345202993876 0.06435006435006436 0.054740274866061034 0.08693552282057473 -0.003701875616979268 0.017328877336303998 -0.06462453147214682 0.014190435646374344 0.06669048469691556 0.049814643188137164 0.031686421781481046 0.13355592654424042 0.08877159309021113 0.09737098344693282 0.11616532159452189 0.09573436742607852 0.07293762575452717 0.12212045517624201 0.03944522203842728 -1.3877787807814458e-18 0.0 0.020736765064649918 0.031317754757889664 0.03350083752093802 0.018545994065281894 0.013444145685651426 -0.02048917915226021 0.028997514498757242 0.004964627032394192 -0.0022464337863641465 0.006782726656115759 0.025319508078128772 0.0 0.018870149781813887 -0.020751953125 0.001218323586744638 -0.03741581441756049 -0.025933609958506226
0.07898894154818324 0.06086090516764413 0.06027397260273972 0.14030164854437038 0.0662878787878788 0.14120969639915276 0.07106101445724086 0.10590383444917832 -0.016560509554140127 0.13410756256048667 -0.036844111294625836 -0.007295719844357977 -0.06463969355997126 0.030708758137820903 -0.01125 -0.019841269841269837 0.005265236277477951 -0.03290306251581878 -0.05343411964029714 -0.057047446778906365 0.06377551020408163 0.014571948998178505 0.07459095283926853 0.09811046511627908 0.06839094752549117 0.08655293527345712 0.03565297768387694 0.020027537864563773 -0.005277044854881267 -0.027982326951399118 0.07455012853470436 0.015397370602866278 0.03242853711265914 0.1211750305997552 0.07910429597176585 0.074579699153078 0.07795983086680762 0.0860408372929241 0.0027207182696231806 0.1259181532004197 -0.0427619167400327 -0.03847024213622992 -0.07654836464857341 -0.027885548011639182 -0.04232164449818622 -0.04595477083081388 -0.008760951188986232 -0.016300940438871474 -0.08638743455497382 0.013402829486224871 0.08098679292300025 0.012744757270304718 0.03288727602630982 0.07956007956007957 0.052410901467505246 0.10625452789181358 -0.022211253701875617 0.034657754672607996 -0.08918185343156262 0.024123740598836384 0.07859949982136477 0.06719184430027804 0.03051285060438915 0.1597901264011448 0.09476967370441458 0.11197663096397274 0.12227928588897041 0.11391177896267571 0.06664989939637828 0.13461004718290312 0.043262501590533145 -1.3877787807814458e-18 0.0011803588290840417 0.021956574774335207 0.031317754757889664 0.03589375448671931 0.0074183976261127564 0.01711073087264727 -0.033294916122422843 0.030378348522507585 0.012411567580985477 0.0011232168931820739 0.0033913633280578796 0.033759344104171696 -0.00935672514619883 0.030663993395447574 -0.04150390625 0.01705653021442495 -0.05986530306809679 -0.012966804979253113
0.08384979948960991 0.07192652428903397 0.06575342465753424 0.16134689582602593 0.07102272727272728 0.16121440338903273 0.07473658417054643 0.12051125989044431 -0.0267515923566879 0.14378542789990323 -0.03430313810189302 -0.010943579766536964 -0.08020110126885324 0.03439380911435941 -0.026250000000000002 -0.024801587301587297 -0.005265236277477953 -0.03290306251581878 -0.06777010295842564 -0.0626130513427021 0.07142857142857142 0.01214329083181542 0.08060635226179018 0.11022286821705427 0.07709524993782642 0.10536879076768693 0.04225538095866896 0.03254474902991613 -0.003957783641160951 -0.019145802650957288 0.09254498714652956 0.024872675589245528 0.04203699255344703 0.14443084455324356 0.09735913350371181 0.08974845152319555 0.09381606765327696 0.11044047771927572 0.00680179567405795 0.149902563333833 -0.054081247641806066 -0.04073319755600814 -0.09394572025052192 -0.027885548011639182 -0.0592503022974607 -0.049582779054299184 -0.023779724655819776 -0.010031347962382448 -0.10863874345549737 0.01638123603871929 0.08098679292300025 0.017379214459506433 0.03402132002721706 0.09477009477009479 0.05706964826461682 0.1255735329630524 -0.028381046396841064 0.051986632008912 -0.1059842316143208 0.034057045551298425 0.08931761343336905 0.08456904541241891 0.03755427766694049 0.18602432625804916 0.1067658349328215 0.12658227848101267 0.13083883590119832 0.13208919049927287 0.06413480885311872 0.14709963918956423 0.040717648555795904 -1.3877787807814458e-18 -0.005901794145420207 0.023176384484020495 0.020476993495543244 0.0382866714525006 -0.006181998021760636 0.020777316059643114 -0.05506466897169933 0.03175918254625793 0.012411567580985477 0.004492867572728295 0.0011304544426859599 0.04219918013021462 -0.0152046783625731 0.042457837009081255 -0.04638671875 0.03289473684210527 -0.06984285357944625 0.0
0.08871065743103658 0.0829921434104238 0.07123287671232877 0.18239214310768148 0.07575757575757577 0.1812191103789127 0.07841215388385199 0.1351186853317103 -0.036942675159235674 0.1534632932393198 -0.03176216490916021 -0.014591439688715954 -0.09576250897773521 0.03807886009089791 -0.041249999999999995 -0.029761904761904757 -0.015795708832433857 -0.03290306251581878 -0.08210608627655416 -0.06817865590649785 0.07908163265306123 0.009714632665452336 0.08662175168431183 0.12233527131782947 0.08579955235016165 0.12418464626191672 0.04885778423346098 0.045061960195268494 -0.0026385224274406345 -0.010309278350515462 0.11053984575835477 0.03434798057562478 0.05164544799423493 0.16768665850673195 0.11561397103565778 0.10491720389331312 0.10967230443974632 0.13484011814562732 0.010882873078492722 0.1738869734672463 -0.06540057854357942 -0.04299615297578637 -0.11134307585247041 -0.027885548011639182 -0.07617896009673518 -0.053210787277784485 -0.03879849812265332 -0.00376175548589342 -0.13089005235602094 0.019359642591213706 0.08098679292300025 0.022013671648708148 0.035155364028124296 0.10998010998011001 0.061728395061728406 0.14489253803429122 -0.034550839091806514 0.06931550934521599 -0.12278660979707898 0.04399035050376047 0.10003572704537333 0.10194624652455979 0.044595704729491835 0.21225852611495352 0.11876199616122843 0.14118792599805258 0.13939838591342626 0.15026660203587006 0.06161971830985916 0.15958923119622534 0.038172795521058664 -0.009416195856873824 -0.012983947119924458 0.012198097096852895 0.009636232233196821 0.017946877243359655 -0.01978239366963403 0.024443901246638956 -0.0768344218209758 0.03314001657000827 0.012411567580985477 0.0022464337863641473 -0.0011304544426859596 0.04099348926935135 -0.021052631578947368 0.041278452647717886 -0.05126953125 0.03289473684210527 -0.07982040409079572 -0.0038900414937759337
0.1057236602260299 0.08852495297111872 0.08986301369863013 0.19291476674850927 0.10298295454545456 0.17768886796893388 0.11761823082577798 0.1278149726110773 -0.011464968152866245 0.154845845430665 -0.03430313810189302 -0.0316147859922179 -0.11252094804883887 0.028252057486795223 -0.04875 -0.05208333333333333 0.0026326181387389736 -0.05568210579600101 -0.0638602893262088 -0.08487546959788508 0.08801020408163265 0.0072859744990892514 0.09384023099133781 0.12960271317829458 0.09326038298930614 0.1266934269944807 0.05942162947312822 0.03379647014645137 0.0013192612137203157 -0.020618556701030927 0.11696658097686377 0.030794741205732556 0.057650732644727365 0.17503059975520197 0.13021784106121453 0.10870939198584251 0.1308139534883721 0.14126107615256195 0.025846823561420217 0.19337430670064457 -0.06791598541064017 -0.05544240778456664 -0.1183020180932498 -0.040009699321047525 -0.08222490931076179 -0.07497883661869634 -0.03128911138923655 -0.01880877742946709 -0.13219895287958114 0.017870439314966496 0.09344629952653875 0.022013671648708148 0.04989793603991836 0.1064701064701065 0.08269275564873049 0.13885534894952908 -0.020977295162882523 0.05569996286669143 -0.12924906294429367 0.026961827728111253 0.10479933309515302 0.10194624652455979 0.0492899894378594 0.2229906987836871 0.12715930902111325 0.1436222005842259 0.16018586451455125 0.15996122152205522 0.06916498993963784 0.1706910907577019 0.043262501590533145 -0.018832391713747648 -0.017705382436260624 0.0012198097096852933 0.012045290291496027 -0.002392916965781289 -0.004945598417408511 0.00855536543632363 -0.061467537456780644 0.027616680475006893 0.018617351371478217 6.938893903907229e-19 -0.0022609088853719193 0.039787798408488076 -0.019883040935672513 0.040099068286354525 -0.04150390625 0.03289473684210527 -0.07732601646295835 -0.007780082987551867
0.12273666302102322 0.09405776253181364 0.10849315068493151 0.20343739038933703 0.13020833333333334 0.17415862555895506 0.15682430776770398 0.12051125989044431 0.014012738853503182 0.15622839762201024 -0.036844111294625836 -0.048638132295719845 -0.12927938711994252 0.018425254882692532 -0.05625 -0.07440476190476189 0.021060945109911806 -0.07846114907618325 -0.04561449237586343 -0.1015722832892723 0.09693877551020409 0.0048573163327261665 0.1010587102983638 0.13687015503875968 0.10072121362845063 0.12920220772704466 0.06998547471279545 0.022530980097634247 0.005277044854881266 -0.030927835051546393 0.12339331619537278 0.027241501835840336 0.0636560172952198 0.18237454100367198 0.1448217110867713 0.1125015800783719 0.15195560253699789 0.1476820341594966 0.04081077404434771 0.2128616399340429 -0.07043139227770091 -0.0678886625933469 -0.1252609603340292 -0.05213385063045587 -0.08827085852478839 -0.09674688595960816 -0.023779724655819772 -0.03385579937304076 -0.13350785340314136 0.01638123603871929 0.10590580613007725 0.022013671648708148 0.06464050805171243 0.10296010296010301 0.1036571162357326 0.13281815986476694 -0.007403751233958533 0.04208441638816686 -0.13571151609150833 0.00993330495246204 0.10956293914493269 0.10194624652455979 0.05398427414622696 0.2337228714524207 0.1355566218809981 0.1460564751703992 0.1809733431156762 0.1696558410082404 0.0767102615694165 0.18179295031917847 0.04835220766000763 -0.02824858757062147 -0.022426817752596792 -0.009758477677482308 0.014454348349795232 -0.022732711174922232 0.009891196834817007 -0.007333170373991696 -0.04610065309258548 0.022093344380005514 0.024823135161970954 -0.002246433786364146 -0.0033913633280578787 0.0385821075476248 -0.01871345029239766 0.03891968392499116 -0.03173828125 0.03289473684210527 -0.07483162883512098 -0.011670124481327801
0.11787580507959657 0.08741839105897972 0.10849315068493151 0.1987606687711914 0.14678030303030304 0.15886090844904685 0.18990443518745403 0.10225197808886184 0.04840764331210191 0.14378542789990323 -0.035573624698259435 -0.052285992217898834 -0.12927938711994252 0.008598452278589856 -0.06124999999999999 -0.08680555555555555 0.03948927208108464 -0.09364717792963806 -0.016942525739606428 -0.10852928899401697 0.09056122448979594 0.0012143290831815414 0.09865255052935515 0.13929263565891473 0.09077343944292464 0.13798294029101857 0.06866499405783705 0.03254474902991613 1.3877787807814458e-18 -0.005891016200294546 0.11439588688946016 0.02842591495913775 0.06485707422531829 0.18482252141982866 0.1484726785931605 0.11376564277588168 0.15195560253699789 0.13227173494285346 0.04353149231397089 0.20986358866736618 -0.0704313922777009 -0.07241457343290336 -0.11134307585247043 -0.043646944713870026 -0.08585247883917775 -0.09190954166162776 -0.006257822277847309 -0.0438871473354232 -0.11910994764397906 0.011913626209977662 0.1071517567904311 0.02085505735140772 0.08278521206622817 0.09477009477009478 0.12112741672490102 0.13161072204781452 0.01727541954590326 0.04208441638816686 -0.1292490629442936 0.004257130693912303 0.09289031797070381 0.10078776645041705 0.04811641826076752 0.23133794419270215 0.131957773512476 0.14240506329113922 0.1956468574223527 0.1611730489578284 0.07922535211267605 0.17069109075770192 0.04707978114263901 -0.03060263653483992 -0.02006610009442871 -0.0036594291290558663 0.01927246446639364 -0.025125628140703522 0.035855588526211665 -0.012221950623319483 -0.015366884364195161 0.02347417840375588 0.022340821645773862 -1.3877787807814458e-18 -0.007913181098801719 0.04822763443453099 -0.019883040935672513 0.04127845264771789 -0.013427734375 0.03533138401559454 -0.05737091544025941 -0.007780082987551866
0.1190910195649532 0.0763527719375899 0.11945205479452055 0.18589968432129078 0.15269886363636365 0.14120969639915276 0.1923548149963244 0.08155812538040169 0.04331210191082802 0.12857735379510576 -0.038114597890992245 -0.051070038910505836 -0.1328704812066076 0.007370101953077017 -0.06875 -0.09424603174603174 0.030275108595498222 -0.10756770437863832 -0.03649159390069075 -0.1210518992625574 0.08801020408163267 -0.009714632665452336 0.08301251203079882 0.14050387596899225 0.08082566525739865 0.1354741595584546 0.03961441964875214 0.033796470146451374 -0.026385224274406333 -0.0014727540500736325 0.10539845758354756 0.02961032808243515 0.05765073264472735 0.19094247246022034 0.13995375441158572 0.12135001896094047 0.13874207188160675 0.1284191601386927 0.028567541831043396 0.20686553740068953 -0.06791598541064016 -0.07128309572301425 -0.11018325214567386 -0.036372453928225024 -0.08585247883917775 -0.08465352521465716 -0.017521902377972465 -0.04764890282131661 -0.1426701570680628 0.004467609828741623 0.10092200348866184 0.016220600162206004 0.06917668405534136 0.08307008307008308 0.11530398322851154 0.11591403042743298 0.012339585389930907 0.04084663943557372 -0.14346645986816592 -0.002838087129274869 0.09527212099559365 0.09267840593141799 0.053984274146226974 0.22776055330312425 0.12715930902111322 0.13875365141187923 0.18831010026901446 0.15753756665050897 0.05030181086519114 0.16930335831251736 0.0407176485557959 -0.04590395480225988 -0.01534466477809254 -0.018297145645279334 0.021681522524692846 -0.043072505384063174 0.02720079129574678 -0.02566609630897091 -0.026892047637341533 0.022093344380005524 0.022340821645773862 0.003369650679546221 -0.022609088853719195 0.06390161562575356 -0.02222222222222222 0.03656091520226441 -0.018310546875 0.028021442495126708 -0.06360688450985283 -0.011670124481327794
0.12030623405030987 0.06750027664047802 0.1304109589041096 0.1812229627031451 0.15861742424242425 0.12355848434925869 0.1948051948051948 0.06816798539257454 0.03821656050955414 0.12166459283837963 -0.04065557108372507 -0.04499027237354085 -0.13646157529327269 0.01228350325512836 -0.07625 -0.08680555555555555 0.02106094510991181 -0.09744368514300177 -0.05604066206177507 -0.10435508557117017 0.08545918367346941 -0.008500303582270795 0.06737247353224253 0.14898255813953493 0.07087789107187266 0.15052684395383842 0.010563845239667233 0.05257228689447992 -0.05277044854881265 0.035346097201767304 0.09640102827763496 0.03671680682221959 0.05044439106413644 0.19828641370869035 0.13143483023001093 0.12387814435596008 0.12552854122621565 0.12071401053037116 0.013603591348115895 0.20236846050067453 -0.06540057854357942 -0.07015161801312514 -0.10902342843887729 -0.03879728419010669 -0.08585247883917775 -0.08949086951263757 -0.028785982478097615 -0.03887147335423198 -0.1662303664921466 -0.00744601638123604 0.0946922501868926 0.01042752867570386 0.05556815604445453 0.08073008073008073 0.10948054973212207 0.11712146824438543 0.0074037512339585445 0.06188884762965714 -0.15768385679203822 0.00993330495246204 0.09765392402048349 0.08341056533827619 0.05985213003168642 0.21106606248509419 0.12236084452975046 0.12901655306718599 0.1809733431156762 0.15147842947164322 0.021378269617706235 0.14848737163474884 0.03435551596895279 -0.05885122410546138 -0.010623229461756372 -0.028055623322761646 0.02409058058299205 -0.05623354869586026 0.018545994065281894 -0.01833292593497922 -0.0384172109104879 0.02623584645125656 0.022340821645773862 0.005616084465910367 -0.03730499660863667 0.06993006993006994 -0.02456140350877193 0.050713527538624834 -0.023193359375 0.04751461988304093 -0.06984285357944622 0.0038900414937759363
0.12152144853566653 0.0619674670797831 0.12712328767123288 0.17420788027592657 0.15625000000000003 0.11767474699929395 0.1923548149963244 0.06938527084601338 0.042038216560509545 0.1202820406470344 -0.02286875873459535 -0.06444552529182879 -0.13047641848216424 0.001228350325512835 -0.075 -0.08432539682539683 0.025009872318020272 -0.07719564667172867 -0.037794865111429696 -0.08348406845693615 0.0969387755102041 -0.013357619914996963 0.05654475457170356 0.14777131782945735 0.06714747575230043 0.14801806322127448 0.01056384523966723 0.06133433471022657 -0.044854881266490766 0.05154639175257732 0.09125964010282776 0.034347980575624784 0.044439106413644 0.193390452876377 0.12048192771084339 0.13019845784350906 0.1109936575052854 0.13612430974701428 0.012243232213304311 0.21436066556738123 -0.035215696138850464 -0.06902014030323603 -0.09046624913013221 -0.041222114451988354 -0.07376058041112454 -0.09432821381061798 -0.030037546933667086 -0.030094043887147336 -0.1636125654450262 -0.019359642591213703 0.08347869424370795 0.004634457189201718 0.04762984803810388 0.07839007839007837 0.10016305613789891 0.11832890606133786 0.009871668311944724 0.08293105582374058 -0.14088147860928008 0.022704697034198952 0.09884482553292841 0.07414272474513439 0.05867855885459453 0.19437157166706415 0.10556621880998081 0.11927945472249268 0.1516263145023233 0.14541929229277747 -0.005030181086519115 0.12767138495698033 0.04962463417737626 -0.07179849340866289 -0.015344664778092543 -0.03781410100024396 0.022886051553842445 -0.06939459200765734 0.006181998021760631 -0.010999755560987534 -0.04225893200153669 0.030378348522507592 0.0285466054362666 0.007862518252274511 -0.031652724395206874 0.07595852423438632 -0.021052631578947368 0.06486613987498527 -0.01220703125 0.06700779727095516 -0.05362933399850336 0.019450207468879672
0.12273666302102319 0.05643465751908818 0.12383561643835617 0.16719279784870805 0.15388257575757577 0.11179100964932924 0.189904435187454 0.07060255629945224 0.04585987261146497 0.11889948845568918 -0.0050819463854656355 -0.08390077821011672 -0.12449126167105577 -0.00982680260410269 -0.07375000000000001 -0.0818452380952381 0.028958799526128738 -0.056947608200455566 -0.019549068161084326 -0.06261305134270212 0.1084183673469388 -0.01821493624772313 0.045717035611164594 0.14656007751937983 0.06341706043272818 0.14550928248871048 0.010563845239667238 0.07009638252597324 -0.03693931398416886 0.06774668630338734 0.08611825192802056 0.031979154329029966 0.03843382176315156 0.18849449204406366 0.1095290251916758 0.136518771331058 0.09645877378435516 0.1515346089636574 0.010882873078492717 0.22635287063408788 -0.0050308137341215035 -0.06788866259334692 -0.07190906982138714 -0.043646944713870026 -0.061668681983071336 -0.09916555810859838 -0.03128911138923655 -0.021316614420062698 -0.16099476439790578 -0.03127326880119137 0.07226513830052331 -0.0011586142973004255 0.03969154003175323 0.07605007605007605 0.09084556254367576 0.11953634387829029 0.012339585389930904 0.103973264017824 -0.12407910042652193 0.03547608911593586 0.10003572704537336 0.06487488415199258 0.05750498767750264 0.17767708084903414 0.08877159309021113 0.10954235637779941 0.12227928588897041 0.13936015511391173 -0.031438631790744465 0.10685539827921178 0.06489375238579972 -0.0847457627118644 -0.020066100094428708 -0.04757257867772628 0.021681522524692843 -0.08255563531945444 -0.006181998021760638 -0.0036665851869958437 -0.04610065309258548 0.03452085059375863 0.03475238922675934 0.010108952038638657 -0.026000452181777073 0.0819869785387027 -0.017543859649122806 0.07901875221134567 -0.001220703125 0.08650097465886938 -0.0374158144175605 0.0350103734439834
0.12516709199173656 0.058647781343366144 0.1304109589041096 0.17186951946685375 0.16571969696969696 0.11532125205930806 0.19848076451850033 0.07425441265976872 0.04076433121019109 0.12442969722107008 -0.010163892770931268 -0.09119649805447472 -0.12568829303327747 -0.01596855423166687 -0.085 -0.08060515873015874 0.018428326971172835 -0.06327512022272841 -0.03649159390069074 -0.06122165020175317 0.11096938775510205 -0.013357619914996963 0.04812319538017325 0.15261627906976744 0.06963441929868192 0.12920220772704466 0.01584576785950086 0.047565402428338975 -0.03825857519788918 0.05596465390279822 0.08997429305912595 0.030794741205732556 0.03843382176315156 0.18849449204406366 0.1119630035292686 0.13525470863354824 0.1109936575052854 0.13869269294978812 0.008162154808869535 0.21735871683405789 -0.013834737768834118 -0.07694048427245984 -0.07538854094177685 -0.0460717749757517 -0.07376058041112454 -0.10037489418309349 -0.04255319148936171 -0.030094043887147336 -0.17146596858638746 -0.02382725241995533 0.07351108896087716 -0.011586142973004285 0.04536176003628941 0.05967005967005967 0.09783368273934313 0.10866940352571844 0.02838104639684106 0.09035771753929943 -0.11632415664986429 0.034057045551298425 0.10003572704537336 0.06255792400370715 0.05985213003168642 0.18244693536847129 0.08517274472168906 0.10345666991236613 0.12227928588897041 0.12603005332040715 -0.032696177062374245 0.10407993338884262 0.055986766764219376 -0.09416195856873823 -0.029508970727101035 -0.046352768968041004 0.012045290291496022 -0.0789662598707825 -0.0037091988130563817 -1.3877787807814458e-18 -0.04353950569855295 0.046948356807511735 0.03723470274295644 0.011232168931820729 -0.019217725525661318 0.0771642150952496 -0.00935672514619883 0.07665998348861894 0.0146484375 0.07553606237816764 -0.033674232975804436 0.025933609958506226
0.13245837890387654 0.06086090516764413 0.1304109589041096 0.17654624108499944 0.17400568181818182 0.11885149446928686 0.209507473658417 0.07790626902008521 0.05605095541401275 0.12995990598645096 -0.011434379367297675 -0.0984922178988327 -0.11611204213550394 -0.02211030585923105 -0.06625000000000002 -0.07936507936507936 0.02895879952612873 -0.06960263224500125 -0.03649159390069074 -0.05983024906080424 0.12244897959183673 -0.008500303582270793 0.05052935514918191 0.15867248062015502 0.06839094752549117 0.11289513296537883 0.007922883929750428 0.02503442233070472 -0.04617414248021108 0.04418262150220913 0.09254498714652956 0.02961032808243515 0.03002642325246216 0.18849449204406366 0.11439698186686138 0.13399064593603843 0.11231501057082452 0.12585077693591887 0.009522513943681123 0.2083645630340279 0.012577034335303735 -0.08599230595157276 -0.06031083275342147 -0.04849660523763336 -0.054413542926239414 -0.10158423025758859 -0.022528160200250315 -0.03887147335423198 -0.16099476439790578 -0.01638123603871929 0.08970844754547722 -0.022013671648708145 0.03742345202993876 0.04329004329004328 0.1036571162357326 0.09780246317314659 0.03825271470878577 0.07674217106077486 -0.10598423161432077 0.03263800198666099 0.10360843158270812 0.06024096385542169 0.05515784532331887 0.18721678988790844 0.08037428023032629 0.09737098344693282 0.12105649303008073 0.11269995152690256 -0.021378269617706235 0.1013044684984735 0.0699834584552742 -0.10357815442561205 -0.014164305949008499 -0.04513295925835571 0.03493134184533847 -0.07537688442211057 0.012363996043521265 0.0036665851869958467 -0.02048917915226021 0.05937586302126485 0.03227007571056224 0.012355385825002804 -0.024869997739091116 0.07234145165179648 -0.008187134502923975 0.0743012147658922 0.006103515625 0.06457115009746588 -0.031179845347967073 0.016856846473029048
0.13974966581601656 0.06307402899192209 0.1304109589041096 0.1812229627031451 0.18229166666666669 0.1223817368792657 0.22053418279833367 0.0815581253804017 0.0713375796178344 0.13549011475183187 -0.012704865963664084 -0.10578793774319066 -0.10653579123773042 -0.028252057486795233 -0.04750000000000001 -0.07812499999999999 0.039489272081084645 -0.0759301442672741 -0.03649159390069073 -0.058438847919855305 0.13392857142857145 -0.003642987249544624 0.05293551491819056 0.16472868217054262 0.06714747575230043 0.09658805820371301 -6.938893903907229e-19 0.002503442233070473 -0.05408970976253298 0.032400589101620025 0.09511568123393317 0.028425914959137745 0.021619024741772762 0.18849449204406366 0.11683096020445416 0.13272658323852862 0.11363636363636362 0.11300886092204958 0.01088287307849272 0.1993704092339979 0.03898880643944157 -0.09504412763068568 -0.045233124565066105 -0.050921435499515035 -0.03506650544135429 -0.10279356633208367 -0.0025031289111389216 -0.04764890282131662 -0.1505235602094241 -0.008935219657483251 0.10590580613007725 -0.032441200324412 0.029485144023588115 0.0269100269100269 0.10948054973212207 0.08693552282057473 0.048124383020730487 0.06312662458225028 -0.0956443065787773 0.031218958422023557 0.10718113612004287 0.05792400370713624 0.050463560614951296 0.1919866444073456 0.07557581573896352 0.09128529698149951 0.11983370017119097 0.09936984973339799 -0.01006036217303823 0.09852900360810438 0.08398015014632906 -0.10357815442561207 0.0011803588290840439 -0.03171505245181753 0.057817393399180926 -0.04905479779851642 0.028437190900098896 0.007333170373991689 0.0025611473940325277 0.07180336923501796 0.027305448678168052 0.019094687184095245 -0.030522269952520914 0.07716421509524958 -0.007017543859649122 0.08491567401816252 -0.00244140625 0.06944444444444445 -0.028685457720129714 0.024636929460580916
0.1336735933892332 0.07524621002545093 0.12054794520547947 0.19408394715304572 0.16098484848484845 0.14120969639915273 0.18622886547414846 0.09738283627510651 0.0445859872611465 0.142402875708558 -0.011434379367297675 -0.08633268482490274 -0.08977735216662676 -0.013511853580641197 -0.033749999999999995 -0.05952380952380952 0.03159141766486771 -0.054416603391546435 -0.05343411964029715 -0.043133435369417 0.13010204081632654 -0.0012143290831815412 0.05293551491819056 0.16715116279069767 0.06839094752549117 0.10160561966884096 -0.013204806549584053 0.01502065339842284 -0.06464379947229551 0.03976435935198821 0.09768637532133675 0.03790121994551699 0.027624309392265196 0.18849449204406366 0.11439698186686138 0.13525470863354822 0.10306553911205074 0.12199820213175805 -0.006801795674057955 0.19637235796732125 0.023896365237077093 -0.08938673908124009 -0.05219206680584552 -0.05092143549951502 -0.04594921402660217 -0.08586286128915224 -0.02002503128911139 -0.02758620689655173 -0.17931937172774873 -4.163336342344337e-18 0.10465985546972338 -0.03707565751361371 0.028351100022680882 0.032760032760032747 0.10365711623573262 0.10383965225790873 0.03331688055281341 0.08293105582374058 -0.1059842316143208 0.05959982971477225 0.09527212099559365 0.07066728452270621 0.04928998943785941 0.1919866444073456 0.07077735124760076 0.09371957156767283 0.09904622157006604 0.1054289869122637 -0.02640845070422535 0.09575353871773523 0.07889044407685457 -0.08709981167608286 -0.004721435316336166 -0.01463771651622347 0.0481811611659841 -0.021536252692031594 0.004945598417408506 0.025666096308970914 -0.025611473940325268 0.08285004142502071 0.024823135161970954 0.02134112097045939 -0.019217725525661318 0.07716421509524958 0.0 0.08845382710225262 -0.01220703125 0.07797270955165692 -0.031179845347967076 0.028526970954356846
0.1275975209624499 0.08741839105897975 0.11068493150684933 0.20694493160294636 0.13967803030303028 0.16003765591903976 0.15192354814996323 0.11320754716981132 0.0178343949044586 0.14931563666528413 -0.010163892770931268 -0.0668774319066148 -0.0730189130955231 0.001228350325512835 -0.019999999999999997 -0.040922619047619034 0.023693563248650785 -0.03290306251581877 -0.07037664537990355 -0.02782802281897871 0.12627551020408162 0.0012143290831815416 0.05293551491819056 0.1695736434108527 0.06963441929868192 0.10662318113396892 -0.026409613099168096 0.027537864563775206 -0.07519788918205805 0.047128129602356406 0.10025706940874035 0.047376524931896244 0.03362959404275763 0.18849449204406366 0.11196300352926858 0.1377828340285678 0.09249471458773784 0.13098754334146653 -0.024486464426608623 0.19337430670064454 0.008803924034712607 -0.08372935053179452 -0.05915100904662492 -0.050921435499515035 -0.05683192261185005 -0.06893215624622082 -0.03754693366708386 -0.007523510971786833 -0.20811518324607334 0.008935219657483243 0.10341390480936954 -0.04171011470281542 0.027217056021773645 0.0386100386100386 0.09783368273934312 0.12074378169524272 0.01850937808489635 0.10273548706523086 -0.11632415664986429 0.08798070100752094 0.08336310587114444 0.08341056533827618 0.04811641826076751 0.1919866444073456 0.065978886756238 0.09615384615384615 0.07825874296894106 0.11148812409112945 -0.04275653923541247 0.09297807382736609 0.07380073800738007 -0.07062146892655367 -0.010623229461756372 0.002439619419370577 0.038544928932787284 0.005982292414453222 -0.0185459940652819 0.04399902224395013 -0.05378409527468305 0.0938967136150235 0.022340821645773855 0.023587554756823538 -0.007913181098801715 0.07716421509524958 0.007017543859649122 0.09199198018634272 -0.02197265625 0.08650097465886938 -0.03367423297580444 0.032417012448132776
0.12152144853566656 0.08963151488325773 0.10082191780821917 0.20811411200748275 0.11837121212121209 0.16356789832901858 0.117618230825778 0.11929397443700547 -0.0089171974522293 0.15069818885662936 -0.008893406174564859 -0.07782101167315175 -0.056260474024419437 1.3877787807814458e-18 -0.006249999999999997 -0.0496031746031746 0.015795708832433857 -0.027841052898000495 -0.08731917111950999 -0.030610825100876583 0.12244897959183672 -0.0012143290831815414 0.05293551491819056 0.15624999999999997 0.07087789107187267 0.08028098344204718 -0.039614419648752154 0.006258605582676183 -0.0857519788918206 0.01620029455081001 0.10282776349614395 0.04382328556200403 0.03963487869325005 0.17747858017135865 0.10952902519167577 0.1390468967260776 0.08192389006342495 0.1386926929497881 -0.042171133179159305 0.1978713836006596 -0.006288517167651881 -0.09843856076035301 -0.06610995128740432 -0.07880698351115423 -0.06771463119709793 -0.10158423025758859 -0.05506883604505632 -0.023824451410658306 -0.23691099476439798 -0.01042442293373046 0.1021679541490157 -0.04634457189201714 0.02608301202086641 0.04797004797004796 0.09201024924295365 0.12195121951219512 0.0037018756169792688 0.095308825349672 -0.1266640816854078 0.07520930892578402 0.07145409074669523 0.08688600556070435 0.04694284708367562 0.18960171714762702 0.06118042226487523 0.1034566699123661 0.0574712643678161 0.11875908870576832 -0.059104627766599596 0.10407993338884262 0.06871103193790559 -0.07768361581920905 -0.01652502360717658 -0.018297145645279338 0.02890869669959046 -0.008375209380234502 -0.04203758654797231 0.04155463211928624 -0.08195671660904083 0.0856117094725214 0.0260642919200695 0.011232168931820732 0.0113045444268596 0.06751868820834338 0.01871345029239766 0.07901875221134566 -0.03173828125 0.07188109161793371 -0.03616862060364181 0.0064834024896265555
0.12881273544780653 0.09184463870753569 0.09424657534246575 0.20928329241201915 0.11008522727272725 0.1670981407389974 0.10414114187699093 0.12538040170419962 -0.025477707006369428 0.15208074104797456 0.011434379367297675 -0.08876459143968873 -0.043093129039980846 -0.001228350325512835 0.007500000000000002 -0.05828373015873015 0.021060945109911806 -0.02277904328018223 -0.07167991659064252 -0.03339362738277445 0.13137755102040816 -0.0036429872495446257 0.07218479307025985 0.14292635658914726 0.0895299676697339 0.05393878575012545 -0.014525287204542454 -0.015020653398422828 -0.06068601583113457 -0.01472754050073638 0.12082262210796915 0.04027004619211181 0.051645447994234914 0.1664626682986536 0.12534988438602895 0.1403109594235874 0.09513742071881606 0.14639784255810967 -0.039450414909536116 0.20236846050067459 0.011319330901773356 -0.11314777098891152 -0.048712595685455815 -0.10669253152279341 -0.051995163240628764 -0.13423630426895633 -0.04130162703379224 -0.040125391849529776 -0.2159685863874346 -0.02978406552494416 0.10092200348866184 -0.05097902908121886 0.03969154003175323 0.057330057330057325 0.09433962264150944 0.12315865732914755 -0.0012339585389930902 0.08788216363411314 -0.12278660979707896 0.06243791684404711 0.07621769679647492 0.09036144578313253 0.04694284708367562 0.18721678988790844 0.06118042226487523 0.11075949367088607 0.048911714355588165 0.12603005332040718 -0.06161971830985915 0.11518179295031916 0.07634559104211733 -0.0847457627118644 -0.005901794145420207 -0.03903391070992925 0.028908696699590453 -0.022732711174922232 -0.04080118694362017 0.03911024199462234 -0.07939556921500832 0.07732670533001933 0.03102891895246369 -0.0011232168931820732 0.02034817996834728 0.057873161321437196 0.02573099415204678 0.06604552423634862 -0.028076171875 0.05726120857699805 -0.02743826390621103 -0.01945020746887967
0.13610402235994654 0.09405776253181367 0.08767123287671232 0.2104524728165556 0.10179924242424243 0.17062838314897624 0.09066405292820387 0.13146682897139378 -0.04203821656050956 0.15346329323931976 0.03176216490916021 -0.09970817120622569 -0.029925784055542255 -0.002456700651025668 0.02125 -0.06696428571428573 0.026326181387389756 -0.01771703366236396 -0.05604066206177506 -0.03617642966467233 0.1403061224489796 -0.00607164541590771 0.09143407122232913 0.12960271317829455 0.10818204426759512 0.027596588058203704 0.010563845239667238 -0.036299912379521834 -0.035620052770448545 -0.04565537555228276 0.13881748071979433 0.036716806822219596 0.06365601729521979 0.15544675642594857 0.14117074358038212 0.14157502212109718 0.10835095137420718 0.15410299216643125 -0.036729696639912934 0.20686553740068958 0.02892717897119858 -0.12333107037791355 -0.03131524008350731 -0.12609117361784675 -0.0362756952841596 -0.15600435360986817 -0.02753441802252816 -0.061442006269592474 -0.19502617801047123 -0.034251675353685784 0.099676052828308 -0.04286872900011586 0.05330006804264006 0.062010062010062005 0.09666899604006522 0.12798840859695723 -0.006169792694965449 0.08293105582374057 -0.11890913790875013 0.05534269902085994 0.08098130284625461 0.09731232622798888 0.046942847083675625 0.19675649892678276 0.06118042226487523 0.12414800389483933 0.04035216434336024 0.13572467280659234 -0.0641348088531187 0.1359977796280877 0.08398015014632906 -0.07886064030131826 0.004721435316336171 -0.05001219809709685 0.028908696699590446 -0.03230437903804738 -0.039564787339268055 0.032999266682962596 -0.07683442182097579 0.07594587130626898 0.035993545984857885 -0.0011232168931820743 0.029391815509834957 0.04822763443453099 0.0327485380116959 0.04953414317726146 -0.0244140625 0.049951267056530205 -0.018707907208780246 -0.0350103734439834
0.11666059059423987 0.10180369591678655 0.07232876712328766 0.2244826376709926 0.08759469696969699 0.17180513061896918 0.06616025483950012 0.1351186853317103 -0.05859872611464968 0.15346329323931976 0.02922119171642739 -0.08146887159533076 -0.020349533157768735 0.014740203906154038 0.034999999999999996 -0.07068452380952381 0.03685665394234566 -0.02151354087572766 -0.045614492375863416 -0.05009044107416168 0.11607142857142858 0.001214329083181542 0.06857555341674686 0.12960271317829455 0.0945038547624969 0.027596588058203714 0.006602403274792025 -0.03629991237952184 -0.036939313984168866 -0.04860088365243004 0.14010282776349614 0.053298590548383276 0.06966130194571221 0.1627906976744186 0.13995375441158572 0.1403109594235874 0.11231501057082452 0.1476820341594966 -0.03264861923547816 0.1993704092339979 0.011319330901773351 -0.12106811495813533 -0.040593829737879845 -0.12487875848690592 -0.03990326481257557 -0.1547950175353731 -0.022528160200250318 -0.06018808777429467 -0.1832460732984293 -0.016381236038719292 0.09718415150760032 -0.03359981462171242 0.04195962803356771 0.05616005616005616 0.10016305613789891 0.11832890606133784 0.0012339585389930894 0.06560217848743656 -0.11115419413209253 0.05108556832694764 0.08455400738358938 0.10426320667284524 0.05750498767750264 0.20987359885523493 0.0683781190019194 0.1277994157740993 0.042797750061139644 0.14057198254968492 -0.04904426559356136 0.14571190674437967 0.05471434024685075 -0.061205273069679836 0.0023607176581680843 -0.03171505245181752 0.027704167670440854 -0.021536252692031597 -0.045746785361028684 0.04277682718161818 -0.07683442182097579 0.08146920740127037 0.02234082164577386 -0.0011232168931820732 0.01017408998417364 0.0385821075476248 0.019883040935672513 0.0330227621181743 -0.02685546875 0.042641325536062376 -0.016213519580942876 -0.04408713692946058
0.09721715882853324 0.10954962930175945 0.056986301369863004 0.23851280252542964 0.07339015151515152 0.17298187808896212 0.04165645675079638 0.13877054169202677 -0.0751592356687898 0.1534632932393198 0.026680218523694572 -0.06322957198443581 -0.010773282259995213 0.031937108463333745 0.04875 -0.07440476190476192 0.04738712649730157 -0.025310048089091368 -0.03518832268995178 -0.06400445248365104 0.09183673469387757 0.008500303582270795 0.04571703561116458 0.12960271317829453 0.08082566525739866 0.027596588058203714 0.00264096130991681 -0.03629991237952184 -0.03825857519788918 -0.05154639175257732 0.14138817480719795 0.06988037427454696 0.07566658659620465 0.17013463892288863 0.13873676524278933 0.13904689672607762 0.11627906976744182 0.14126107615256198 -0.028567541831043396 0.19187528106730625 -0.006288517167651872 -0.11880515953835706 -0.04987241939225239 -0.12366634335596509 -0.043530834340991524 -0.15358568146087798 -0.01752190237797246 -0.058934169278996876 -0.17146596858638743 0.0014892032762471989 0.09469225018689262 -0.024330900243309004 0.03061918802449536 0.050310050310050314 0.1036571162357326 0.10866940352571841 0.008637709772951628 0.048273301151132555 -0.10339925035543492 0.04682843763303533 0.08812671192092417 0.11121408711770157 0.06806712827132966 0.2229906987836871 0.07557581573896352 0.1314508276533593 0.04524333577891905 0.14541929229277753 -0.033953722334004025 0.15542603386067166 0.02544853034737244 -0.04354990583804143 0.0 -0.013417906806538182 0.026499638641291255 -0.010768126346015802 -0.05192878338278932 0.052554387680273776 -0.07683442182097579 0.08699254349627174 0.008688097306689837 -0.0011232168931820726 -0.009043635541487677 0.028936580660718587 0.007017543859649122 0.016511381059087143 -0.029296875 0.03533138401559454 -0.013719131953105512 -0.05316390041493776
0.0984323733138899 0.10401681974106451 0.058082191780821926 0.23734362212089324 0.06865530303030304 0.17180513061896918 0.039206076941926 0.14485696895922093 -0.062420382165605096 0.16867136734411722 0.03430313810189302 -0.06809338521400779 0.00239406272444338 0.01965360520820538 0.06999999999999999 -0.09052579365079365 0.06581545346847441 -0.03290306251581878 -0.00781962726443373 -0.06539585362459997 0.0854591836734694 0.0024286581663630832 0.03970163618864293 0.11385658914728683 0.07336483461825419 0.021324636226793783 -0.0026409613099168095 -0.03254474902991613 -0.0316622691292876 -0.0589101620029455 0.14010282776349614 0.052114177425085874 0.08647609896709103 0.1481028151774786 0.1521236460995497 0.12261408165845027 0.13345665961945027 0.13484011814562732 0.0013603591348115896 0.20686553740068953 -0.0025154068670607526 -0.11993663724824619 -0.04059382973787984 -0.13336566440349176 -0.03385731559854897 -0.1632603700568388 -0.011264080100125154 -0.07021943573667713 -0.1583769633507853 -0.020848845867460917 0.09469225018689262 -0.013903371567605146 0.023814924019051942 0.057330057330057325 0.1024924295364547 0.11349915479352815 0.0024679170779861787 0.06065107067706399 -0.09693679720822024 0.04682843763303533 0.08098130284625463 0.09847080630213162 0.06806712827132966 0.20748867159551634 0.0803742802303263 0.12901655306718599 0.05258009293225727 0.1551139117789627 -0.015090543259557342 0.1595892311962254 0.04580735462527039 -0.038841807909604516 0.012983947119924458 -0.024396194193705784 0.042158516020236084 -0.0299114620722661 -0.05069238377843719 0.036665851869958445 -0.07171212703291073 0.06628003314001656 -1.7347234759768072e-19 6.938893903907229e-19 -0.012434998869545555 0.042199180130214606 0.005847953216374269 0.024767071588630736 -0.032958984375 0.0523879142300195 -0.0037415814417560513 -0.05057053941908714
0.09600194434317658 0.08963151488325774 0.060273972602739735 0.22214427686191981 0.06036931818181819 0.15297717109908213 0.0294045577064445 0.13024954351795495 -0.06624203821656051 0.1589935020047007 0.038114597890992245 -0.06566147859922179 0.007182188173330143 0.027023707161282395 0.07375 -0.09300595238095238 0.07239699881532184 -0.02657555049354594 0.005213084842955819 -0.06400445248365104 0.09311224489795919 -0.004857316332726169 0.06256015399422522 0.10416666666666667 0.08704302412335241 0.022579026593075768 0.002640961309916811 -0.027537864563775195 -0.02902374670184697 -0.06185567010309277 0.11953727506426737 0.03434798057562477 0.10329089598846986 0.12607099143206854 0.14238773274917854 0.10618126659082291 0.12420718816067651 0.12841916013869267 -0.002720718269623181 0.20386748613401284 -0.010061627468242993 -0.12106811495813534 -0.04523312456506611 -0.14306498545101845 -0.03506650544135429 -0.17293505865279962 -0.015018773466833535 -0.08150470219435739 -0.1570680628272251 -0.04318689501116903 0.09344629952653875 -0.003475842891901288 0.044227716035382184 0.06435006435006434 0.11064523643139997 0.11832890606133786 -0.0012339585389930907 0.07302884020299541 -0.09564430657877729 0.04682843763303533 0.0857449088960343 0.08572752548656165 0.08097641121934045 0.19198664440734556 0.09357005758157388 0.12658227848101267 0.0586940572267058 0.16480853126514786 -0.0176056338028169 0.1637524285317791 0.045807354625270386 -0.034133709981167604 0.007082152974504249 -0.03537448158087339 0.033726812816188875 -0.04905479779851639 -0.059347181008902086 0.02077731605964312 -0.08451786400307336 0.04556752278376138 0.014893881097182576 0.0011232168931820745 0.014695907754917479 0.05546177959971064 0.02222222222222222 0.03302276211817431 -0.01953125 0.06944444444444445 0.0037415814417560466 -0.047977178423236524
0.09357151537246323 0.07524621002545094 0.062465753424657544 0.20694493160294636 0.052083333333333336 0.13414921157919513 0.019603038470963 0.11564211807668896 -0.07006369426751592 0.14931563666528408 0.04192605768009148 -0.06322957198443581 0.011970313622216905 0.034393809114359415 0.07749999999999999 -0.09548611111111112 0.07897854416216929 -0.020248038471273093 0.018245796950345373 -0.06261305134270209 0.10076530612244898 -0.012143290831815423 0.08541867179980751 0.09447674418604653 0.10072121362845063 0.023833416959357753 0.00792288392975043 -0.022530980097634247 -0.026385224274406337 -0.06480117820324005 0.09897172236503857 0.01658178372616368 0.12010569300984866 0.10403916768665848 0.13265181939880738 0.08974845152319554 0.11495771670190273 0.12199820213175802 -0.00680179567405795 0.20086943486733624 -0.017607848069425232 -0.12219959266802445 -0.04987241939225238 -0.1527643064985451 -0.03627569528415962 -0.18260974724876045 -0.018773466833541926 -0.09278996865203763 -0.15575916230366488 -0.06552494415487715 0.09220034886618489 0.006951685783802572 0.06464050805171243 0.07137007137007137 0.11879804332634525 0.12315865732914758 -0.00493583415597236 0.08540660972892684 -0.09435181594933437 0.04682843763303533 0.090508514945814 0.07298424467099167 0.09388569416735124 0.1764846172191748 0.1067658349328215 0.12414800389483935 0.06480802152115432 0.17450315075133302 -0.02012072434607646 0.1679156258673328 0.04580735462527039 -0.02942561205273069 0.0011803588290840398 -0.046352768968041 0.02529510961214166 -0.0681981335247667 -0.06800197823936698 0.004888780249327794 -0.09732360097323599 0.02485501242750621 0.02978776219436515 0.0022464337863641465 0.04182681437938051 0.06872437906920666 0.03859649122807017 0.041278452647717886 -0.006103515625 0.0865009746588694 0.011224744325268144 -0.0453838174273859
0.09235630088710656 0.058647781343366165 0.061369863013698636 0.20694493160294636 0.050899621212121215 0.14709343374911743 0.019603038470962997 0.1351186853317103 -0.06751592356687898 0.1686713673441172 0.0457375174691907 -0.06930933852140078 0.009576250897773525 0.028252057486795233 0.06874999999999999 -0.08804563492063491 0.07502961695406081 -0.020248038471273096 0.01563925452886746 -0.05565604563795742 0.10714285714285714 -0.025500910746812388 0.09504331087584217 0.08963178294573645 0.10072121362845063 0.020070245860511794 0.003961441964875215 -0.030041306796845663 -0.03825857519788918 -0.06480117820324006 0.10796915167095116 2.7755575615628915e-18 0.12731203459043958 0.11015911872705017 0.12900085189241817 0.1011250158007837 0.11495771670190276 0.12071401053037112 -0.017684668752550675 0.2038674861340129 0.003773110300591115 -0.12333107037791358 -0.03827418232428671 -0.15276430649854508 -0.022974607013301087 -0.18019107509977023 -0.018773466833541926 -0.08777429467084642 -0.14921465968586387 -0.0565897244973939 0.09593820084724644 0.008110300081103002 0.061238376048990704 0.07020007020007019 0.11530398322851154 0.13040328423086212 -0.006169792694965449 0.09530882534967199 -0.08918185343156261 0.05676174258549738 0.11551744670715733 0.059082483781278984 0.10679497711536205 0.17409968995945618 0.10436660268714013 0.1387536514118793 0.06358522866226461 0.18540959767329132 -0.030181086519114685 0.18873161254510135 0.06107647283369385 -0.036487758945386056 0.02006610009442871 -0.04879238838741157 0.04095398699108648 -0.06341229959320413 -0.06800197823936696 0.015888535810315324 -0.10244589576130106 0.04004418668876 0.03475238922675934 0.001123216893182073 0.04182681437938052 0.0711357607909332 0.03508771929824561 0.048354758815898104 -0.010986328125 0.08528265107212475 -0.0012471938139186844 -0.041493775933609964
0.0984323733138899 0.0420493526612814 0.06904109589041096 0.20694493160294636 0.05800189393939394 0.16003765591903976 0.017152658662092625 0.15459525258673162 -0.08280254777070063 0.18802709802295034 0.049548977258289925 -0.07538910505836575 0.007182188173330145 0.02211030585923105 0.059999999999999984 -0.08060515873015874 0.0552849809135185 -0.020248038471273093 -0.006516356053694772 -0.04869903993321273 0.11352040816326532 -0.03885853066180935 0.10466794995187681 0.08478682170542637 0.10072121362845063 0.01630707476166583 0.0 -0.03755163349605708 -0.05013192612137203 -0.06480117820324006 0.11696658097686377 -0.016581783726163687 0.1345183761710305 0.11627906976744189 0.12534988438602895 0.11250158007837188 0.11495771670190276 0.11942981892898422 -0.028567541831043396 0.20686553740068953 0.025154068670607467 -0.12446254808780269 -0.026675945256321044 -0.15276430649854508 -0.009673518742442563 -0.17777240295078003 -0.018773466833541926 -0.0827586206896552 -0.14267015706806283 -0.04765450483991067 0.09967605282830799 0.009268914378403433 0.057836244046269004 0.06903006903006902 0.11180992313067786 0.13764791113257666 -0.00740375123395854 0.10521104097041714 -0.08401189091379087 0.06669504753795942 0.14052637846850066 0.04518072289156627 0.11970426006337284 0.17171476269973765 0.10196737044145873 0.15335929892891922 0.0623624358033749 0.19631604459524965 -0.04024144869215292 0.20954759922286983 0.07634559104211731 -0.04354990583804143 0.03895184135977337 -0.051232007806782144 0.05661286437003131 -0.05862646566164156 -0.06800197823936696 0.02688829137130285 -0.1075681905493661 0.05523336095001381 0.03971701625915353 -3.4694469519536144e-19 0.04182681437938052 0.07354714251265976 0.031578947368421054 0.05543106498407831 -0.015869140625 0.0840643274853801 -0.013719131953105512 -0.03760373443983404
