-0.06495098039215685 0.0941492938802959 -0.026839633191679712 0.02421586715867159 0.0011750881316098638 0.02479046157478456 -0.022010271460014674 -0.07387671066973477 -0.04991680532445923 -0.05928581276713084 -0.0025236593059936906 0.05609756097560975 0.007180469123982765 -0.015984261650067624 0.055341055341055344 0.04676347526458282 0.03513794898490369 0.10256410256410256 -0.010618529333687284 0.07032542746828463 0.012776287210936498 0.07775857812885709 0.018009364869732262 -0.12015227218653343 0.0538442273979464 -0.055325034578146616 -0.08441558441558443 -0.046183450930083386 -0.1803256627640964 -0.14100886756796047 -0.022268797484935814 0.03864734299516909 0.03635041802980734 0.0395110507470058 0.016327555890479777 -0.05797492247539436 -0.016851565791321445 -0.3743386243386243 -0.4775707384403036 -0.27113237639553434 0.1064520316759704 0.08425980105324751 0.07261904761904761 0.04314063848144952 0.16681082416903498 0.058360822126363864 0.05399845718693751 -0.13333333333333336 -0.37886872998932764 -0.17322372284204346 0.04819277108433735 0.021208907741251323 0.04019754220741932 -0.05389221556886228 0.09273947528981086 -0.04758327072376659 -0.0695965974996778 -0.41464659351875477 -0.16045617292136322 -0.18934081346423565 0.014360938247965537 -0.03042003042003042 -0.007075471698113206 -0.006044487427466148 -0.0037318074387361596 -0.15164698570540708 -0.3745413134252815 -1.3919821826280623 -0.4596225446141995 -0.27173159572993205 0.011412629977174741 0.1372131535367873 0.051245381956858536 -0.06184291898577612 0.10968696080847917 0.061102285225467436 0.0037230081906180295 -0.036074138574449556 -0.03824343927205592 -0.005822416302765645 -0.016063264549610778 0.06763611768684477 -0.08947785706195491 -0.07910823444804028 -0.018903591682419663 0.013317191283292984 -0.0695998011434253 -0.03580688973947401 -0.14533809582460894 -0.03615235635894125
-0.07352941176470587 0.09302846895314952 -0.032431223439946325 0.029981549815498155 -0.0011750881316098735 0.030692952425923743 -0.03301540719002201 -0.07387671066973477 -0.06143606809164215 -0.06066455259892458 0.006309148264984223 0.05121951219512194 0.005983724269985639 -0.009836468707733923 0.06563706563706564 0.04676347526458282 0.04815200416449765 0.11282051282051282 -0.005309264666843644 0.07308328736900167 0.01149865848984285 0.0728215255492471 0.01320686757113699 -0.10706638115631692 0.053844227397946406 -0.04903809883062994 -0.07922077922077922 -0.07184092366901859 -0.21127708249226215 -0.15118476522750401 -0.02357872674875557 0.028985507246376822 0.035138737428813765 0.029633288060254344 0.01758352172820899 -0.059323176486450045 -0.03370313158264289 -0.6587301587301587 -0.8433402346445824 -0.3508771929824562 0.10255744515123977 0.06787595084844937 0.08095238095238093 0.02958215210156539 0.17422463857654766 0.04694240040598832 0.0758549755721265 -0.19805825242718447 -0.5803094983991463 -0.2554315913094539 0.04311984781230183 0.021208907741251323 0.03790053979556679 -0.03353293413173653 0.09517998779743747 -0.04507888805409467 -0.12114963268462431 -0.5537126818065833 -0.20554303142819252 -0.21598877980364656 0.002393489707994259 -0.04329004329004329 -0.023584905660377357 -0.012088974854932301 -0.031098395322801342 -0.20261031696706028 -0.6643046944198406 -2.3150210343974265 -0.57773783540891 -0.29945930957992517 0.01014455997971088 0.127750177430802 0.0619711595757359 -0.07173778602350031 0.11215183633226519 0.05743614811193939 0.006205013651030036 -0.08209976365219554 -0.050112092839245684 -0.024745269286754003 -0.013591993080439891 0.06876338631495885 -0.08834522595990485 -0.053937432578209286 -0.015359168241965971 0.026634382566585964 -0.07829977628635347 -0.01234720335843931 -0.1305579504865131 -0.029696578437701737
-0.0821078431372549 0.08182021968168572 -0.0369044956385596 0.01499077490774908 -0.005875440658049358 0.022429465234328885 -0.031792614331132306 -0.06903233619958822 -0.07423524894406756 -0.06342203226251206 0.0037854889589905337 0.039024390243902446 0.0023934897079942547 -0.02090249600393459 0.06692406692406694 0.03445729756337681 0.05465903175429464 0.07564102564102564 -0.02654632333421821 0.028957528957528962 0.010221029768749201 0.06294742039002718 0.004802497298595271 -0.10944563407090173 0.05509641873278237 -0.055325034578146616 -0.07272727272727274 -0.12957023733162285 -0.24088278831920337 -0.17589765954353834 -0.030128373067854337 0.009661835748792279 0.024233612019871564 0.013581923694283243 0.015071590052750564 -0.07685047863017393 -0.05476758882179469 -1.1137566137566135 -1.251897860593513 -0.4132231404958677 0.09736466311826561 0.058513750731421885 0.07857142857142857 0.011093307038087025 0.1717533671073768 0.03171783811215427 0.07585497557212652 -0.30032362459546924 -0.7844183564567768 -0.33910745742806814 0.044388078630310704 0.002356545304583478 0.027564028942230395 -0.05149700598802396 0.08907870652837097 -0.07888805409466568 -0.2113674442582807 -0.7131921408522581 -0.25062988993502183 -0.26367461430575034 -0.014360938247965535 -0.08190008190008191 -0.049528301886792456 -0.045938104448742745 -0.0808558278392835 -0.3144810441267868 -1.1970137922307984 -3.1811432813659986 -0.7022724354859416 -0.3549147372799113 0.00887648998224702 0.11592145729832033 0.057204147300679284 -0.0940012368583797 0.11338427409415823 0.05132591958939266 -0.011169024571854046 -0.13932081104615002 -0.10418040353422128 -0.055312954876273655 -0.012356357345854444 0.06312704317438846 -0.09061048816400498 -0.055136042191058374 -0.020085066162570886 0.020581113801452788 -0.08575689783743475 -0.0024694406716878614 -0.15026481093730754 -0.05293737895416397
-0.06862745098039216 0.0717327953373683 -0.02124804294341311 0.0034594095940959414 0.012925969447708574 0.015346476212961868 -0.01467351430667645 -0.07750999152234467 -0.07679508511455266 -0.07996691024403695 -0.003785488958990535 0.028048780487804882 -0.0035902345619913843 -0.02827984753473503 0.05920205920205921 0.024612355402412012 0.05726184279021344 0.0435897435897436 -0.0504380143350146 -0.001378929950358522 0.014053915932030153 0.04690199950629474 0.0036018729739464516 -0.12729003093028787 0.06260956674179814 -0.07670061611970326 -0.05584415584415585 -0.19756254008980118 -0.2503027856277755 -0.20933275185346711 -0.024888656012575318 -0.006038647342995161 0.024233612019871564 -0.003704161007531793 0.01507159005275056 -0.09302952676284212 -0.06600196601600898 -1.5687830687830686 -1.5817805383022774 -0.48136871103378276 0.0908736855770479 0.05032182562902282 0.06666666666666668 0.01232589670898558 0.16557518843444957 0.03679269221009896 0.08614039598868604 -0.401294498381877 -0.9338313767342583 -0.40663534938344104 0.05326569435637285 -0.014139271827500886 0.03215803376593547 -0.06467065868263475 0.09395973154362416 -0.11770598547458051 -0.31189586286892645 -0.8484307221229905 -0.27317331918843657 -0.3085553997194951 -0.017951172809956915 -0.11934011934011934 -0.06485849056603774 -0.10275628626692457 -0.1368329394203259 -0.46737103791174645 -1.9182588890294827 -3.9000247463499136 -0.7831557324431891 -0.4145293220573964 -0.002536139994927722 0.10527560917908682 0.05362888809438683 -0.09523809523809522 0.11091939857037218 0.039105462544299155 -0.03598907917597418 -0.20400547331757682 -0.15297375708822367 -0.09606986899563319 -0.007413814407512667 0.05185435689324767 -0.08834522595990485 -0.0695193575452475 -0.017722117202268434 3.4694469519536144e-19 -0.07829977628635347 0.0037041610075317895 -0.15272816849365684 -0.06843124596513879
-0.05392156862745099 0.06949114548307554 0.0033549541489599636 0.006918819188191883 0.041128084606345476 0.015346476212961865 0.006113964294448521 -0.07629889790480804 -0.058876231921157055 -0.07445195091686199 0.003785488958990535 0.029268292682926834 -0.001196744853997129 -0.033198081888601995 0.07464607464607464 0.02215111986217081 0.0650702758979698 0.028205128205128206 -0.06769312450225644 -0.013789299503585217 0.02427494570077935 0.04443347321648976 0.016808740545083443 -0.12491077801570305 0.07638367142499373 -0.08550232616622658 -0.05064935064935065 -0.24887748556767156 -0.25164849952900015 -0.2238697485099579 -0.03536809012313335 -0.021739130434782605 0.02059857021689083 -0.011112483022595382 0.0037678975131876374 -0.11864635297290009 -0.12076955483780369 -2.2023809523809526 -1.813664596273292 -0.5306655067420618 0.09087368557704792 0.04915155061439438 0.075 0.008628127696289905 0.1692820956382059 0.04440497335701598 0.07842633067626639 -0.49449838187702266 -1.0392209178228389 -0.45507927187316505 0.0558021559923906 -0.015317544479792628 0.04479154703112439 -0.06467065868263473 0.08419768151311777 -0.13148009015777612 -0.48846500837736817 -0.9441183975503954 -0.2983689165893118 -0.3211781206171108 -0.017951172809956922 -0.15093015093015094 -0.0695754716981132 -0.15836557059961315 -0.1803706928722478 -0.612802983219391 -2.8444894343920035 -4.6052957188814645 -0.8422133778405444 -0.4644392069873839 0.0025361399949277172 0.11118996924532767 0.07388869026337744 -0.0940012368583797 0.12324377618930245 0.04277159965782721 -0.06825515016133035 -0.2512750342082348 -0.1806672820783331 -0.11499272197962154 0.0024712714691708893 0.049599819637019496 -0.07362102163325404 -0.06832074793239842 0.001181474480151229 -0.0012106537530266353 -0.05841411881680338 0.03210272873194221 -0.14780145338095824 -0.059393156875403474
-0.06127450980392157 0.06837032055592916 0.012301498546186538 -0.0023062730627306264 0.043478260869565216 0.015346476212961868 0.012227928588897041 -0.06903233619958823 -0.06655574043261232 -0.07169447125327451 -0.01766561514195584 0.02682926829268293 -0.011967448539971278 -0.046723226361736134 0.05920205920205919 0.012306177701206006 0.05465903175429463 0.003846153846153849 -0.10618529333687285 -0.019305019305019305 0.0051105148843746005 0.04443347321648976 0.013206867571136996 -0.13323816321674994 0.06887052341597796 -0.09933358481076324 -0.07922077922077922 -0.3014753046824888 -0.2785627775534921 -0.2427678441633959 -0.0366780193869531 -0.04347826086956521 0.009693444807948625 -0.03210272873194221 -0.008791760864104497 -0.1496561952271808 -0.23030473248139308 -2.932539682539683 -1.9475500345065562 -0.5669131506452081 0.05971699337920291 0.042129900526623756 0.05833333333333333 0.004930358683594231 0.14456938094649702 0.04440497335701598 0.02699922859346876 -0.627831715210356 -1.1312700106723586 -0.4947152084556666 0.030437539632213063 -0.020030635088959588 0.02526702653037786 -0.08622754491017963 0.05125076266015864 -0.17655897821187078 -0.692099497357907 -1.0181168665475886 -0.33815143880122 -0.3436185133239832 -0.029918621349928197 -0.19305019305019305 -0.08844339622641509 -0.215183752417795 -0.2537629058340589 -0.8129272840273462 -3.864355308110844 -5.091561494679533 -0.8871485428167929 -0.5115763205323721 -0.015216839969566322 0.09936124911284601 0.06316291264450005 -0.1100803957946815 0.09982745871333495 0.02810705120371502 -0.1303052866716307 -0.3072521457892773 -0.2320981142028221 -0.13245997088791847 -0.00617817867292722 0.05072708826513358 -0.07362102163325404 -0.06832074793239842 -0.0035444234404536866 -0.006053268765133172 -0.045985582898334584 0.05679713544882083 -0.16627663505357806 -0.04777275661717237
-0.056372549019607844 0.06388702084734364 0.007828226347573249 0.0034594095940959414 0.04465334900117509 0.014165978042734034 0.018341892883345562 -0.08235436599249121 -0.07039549468833996 -0.07720943058044946 -0.04037854889589905 0.02195121951219512 -0.03350885591191958 -0.04672322636173614 0.039897039897039896 0.01968988432192961 0.03774076002082248 -0.02564102564102564 -0.1260950358375365 -0.030336458907887488 0.0012776287210936516 0.05060478894100222 0.006003121623244087 -0.12491077801570309 0.05509641873278237 -0.08801710046523324 -0.13116883116883118 -0.3168697883258499 -0.2960570582694119 -0.2354993458351505 -0.04453759496987163 -0.05193236714975845 -0.0072700836059614695 -0.040745771082849734 -0.02763124843004271 -0.17796952945935013 -0.4929082993961522 -3.6283068783068786 -2.01656314699793 -0.5857619254748442 0.03245488770608853 0.037448800468110006 0.03809523809523809 0.004930358683594231 0.11367848758186087 0.04694240040598833 -0.09771149395731552 -0.7754045307443366 -1.1913020277481325 -0.5167351732237229 0.021559923906150913 -0.02592199835041829 0.024118525324451592 -0.1089820359281437 0.017083587553386213 -0.2329075882794891 -0.8764015981440908 -1.0589436080632812 -0.34876011139106217 -0.3548387096774194 -0.04906653901388225 -0.2316602316602317 -0.11320754716981132 -0.26595744680851063 -0.35576564249284737 -1.0863890615289 -4.866506389978489 -5.3736698836921555 -0.9166773655154705 -0.547622348537363 -0.035505959928988085 0.09817837709959783 0.03694434513168872 -0.11255411255411256 0.06655163914222331 0.02810705120371502 -0.18242740134028296 -0.3532777708670232 -0.26638533561914807 -0.14264919941775836 -0.023477078957123438 0.05298162552136174 -0.07815154604145429 -0.06712213831954932 -0.02717391304347826 -0.020581113801452784 -0.0447427293064877 0.059266576120508695 -0.1822884591698485 -0.05035506778566817
-0.0625 0.06164537099305088 0.00782822634757325 -0.0023062730627306264 0.04935370152761457 -0.007082989021367017 0.01467351430667645 -0.11142061281337048 -0.08447459362600795 -0.08410312973941816 -0.044164037854889586 0.019512195121951216 -0.023934897079942553 -0.04180499200786918 0.03346203346203347 0.024612355402412012 0.01691827173347215 -0.06025641025641025 -0.13671356517122377 -0.031715388858246006 -0.006388143605468251 0.04073068378178228 -0.0012006243246488184 -0.12847965738758033 0.043826696719258706 -0.09178926191374324 -0.19350649350649352 -0.3502245028864657 -0.31085991118288253 -0.23259194650385234 -0.05763688760806916 -0.05555555555555556 -0.014540167211922939 -0.044449932090381526 -0.05526249686008541 -0.22246191182418767 -0.9886251930908581 -4.167989417989419 -2.0662525879917184 -0.6104103233289836 0.02985849668960145 0.02925687536571094 0.055952380952380955 -0.0024651793417971163 0.10132213023600642 0.032986551636640445 -0.33041913088197483 -0.9631067961165047 -1.21931696905016 -0.5314151497357604 0.0114140773620799 -0.023565453045834812 0.008039508441483864 -0.1065868263473054 -0.028065893837705923 -0.30553468569997494 -1.036216007217425 -1.08701199285532 -0.38058612916058876 -0.3492286115007012 -0.0682144566778363 -0.2574002574002574 -0.1403301886792453 -0.3191489361702128 -0.47518348053240456 -1.557489123679304 -5.725673794761483 -5.532046523137837 -0.9526254974964694 -0.5573270483848607 -0.04691858990616283 0.09462976105985331 0.03932785126921702 -0.108843537414966 0.0456001971900419 0.024440914090186974 -0.22586249689749316 -0.38810797362856075 -0.29803507846498745 -0.13828238719068414 -0.03212652909922155 0.056363431405703976 -0.07022312832710387 -0.06712213831954932 -0.04844045368620038 -0.039951573849878935 -0.022371364653243835 0.05062353376960118 -0.19706860450794433 -0.046481601032924466
-0.060049019607843125 0.05828289621161174 0.012301498546186536 3.816391647148976e-18 0.055229142185663924 0.004721992680911344 -0.001222792858889704 -0.11384280004844374 -0.0831946755407654 -0.07445195091686199 -0.04290220820189274 0.006097560975609755 -0.023934897079942556 -0.043034550596335916 0.039897039897039896 0.029534826482894416 -0.018219677251431542 -0.07820512820512819 -0.1433501460047783 -0.03309431880860453 -0.017886802095311103 0.028388052332757346 -0.012006243246488173 -0.14751368070425888 0.03881793137991485 -0.1483716836413932 -0.251948051948052 -0.37459910198845414 -0.30816848338043334 -0.2369530455007996 -0.06287660466334818 -0.08454106280193237 -0.03150369562583303 -0.0790221014940116 -0.10298919869379553 -0.6094108129971687 -1.588260075832046 -4.235449735449735 -2.0179434092477573 -0.5915615484993475 0.04154225626379332 0.011702750146284378 0.0630952380952381 -0.025884383088869718 0.08402322995181022 -0.1636640446587161 -0.7212651067112368 -0.9980582524271846 -1.1659551760939169 -0.5064591896652966 -0.00380469245402663 -0.03888299752562743 -0.0034455036177787994 -0.13652694610778443 -0.09029896278218427 -0.4495366892061107 -1.0903466941616187 -1.0717019647869352 -0.3752817928656677 -0.3436185133239832 -0.08377213977979896 -0.28314028314028317 -0.169811320754717 -0.3892649903288201 -0.7612887175021769 -2.4623990055935367 -5.976211565228394 -5.509774808215788 -0.9436384645012197 -0.5476223485373631 -0.05325893989348213 0.0887154009936125 0.03336908592539626 -0.1261595547309833 0.014789253142716285 0.020774776976658933 -0.2581285678828493 -0.39183978106729694 -0.304628774891204 -0.1339155749636099 -0.04077597924131966 0.04621801375267726 -0.07135575942915393 -0.08030684406088937 -0.07561436672967864 -0.018159806295399514 -0.03355704697986578 0.05062353376960117 -0.19706860450794433 -0.042608134280180766
-0.06127450980392156 0.06949114548307554 0.012301498546186538 -0.002306273062730626 0.050528789659224436 0.012985479872506197 -0.02323306431890438 -0.10778733196076058 -0.08191475745552286 -0.06893699158968702 -0.04416403785488958 0.002439024390243902 -0.02273815222594543 -0.0454936677732694 0.05405405405405407 0.03322667979325622 -0.04424778761061947 -0.08846153846153845 -0.14998672683833286 -0.015168229453943739 -0.029385460585153955 0.018513947173537403 -0.020410613519029897 -0.1736854627646919 0.03255697470573503 -0.2150132025650698 -0.29220779220779225 -0.41821680564464403 -0.30682276947920867 -0.24131414449774682 -0.07466596803772596 -0.07487922705314011 -0.0605840300496789 -0.10742066921842201 -0.1733232856066315 -1.2282594040717272 -2.0011234377194214 -4.215608465608465 -1.9723947550034506 -0.5364651297665651 0.036349474230819155 0.018724400234055007 0.05833333333333333 -0.04683840749414521 0.0531323365871741 -0.5100228368434407 -1.0311133967600925 -0.9980582524271844 -1.1219316969050162 -0.455079271873165 -0.02155992390615092 -0.057735359962295285 -0.020673021706672796 -0.18323353293413175 -0.18791946308724833 -0.572251440020035 -1.1187008635133393 -1.0525644297014543 -0.36732528842328604 -0.33660589060308554 -0.09334609861177598 -0.3030303030303031 -0.21344339622641506 -0.49443907156673117 -1.2862296305510637 -3.128651336233685 -6.048336074908263 -5.3217025488740415 -0.9256643985107201 -0.551781505614862 -0.05959928988080143 0.09226401703335699 0.027410320581575498 -0.13358070500927643 -0.01602169090460932 0.021996822681168277 -0.2903946388682055 -0.37691255131235224 -0.3112224713174205 -0.11208151382823872 -0.04942542938341777 0.03607259609965054 -0.07248839053120398 -0.09109433057653124 -0.1027882797731569 -0.008474576271186446 -0.04474272930648771 0.053092974441289034 -0.19706860450794433 -0.05164622336991609
-0.06372549019607843 0.07509527011880746 0.004473272198613286 0.0034594095940959427 0.04582843713278496 0.029512454255695902 -0.03912937148447053 -0.09688748940293083 -0.07679508511455267 -0.052392113608162136 -0.04164037854889589 0.002439024390243899 -0.04667304930588798 -0.055330136481003336 0.05791505791505793 0.03199606202313562 -0.06897449245184799 -0.10512820512820516 -0.15927794000530923 -0.005515719801434088 -0.035773604190622206 0.01604542088373242 -0.0276143594669228 -0.18320247442303117 0.0062609566741798186 -0.24770526845215643 -0.33506493506493507 -0.4169339320076973 -0.2987484860718611 -0.22532344817560696 -0.08383547288446423 -0.0785024154589372 -0.08724100327153762 -0.13581923694283246 -0.3077116302436574 -1.901038155588513 -2.2061508215138326 -4.119047619047619 -1.8481711525189788 -0.4654197477163984 0.02596391016487083 0.014043300175541257 0.03571428571428572 -0.08011832860840626 -0.04448288644507599 -0.9248921593504186 -1.212393931601954 -1.0045307443365696 -1.0418890074706513 -0.40663534938344104 -0.01648700063411541 -0.05537881465771179 -0.032158033765935456 -0.2263473053892216 -0.3221476510067114 -0.6373653894315051 -1.116123211754092 -0.9390150548609337 -0.33815143880122 -0.3099579242636746 -0.10172331258975587 -0.3393003393003393 -0.25471698113207547 -0.6407156673114119 -2.087324294066426 -3.482908638906153 -5.993926357079589 -4.580549368968077 -0.8383617922711515 -0.5379176486898655 -0.05706314988587371 0.07688668086113083 0.010725777618877367 -0.163265306122449 -0.0456001971900419 -0.01222045704509348 -0.3114916852817076 -0.3657171289961437 -0.30990373203217725 -0.10625909752547305 -0.04818979364883232 0.04509074512456318 -0.08494733265375468 -0.10547764593072036 -0.12169187145557656 0.015738498789346245 -0.057171265224956504 0.07902210149401159 -0.19460524695159503 -0.04002582311168496
-0.051470588235294115 0.07509527011880744 0.025721315142026392 -0.008071955719557194 0.061104582843713284 0.015346476212961868 -0.02690144289557349 -0.09930967663800412 -0.061436068091642135 -0.05652833310354336 -0.05173501577287065 0.001219512195121951 -0.051460028721876494 -0.05533013648100332 0.04633204633204633 0.028304208712773817 -0.1028110359187923 -0.12307692307692311 -0.18316963100610564 -0.004136789851075564 -0.026830203142966653 0.0185139471735374 -0.025213110817625166 -0.19271948608137043 -0.03130478337089907 -0.28165472148874643 -0.36103896103896105 -0.39897370109044267 -0.2637599246400215 -0.20787905218781805 -0.08645533141210374 -0.07729468599033816 -0.10299285108445413 -0.16792196567477466 -0.6355187138909821 -2.5872994472158557 -2.2819828675747793 -3.8597883597883595 -1.4989648033126293 -0.39727417717848335 0.014280150590678959 0.015213575190169687 0.015476190476190472 -0.09614199433008751 -0.24342023971333254 -1.3258056330880486 -1.3293905888403188 -0.9773462783171523 -0.8671291355389542 -0.3376394597768643 -0.02155992390615092 -0.06362672322375398 -0.04594004823705065 -0.2838323353293414 -0.4795607077486272 -0.7175056348610067 -1.0993684753189845 -0.8178106659862211 -0.3076515051054237 -0.30154277699859744 -0.08377213977979894 -0.37440037440037444 -0.2653301886792453 -0.9018375241779497 -2.950615748227391 -3.594779366065879 -5.729469821586739 -3.695867359564464 -0.7151110540505841 -0.5295993345348676 -0.063403499873193 0.06978944878164182 -0.0011917530687641515 -0.18429189857761288 -0.08996795661819079 -0.06232433092997678 -0.32266070985356166 -0.34208234855081476 -0.3125412106026638 -0.10480349344978164 -0.0531323365871741 0.05298162552136174 -0.08494733265375466 -0.13064844780055135 -0.12523629489603022 -0.014527845036319608 -0.06089982600049715 0.0629707371280405 -0.21184874984604013 -0.04389928986442866
-0.03799019607843137 0.06724949562878278 0.03914113173786625 -0.02075645756457565 0.06933019976498238 -0.016526974383189702 -0.022010271460014674 -0.11505389366598037 -0.04223729681300396 -0.06617951192609954 -0.045425867507886436 -0.0060975609756097554 -0.044279559597893724 -0.05041190212713635 0.0296010296010296 0.011075559931085407 -0.11322228006246746 -0.11410256410256411 -0.15927794000530926 0.0027578599007170436 -0.019164430816404752 0.011108368304122443 -0.01080561892183936 -0.2022364977397097 -0.08264462809917354 -0.3206337231233497 -0.3857142857142857 -0.3707504810776139 -0.23415421881308035 -0.20933275185346711 -0.0707361802462667 -0.09541062801932368 -0.10178117048346055 -0.22595382145943943 -1.1529766390354184 -3.099635971417015 -2.2918129476197167 -3.4365079365079367 -1.079365079365079 -0.3450775699579527 0.012981955082435418 -0.0011702750146284414 -0.007142857142857141 -0.1405152224824356 -0.5572717162980354 -1.692463841664552 -1.3846747235793262 -0.9216828478964404 -0.672358591248666 -0.2965355255431591 -0.02155992390615092 -0.07187463178979617 -0.05168255426668198 -0.34850299401197604 -0.5991458206223307 -0.7713498622589532 -1.020750096661941 -0.6927787700944119 -0.26256464659859435 -0.28751753155680226 -0.06941120153183342 -0.4013104013104013 -0.2877358490566038 -1.1472437137330753 -3.6944893643487995 -3.661901802361716 -5.223332911552576 -2.8730512249443207 -0.593144177686481 -0.5032580063773742 -0.054527009890945985 0.05204636858291932 0.004767012275056606 -0.22263450834879403 -0.12570865171308848 -0.12464866185995356 -0.3152146934723256 -0.31222788904092547 -0.2663853356191481 -0.1135371179039301 -0.04077597924131966 0.0552361627775899 -0.07362102163325404 -0.13784010547764594 -0.10042533081285443 -0.043583535108958835 -0.04847129008202834 0.03951105074700578 -0.18475181672619778 -0.040025823111684955
-0.04656862745098039 0.0605245460659045 0.029076269290986355 -0.03113468634686347 0.04465334900117508 -0.04013693778774643 -0.050134507214477875 -0.12353154898873683 -0.04479713298348905 -0.06617951192609954 -0.04416403785488959 -0.023170731707317073 -0.04667304930588798 -0.045493667773269394 -0.006435006435006441 -0.012306177701206006 -0.12883914627798024 -0.11794871794871795 -0.13804088133793474 0.004136789851075565 -0.01660917337421745 -0.008639842014317448 -0.01080561892183936 -0.22008089459909588 -0.1414976208364638 -0.3583553376084496 -0.40779220779220776 -0.3399615137908916 -0.21531422419593596 -0.2049716528565199 -0.08383547288446423 -0.1135265700483092 -0.14176663031624864 -0.3111495246326707 -1.7910072846018585 -3.3719832816502633 -2.3184945934559757 -3.0079365079365084 -0.7522429261559697 -0.29288096273742203 2.7755575615628915e-18 -0.02457577530719719 -0.044047619047619044 -0.20954024405275481 -1.0119856666254787 -1.9259071301700075 -1.4502442787348933 -0.84789644012945 -0.5416221985058699 -0.2422196124486201 -0.03677869372225745 -0.08954872157417226 -0.09417709888595382 -0.47664670658682634 -0.7114093959731544 -0.8014024542950164 -0.9408428921252737 -0.5868844092880837 -0.24797772178756133 -0.27349228611500703 -0.0861656294877932 -0.42120042120042117 -0.3761792452830189 -1.6537717601547388 -4.188331882074885 -3.622125543816035 -4.528660002530685 -2.1937639198218264 -0.5173963281550906 -0.46721197837238326 -0.0507227998985544 0.028388928317955985 -0.014301036825169828 -0.25850340136054417 -0.18979541533152575 -0.15764389588170596 -0.3226607098535617 -0.277397686279388 -0.2466042463404985 -0.10917030567685589 -0.0531323365871741 0.05185435689324767 -0.08154943934760447 -0.1714011746374206 -0.10751417769376181 -0.06658595641646489 -0.07208550832711906 0.02469440671687862 -0.18598349550437246 -0.03873466752743705
-0.05024509803921569 0.040349697377269664 0.014538134645493177 -0.053044280442804424 0.01762632197414806 -0.07319088655412584 -0.062362435803374916 -0.14412014048685964 -0.047356969153974145 -0.08410312973941816 -0.05425867507886436 -0.04878048780487805 -0.04188606988989947 -0.05164146071560309 -0.05791505791505791 -0.03937976864385921 -0.14705882352941177 -0.11666666666666665 -0.12874966817095834 0.002757859900717042 -0.03705123291171586 -0.018513947173537396 -0.03121623244086925 -0.2426837972876516 -0.20285499624342598 -0.38979001634603294 -0.43506493506493504 -0.3104554201411161 -0.21800565199838515 -0.21078645151911618 -0.0877652606759235 -0.14130434782608697 -0.17448200654307522 -0.4975922953451043 -2.3122331072594826 -3.497370904678442 -2.29040865047044 -2.394179894179895 -0.5231193926846102 -0.2508336958097724 -0.012981955082435413 -0.053832650672908135 -0.08571428571428572 -0.36731172192777023 -1.4642283454837515 -2.0718091854859173 -1.475957829776292 -0.7831715210355987 -0.43623265741728917 -0.22019964768056371 -0.05580215599239062 -0.11664899257688228 -0.17686918571264498 -0.6634730538922156 -0.778523489932886 -0.8364638116704232 -0.7887614383296817 -0.49757591222250575 -0.2267603766078769 -0.27068723702664804 -0.10890378171373863 -0.43992043992043983 -0.5790094339622642 -2.4443907156673115 -4.399800970269934 -3.5624611559975135 -3.639124383145642 -1.5157139321950013 -0.4711773013223778 -0.4380978788298905 -0.05706314988587371 -0.0011828720132481762 -0.03694434513168872 -0.3116883116883117 -0.25141730342617696 -0.185750947085421 -0.29535864978902954 -0.24754322676949872 -0.22154819992087565 -0.1106259097525473 -0.06919560113678488 0.030436252959080146 -0.1109978480009061 -0.1905789284430061 -0.13468809073724006 -0.09685230024213073 -0.09321401938851603 -0.013581923694283248 -0.1847518167261978 -0.05422853453841188
-0.05147058823529412 0.02129567361578121 0.004473272198613288 -0.05996309963099631 -0.003525264394829608 -0.09562035178845472 -0.07336757153338225 -0.1634976383674458 -0.04479713298348906 -0.09651178822556183 -0.05425867507886435 -0.06707317073170732 -0.025131641933939675 -0.07008483954260421 -0.08622908622908623 -0.054147181885306414 -0.15747006767308694 -0.09487179487179488 -0.11945845500398196 0.0 -0.029385460585153948 -0.0370278943470748 -0.018009364869732265 -0.28669997620747084 -0.23415977961432505 -0.4136803721865963 -0.422077922077922 -0.2809493264913406 -0.2085856546898129 -0.20061055385957266 -0.09693476552266177 -0.17270531400966185 -0.20598570216890827 -0.8667736757624398 -2.663903541823662 -3.574221383308616 -2.1907035528717875 -1.693121693121693 -0.3892339544513458 -0.22908510946788457 -0.027262105673114368 -0.08425980105324751 -0.1380952380952381 -0.6582028842598299 -1.8052638082293342 -2.161887845724435 -1.456672666495243 -0.6627831715210357 -0.3628601921024546 -0.18790369935408102 -0.06341154090044387 -0.14139271827500885 -0.3055013207763868 -0.8419161676646707 -0.8102501525320319 -0.8302028549962435 -0.6083258151823688 -0.4197499362082164 -0.1909561066171595 -0.2510518934081346 -0.1328386787936812 -0.468000468000468 -1.0353773584905661 -3.2120406189555126 -4.4582659534768 -3.43691733996271 -2.6546880931291907 -1.0480079188319724 -0.4480677879060213 -0.40066546513239987 -0.05959928988080142 -0.018925952211970666 -0.06554641878202835 -0.3475572047000618 -0.2982499383781119 -0.18941708419894904 -0.2457185405807893 -0.2052494091304889 -0.19121719636027956 -0.098981077147016 -0.077845051278883 0.014654492165483035 -0.13365047004190736 -0.18818170921730795 -0.16186200378071833 -0.11622276029055692 -0.11558538404175989 -0.03951105074700581 -0.17613006527897523 -0.0632666236281472
-0.06127450980392157 0.02017484868863483 -0.010064862446879893 -0.06918819188191881 -0.043478260869565216 -0.10034234446936607 -0.0880410858400587 -0.1489645149570062 -0.051196723409701786 -0.08961808906659313 -0.055520504731861195 -0.06829268292682926 -0.007180469123982759 -0.09959424566580598 -0.12226512226512228 -0.06768397735663303 -0.15616866215512754 -0.07307692307692308 -0.11282187417042741 0.006894649751792608 -0.03449597546952856 -0.048136262651197234 -0.018009364869732265 -0.33190578158458245 -0.27422990232907585 -0.45265937382119964 -0.39350649350649347 -0.2745349583066068 -0.20589422688736375 -0.20642535252216895 -0.10610427036940004 -0.20048309178743962 -0.24960620380467707 -1.364365971107544 -3.0256217030896755 -3.6133207496292306 -1.9407386603005197 -1.0171957671957672 -0.3202208419599724 -0.20878642888212268 -0.046735038296767485 -0.11000585137507315 -0.19404761904761902 -1.093307038087021 -2.151241813913258 -2.227860948997716 -1.3679609154024175 -0.5229773462783172 -0.3175026680896479 -0.16735173223722838 -0.08623969562460368 -0.17320607988688583 -0.4525094751349489 -0.962874251497006 -0.8529591214154972 -0.808915602304032 -0.45108905786828196 -0.37254401633069667 -0.18034743402731732 -0.2384291725105189 -0.1531833413116324 -0.5171405171405171 -1.7358490566037736 -3.770551257253385 -4.463241696728448 -3.2256059664387813 -1.6816398835885107 -0.7807473397673842 -0.43779689305430736 -0.3687785942049079 -0.063403499873193 -0.029571800331204167 -0.09891550470742462 -0.3821892393320965 -0.3438501355681538 -0.19063912990345838 -0.21345246959543313 -0.15673591242691878 -0.18330476064881968 -0.08588064046579329 -0.0753737798097121 0.0033818058843422386 -0.14724204326650808 -0.18099005154021336 -0.18076559546313803 -0.1234866828087167 -0.13671389510315685 -0.05556241511297692 -0.16873999260992734 -0.06326662362814718
-0.07107843137254903 0.015691548980049312 -0.02348467904271975 -0.07495387453874539 -0.07520564042303172 -0.09207885727777122 -0.10026901442895572 -0.13322029792902992 -0.053756559580186866 -0.08410312973941816 -0.06687697160883281 -0.05365853658536586 -0.005983724269985632 -0.12541497602360754 -0.14671814671814673 -0.06030027073590942 -0.16007287870900572 -0.026923076923076928 -0.12211308733740378 0.028957528957528955 -0.04854989140155871 -0.06171315724512466 -0.03001560811622044 -0.3806804663335713 -0.3080390683696469 -0.476549729661763 -0.3558441558441558 -0.25785760102629884 -0.20320279908491456 -0.20642535252216895 -0.11920356300759757 -0.22222222222222224 -0.3707742639040349 -1.8212124953697988 -3.196433057020849 -3.609275987596063 -1.4660862238449657 -0.46825396825396826 -0.2663906142167012 -0.1681890677105988 -0.06880436193690768 -0.12053832650672909 -0.3095238095238095 -1.5370393196105017 -2.3514148029161004 -2.239279370718091 -1.1712522499357163 -0.3080906148867314 -0.30016008537886874 -0.11156782149148561 -0.11033608116677236 -0.2486155296335572 -0.655794188583898 -1.0610778443113773 -0.8798047589993899 -0.7700976709241172 -0.3209176440262921 -0.34319979586629246 -0.16310834106882374 -0.23702664796633938 -0.17113451412158928 -0.6353106353106354 -2.4292452830188678 -4.046179883945841 -4.4358751088443835 -2.807955251709136 -0.8414526129317981 -0.6322692402870576 -0.39286172807805875 -0.352141965894912 -0.0760841998478316 -0.03785190442394133 -0.13585984983911334 -0.42795299938157083 -0.3857530194725166 -0.16986435292679947 -0.19731943410275501 -0.09827092922005223 -0.1793485427930898 -0.05676855895196505 -0.077845051278883 -0.007890880396798559 -0.15856835428700872 -0.18698309960445883 -0.19494328922495274 -0.10774818401937045 -0.17772806363410387 -0.046919372762069395 -0.16011824116270476 -0.061975468043899286
-0.0772058823529412 -2.7755575615628915e-18 -0.038022813688212934 -0.09225092250922509 -0.08108108108108107 -0.10742533349073309 -0.08437270726338957 -0.13322029792902992 -0.046077051068731605 -0.09237556873018062 -0.07444794952681388 -0.06341463414634145 -0.03709909047391095 -0.1463174720275421 -0.1698841698841699 -0.07629830174747725 -0.1301405517959396 -0.010256410256410256 -0.11813113883727104 0.02757859900717043 -0.04343937651718411 -0.09133547272278449 -0.05642934325849443 -0.40090411610754223 -0.3230653643876784 -0.45391676097070277 -0.30519480519480513 -0.2527261064785119 -0.18839994617144395 -0.20642535252216895 -0.14278228975635315 -0.3055555555555555 -0.7488186114140312 -1.915051240893937 -3.21024868123587 -3.2695159768100313 -0.883302906895099 -0.3875661375661376 -0.23740510697032438 -0.1507901986370886 -0.10385564065948331 -0.2200117027501463 -0.7428571428571428 -1.69234561814372 -2.399604596564932 -2.0832276072062927 -0.7855489843147339 -0.25760517799352756 -0.288153681963714 -0.11156782149148561 -0.1483830057070387 -0.4371391540002357 -0.7786838176180085 -1.0910179640718565 -0.8639414276998172 -0.6586526421237165 -0.2719422606005928 -0.33299311048736924 -0.15249966847898158 -0.23281907433380086 -0.21900430828147438 -1.233181233181233 -2.88561320754717 -4.0582688588007745 -4.20947879089439 -1.9589807333747669 -0.5668733392382638 -0.588963127938629 -0.34535883938888173 -0.3590738943574102 -0.09383717981232563 -0.08871540099361248 -0.18352997258967943 -0.45516388373531236 -0.38082326842494457 -0.16375412440425272 -0.15636634400595678 -0.07961189202637145 -0.1674798892259 -0.06113537117903929 -0.08155195848263933 -0.019163566677939354 -0.1676294031034092 -0.20855807263574255 -0.18785444234404539 -0.13922518159806296 -0.17772806363410393 -0.044449932090381526 -0.16258159871905406 -0.0645577792123951
-0.08333333333333334 -0.02465814839722036 -0.07157235517781257 -0.11646678966789667 -0.08695652173913042 -0.12867430055483414 -0.06969919295671315 -0.14775342133946953 -0.046077051068731605 -0.10754170687991176 -0.08580441640378549 -0.07439024390243902 -0.08257539492580182 -0.17459731956227714 -0.19948519948519952 -0.08860447944868326 -0.11192087454450808 -0.010256410256410256 -0.11813113883727103 0.01654715940430226 -0.044717005238277756 -0.11231794618612687 -0.08524432705006604 -0.4139900071377588 -0.3405960430753819 -0.4136803721865962 -0.2753246753246753 -0.23091725465041693 -0.17897994886287175 -0.19479575519697634 -0.170290804296568 -0.40096618357487923 -0.9257239791590937 -2.021237189776515 -3.1888972619944727 -2.681677227989753 -0.4802696250526613 -0.36111111111111116 -0.20565907522429266 -0.15224010439321442 -0.1350123328573283 -0.3452311293153891 -1.051190476190476 -1.7884876124738074 -2.4206104040528844 -1.7533620908398884 -0.48084340447415796 -0.22265372168284786 -0.2641408751334045 -0.10422783323546683 -0.196575776791376 -0.5467185106633675 -0.8636729068565522 -1.1077844311377247 -0.8090298962782185 -0.5672426746806912 -0.24101043948962494 -0.30747639704006124 -0.14056491181540912 -0.22159887798036465 -0.30756342747726184 -1.5818415818415819 -3.089622641509434 -4.032882011605416 -3.7529543475556664 -1.3262896208825359 -0.47956472225737057 -0.5642167780252412 -0.3171138785466684 -0.34521003743241374 -0.1141262997717474 -0.15732197776200615 -0.24669288523417948 -0.4897959183673469 -0.3771259551392655 -0.15764389588170596 -0.12534127575080664 -0.0808558278392835 -0.1622049320849268 -0.0756914119359534 -0.08896577289015198 -0.009018149024912641 -0.20160833616491108 -0.22773582644132806 -0.180765595463138 -0.16707021791767557 -0.17027094208302257 -0.03827633041116188 -0.15765488360635543 -0.05681084570690768
-0.08700980392156862 -0.05379959650302622 -0.07940058152538583 -0.1464483394833948 -0.08930669800235017 -0.14874276944870735 -0.04891171435558816 -0.15865326389729928 -0.035837706386791256 -0.12408658486143664 -0.07444794952681388 -0.10487804878048781 -0.07180469123982766 -0.19058158121234475 -0.1917631917631918 -0.09721880383952747 -0.07157730348776678 -0.011538461538461537 -0.08760286700292011 0.01654715940430226 -0.04727226268046506 -0.1481115773882992 -0.09364869732260775 -0.43421365691172975 -0.32431755572251436 -0.38979001634603294 -0.23636363636363633 -0.22963438101347014 -0.16283138204817654 -0.1977031545282745 -0.1925596017815038 -0.4879227053140096 -0.9863080092087726 -2.0582787998518333 -3.0871640291384064 -2.0210327625724682 -0.27383794410897344 -0.33994708994709 -0.17115251897860592 -0.13629114107583004 -0.14669609243152018 -0.4575775307197191 -1.167857142857143 -1.8624429927277206 -2.3427653527740016 -1.361329611773662 -0.28542041655952693 -0.18899676375404528 -0.21611526147278548 -0.09248385202583675 -0.2511097019657577 -0.6633675032402497 -0.9027219478580453 -1.1185628742514973 -0.6894447834045151 -0.5159028299524167 -0.20621214073978605 -0.29982138300586886 -0.11802148256199443 -0.21739130434782608 -0.39253231211105793 -1.9164619164619165 -3.1544811320754715 -3.95188588007737 -3.0003731807438734 -0.990677439403356 -0.43907376945463755 -0.5493689680772085 -0.29913981255616895 -0.33273256619991687 -0.13187927973624144 -0.20227111426543648 -0.2705279466094625 -0.49350649350649356 -0.3450825733300468 -0.10754002199682267 -0.07197815835194836 -0.059708919019778595 -0.13319266780957403 -0.06404657933042211 -0.09267268009390832 -0.011272686281140797 -0.19594518065466077 -0.24331775140836628 -0.1677693761814745 -0.19128329297820823 -0.14417101665423812 -0.04568465242622547 -0.1490331321591329 -0.05551969012265977
-0.10049019607843138 -0.05716207128446536 -0.11295012301498546 -0.14760147601476015 -0.11163337250293773 -0.12985479872506198 -0.050134507214477875 -0.14412014048685964 -0.04607705106873161 -0.11167792637529299 -0.07570977917981073 -0.12195121951219512 -0.08855911919578745 -0.2016476085085454 -0.1969111969111969 -0.09968003937976867 -0.049453409682457046 -0.00512820512820513 -0.07300238916910008 0.020683949255377827 -0.06260380733358886 -0.16415699827203162 -0.1176611838155841 -0.4508684273138234 -0.304282494365139 -0.3533257890104363 -0.2155844155844156 -0.20782552918537522 -0.16283138204817654 -0.18607355720308189 -0.2213780455855384 -0.5422705314009661 -1.0238701078395738 -2.0730954438819604 -2.7819643305702075 -1.3428609950114603 -0.19941019519730374 -0.3095238095238096 -0.15596963423050378 -0.11309264897781642 -0.17915098013760872 -0.5430076067875951 -1.2523809523809526 -1.900653272525576 -2.1833683430124795 -0.9680284191829488 -0.18770892260221136 -0.14627831715210354 -0.18676627534685167 -0.07927187316500292 -0.3043753963221306 -0.735242135030046 -0.9417709888595382 -1.1221556886227546 -0.5686394142769982 -0.4520410718757827 -0.1843021007861838 -0.28068384792038786 -0.11536931441453387 -0.20757363253856945 -0.4751077070368598 -2.024102024102024 -3.2028301886792447 -3.740328820116055 -2.164448314466973 -0.8514605344934741 -0.4289510312539542 -0.5246226181638207 -0.3158300166902041 -0.3174823235824206 -0.15597260968805476 -0.23184291459664066 -0.3003217733285663 -0.4836116264687694 -0.3192013803302933 -0.041549553953317844 -0.05212211466865226 -0.034830202761537504 -0.1239614928128709 -0.043668122270742356 -0.10750030890893365 -0.03269079021530831 -0.21180201608336163 -0.25290662831115907 -0.1854914933837429 -0.17796610169491522 -0.13671389510315685 -0.04938881343375726 -0.15519152605000616 -0.05164622336991607
-0.11397058823529412 -0.06724949562878278 -0.12860657571013195 -0.14644833948339483 -0.11515863689776733 -0.11214732617164443 -0.04768892149669846 -0.1489645149570062 -0.049916805324459246 -0.1158141458706742 -0.07697160883280757 -0.14512195121951219 -0.10052656773575874 -0.22992745604328046 -0.18018018018018017 -0.11567807039133646 -0.044247787610619455 -0.03205128205128205 -0.07565702150252189 0.002757859900717044 -0.0741024658234317 -0.18637373488027648 -0.12846680273742345 -0.4615750654294553 -0.25544703230653637 -0.33320759461838306 -0.18961038961038962 -0.2065426555484285 -0.16013995424572733 -0.18316615787178372 -0.25412627718103226 -0.5664251207729467 -1.0505270810614324 -2.043462155821706 -2.2707862346144183 -0.8399622488876904 -0.16711136076393768 -0.2843915343915344 -0.14768806073153898 -0.09279396839205449 -0.20900947682721016 -0.590988882387361 -1.2892857142857141 -1.900653272525576 -1.8917583096503148 -0.6191321999492515 -0.14399588583183337 -0.11003236245954692 -0.17876200640341514 -0.05871990604815032 -0.33988585922637915 -0.7823730411217156 -0.9612955093602847 -1.088622754491018 -0.4551555826723611 -0.4019534184823441 -0.16239206083258154 -0.26792549119673387 -0.10741280997215223 -0.19635343618513326 -0.5193872666347534 -2.065052065052065 -3.1992924528301887 -3.507011605415861 -1.4155989550939174 -0.7110006215040398 -0.40364418575224603 -0.4924523632764167 -0.29913981255616895 -0.3036184666574241 -0.18260207963479586 -0.2543174828483558 -0.3205815754975569 -0.47619047619047616 -0.28592556075918163 0.008554319931565437 -0.0397120873665922 -0.023634780445329028 -0.12791771066860083 -0.045123726346433767 -0.11985666625478808 -0.05185435689324767 -0.22539358930796238 -0.2565024571497064 -0.20439508506616258 -0.1658595641646489 -0.1379567486950037 -0.05926657612050871 -0.15642320482818078 -0.05293737895416397
-0.12009803921568625 -0.06724949562878278 -0.14314471035562515 -0.14414206642066424 -0.10105757931844887 -0.08971786093731554 -0.030569821472242603 -0.14169795325178638 -0.04095737872776143 -0.10616296704811803 -0.06813880126182965 -0.14878048780487804 -0.10052656773575872 -0.25574818640108204 -0.13513513513513514 -0.10829436377061286 -0.0338365434669443 -0.025641025641025644 -0.07698433766923281 0.012410369553226696 -0.08560112431327457 -0.17526536657615405 -0.1320686757113699 -0.4615750654294552 -0.20535937891309794 -0.30303030303030304 -0.17662337662337663 -0.18858242463117383 -0.16686852375185032 -0.16862916121529295 -0.26198585276395076 -0.567632850241546 -1.0408336362534838 -1.980491418693666 -1.6440592815875408 -0.5662666846433868 -0.12498244628563407 -0.2473544973544973 -0.13112491373360938 -0.068145570537915 -0.22328962741788913 -0.6179052077238151 -1.2964285714285715 -1.8858621964747933 -1.4506363524033112 -0.4123318954580055 -0.0848547184366161 -0.08414239482200647 -0.14941302027748132 -0.05284791544333528 -0.35890932149651233 -0.7988688582537999 -0.9544045021247272 -0.9880239520958085 -0.3575350823672971 -0.36063110443275737 -0.13146023972161364 -0.24240877774942587 -0.0888476329399284 -0.1809256661991585 -0.5301579703207276 -2.0802620802620804 -3.1308962264150946 -3.0101547388781436 -0.9055852717999751 -0.6488502175264139 -0.36947994432493986 -0.4639940608760208 -0.27859802285274105 -0.284209066962429 -0.1940147096119706 -0.26378045895434116 -0.3181980693600286 -0.4662956091527521 -0.22800098595020946 0.0403275082488085 -0.008687019111442044 -0.013683293942032593 -0.11209283924568114 -0.03202328966521107 -0.11614975905103175 -0.056363431405703976 -0.23332200702231284 -0.2373247033441208 -0.20439508506616258 -0.13922518159806296 -0.13049962714392244 -0.05679713544882085 -0.1514964897154822 -0.04777275661717236
-0.12254901960784312 -0.06164537099305088 -0.14202639230597186 -0.139529520295203 -0.08578143360752055 -0.06138590485184747 -0.02323306431890438 -0.1223204553712002 -0.031997952131063614 -0.0882393492347994 -0.06813880126182965 -0.13658536585365852 -0.12446146481570128 -0.25697774498954873 -0.10296010296010297 -0.08368200836820085 -0.039042165538781884 -0.0025641025641025632 -0.07963897000265463 0.03861003861003861 -0.08560112431327457 -0.17403110343125153 -0.13927242165926282 -0.4520580537711159 -0.16278487352867518 -0.2753677857412297 -0.15324675324675324 -0.17062219371391918 -0.15071995693715512 -0.1395551679023114 -0.2698454283468693 -0.5628019323671498 -1.034775233248516 -1.8113347326830476 -1.1316252197940218 -0.4395308076041526 -0.10110939474792865 -0.22354497354497355 -0.12008281573498965 -0.046396984196027245 -0.24016616902505517 -0.6249268578115857 -1.3107142857142857 -1.763835819055836 -1.0119856666254787 -0.28799797005836075 -0.04242735921830805 -0.04530744336569579 -0.13473852721451443 -0.024955960070463884 -0.3715916296766011 -0.7965123129492164 -0.9096129550936027 -0.813173652694611 -0.2940817571690054 -0.3105434510393188 -0.10568372212914037 -0.2092370502679255 -0.07558679220262565 -0.14586255259467043 -0.5337482048827191 -2.0767520767520766 -2.956367924528302 -2.218326885880078 -0.6779450180370693 -0.6003729024238658 -0.32392762242186507 -0.43553575847562487 -0.25035306201052765 -0.2550949674199362 -0.21049961957900076 -0.2614147149278448 -0.31938982242879277 -0.4316635745207174 -0.1824007887601676 0.07576683367957962 -0.003723008190618017 0.00746361487747232 -0.11209283924568114 -0.010189228529839884 -0.1087359446435191 -0.04170893924022095 -0.21973043379771204 -0.22413999760278078 -0.18785444234404539 -0.10532687651331722 -0.11558538404175989 -0.03210272873194222 -0.1367163443773864 -0.014202711426726921
-0.12254901960784315 -0.0504371217215871 -0.14649966450458513 -0.13376383763837638 -0.08108108108108106 -0.03423444693660725 -0.02690144289557349 -0.10294295749061402 -0.037117624472033796 -0.0648007720943058 -0.056782334384858045 -0.13170731707317074 -0.13403542364767831 -0.25082995204721503 -0.06306306306306306 -0.07506768397735664 -0.019521082769390942 -0.00641025641025641 -0.07034775683567826 0.03723110865968009 -0.08304586687108725 -0.15304862996790916 -0.14887741625645334 -0.403283369022127 -0.12396694214876033 -0.2275870740601031 -0.13376623376623376 -0.13470173187940987 -0.12649710671511236 -0.11193487425497892 -0.2672255698192298 -0.5531400966183575 -1.0044832182236767 -1.4458575132732439 -0.7711630243657372 -0.35863556694081167 -0.07583204606094648 -0.20105820105820107 -0.09523809523809523 -0.03479773814702044 -0.22978060495910685 -0.6120538326506729 -1.2892857142857141 -1.4852705534327624 -0.6635363894723836 -0.19791930981984268 -0.006428387760349716 -0.016828478964401285 -0.11072572038420492 -0.008807985907222548 -0.36017755231452125 -0.7729468599033815 -0.7855748248535658 -0.6251497005988024 -0.24039048200122023 -0.26296018031555224 -0.07088542337930145 -0.17478948711405973 -0.055695531096671524 -0.11921458625525946 -0.5277644806127334 -2.048672048672049 -2.5153301886792456 -1.4216634429400385 -0.5958452543848739 -0.5556246115599751 -0.2922940655447298 -0.423162583518931 -0.22210810116831428 -0.244003881879939 -0.2066954095866092 -0.26023184291459667 -0.2943630079847456 -0.39332096474953615 -0.12570865171308848 0.10265183917878531 0.0062050136510300325 0.01741510138076875 -0.10681788210470791 -0.010189228529839884 -0.0976152230322501 -0.02479990981850975 -0.19028202514441045 -0.24211914179551722 -0.14886578449905483 -0.0774818401937046 -0.09942828734775044 -0.012347203358439314 -0.11700948392659194 -0.0025823111684958088
-0.12132352941176472 -0.06388702084734364 -0.15320957280250508 -0.13837638376383765 -0.05875440658049352 -0.03659544327706292 -0.025678650036683785 -0.10657623834322391 -0.030718034045821067 -0.07169447125327451 -0.04794952681388012 -0.1402439024390244 -0.14480612733365247 -0.2299274560432804 -0.028314028314028312 -0.07506768397735665 -0.015616866215512754 -0.007692307692307693 -0.06769312450225644 0.03447324875896304 -0.08176823814999362 -0.15675141940261664 -0.15367991355504862 -0.3687842017606472 -0.08264462809917354 -0.20621149251854645 -0.1077922077922078 -0.12315586914688903 -0.10361997039429419 -0.11048117458932985 -0.26460571129159033 -0.5591787439613528 -0.974191203198837 -0.9741943449808618 -0.411956794775182 -0.32492921666441965 -0.05757618312034827 -0.19576719576719578 -0.07591442374051069 -0.03479773814702044 -0.22069323640140204 -0.609713282621416 -1.261904761904762 -1.0723530136817454 -0.3163227480538737 -0.1446333417914235 0.02571355104139882 0.0038834951456310682 -0.08804695837780149 0.0014679976512037604 -0.3525681674064679 -0.7599858607281724 -0.6523486849661191 -0.5101796407185628 -0.18669920683343505 -0.24042073628850485 -0.046397731666451864 -0.16330696606277112 -0.05039119480175043 -0.11921458625525946 -0.5277644806127333 -2.0100620100620104 -1.8278301886792456 -0.8558994197292071 -0.5523075009329519 -0.5394655065257924 -0.28470201189421734 -0.4083147735708983 -0.19771472589549363 -0.24261749618743936 -0.2130357595739285 -0.26614620298083747 -0.2693361935406984 -0.3661100803957946 -0.0813408922849396 0.10631797629231335 0.01241002730206007 0.009951486503296428 -0.09890544639324805 -0.020378457059679767 -0.10502903743976277 -0.03494532747153647 -0.18688413183826022 -0.26848855327819726 -0.1264177693761815 -0.07142857142857142 -0.09694258016405669 -0.009877762686751453 -0.11331444759206799 -0.009038089089735317
-0.12622549019607843 -0.06500784577449002 -0.1643927532990383 -0.13376383763837638 -0.048178613396004696 -0.040136937787746435 -0.03912937148447053 -0.09930967663800414 -0.04351721489824652 -0.07169447125327451 -0.05425867507886435 -0.16097560975609757 -0.16634753470560076 -0.20902496003934584 -0.00900900900900901 -0.08614324390844205 -0.013014055179593961 -0.01666666666666667 -0.05840191133528007 0.02206287920573635 -0.0689919509390571 -0.14070599851888424 -0.14167367030856046 -0.31525101118248877 -0.042574505384422735 -0.17980636237897646 -0.08441558441558443 -0.09493264913406033 -0.08208854797470057 -0.08722197993894461 -0.2528163479172125 -0.5410628019323672 -0.8602932267054404 -0.5198172613902952 -0.2235619191158001 -0.28852635836591617 -0.035107428731919674 -0.1865079365079365 -0.05521048999309869 -0.028998115122517036 -0.21809684538491494 -0.6132241076653012 -1.1785714285714284 -0.6310859115000615 -0.1124428518472754 -0.11799035777721394 0.051427102082797625 0.007766990291262141 -0.064034151547492 -0.005871990604815027 -0.3487634749524413 -0.694002592199835 -0.4502124727230963 -0.4095808383233533 -0.13300793166564978 -0.19408965689957428 -0.023198865833225932 -0.12248022454707834 -0.02519559740087523 -0.08415147265077139 -0.5169937769267593 -1.8895518895518895 -1.1308962264150944 -0.5500483558994198 -0.4925985819131732 -0.5021752641392168 -0.2581298241174238 -0.37490720118782483 -0.173321350622673 -0.2135033966449466 -0.22191224955617547 -0.26851194700733383 -0.2538434036467644 -0.3191094619666048 -0.03450825733300469 0.11242820481486007 0.019856043683296107 0.012439358129120536 -0.09099301068178821 -0.02620087336244542 -0.10873594464351913 -0.03381805884342239 -0.18461886963416013 -0.2624955052139518 -0.10515122873345935 -0.06537530266343826 -0.09818543375590356 -0.0012347203358439335 -0.10469269614484542 -0.006455777921239514
-0.12622549019607843 -0.05267877157587984 -0.15209125475285173 -0.12569188191881916 -0.04112808460634547 -0.03423444693660725 -0.04035216434336024 -0.08356545961002787 -0.04351721489824652 -0.06204329243071832 -0.06056782334384858 -0.14634146341463417 -0.14360938247965532 -0.18812246403541127 -0.005148005148005145 -0.07752891951759784 -0.022123893805309734 -0.0038461538461538507 -0.07167507300238915 0.031715388858246 -0.05877092117030791 -0.11478647247593188 -0.10685556489374474 -0.2902688555793481 -0.021287252692211385 -0.15968816798692315 -0.06363636363636364 -0.07825529185375239 -0.07132283676490378 -0.07123128361680478 -0.2410269845428347 -0.4432367149758454 -0.48709560159941834 -0.40375354982096556 -0.17834714895754838 -0.25212350006741274 -0.030894537284089307 -0.16005291005291006 -0.06763285024154589 -0.014499057561258522 -0.19862391276126184 -0.5114101813926272 -0.7595238095238096 -0.4634537162578578 -0.049425429383417784 -0.07866023851814259 0.06556955515556699 0.03495145631067962 -0.053361792956243326 0.02201996476805637 -0.30691185795814835 -0.5066572404854484 -0.32502584127713335 -0.35928143712574856 -0.09029896278218426 -0.17029802153769097 0.015465910555483953 -0.10461852513396275 0.006630420368651373 -0.06591865357643759 -0.46792723791287694 -1.2928512928512927 -0.661556603773585 -0.4920212765957447 -0.4677198656549321 -0.4773151025481666 -0.2593951663925092 -0.34892353377876767 -0.17845679804852996 -0.18993483987245252 -0.20542733958914536 -0.21528270641116634 -0.20021451555237751 -0.28324056895485467 -0.00739462657135815 0.13564707320053768 0.03226607098535617 0.03358626694862545 -0.07780561782935515 -0.014556040756914117 -0.10750030890893367 -0.015781760793597117 -0.18235360743006002 -0.2361260937312717 -0.09097353497164459 -0.05084745762711864 -0.08202833706189411 0.01728608470181504 -0.09114422958492426 0.0038734667527437054
