0.0773955773955774 -0.03365492483733453 0.04260567328175805 -0.03227665706051873 0.025815536259094107 -0.0601273284602688 0.06845128957340178 -0.015740404407313235 0.12034310587632827 -0.09641873278236915 -0.05554854185077642 0.020754486631668907 0.05641579642299843 0.09125662843753854 0.023109513416356402 0.08482911236783872 0.06092818252527872 0.03840245775729646 -0.03313891834570519 -0.01926782273603083 0.08306709265175719 0.06924693953258318 0.053088803088803094 0.1554837938045688 0.10289873258878153 0.12353460229421405 0.05825996892801657 -0.03204717343930265 -0.03095558546433378 -0.037730372950224925 0.08517887563884156 0.024113817217265493 0.04715270221254988 0.1257396449704142 0.06027878940097953 -0.00538793103448276 -0.15695067264573992 -0.9126984126984127 -0.4044016506189821 -0.18805149717922753 0.0 0.04786923525977817 0.08049242424242425 0.1641754471943151 0.03934587483093569 0.05435469599292124 -0.09617850730956656 -1.264724919093851 -1.1024040377208129 -0.2091254752851711 0.05838304353344333 -0.041307683229080606 0.07454128440366974 0.1375598086124402 0.11449451887941535 -0.0697384806973848 -0.05249679897567221 -0.4239116639167406 -0.16009526329716856 -0.29555276732190155 0.06737247353224254 -0.08909730363423211 -0.005895531187359984 -0.056735876388218254 -0.0770952499378264 -0.25870646766169153 -1.687934301958307 -1.5391282813273899 -0.2619078187187059 -0.2792755426517351 -0.028025477707006374 0.005919261276192735 0.07275763358778627 -0.009882643607164917 -0.036864094372081595 -0.08654314968308144 -0.44314796425024827 -0.3707389897984574 -0.11879619852164731 -0.09857929834734706 0.059590316573556804 0.07021517553793885 0.020440608675902795 0.08278344331133773 0.023596035865974516 0.07262164124909223 0.08955223880597016 -0.0012333497779970447 0.044362292051756 -0.033431914620033434
0.06388206388206388 -0.03589858649315683 0.03027245206861756 -0.03227665706051873 0.012907768129547054 -0.07309596793209149 0.05745018946339079 -0.03269160915365056 0.09217769811803866 -0.09641873278236915 -0.0681732104532256 0.03418386033451349 0.04321209938782859 0.09125662843753854 0.017974065990499423 0.10449963117777232 0.05703914959813326 0.021761392729134667 -0.062301166489925765 -0.030278007156619872 0.08051118210862618 0.0803759119574626 0.04705598455598455 0.1674440856356895 0.08533065629313588 0.15126685995209885 0.02330398757120663 -0.0397384950647353 -0.06460296096904442 -0.02757219561747206 0.06814310051107327 0.00843983602604292 0.015717567404183293 0.09122287968441817 0.0037674243375612204 -0.06465517241379311 -0.4147982062780269 -1.2566137566137567 -0.4814305364511691 -0.20107044698394327 -0.02973112719751809 0.03619381202568593 0.0449810606060606 0.13967164910561136 -0.011066027296200659 -0.0012640626975097935 -0.4488330341113106 -1.7346278317152106 -1.2418647894806747 -0.2544603685288096 0.05076786394212464 -0.034226366104095365 0.060779816513761464 0.1375598086124402 0.09866017052375153 -0.08343711083437111 -0.1203585147247119 -0.4442188094935905 -0.19978830378406987 -0.2941586504949115 0.04932627526467757 -0.11840562719812427 -0.04598514326140786 -0.12433606953162724 -0.20268589903009201 -0.7835820895522388 -2.713834491471889 -1.7372461614660726 -0.34535883938888173 -0.3069265864786396 -0.038216560509554146 -0.0023677045104770907 0.04651717557251909 -0.029647930821494757 -0.07127058245269108 -0.17308629936616285 -0.7658887785501489 -0.48519532221945755 -0.19271383315733898 -0.12322412293418383 0.0446927374301676 0.08380520951302378 0.014762661821485352 0.08398320335932814 0.00825861255309108 0.06293875574921327 0.1144278606965174 -0.003700049333991119 0.022181146025878 -0.043718657580043715
0.06756756756756757 -0.041507740632712585 0.04036326942482341 -0.04034582132564842 0.012907768129547059 -0.08488564017920301 0.053783156093387116 -0.05327521491706018 0.09217769811803868 -0.10055096418732783 -0.06943567731347051 0.0390672689537297 0.03961109110550955 0.09495622148230362 0.0115547567081782 0.12539955741332678 0.04796473943479389 0.010240655401945723 -0.07688229056203606 -0.02477291494632535 0.08690095846645365 0.08655867441572895 0.04584942084942084 0.17222820236813777 0.09662441962605092 0.1689146602798437 -0.007767995857068877 -0.044866042815023724 -0.07806191117092867 -0.0130605137135394 0.06159087930808545 -0.015673981191222573 -1.3877787807814458e-18 0.0554733727810651 -0.05148813261333668 -0.1656788793103448 -0.8323991031390134 -1.4417989417989419 -0.5116918844566711 -0.20974974685375378 -0.03102378490175801 0.0198482194979568 0.022490530303030297 0.09556481254594462 -0.0577892536579368 -0.09859689040576412 -0.9899974352398051 -2.024595469255664 -1.3162438570859345 -0.298332845861363 0.04061429115369971 -0.022424170895786615 0.049311926605504604 0.13277511961722488 0.08160779537149818 -0.1145703611457036 -0.1856594110115237 -0.449295595887803 -0.21698862132839375 -0.2885821831869511 0.03248315688161694 -0.15005861664712777 -0.0943284989977597 -0.20400772573635928 -0.36433722954488934 -1.6529850746268657 -3.5843335439039796 -1.859831599801882 -0.404416484786237 -0.3248997649661275 -0.03949044585987262 -0.018941636083816736 0.03220419847328245 -0.07659048795552811 -0.11182108626198084 -0.33764017552413456 -1.0290466732869912 -0.5959193829310773 -0.25343189017951423 -0.16236590316033633 0.038485412787088766 0.08720271800679502 0.014762661821485352 0.07918416316736654 0.002359603586597453 0.05809731299927379 0.15049751243781093 -0.0061667488899852015 0.01601971657424522 -0.037289443230037286
0.06388206388206388 -0.041507740632712585 0.044848077138692675 -0.036887608069164274 0.010560901196902138 -0.07663286960622492 0.044004400440044014 -0.06417241796827704 0.08321597746767379 -0.10055096418732783 -0.06564827673273577 0.023196190941277013 0.03721041891729684 0.0924898261191269 0.015406342277570937 0.12171133513646423 0.028519574799066638 -0.00256016385048643 -0.0821845174973489 -0.03853564547206166 0.08434504792332267 0.08037591195746259 0.04826254826254826 0.15787585217079297 0.09913414481114317 0.13740073112315643 -0.0504919730709477 -0.058966799128316885 -0.0901749663526245 -0.01160934552314613 0.045865548420914684 -0.04581625271280444 -0.02538991657598839 0.0012327416173570165 -0.12432500313952026 -0.41082974137931033 -1.3060538116591929 -1.5410052910052912 -0.5419532324621732 -0.21408939678865907 -0.03360910031023785 -0.01868067717454758 0.004734848484848486 0.02327860818426855 -0.11680806590434034 -0.3577297433952724 -1.6696588868940754 -2.144983818770226 -1.3627307743392216 -0.3319684118163206 0.02538393197106232 -0.03776702466658798 0.037844036697247715 0.10526315789473686 0.051157125456760065 -0.19053549190535493 -0.2496798975672215 -0.49117908364005586 -0.23948134427097117 -0.3136762860727729 0.008421559191530318 -0.19577960140679956 -0.1580002358212475 -0.3271366489618542 -0.6018403382243223 -2.725124378109453 -4.161718256475048 -1.9737493808816242 -0.47888047246116316 -0.34702060002765106 -0.05477707006369427 -0.046170237954303306 0.002385496183206112 -0.1284743668931439 -0.1781764561317277 -0.5655777669429547 -1.2164846077457796 -0.6705648171186863 -0.3247096092925027 -0.17976224992751524 0.037243947858473 0.07361268403171008 0.018169429934135818 0.0635872825434913 -0.004719207173194902 0.0702009198741225 0.17661691542288555 -0.013566847557967443 0.002464571780653106 -0.04629034332004629
0.07616707616707616 -0.04038590980480144 0.05381769256643122 -0.03227665706051874 0.015254635062191976 -0.07309596793209147 0.018335166850018337 -0.07870202203656618 0.07425425681730892 -0.09917355371900827 -0.05681100871102133 0.01709193016725675 0.03841075501140319 0.10852139597977557 0.032096546411606114 0.13523481681829358 -0.003889032927145447 -0.005120327700972862 -0.08748674443266172 -0.03853564547206166 0.08562300319488816 0.0754297019908495 0.03981660231660232 0.15428776462145677 0.09160496925586648 0.10840791629900419 -0.1126359399274987 -0.07050378156646583 -0.12113055181695828 -0.01596285009432593 0.041934215699122 -0.05787316132143718 -0.05319792044492806 -0.03205128205128204 -0.21348737912846918 -0.6398168103448276 -1.6479820627802693 -1.6283068783068786 -0.56121045392022 -0.20974974685375378 -0.02714581178903826 -0.04786923525977817 -0.018939393939393943 -0.03430531732418524 -0.18197467109307758 -0.887372013651877 -2.2826365734803793 -2.190291262135922 -1.3813255412405367 -0.35536706639368243 0.026653128569615436 -0.03894724418741886 0.024082568807339458 0.0897129186602871 0.019488428745432416 -0.24408468244084683 -0.29833546734955185 -0.4937174768371621 -0.24609685101878803 -0.3220409870347135 0.006015399422521656 -0.23681125439624853 -0.2216719726447353 -0.4659584741670691 -1.01342949515046 -3.5659203980099505 -4.419456727732154 -2.0567112431896977 -0.5315188085761972 -0.364993778515139 -0.04713375796178344 -0.07931810110098261 -0.016698473282442748 -0.17665225447807287 -0.2605062668960433 -0.735007313505607 -1.3381330685203574 -0.7315252550385668 -0.3656282998944034 -0.20585677007828357 0.03972687771570453 0.06568516421291053 0.02157619804678628 0.05398920215956808 -0.02241623407267579 0.102880658436214 0.17412935323383086 -0.006166748889985201 -0.006161429451632781 -0.05271955767005272
0.08108108108108109 -0.04599506394435719 0.059423702208767804 -0.023054755043227664 0.016428068528514434 -0.05659042678613533 0.004889377826671555 -0.08233442305363846 0.0755345026245039 -0.09917355371900825 -0.05428607499053149 0.009766817238432429 0.026407394070339697 0.11098779134295227 0.035948131980998846 0.14015244652077702 -0.02851957479906662 -0.01152073732718894 -0.09809119830328739 -0.04266446462978255 0.08434504792332267 0.07666625448250278 0.020511583011583012 0.1566798229876809 0.06901744259003639 0.07689398714231692 -0.16701191092698084 -0.06537623381617741 -0.1372812920592194 -0.013060513713539399 0.034071550255536626 -0.07595852423438632 -0.08221496796034336 -0.07149901380670612 -0.33906819038050984 -1.0802801724137931 -1.8063340807174888 -1.645502645502646 -0.5515818431911966 -0.1952842470707363 -0.025853154084798345 -0.07355516637478109 -0.05918560606060606 -0.08086253369272238 -0.29386450264355096 -1.4170142839084818 -2.6596563221338805 -2.2200647249190935 -1.3999203081418516 -0.3743784732377889 0.036806701358040365 -0.04720878083323497 0.010321100917431195 0.07775119617224882 -0.03410475030450668 -0.29638854296388545 -0.32906530089628677 -0.49244828023860904 -0.23948134427097112 -0.3331939216506343 -0.01323387872954764 -0.2825322391559203 -0.306567621742719 -0.6059874456784162 -1.7719472767968167 -4.404228855721392 -4.501579279848389 -2.1272907379891035 -0.5610476312748748 -0.37605419604590073 -0.05222929936305733 -0.09352432816384516 -0.05009541984732825 -0.2285361334156887 -0.3919882034898009 -0.8959044368600683 -1.4113704071499504 -0.78626524010948 -0.3946673706441394 -0.2261525079733256 0.043451272501551834 0.05322763306908267 0.01589825119236884 0.046790641871625675 -0.04719207173194903 0.10893246187363834 0.1517412935323383 -0.0037000493339911207 -0.019716574245224893 -0.06043461489006043
0.08968058968058969 -0.03589858649315684 0.0784841349927122 -0.009221902017291065 0.0492842055855433 -0.04715868898844612 0.012223444566678888 -0.0750696210194939 0.09217769811803865 -0.09090909090909091 -0.04544880696881707 0.0061042607740202665 0.04321209938782859 0.11098779134295227 0.057773783540891 0.1499877059257438 -0.0233341975628727 -0.015360983102918585 -0.08748674443266172 -0.04541701073492981 0.08945686900958465 0.07419314949919623 0.019305019305019305 0.14830761870589643 0.04015560296147573 0.04033782932055969 -0.19290523045054375 -0.0833226509421869 -0.1426648721399731 -0.01596285009432593 0.03538199449613418 -0.09886665059078852 -0.11244105912223432 -0.12943786982248523 -0.6015320858972748 -1.6082974137931032 -1.8623878923766815 -1.6415343915343918 -0.5226960110041264 -0.1837118472443223 -0.02714581178903826 -0.08990075890251022 -0.09706439393939394 -0.15192354814996323 -0.5889585638755687 -2.0705346985210467 -2.795588612464735 -2.20453074433657 -1.3932793199628106 -0.3641415618601931 0.03553750475948724 -0.05665053699988197 -0.002293577981651375 0.053827751196172266 -0.10231425091352012 -0.33748443337484435 -0.35851472471190776 -0.48102551085163103 -0.235512040222281 -0.31367628607277287 -0.015640038498556302 -0.34349355216881594 -0.38203042094092676 -0.7870593915982618 -2.6734643123601094 -4.898009950248755 -4.491471888818699 -2.1681525507677066 -0.5584799075619464 -0.3802018526199364 -0.04076433121019108 -0.11483366875813901 -0.06440839694656489 -0.2791846819024089 -0.5480462029982796 -0.993417844953681 -1.4337140019860972 -0.8136352326449365 -0.4091869060190073 -0.22760220353725719 0.05338299193047798 0.04530011325028313 0.024982966159436747 0.046790641871625675 -0.02949504483246814 0.12466715081094167 0.15796019900497513 0.011100148001973365 -0.009858287122612447 -0.050147871930050145
0.08599508599508601 -0.0527260489118241 0.0728781253503756 -0.016138328530259368 0.042243604787608545 -0.0730959679320915 0.0012223444566678856 -0.08233442305363847 0.08449622327486879 -0.10330578512396693 -0.051761141270041666 -0.004883408619216212 0.0336094106349778 0.11715377975089405 0.052638336115034025 0.13646422424391444 -0.02074150894477573 -0.017921146953405017 -0.09146341463414634 -0.04404073768235618 0.08562300319488818 0.06059107209101026 0.012065637065637068 0.15428776462145677 -0.013803488518007268 0.020168914660279834 -0.2187985499741067 -0.07819510319189846 -0.15074024226110366 -0.002902336380786532 0.011793998165378062 -0.1338316855558235 -0.166848023213638 -0.21326429980276135 -1.0360416928293357 -1.9800646551724141 -1.9072309417040358 -1.6322751322751323 -0.4924346629986244 -0.17503254737451182 -0.05170630816959669 -0.12259194395796849 -0.17045454545454547 -0.2462631707914727 -1.1066027296200664 -2.6406269750979647 -2.876378558604771 -2.183818770226537 -1.3547615885243727 -0.37145364141561865 0.041883487752252826 -0.06137141508320547 -0.01834862385321101 0.022727272727272728 -0.16565164433617538 -0.3723536737235367 -0.37003841229193335 -0.46325675847188724 -0.2222810267266473 -0.29415865049491147 -0.03609239653512993 -0.3927315357561547 -0.4940455135007665 -1.082810236600676 -3.4655558318826167 -5.0945273631840795 -4.442198357548958 -2.175581971272907 -0.5366542560020542 -0.3926448223420434 -0.05477707006369427 -0.14206227062862556 -0.10854007633587785 -0.3508338480543546 -0.7053330056524945 -1.06045831301804 -1.4473684210526316 -0.8210997760636974 -0.44086589229144657 -0.23050159466512032 0.03972687771570453 0.03737259343148359 0.018169429934135818 0.025194961007798444 -0.03067484662576686 0.09319777293633505 0.15049751243781093 0.004933399111988161 -0.02094886013555145 -0.06043461489006043
0.08353808353808354 -0.06506618801884675 0.0796053369211795 -0.021902017291066285 0.028162403191739026 -0.10492808299929261 -0.020779855763354112 -0.09444242644387942 0.0486493406734093 -0.11983471074380166 -0.054286074990531494 -0.00854596508362837 0.03480974672908414 0.1368849426563078 0.021825651559892162 0.12785837226456848 -0.06092818252527872 -0.04096262160778289 -0.11267232237539768 -0.05642719515551886 0.0805111821086262 0.06182762458266353 0.0048262548262548305 0.15907188135390504 -0.06650771740494416 -0.010084457330139917 -0.2667011910926981 -0.09357774644276373 -0.17631224764468373 -0.0029023363807865327 0.006552221202987813 -0.16879672052085845 -0.21158263813323658 -0.3192800788954635 -1.5094813512495293 -2.172683189655172 -1.9548766816143495 -1.5753968253968256 -0.40852819807427776 -0.16490669752639955 -0.06851085832471562 -0.15411558669001751 -0.23910984848484848 -0.3638814016172507 -1.7656461330382391 -2.9756035899380606 -2.9199794819184404 -2.091909385113268 -1.1515473502457165 -0.35097981866042705 0.0482294707450184 -0.06255163460403634 -0.03440366972477064 -0.03947368421052632 -0.22168087697929356 -0.40971357409713577 -0.380281690140845 -0.4505647924863562 -0.20640381053188675 -0.29276453366792143 -0.046920115495668914 -0.4454865181711606 -0.6202098809102701 -1.6887976822790924 -4.022631186272071 -5.140547263681592 -4.276689829437776 -2.103764239722635 -0.5173963281550906 -0.3954099267247338 -0.07133757961783439 -0.16573931573339648 -0.16102099236641224 -0.4570722668313774 -0.8294421233718359 -1.0945880058508046 -1.4448857994041708 -0.817367504354317 -0.47518479408658915 -0.22905189910118873 0.02731222842954687 0.021517553793884488 0.011355893708834885 -0.016796640671865627 -0.03657385559226049 0.053255870249334314 0.1517412935323383 -0.008633448445979278 -0.05914972273567469 -0.0732930435900733
0.07985257985257985 -0.06282252636302446 0.07399932727884292 -2.7755575615628915e-18 0.01877493546115935 -0.11435982079698184 -0.02322454467668989 -0.08233442305363844 0.0627320445525541 -0.10468319559228652 -0.05933594243151117 -0.008545965083628369 0.03480974672908414 0.14921691947219143 -0.020541789703427904 0.12539955741332678 -0.07518796992481203 -0.05888376856118791 -0.10206786850477201 -0.04128819157720893 0.07795527156549523 0.04327933720786448 -0.0048262548262548235 0.1459155603396723 -0.12172167147697328 -0.0516828438169671 -0.2783531848783014 -0.13588001538264324 -0.16689098250336476 -0.005804672761573067 -0.00524177696239025 -0.1965276103207138 -0.2587353403457865 -0.49926035502958577 -1.9753861609946 -2.2912176724137927 -1.9688901345291474 -1.314814814814815 -0.295735900962861 -0.13886879791696802 -0.0891933815925543 -0.19030939871570346 -0.3077651515151515 -0.6064690026954178 -2.363211607033075 -3.1386676779168243 -2.937932803282893 -1.6970873786407767 -0.7597290476822951 -0.30710734132787365 0.039345094555146586 -0.06727251268735984 -0.07683486238532108 -0.11363636363636362 -0.2850182704019489 -0.44707347447073487 -0.379001280409731 -0.41248889452976273 -0.1799417835406192 -0.2816115990520006 -0.08060635226179018 -0.4853458382180539 -0.8831505718665251 -2.5555287300820857 -4.25142999253917 -5.105721393034825 -3.695514845230575 -1.5180782565626547 -0.4634741301835922 -0.3456380478363058 -0.08789808917197453 -0.19651947436959868 -0.22185114503816794 -0.6139592340951204 -0.9191447530105676 -1.1079960994636764 -1.31454816285998 -0.7365016173177407 -0.4342661034846885 -0.21020585677007828 0.014897579143389201 0.009060022650056624 -0.02271178741766977 -0.03239352129574085 -0.06252949504483246 0.022996853062212542 0.1293532338308458 -0.030833744449926002 -0.04929143561306223 -0.081008100810081
0.07371007371007372 -0.06506618801884675 0.06839331763650633 0.0023054755043227667 0.00234686693264492 -0.12497052581938221 -0.02322454467668989 -0.07991282237559026 0.0768147484316989 -0.0909090909090909 -0.06564827673273575 -0.009766817238432422 0.0408114271996159 0.11962017511407082 -0.06419309282321223 0.12662896483894764 -0.10759657765102411 -0.048643113159242184 -0.10206786850477201 -0.027525461051472612 0.07667731629392971 0.04946209966613083 -0.006032818532818532 0.10883865566319817 -0.17317103777136406 -0.06554897264590949 -0.2977731745209736 -0.11793359825663377 -0.15612382234185734 0.0130605137135394 -0.013104442405975626 -0.22305280925970586 -0.31314230443719016 -0.8518244575936883 -2.3307798568378755 -2.3545258620689657 -1.9520739910313893 -0.9576719576719579 -0.18294360385144431 -0.10704469839432951 -0.10729058945191312 -0.22650321074138935 -0.3705018939393939 -1.091644204851752 -2.95339972949711 -3.2132473770699024 -2.934085662990511 -1.1624595469255665 -0.47815114889095495 -0.272009359461831 0.029191521766721656 -0.06019119556237458 -0.125 -0.19019138755980863 -0.3483556638246042 -0.4570361145703612 -0.3777208706786171 -0.37060540677750986 -0.16406456734585867 -0.24815279520423816 -0.10707410972088546 -0.5392731535756154 -1.1484494752977243 -3.384838242394978 -4.454115891569261 -5.0298507462686555 -2.9109286165508528 -0.9014363546310055 -0.4108357940685582 -0.31798700400940133 -0.10191082802547771 -0.20835799692198415 -0.27194656488549623 -0.7547869054972205 -0.9941017449004669 -1.0775231594344223 -1.115938430983118 -0.5772580243841752 -0.39862724392819426 -0.17831255436358365 0.004965859714463066 0.018120045300113248 -0.055643879173290944 -0.013197360527894423 -0.08140632373761207 0.039941902687000735 0.10572139303482589 -0.04070054267390232 -0.03573629081947011 -0.054005400540054004
0.07862407862407864 -0.06955351133049137 0.07175692342190829 -0.011527377521613836 -0.0011734334663224585 -0.11318085357227067 -0.04033736707004034 -0.06296161762925294 0.08577646908206377 -0.0881542699724518 -0.06564827673273577 0.006104260774020263 0.03240907454087145 0.0924898261191269 -0.07446398767492618 0.12171133513646422 -0.12444905366865437 -0.024321556579621085 -0.08748674443266173 -0.013762730525736306 0.07923322683706072 0.04822554717447755 -0.04826254826254826 0.06578160507116373 -0.194503701844648 -0.09580234463632926 -0.2796478508544795 -0.1038328419433406 -0.13862718707940783 0.015962850094325926 -0.019656663608963437 -0.280925970581143 -0.6601378309756982 -1.0613905325443787 -2.363430867763406 -2.3450969827586206 -1.736266816143497 -0.6402116402116401 -0.11691884456671253 -0.10559814841602777 -0.13702171664943125 -0.2708698190309399 -0.7753314393939394 -1.4359225679980399 -3.021025451862781 -3.1879661231197067 -2.6275968196973585 -0.6912621359223301 -0.3785363262053394 -0.24568587306229897 0.022845538773956075 -0.11448129352059482 -0.2064220183486239 -0.23205741626794257 -0.3800243605359318 -0.43337484433374857 -0.33290653008962867 -0.3363370986165757 -0.1508335538502249 -0.23699986058831732 -0.1383541867179981 -1.0539273153575615 -1.956137247966042 -3.4150169000482853 -4.3484207908480474 -4.519900497512438 -1.8976626658243845 -0.7367508667657255 -0.34150725381948904 -0.30554403428729426 -0.12101910828025478 -0.24624126908961763 -0.3697519083969466 -0.7930821494749845 -1.0002457606291473 -0.9739151633349588 -0.8242303872889771 -0.4628016919631749 -0.3643083421330517 -0.14351986082922585 -0.011173184357541898 -0.007927519818799545 -0.053372700431523964 -0.03599280143971206 -0.09438414346389805 0.06051803437424352 0.054726368159203974 -0.01973359644795264 -0.035736290819470114 -0.036003600360036005
0.07248157248157247 -0.07404083464213597 0.035878461710954136 -0.026512968299711816 -0.019948368927481815 -0.10492808299929261 -0.04278205598337611 -0.05085361423901199 0.08321597746767381 -0.08815426997245177 -0.06943567731347053 0.023196190941277006 -0.007202016564638097 0.05549389567147613 -0.0924380536654256 0.11433489058273912 -0.11926367643246046 -0.00512032770097286 -0.0835100742311771 -0.009633911368015412 0.06900958466453673 0.045752442191171014 -0.09049227799227799 0.025116612845353426 -0.22963985443593926 -0.12731627379301652 -0.25504919730709474 -0.09742340725548006 -0.13324360699865412 0.002902336380786534 -0.028829773293146378 -0.33156498673740054 -1.0881392818280742 -1.2721893491124259 -2.3734773326635694 -2.3060344827586206 -1.3242713004484303 -0.4788359788359788 -0.08253094910591471 -0.10849124837263127 -0.1758014477766287 -0.31056625802685345 -1.2866950757575757 -1.7654986522911051 -3.046846182220583 -3.1209708001516874 -2.104385739933316 -0.39352750809061476 -0.3267366184088193 -0.21351272301842647 -0.0038075897956593523 -0.17821314764546203 -0.28440366972477066 -0.2715311004784689 -0.4080389768574909 -0.39227895392278955 -0.2855313700384123 -0.31095316664551337 -0.1468642498015348 -0.2286351596263767 -0.19489894128970167 -1.5697538100820634 -2.5492276854144555 -3.4379526798647992 -4.214125839343446 -3.6604477611940305 -1.0385344283006945 -0.6401684001981179 -0.31326229297727565 -0.29863127333056816 -0.16305732484076435 -0.2829406890020125 -0.4770992366412214 -0.8214947498455837 -1.0014745637748832 -0.7983910287664553 -0.5896226415094338 -0.35829808410052244 -0.34186906019007385 -0.11017686285879964 -0.031036623215394167 -0.03284258210645526 -0.06586418351124235 -0.06958608278344332 -0.11090136857008022 0.0738320019365771 0.01243781094527363 -0.0037000493339911233 -0.03450400492914356 -0.028288543140028287
0.06388206388206388 -0.08638097374915862 0.020181634712411706 -0.050720461095100866 -0.018774935461159353 -0.1131808535722707 -0.037892678156704565 -0.04358881220486741 0.09601843553962362 -0.0867768595041322 -0.06564827673273577 0.025637895250885112 -0.03360941063497779 0.019731162905413734 -0.09628963923481834 0.0946643717728055 -0.09074410163339383 -0.012800819252432155 -0.07158006362672323 -0.020644095788604454 0.057507987220447275 0.045752442191171014 -0.13754826254826255 0.0011960291831120697 -0.2497176559166771 -0.11092903063153914 -0.2084412221646815 -0.08075887706704268 -0.12113055181695828 0.002902336380786536 -0.05110732538330494 -0.44972269110200147 -1.452061419417241 -1.388067061143984 -2.3596634434258448 -2.118803879310345 -0.8688340807174887 -0.39417989417989413 -0.050894085281980736 -0.11138434832923476 -0.21199586349534644 -0.4249854057209574 -1.7874053030303032 -1.9382504288164664 -3.0406983892782486 -2.9338895209202374 -1.4311361887663505 -0.2951456310679611 -0.2736087129764909 -0.22374963439602227 -0.036806701358040365 -0.2502065384161454 -0.3440366972477064 -0.31459330143540665 -0.4116930572472596 -0.3424657534246575 -0.23175416133162613 -0.29064602106866355 -0.12304842550939402 -0.23002927645336677 -0.2935514918190568 -2.3177022274325907 -2.884093856856503 -3.3836310960888456 -3.98657050484954 -2.588308457711443 -0.4611497157296274 -0.5361565131253097 -0.25548850943638457 -0.27789299046038984 -0.17579617834394906 -0.34686871078489406 -0.5271946564885497 -0.8424953675108091 -0.9449496190710247 -0.5862993661628475 -0.40839126117179736 -0.3085344613087832 -0.2837909186906019 -0.1130762539866628 -0.06207324643078832 -0.054360135900339744 -0.07494889847831025 -0.10317936412717457 -0.11680037753657384 0.03873154199951585 -0.01990049751243781 -0.004933399111988162 -0.025878003696857672 -0.032146071750032146
0.05528255528255529 -0.10208660533991473 -0.006727211570803906 -0.07377521613832852 -0.004693733865289834 -0.12968639471822685 -0.00122234445666789 -0.04116721152681923 0.11522212264754834 -0.10468319559228649 -0.0681732104532256 0.010987669393236473 -0.06721882126995558 -5.551115123125783e-18 -0.1129798433688535 0.08851733464470124 -0.06740990407052114 -0.010240655401945723 -0.07290562036055144 -0.023396641893751714 0.06389776357827474 0.01731173488314578 -0.1628861003861004 -0.022724554479129296 -0.24971765591667708 -0.10210513046766671 -0.13205592957017093 -0.07434944237918215 -0.07940780619111712 -0.010158177332752866 -0.07993709867645131 -0.6329877019532193 -1.632208922742111 -1.4435404339250493 -2.304407886474947 -1.928879310344828 -0.5297085201793722 -0.3042328042328042 -0.011004126547455289 -0.10704469839432953 -0.26370217166494314 -0.6082895504962055 -2.1792140151515147 -2.025238912031365 -3.0210254518627813 -2.4472253823789663 -0.8220056424724287 -0.24724919093851128 -0.24438836498871033 -0.21936238666276692 -0.08122858230739942 -0.34816475864510793 -0.3876146788990825 -0.3528708133971292 -0.3958587088915957 -0.30884184308841844 -0.17925736235595388 -0.29318441426576974 -0.11114051336332362 -0.2411822110692876 -0.48604427333974976 -3.11957796014068 -3.005541799316118 -3.2822308063737333 -3.5762248196965927 -1.738805970149254 -0.1958307012002527 -0.4569093610698366 -0.21440493002952882 -0.2654500207382829 -0.20636942675159237 -0.40842902805729847 -0.5856393129770991 -0.8276714021000616 -0.8687638240353894 -0.41199414919551447 -0.27184707050645485 -0.2550385668076636 -0.2349524815205913 -0.09567990721948391 -0.07324643078833024 -0.06455266138165346 -0.10220304337951398 -0.12237552489502099 -0.0873053327041057 -0.004841442749939481 -0.003731343283582089 -0.01726689689195856 -0.0012322858903265539 -0.038575286100038575
0.042997542997543006 -0.11779223693067087 -0.033636057854019505 -0.09567723342939481 -0.012907768129547054 -0.15208677198773873 0.01466813348001467 -0.04601041288291561 0.10241966457559852 -0.11570247933884299 -0.08584774649665446 -0.00732511292882432 -0.08882487096386989 -0.022197558268590455 -0.1271023237899602 0.08605851979345955 -0.05574280528908478 -0.012800819252432155 -0.07820784729586427 -0.022020368841178087 0.060063897763578275 -0.01236552491653271 -0.17615830115830117 -0.046645138141370654 -0.24720793073158487 -0.07437287280978191 -0.08156395649922318 -0.07178566850403793 -0.06191117092866758 -0.00290233638078653 -0.12187131437557333 -0.7764649143959489 -1.6987063232982709 -1.469428007889546 -2.230315207836243 -1.5342133620689657 -0.36575112107623325 -0.2751322751322751 0.0013755158184319105 -0.10993779835093302 -0.3386763185108583 -0.8021015761821367 -2.3662405303030303 -2.0877235971575594 -2.966924873970245 -1.9668815573252434 -0.46550397537830224 -0.20323624595469258 -0.23243458626643648 -0.21351272301842647 -0.14215001903794897 -0.4390416617490853 -0.4151376146788991 -0.37799043062200954 -0.35566382460414137 -0.26774595267745954 -0.12804097311139565 -0.29064602106866355 -0.09261709446943636 -0.23839397741530738 -0.7074109720885466 -3.8194607268464247 -3.046810517627638 -3.1832448092708843 -2.8413330017408605 -0.8942786069651746 -0.0972836386607707 -0.3764239722634968 -0.1887276929002439 -0.2516244988248307 -0.2573248407643312 -0.4960340949449509 -0.6226145038167938 -0.8252007411982705 -0.7606291472106169 -0.2510970258410531 -0.20481628599801388 -0.22020403085344614 -0.22835269271383313 -0.09857929834734705 -0.10304158907510863 -0.08154020385050963 -0.1271860095389507 -0.14037192561487702 -0.07668711656441718 -0.01815541031227306 0.012437810945273634 -0.02220029600394672 0.0024645717806531103 -0.037289443230037286
0.028255528255528257 -0.14359434597262732 -0.06390850992263707 -0.12219020172910663 -0.04459047172025346 -0.1638764442348503 0.01222344456667889 -0.06054001695120474 0.08193573166047881 -0.1349862258953168 -0.10857214998106299 -0.04883408619216213 -0.12123394550474131 -0.023430755950178805 -0.15791500834510205 0.07868207523973444 -0.06481721545242417 -0.029441884280593956 -0.10206786850477201 -0.02890173410404624 0.03706070287539936 -0.06182762458266353 -0.2039092664092664 -0.06099748833871547 -0.24469820554649263 -0.04538005798562964 -0.059554634904194714 -0.058966799128316885 -0.063257065948856 -6.938893903907229e-19 -0.16904730703708556 -0.8632746563781047 -1.7265143271672105 -1.4484714003944772 -2.014316212482733 -1.0439116379310347 -0.32791479820627806 -0.25396825396825395 -0.013755158184319122 -0.09691884854621727 -0.4110651499482937 -0.9573847051955633 -2.452651515151515 -2.085273217348689 -2.714865363334563 -1.3424345847554036 -0.33213644524236985 -0.1747572815533981 -0.22446540045158722 -0.21351272301842647 -0.20560984896560477 -0.4945119792281364 -0.46559633027522934 -0.37799043062200954 -0.3227771010962242 -0.21419676214196764 -0.10243277848911651 -0.2652620890976012 -0.10187880391638 -0.22724104279938656 -0.8674205967276227 -4.206330597889801 -3.0574224737648863 -3.0408015451472723 -1.968415816960955 -0.39054726368159204 -0.09349336702463676 -0.3046062407132244 -0.19257927846963666 -0.22397345499792615 -0.3197452229299363 -0.5883745708535575 -0.648854961832061 -0.8054354539839406 -0.624231998033915 -0.1499268649439298 -0.19116186693147968 -0.20029858173675047 -0.23759239704329457 -0.1130762539866628 -0.13656114214773432 -0.06568516421291054 -0.1612536906654554 -0.14637072585482902 -0.11208117036337895 -0.018155410312273055 0.003731343283582092 -0.020966946225949676 -0.012322858903265555 -0.025716857400025717
0.011056511056511058 -0.14247251514471618 -0.08296894270658146 -0.11412103746397695 -0.05397793945083314 -0.13676019806649375 0.01711282239335045 -0.05085361423901198 0.08449622327486878 -0.12534435261707988 -0.1312965534654715 -0.04272982541814187 -0.1500420117632937 -0.022197558268590455 -0.16818590319681603 0.10695844602901403 -0.08815141301529687 -0.006400409626216077 -0.1179745493107105 -0.012386457473162676 0.008945686900958465 -0.07542970199084952 -0.23648648648648649 -0.0645855758880517 -0.22838499184339311 -0.021429471826547333 -0.050491973070947695 -0.048711703627740036 -0.06729475100942127 0.010158177332752866 -0.20705019001441488 -0.8946226187605498 -1.7422318945713937 -1.390532544378698 -1.6400853949516514 -0.7058189655172413 -0.31810538116591924 -0.23015873015873015 -0.016506189821182942 -0.08389989874150153 -0.4795760082730093 -1.0251021599532983 -2.517755681818182 -2.0362656211712817 -2.2390261895979346 -0.788775123246113 -0.26160553988202107 -0.13462783171521037 -0.21383981936512156 -0.18718923661889444 -0.2728772686889199 -0.535819662457217 -0.5068807339449541 -0.36483253588516745 -0.2825822168087698 -0.17185554171855544 -0.07938540332906532 -0.24622414011930446 -0.10584810796507012 -0.22305869231841627 -0.9396053897978826 -4.300117233294256 -2.9961089494163424 -2.759536455818446 -1.1788112409848295 -0.17412935323383086 -0.09349336702463677 -0.26374442793462116 -0.19257927846963666 -0.1977049633623669 -0.3668789808917197 -0.6085000591926127 -0.6607824427480916 -0.7387276096355775 -0.49152125829442134 -0.047537786445636276 -0.17626613704071498 -0.16297586464294606 -0.2257127771911299 -0.08553203827196289 -0.14525139664804468 -0.06908267270668177 -0.17374517374517376 -0.1295740851829634 -0.12623879188296366 0.014524328249818447 0.018656716417910453 -0.01110014800197336 -0.0012322858903265552 -0.012858428700012858
0.0024570024570024574 -0.13237603769351583 -0.08857495234891805 -0.10489913544668587 -0.044590471720253454 -0.0954963452016034 0.030558611416697228 -0.03148080881462646 0.08833696069645372 -0.10743801652892562 -0.14013382148718595 -0.050054938346966185 -0.1572440283279318 -0.03946232581082747 -0.13480549492874566 0.11556429800835999 -0.07259528130671507 -0.012800819252432155 -0.11002120890774125 -0.013762730525736306 0.006389776357827476 -0.08903177939903548 -0.23889961389961387 -0.0753498385360603 -0.18195507591918683 0.010084457330139927 -0.031071983428275503 -0.029483399564158443 -0.04979811574697174 0.027572195617472067 -0.23063818634517103 -0.8789486375693272 -1.7228871962277836 -1.291913214990138 -1.1967851312319477 -0.5158943965517241 -0.2942825112107623 -0.19708994708994707 0.0013755158184319105 -0.05496889917546653 -0.5274043433298863 -1.0577933450087564 -2.5248579545454546 -1.9443763783386427 -1.5935079306528954 -0.45632663380103644 -0.2269812772505771 -0.10226537216828482 -0.191260459556382 -0.15647850248610706 -0.29699200406142906 -0.5582438333530038 -0.5114678899082569 -0.32296650717703346 -0.22411693057247262 -0.1183063511830635 -0.04225352112676056 -0.21703261835258286 -0.08600158772161948 -0.20493517356754495 -1.0045717035611166 -4.329425556858149 -2.894705812993751 -2.1788990825688077 -0.6155185277294205 -0.11442786069651742 -0.06317119393556539 -0.24517087667161958 -0.1566311464886378 -0.1880270980229503 -0.4038216560509554 -0.6321771042973836 -0.6488549618320612 -0.6399011735639284 -0.38707299090685676 0.004875670404680647 -0.16012909632571998 -0.15675541179397862 -0.22043294614572337 -0.07828356045230501 -0.14028553693358162 -0.07021517553793885 -0.16806722689075632 -0.09598080383923216 -0.12269938650306748 0.05446623093681917 0.04353233830845771 -0.00370004933399112 0.01355514479359211 -0.006429214350006429
-0.011056511056511056 -0.14359434597262732 -0.09866576970512389 -0.11873198847262248 -0.041070171321286084 -0.09313841075218109 0.030558611416697228 -0.03390240949267466 0.08833696069645372 -0.11019283746556474 -0.1439212220679207 -0.07325112928824319 -0.16444604489256992 -0.06659267480577134 -0.10399281037360382 0.10572903860339318 -0.06740990407052114 -0.025601638504864306 -0.11399787910922587 -0.023396641893751725 -0.0025559105431309905 -0.0964510943489551 -0.2449324324324324 -0.07774189690228442 -0.14807378592044168 0.023950586159082316 -0.028482651475919208 -0.015382643250865274 -0.04845222072678331 0.0348280365694384 -0.25160529419473204 -0.8813600192910537 -1.6999153669447467 -1.1267258382642997 -0.762275524299887 -0.433728448275862 -0.28167040358744394 -0.18121693121693122 0.008253094910591471 -0.036163749457543776 -0.5519648397104447 -1.085814360770578 -2.5094696969696964 -1.7299681450624849 -1.0106971597196606 -0.3261281759575275 -0.19620415491151574 -0.08155339805825243 -0.18196307610572454 -0.14331675928634108 -0.3236451326310445 -0.5830284432904521 -0.5103211009174313 -0.2739234449760765 -0.18879415347137635 -0.09090909090909091 -0.034571062740076826 -0.19926386597283918 -0.09129399311987296 -0.19796458943259446 -1.0226179018286816 -4.3341148886283705 -2.638839759462327 -1.3000965717044903 -0.3556329271325541 -0.10074626865671643 -0.031585596967782695 -0.24021792966815253 -0.11683142893824625 -0.1880270980229503 -0.42675159235668786 -0.6475671836154848 -0.6178435114503817 -0.5077208153180977 -0.30965839272548534 0.030472940029254027 -0.15268123138033768 -0.1492908683752177 -0.21119324181626192 -0.07538416932444186 -0.1527001862197393 -0.08040770101925254 -0.15103338632750402 -0.09598080383923217 -0.11326097215667767 0.0738320019365771 0.04477611940298507 0.00986679822397632 0.012322858903265555 0.006429214350006429
0.0024570024570024574 -0.1469598384563608 -0.08969615427738536 -0.12334293948126802 -0.02112180239380427 -0.08252770572978073 0.041559711526708225 -0.029059208136578286 0.08833696069645372 -0.10881542699724515 -0.14013382148718595 -0.08301794652667562 -0.1668467170807826 -0.05179430262671105 -0.06804467839260496 0.10327022375215147 -0.055742805289084776 -0.03712237583205325 -0.11399787910922585 -0.03303055326176714 -0.011501597444089457 -0.09397798936564858 -0.25217181467181465 -0.03827293385958619 -0.11921194629188103 0.04916172948443212 -0.02200932159502848 -2.7755575615628915e-18 -0.047106325706594884 0.0522420548541576 -0.23981129602935397 -0.865686038099831 -1.656389795671624 -0.7803254437869822 -0.42069571769433634 -0.37580818965517243 -0.2522421524663677 -0.16137566137566137 0.015130674002751032 -0.01591204976131926 -0.5506721820062047 -1.0904845300642148 -2.4798768939393936 -1.2766478804214656 -0.4192794786671585 -0.2629250410820377 -0.1500384714029238 -0.07249190938511327 -0.15539912338956038 -0.14331675928634108 -0.34014468841223505 -0.5865691018529445 -0.5057339449541285 -0.20334928229665072 -0.15468940316686966 -0.0585305105853051 -0.023047375160051217 -0.18530270338875487 -0.10849431066419686 -0.19238812212463408 -1.0202117420596728 -4.287221570926144 -2.375899068506072 -0.457508450024143 -0.09574732653568764 -0.07089552238805971 0.003790271636133922 -0.20802377414561662 -0.08858646809603286 -0.1686713673441172 -0.43439490445859874 -0.6499348881259619 -0.5904103053435115 -0.3804817788758493 -0.23224379454411398 0.04144319843978547 -0.14895729890764647 -0.15799950236377208 -0.2177930306230201 -0.08843142939982604 -0.16883923029174425 -0.08720271800679502 -0.12605042016806725 -0.10077984403119375 -0.10146295422369041 0.07988380537400146 0.046019900497512436 0.00740009866798224 0.007393715341959333 0.0
0.001228501228501229 -0.14135068431680503 -0.09193855813432 -0.10605187319884726 -0.004693733865289837 -0.07427493515680264 0.057450189463390776 -0.023005206441457808 0.10113941876840353 -0.09641873278236915 -0.1514960232293902 -0.09644732022952021 -0.1596447005161445 -0.016031569860648662 -0.0783155732443189 0.10818785345463486 -0.06481721545242417 -0.03200204813108039 -0.12592788971367974 -0.02614918799889898 -0.016613418530351438 -0.08408556943242242 -0.22200772200772198 0.004784116732448268 -0.107918182958966 0.0781545443085844 -0.018125323666494043 0.017946417126009483 -0.05248990578734859 0.07110724132927007 -0.23063818634517103 -0.799373040752351 -1.2948857453754081 -0.55103550295858 -0.3604169282933568 -0.33405172413793105 -0.2214125560538117 -0.1296296296296296 0.03851444291609353 0.02459134963112976 -0.5377456049638056 -1.044950379451255 -2.0868844696969697 -0.9115412888997796 -0.3319808188860199 -0.2287953482492732 -0.12567324955116696 -0.04660194174757282 -0.14742993757471115 -0.12430535244223458 -0.3363370986165756 -0.5157559306030921 -0.43807339449541294 -0.16985645933014354 -0.13276492082825825 -0.04234122042341219 -0.019206145966709352 -0.18022591699454246 -0.11114051336332362 -0.190994005297644 -0.9901347449470647 -3.75029308323564 -1.5410918523758992 -0.36335103814582326 -0.08579955235016165 -0.04228855721393034 0.01516108654453569 -0.1671619613670134 -0.08216715881371164 -0.1451679800912484 -0.43439490445859874 -0.6120516159583284 -0.4973759541984733 -0.32489190858554656 -0.21381174735807323 0.05119453924914676 -0.14647467725918567 -0.14804677780542422 -0.21119324181626187 -0.07248477819657871 -0.16635630043451272 -0.05889014722536806 -0.1396774926186691 -0.07798440311937614 -0.09320434167059932 0.07746308399903172 0.05223880597014926 0.002466699555994081 0.008626001232285891 -0.0038575286100038576
0.009828009828009831 -0.13125420686560468 -0.07063572149344097 -0.08184438040345823 0.012907768129547054 -0.06602216458382458 0.07334066740007333 -0.014529604068289145 0.11394187684035335 -0.08953168044077135 -0.1376088877666961 -0.11109754608716885 -0.12003360941063497 0.020964360587002098 -0.05135447425856978 0.10695844602901401 -0.05055742805289085 -0.026881720430107524 -0.1179745493107105 -0.02477291494632535 0.0012779552715654952 -0.07542970199084953 -0.17977799227799232 0.04305705059203444 -0.07529175555276697 0.10336568763393421 0.011651993785603316 0.032047173439302655 -0.028263795423956926 0.08271658685241619 -0.20311885729262222 -0.7222088256571015 -0.8511667271188491 -0.31681459566074954 -0.3076729875674996 -0.2842133620689656 -0.19198430493273544 -0.08597883597883597 0.06189821182943604 0.06654129900188052 -0.5015511892450879 -1.0099241097489782 -1.5778882575757576 -0.5525606469002694 -0.2569777449895487 -0.20225003160156746 -0.09617850730956655 -0.031067961165048542 -0.12086598485854697 -0.10383152968704301 -0.29318441426576974 -0.44258232031157785 -0.3520642201834862 -0.1339712918660287 -0.0876979293544458 -0.0273972602739726 0.01920614596670935 -0.17007234420611755 -0.07541677692511246 -0.19378223895162416 -0.9179499518768048 -3.202813599062133 -0.8984789529536611 -0.2547078705939159 -0.05719970156677443 -0.0012437810945273603 0.0505369551484523 -0.11763249133234274 -0.04493516497624855 -0.1133692796903083 -0.39617834394904455 -0.5777199005564106 -0.3995706106870229 -0.26436071649166143 -0.17940525927746373 0.05119453924914676 -0.11668321747765639 -0.1492908683752177 -0.18875395987328403 -0.06958538706871556 -0.1415270018621974 -0.029445073612684038 -0.12832159890983422 -0.04799040191961608 -0.06488909863142993 0.07504236262406198 0.07711442786069653 -0.0024666995559940786 0.02957486136783734 -0.020573485920020573
0.017199017199017202 -0.13125420686560468 -0.05606009642336586 -0.06455331412103747 0.017601501994836892 -0.06484319735911342 0.08067473414008067 -0.002421600678048189 0.12034310587632824 -0.08677685950413225 -0.14770862264865547 -0.114760102551581 -0.09722722362261435 0.05549389567147613 -0.05520605982796252 0.12294074256208506 -0.05444646098003629 -0.006400409626216075 -0.12062566277836691 -0.005505092210294521 0.020447284345047924 -0.07666625448250279 -0.12306949806949807 0.07176175098672408 -0.05270422888693688 0.10840791629900418 0.024598653547384774 0.03076528650173055 -0.0161507402422611 0.08271658685241619 -0.167736862796488 -0.5871714492404148 -0.4618546729536937 -0.15409270216962528 -0.27125455230440787 -0.23841594827586204 -0.1737668161434978 -0.055555555555555546 0.07840440165061899 0.09981194850282078 -0.47699069286452944 -0.8908347927612377 -1.0807291666666667 -0.33815241362411175 -0.21271363580474606 -0.149159398306156 -0.0820723262374968 0.015533980582524271 -0.1155531943153141 -0.0687335478210003 -0.2474933367178575 -0.35524607577009326 -0.2798165137614678 -0.10047846889952154 -0.056029232643118154 -0.008717310087173098 0.05121638924455826 -0.15484198502348015 -0.05953956073035195 -0.18541753798968358 -0.8072666025024062 -2.4279015240328254 -0.4999410446881264 -0.22090777402221146 -0.04973887092762995 0.006218905472636813 0.06822488945041061 -0.09905894006934127 -0.021825651559892145 -0.10230886215954653 -0.38216560509554137 -0.5102403220078134 -0.33635496183206104 -0.21371216800494136 -0.17817645613172767 0.07557289127254999 -0.11544190665342599 -0.11943269470017415 -0.1913938753959873 -0.050739344737605094 -0.11545623836126631 -0.013590033975084941 -0.11696570520099929 -0.023995200959808036 -0.05073147711184521 0.08956669087388043 0.09203980099502487 0.0123334977799704 0.044362292051756 -0.006429214350006429
0.020884520884520887 -0.10993942113529279 -0.033636057854019505 -0.049567723342939476 0.0035203003989673783 -0.053053525112001884 0.07089597848673755 0.00726480203414457 0.12034310587632827 -0.07713498622589532 -0.15402095694988005 -0.09766817238432426 -0.07562117392870003 0.0628930817610063 -0.06547695467967647 0.12048192771084336 -0.04926108374384236 -0.005120327700972861 -0.11532343584305409 -0.008257638315441787 0.024281150159744407 -0.04698899468282428 -0.07722007722007722 0.09927042219830165 -0.04517505333166018 0.11723181646287659 0.02200932159502848 0.03076528650173055 -0.02288021534320323 0.07836308228123638 -0.11925042589437822 -0.3809983120327948 -0.24906299117398137 -0.0690335305719921 -0.25116162250408125 -0.21821120689655168 -0.15695067264573992 -0.04497354497354497 0.08940852819807428 0.104151598437726 -0.43562564632885215 -0.7063631056625803 -0.6865530303030303 -0.20828228375398186 -0.1733677609738104 -0.12893439514599922 -0.06668376506796614 0.025889967637540458 -0.10492761322884844 -0.06434630008774496 -0.18276431019164865 -0.23368346512451316 -0.23279816513761462 -0.045454545454545456 -0.051157125456760065 0.0186799501867995 0.05121638924455826 -0.13453483944663028 -0.06483196612860545 -0.1672940192388122 -0.6087584215591917 -1.5756154747948417 -0.30067209055535904 -0.18590053114437471 -0.0410345685152947 0.02238805970149254 0.07959570435881239 -0.07057949479940565 6.938893903907228e-18 -0.07880547490667772 -0.3464968152866242 -0.42737066414111513 -0.2695610687022901 -0.19024088943792467 -0.18186286556893583 0.08654314968308144 -0.12661370407149947 -0.11570042299079372 -0.20459345300950366 -0.05218904030153667 -0.09683426443202982 3.816391647148976e-18 -0.08857597092891209 -0.014397120575884822 -0.05309108069844267 0.09319777293633505 0.08830845771144279 0.011100148001973358 0.02957486136783734 -0.007715057220007715
