0.05272192251103482 0.02136031478358628 0.035159351253260744 0.04981464318813716 -0.02362669816893089 -0.0047331676724647965 -0.14595854286765608 -0.01096624832460095 -0.12955361723961006 -0.04565578306585502 0.02911392405063291 -0.002449479485609307 -0.008333333333333333 -0.03894839337877313 -0.10487743239828151 -0.08375415691587633 -0.15889830508474576 -0.10457010069713402 -0.1424426272751253 -0.02085360767412762 -0.1520378178101444 -0.01848884506347837 -0.037869822485207094 -0.032706459525756335 -0.16635630043451272 -0.13598589775875095 -0.19764957264957264 -0.15481064483111565 -0.1552462526766595 -0.15482564028360582 -0.050096339113680145 -0.051233170499225544 0.0011911852293031567 -0.07002293854883496 -0.11302943733697676 -0.14186260344148166 -0.3006802721088435 -0.3923900118906064 -0.4786581208236738 -0.23874195854181562 -0.057492813398325196 0.04855491329479768 0.03625306981639574 -0.007399186089530154 -0.11046295147077076 -0.15386539904928698 -0.3573715895990778 -0.44951056156620295 -0.7106332765176347 -0.2468955441928415 -0.11650723571253371 -0.040825848594424355 -0.05791505791505791 -0.08949880668257756 -0.25082589012602474 -0.27269331341053415 -0.5240451719324958 -0.5664681282473704 -0.8400625162802813 -1.1335920177383592 -0.06981222917669716 -0.03966865009917163 0.002343841556310791 -0.03275903906818732 -0.1973273385787436 -0.11808576755748912 -0.38894447223611806 -0.29535864978902954 -0.5703617870477662 -0.950201137467055 0.03838771593090211 0.02487856888994195 0.0 -0.04072063178677197 -0.03323895112643112 -0.05732406391023296 -0.195317390759985 -0.09020295665246804 -0.1655281135049921 -0.05880705684682162 -0.11373578302712159 -0.056471651231082 -0.021527305687740767 0.0012080212611741963 -0.11791062374719966 -0.12239020878329734 -0.1607717041800643 -0.10709838107098382 -0.15679442508710803 -0.10778128286014721
0.04413928396272683 0.010118043844856657 0.023817625042531466 0.046339202965708995 -0.03071470761961016 -0.010649627263045794 -0.1569974242610082 -0.019495552577068354 -0.15007696254489483 -0.06502490315439957 0.02151898734177215 -0.009797917942437232 -0.0047619047619047615 -0.05233690360272638 -0.10740459944402325 -0.0948392659194482 -0.1615466101694915 -0.11360702297960239 -0.14508045370614614 -0.03753649381342972 -0.15076018908905073 -0.023419203747072598 -0.024852071005917162 -0.05256395280925126 -0.16263190564866542 -0.15613195668597332 -0.202991452991453 -0.17016376663254862 -0.15524625267665954 -0.16495442048907538 -0.050096339113680145 -0.051233170499225544 -0.004764740917212626 -0.07485210672461669 -0.1304185815426655 -0.144489688690398 -0.35646258503401357 -0.43995243757431624 -0.6218464475657984 -0.25303788420300216 -0.07374078240219972 0.031213872832369937 0.017541807975675363 -0.029596744358120607 -0.13776840014893882 -0.18138603952964724 -0.3983604457538107 -0.5370942812982997 -0.9191031860495608 -0.26004382761139516 -0.12018641157714005 -0.03849294296045725 -0.05223711106064048 -0.09785202863961813 -0.26550838125535303 -0.3013323371933757 -0.5963710189062301 -0.679254847294386 -0.9859338369367023 -1.3068181818181819 -0.09388541165142032 -0.03266830008167075 -0.024610336341263334 -0.03639893229798592 -0.23229674035219183 -0.1093847110006215 -0.45272636318159076 -0.33507073715562175 -0.7042616196729754 -1.1998890276043834 0.030710172744721688 0.027247956403269758 -0.0011828720132481666 -0.05059230009871668 -0.03816324018219869 -0.05854372484449323 -0.20157756354075373 -0.09270859433725884 -0.18392012611665792 -0.03220386446373565 -0.10623672040994873 -0.06324824937881184 -0.007931112621799229 -0.0012080212611741976 -0.11201509255983966 -0.12239020878329734 -0.15953499876329458 -0.10087173100871731 -0.156794425087108 -0.0880651945320715
0.04046101029916627 -3.469446951953614e-18 0.03629352387433367 0.035912882298424466 -0.025989367985823984 -0.01893267068985919 -0.15454433950692997 -0.02802485682953576 -0.15392508978963573 -0.06779192030990593 0.027848101265822784 -0.01837109614206981 0.010714285714285714 -0.05111976630963973 -0.08971443012383117 -0.09607094469762287 -0.15624999999999997 -0.12135295636457528 -0.1424426272751253 -0.04587793688308077 -0.14820493164686346 -0.03574510045605817 -0.014201183431952664 -0.05373204064945684 -0.16635630043451272 -0.1687232435154873 -0.20833333333333334 -0.19575230296827023 -0.16193790149892934 -0.18521198090001442 -0.04367373153500321 -0.06791373763850828 0.010720667063728415 -0.08692502716407098 -0.12545025462675444 -0.1733876264284776 -0.382312925170068 -0.5482890738538776 -0.6668484931133234 -0.2644746247319514 -0.08373953255843018 0.017341040462427747 0.02338907730090048 -0.051794302626711065 -0.14645649745562864 -0.2176632474355767 -0.45215831945689766 -0.6646058732612055 -1.001704470958437 -0.26442658875091307 -0.1324503311258278 -0.05832264084917764 -0.05905064728594141 -0.12052505966587113 -0.29854398629634166 -0.34117793549993775 -0.6915366070295648 -0.809783297427449 -1.1578536077103412 -1.391352549889135 -0.0974963890226288 -0.05133590012833975 -0.024610336341263334 -0.0497452074739141 -0.24853253403272135 -0.13673088875077688 -0.49899949974987495 -0.41573591461901216 -0.9231363460795674 -1.3677347759744765 0.028150991682661546 0.02961734391659756 0.013011592145729833 -0.06293188548864757 -0.03323895112643112 -0.05976338577875351 -0.20282959809690748 -0.09646705086444499 -0.19442984760903834 -0.023802856342761115 -0.09498812648418949 -0.07115428055116332 0.006798096532970768 0.00362406378352259 -0.10258224266006369 -0.10679145668346535 -0.16324511501360375 -0.10211706102117062 -0.16426082628173222 -0.06834910620399579
0.03800882785679255 0.007869589657110734 0.048769422706135865 0.04402224281742354 -0.01772002362669817 -0.01419950301739439 -0.14841162762173432 -0.029243328865602537 -0.1629040533606978 -0.0774764803541782 0.0240506329113924 -0.007348438456827923 0.014285714285714285 -0.04868549172346641 -0.082132928986606 -0.09114422958492427 -0.1615466101694915 -0.11231603408210691 -0.1450804537061461 -0.044487696371472256 -0.15459307525233168 -0.03944286946875385 -0.3171597633136095 -0.06074056769069033 -0.17877094972067037 -0.1712415008813901 -0.22302350427350426 -0.21366427840327534 -0.173982869379015 -0.17653016929532628 -0.05394990366088631 -0.07744549028952698 -0.016676593210244194 -0.08933961125196185 -0.1478077257483542 -0.20097202154209906 -0.4108843537414966 -0.6989034218522924 -0.6886676667121232 -0.2759113652609006 -0.08748906386701662 0.009248554913294795 0.02221962343585545 -0.059193488716241215 -0.15390343800421993 -0.2501876407305479 -0.48930447034712443 -0.8191653786707882 -1.0108823915038676 -0.27173119065010953 -0.14348785871964678 -0.07931879155488161 -0.07608448784919374 -0.1467780429594272 -0.31689710020800194 -0.38600423359482006 -0.7790889481030325 -0.9339754150297808 -1.3441000260484501 -1.4232261640798227 -0.10953298025999039 -0.06416987516042469 -0.0351576233446619 -0.055811696190245084 -0.2685150493318346 -0.1591050341827222 -0.5577788894447224 -0.4901960784313725 -1.1909360113299858 -1.4606741573033708 0.008957133717210495 0.03791020021324488 0.0106458481192335 -0.06910167818361304 -0.041856456974024375 -0.056104402975972675 -0.20533366720921498 -0.09020295665246805 -0.19968470835522859 -0.021002520302436278 -0.10623672040994876 -0.07567201264964987 -0.0022660321776569264 0.001208021261174197 -0.10729866760995166 -0.10199184065274777 -0.1607717041800643 -0.09589041095890412 -0.16923842707814835 -0.05126182965299684
0.03310446297204512 0.017987633501967394 0.04536690484291709 0.03591288229842447 -0.02008269344359126 -0.010649627263045797 -0.14227891573653867 -0.02680638479346899 -0.16033863519753722 -0.07332595462091865 0.027848101265822784 -0.00612369871402327 0.011904761904761904 -0.04746835443037974 -0.07834217841799343 -0.08375415691587636 -0.1469809322033898 -0.1058610895946295 -0.13057240833553152 -0.040316974836646736 -0.14692730292576978 -0.02095402440527548 -0.31479289940828403 -0.05840439201027917 -0.1812538795779019 -0.16368672878368168 -0.22302350427350426 -0.21110542476970315 -0.16327623126338328 -0.1678483576906381 -0.048811817597944764 -0.06672226855713095 -0.025014889815366294 -0.10020523964747072 -0.1627127064960874 -0.20622619203993167 -0.4435374149659864 -0.842911877394636 -0.7091231419609982 -0.24874910650464616 -0.0824896887889014 -0.0011560693641618491 0.026897438896035547 -0.07769145394006659 -0.15886806503661413 -0.2864648486364773 -0.5264506212373512 -0.9994848016486347 -1.0121935230103578 -0.26004382761139516 -0.1361295069904341 -0.07348652746996384 -0.07494889847831024 -0.162291169451074 -0.32913250948244216 -0.41962395716598183 -0.851414795076767 -1.0480294005829427 -1.5134149518103672 -1.4259977827051 -0.11314395763119886 -0.06883677517209194 -0.044532989569905077 -0.08007765105556904 -0.28225302859997503 -0.18769422001243008 -0.6153076538269134 -0.573343261355175 -1.4355607055491182 -1.4995144957691775 0.006397952655150353 0.04620305650989219 0.013011592145729833 -0.06416584402764067 -0.04431860150190816 -0.05244542017319185 -0.21660197821459876 -0.08393886244049109 -0.20888071466106148 -0.005600672080649675 -0.10248718910136231 -0.057601084255703636 0.0022660321776569203 0.00362406378352259 -0.10022403018511969 -0.08759299256059515 -0.15211476626267623 -0.0859277708592777 -0.16177202588352416 -0.03680336487907465
0.0392349190779794 0.005621135469364812 0.05444028581150051 0.026645041705282667 -0.012994683992911992 -0.01183291918116199 -0.13614620385134307 -0.023150968685268676 -0.15649050795279631 -0.07470946319867185 0.0379746835443038 0.0 0.02023809523809524 -0.053554040895813046 -0.06570634318928481 -0.08129079935952703 -0.13903601694915255 -0.09295120061967468 -0.12529675547348987 -0.04031697483664674 -0.1379839018781142 -0.020954024405275485 -0.3183431952662722 -0.053732040649456844 -0.186219739292365 -0.1561319566859733 -0.24305555555555552 -0.19319344933469806 -0.16327623126338328 -0.1490377658804804 -0.05266538214515093 -0.07387108304539497 -0.025014889815366287 -0.1146927441748159 -0.1788597689727984 -0.24825955602259292 -0.5006802721088436 -1.0648698639186154 -0.7036683485612983 -0.24874910650464616 -0.07374078240219972 -0.005780346820809248 0.028066892761080577 -0.08139104698483167 -0.1638326920690083 -0.30647985989492116 -0.5840912002049443 -1.1527563111798043 -0.9951488134259865 -0.239590942293645 -0.13367672308069659 -0.07815233873789805 -0.07494889847831024 -0.1730310262529833 -0.3450385415392144 -0.4582243805254638 -0.9554625047582794 -1.1456089215562033 -1.7205001302422507 -1.3871951219512195 -0.10471834376504574 -0.09800490024501227 -0.04336106879174968 -0.11526328561028876 -0.2772573997751967 -0.2324425108763207 -0.6540770385192596 -0.6676594688508314 -1.664735419080726 -1.509224580385629 0.011516314779270632 0.05331121904987561 0.013011592145729833 -0.05552813425468904 -0.03323895112643112 -0.042688132699109635 -0.20783773632152247 -0.08644450012528189 -0.20362585391487126 0.0014001680201624234 -0.09498812648418949 -0.056471651231082 0.004532064355313845 0.0036240637835225887 -0.09550760523523169 -0.0815934725221982 -0.15211476626267623 -0.0759651307596513 -0.17048282727725236 -0.024973711882229237
0.0478175576262874 0.017987633501967398 0.055574458432573436 0.03127896200185356 -0.014176018901358538 -0.005916459590580999 -0.13614620385134307 -0.007310832216400634 -0.1590559261159569 -0.0622578859988932 0.0569620253164557 -0.00612369871402327 0.024999999999999998 -0.05355404089581304 -0.06444275966641395 -0.08129079935952703 -0.13373940677966104 -0.08778724502969275 -0.12793458190451068 -0.04587793688308077 -0.12904050083045868 -0.016023665721681252 -0.3266272189349112 -0.06074056769069034 -0.19863438857852264 -0.15865021405187613 -0.2670940170940171 -0.18295803480040945 -0.1766595289079229 -0.14324989147735495 -0.04752729608220938 -0.0750625521267723 -0.027397260273972608 -0.1255583725703248 -0.20245932182337598 -0.28241166425850517 -0.5659863945578232 -1.223411282864315 -0.6968498568116733 -0.23302358827734096 -0.08998875140607424 -0.023121387283236993 0.01754180797567536 -0.11098779134295227 -0.18493235695668364 -0.34776082061546154 -0.6366081721531958 -1.2764039155074705 -0.9558148682312835 -0.22352081811541274 -0.13858229090017166 -0.07698588592091452 -0.07835566659096072 -0.18854415274463004 -0.3646151963783188 -0.5030506786203461 -1.0341327242735694 -1.2571283740970727 -1.8833029434748632 -1.3373059866962307 -0.11314395763119885 -0.10500525026251313 -0.05742411812961444 -0.13224945401601554 -0.3022355438990883 -0.26724673710379115 -0.709104552276138 -0.7570116654256639 -1.877172653534183 -1.4939658759883478 0.005118362124120282 0.05094183153654781 0.009462976105985333 -0.06663376110562685 -0.0381632401821987 -0.05366508110745213 -0.2140979091022912 -0.10273114507642193 -0.19837099316868106 -0.005600672080649685 -0.0974878140232471 -0.05985995030494692 -0.005665080444142307 -0.0012080212611741998 -0.11437330503478364 -0.0827933765298776 -0.1694286420974524 -0.07970112079701122 -0.1804380288700846 -0.014458464773922186
0.03678273663560569 0.008993816750983699 0.04536690484291709 0.0231696014828545 -0.017720023626698174 -0.016566086853626795 -0.1336931190972648 -0.019495552577068354 -0.1616213442791175 -0.08439402324294412 0.05189873417721519 -0.007348438456827926 0.023809523809523808 -0.06572541382667965 -0.07707859489512256 -0.08498583569405099 -0.1430084745762712 -0.09553317841466565 -0.1358480611975732 -0.06534130404559987 -0.13542864443592692 -0.022186614076174043 -0.336094674556213 -0.07709379745356851 -0.21601489757914338 -0.18257365902795267 -0.27777777777777773 -0.1931934493346981 -0.17933618843683083 -0.1606135146867313 -0.0680796403339756 -0.0965089955915644 -0.039309112567004166 -0.14849692140528797 -0.2347534467767979 -0.3362669118612899 -0.634013605442177 -1.3740256308627294 -0.6886676667121234 -0.2416011436740529 -0.1124859392575928 -0.040462427745664734 0.01169453865045024 -0.14798372179060304 -0.20975549211865457 -0.40655491618714035 -0.7083386704239784 -1.3833075734157652 -0.9243477120755212 -0.23520818115412712 -0.14961981849399067 -0.10031494226058557 -0.07835566659096072 -0.2279236276849642 -0.38786247399975526 -0.5790063503922301 -1.1153406928054816 -1.3990622227854517 -1.9940088564730398 -1.280487804878049 -0.1348098218584497 -0.1295064753237662 -0.08672213758349935 -0.17350157728706622 -0.3384538528787311 -0.3194530764449969 -0.7753876938469235 -0.8786299329858526 -2.0368224539719324 -1.4717713968650297 -0.008957133717210488 0.0462030565098922 0.0047314880529926665 -0.07527147087857848 -0.04308752923796627 -0.07074033418709598 -0.22286215099536744 -0.12528188423953895 -0.1970572779821335 -0.019602352282273874 -0.08998875140607425 -0.06889541450192004 -0.00793111262179923 -0.016912297656438754 -0.11791062374719963 -0.10199184065274777 -0.17561216918130101 -0.12079701120797011 -0.1804380288700846 -0.03943217665615142
0.03555664541441884 0.004496908375491851 0.04083021435862538 0.0231696014828545 -0.02953337271116362 -0.016566086853626795 -0.1422789157365387 -0.02802485682953576 -0.17316572601334018 -0.10791366906474822 0.043037974683544304 -0.011022657685241887 0.022619047619047615 -0.0730282375851996 -0.08086934546373516 -0.09114422958492426 -0.15889830508474576 -0.11102504518461143 -0.1556317594302295 -0.09731683581259556 -0.12648524338827136 -0.025884383088869718 -0.33136094674556216 -0.08760658801541876 -0.21849782743637491 -0.19642407454041802 -0.2831196581196581 -0.18679631525076767 -0.17130620985010708 -0.16640138908985674 -0.07064868336544636 -0.1179554390563565 -0.06432400238237046 -0.16539901002052398 -0.27450006210408645 -0.3861815315907001 -0.7374149659863946 -1.434799841458581 -0.6532115096140735 -0.2458899213724089 -0.10748656417947755 -0.048554913294797684 0.005847269325225118 -0.16031569860648662 -0.22961400024823134 -0.4478358769076808 -0.8197771230946586 -1.4026275115919629 -0.8732135833224073 -0.20306793279766255 -0.14594064262938433 -0.11197947043042109 -0.07722007722007722 -0.2577565632458234 -0.39887434234675145 -0.6462457975345537 -1.1876665397792159 -1.5131162083386136 -2.0408960666840326 -1.1017184035476721 -0.13119884448724123 -0.15167425037918564 -0.09844134536505332 -0.1892744479495268 -0.3609341825902336 -0.3617153511497825 -0.8191595797898948 -0.995284189625217 -2.1385348268314663 -1.3427659869607433 -0.019193857965451054 0.03554081269991708 0.0 -0.09378084896347483 -0.049242890557675736 -0.10123185754360287 -0.22912232377613617 -0.15284389877223753 -0.2023121387283237 -0.022402688322598705 -0.0824896887889014 -0.06437768240343347 0.0011330160888284627 -0.027784489007006523 -0.10847777384742367 -0.11399088072954164 -0.17190205293099184 -0.14072229140722292 -0.18292682926829268 -0.03548895899053627
0.030652280529671404 -0.00562113546936481 0.03062266076896904 0.005792400370713624 -0.04134672179562907 -0.03431546562536978 -0.1557708818839691 -0.04020957719020349 -0.18214468958440228 -0.10237963475373549 0.05063291139240507 -0.012247397428046541 0.0369047619047619 -0.07181110029211295 -0.06570634318928482 -0.09114422958492424 -0.1549258474576271 -0.10198812290214306 -0.15035610656818782 -0.08202419018490198 -0.12009709978280311 -0.024651793417971156 -0.3384615384615385 -0.09811937857726902 -0.22346368715083798 -0.2014605892722236 -0.28178418803418803 -0.16632548618219042 -0.16327623126338328 -0.14035595427579223 -0.08863198458574181 -0.12867866078875254 -0.08100059559261466 -0.16781359410841484 -0.3043100235995529 -0.4203336398266123 -0.8571428571428571 -1.45990223279165 -0.5836628937678986 -0.21015010721944244 -0.10123734533183351 -0.038150289017341035 0.01520290024558531 -0.15784930324330992 -0.23333747052252699 -0.46534901175881915 -0.9465863968233634 -1.3884595569294178 -0.7460338271928675 -0.16362308254200147 -0.14348785871964678 -0.10964656479645399 -0.06699977288212582 -0.28162291169451076 -0.4074391288388596 -0.6972979703648362 -1.2447658926532168 -1.5954885312381193 -1.9770773638968482 -0.813470066518847 -0.13721714010592204 -0.1575078753937697 -0.11016055314660729 -0.20383402086872118 -0.3759210690645685 -0.39651957737725296 -0.8604302151075537 -1.0945644080416976 -2.1539848075189907 -1.0847551671521707 -0.026871401151631474 0.03317142518658927 -0.013011592145729833 -0.10735439289239883 -0.05539825187738521 -0.11342846688620563 -0.22661825466382868 -0.15910799298421446 -0.18129269574356283 -0.06300756090730888 -0.07124109486314212 -0.0621188163541902 0.0022660321776569224 -0.036240637835225895 -0.10258224266006369 -0.10679145668346532 -0.16819193668068266 -0.13325031133250312 -0.17670482827277254 -0.042060988433228176
0.04413928396272682 -0.0022484541877459247 0.05217194056935466 -0.013901760889712695 -0.02008269344359126 -0.04733167672464798 -0.1287869495891083 -0.06336054587547216 -0.15007696254489483 -0.11621472053126732 0.039240506329113925 -0.009797917942437232 0.04523809523809523 -0.06937682570593963 -0.0631791761435431 -0.08498583569405098 -0.1483050847457627 -0.08520526723470179 -0.14771828013716695 -0.05978034199916584 -0.12392998594608409 -0.03574510045605818 -0.33254437869822484 -0.10045555425768019 -0.22098075729360644 -0.21027449005288337 -0.2897970085470085 -0.15864892528147395 -0.1565845824411135 -0.14035595427579223 -0.0899165061014772 -0.13582747527701658 -0.07861822513400833 -0.18592297476759628 -0.3291516581791082 -0.46762117430710626 -0.9850340136054422 -1.4506539833531509 -0.45002045547524894 -0.182987848463188 -0.10498687664041995 -0.05086705202312138 0.011694538650450238 -0.17264767542237022 -0.2569194489263994 -0.49662246685013756 -1.1297553477648266 -1.3420917053065429 -0.5624754162842535 -0.1358655953250548 -0.15697817022320332 -0.11781173451533886 -0.06813536225300931 -0.28878281622911695 -0.43313348831518417 -0.7408790935126385 -1.3044029945438396 -1.677860854137625 -1.8911174785100286 -0.5598669623059866 -0.13119884448724123 -0.16450822541127058 -0.11133247392476268 -0.2244600825042465 -0.3821656050955414 -0.43132380360472344 -0.8791895947973988 -1.2074956564904442 -2.094759881550148 -0.7948397836038286 -0.01535508637236084 0.027247956403269758 0.0023657440264963333 -0.1221618953603159 -0.04185645697402438 -0.1292840590315892 -0.20908977087767616 -0.1716361814081684 -0.1484498160798739 -0.10921310557266872 -0.07749031371078616 -0.06889541450192004 0.01699524133242692 -0.043488765402271076 -0.09079118028534369 -0.10679145668346532 -0.15829829334652484 -0.13200498132004984 -0.16301642608262817 -0.06440588853838065
0.05149583128984797 0.0044969083754918485 0.05897697629579222 -0.004633920296570898 -0.007088009450679269 -0.028399006034788787 -0.12020115294983442 -0.041428049226270254 -0.13724987172909184 -0.10237963475373549 0.04050632911392405 -0.0061236987140232705 0.027380952380952374 -0.05963972736124634 -0.08339651250947688 -0.07143736913412982 -0.15889830508474578 -0.05680351148980119 -0.15431284621471905 -0.04448769637147226 -0.11754184234061582 -0.04190804881055096 -0.3420118343195267 -0.10162364209788577 -0.2346368715083799 -0.2127927474187862 -0.2897970085470085 -0.1394575230296827 -0.1485546038543897 -0.12733323686875997 -0.09890815671162492 -0.13463600619563923 -0.09767718880285885 -0.18350839067970542 -0.35523537448764125 -0.49651911204518584 -1.1414965986394559 -1.3885585942660852 -0.3286513023319242 -0.137240886347391 -0.09873765779277589 -0.05317919075144508 0.022219623435855457 -0.18004686151190036 -0.26808985974928634 -0.5316487365524143 -1.3013961829127705 -1.2686759402369912 -0.35269437524583724 -0.1285609934258583 -0.16433652195241596 -0.13530852677009214 -0.09198273904156255 -0.30787589498806683 -0.46983971613850495 -0.8118540654962022 -1.3665778454510848 -1.8223292358382968 -1.7856212555352957 -0.39079822616407983 -0.12999518536350507 -0.1831758254579396 -0.12539552326262746 -0.23052657122057751 -0.40214812039465475 -0.4648850217526414 -0.9217108554277138 -1.350210970464135 -2.0213724732844085 -0.5340546539048411 -0.00511836212412028 0.010662243809975123 0.005914360066240835 -0.12339585389930899 -0.040625384710082486 -0.12684473716306865 -0.2115938399899837 -0.170383362565773 -0.13399894902785076 -0.13581629795575467 -0.07999000124984376 -0.0734131466004066 0.004532064355313845 -0.05436095675283885 -0.10611956137247965 -0.11879049676025918 -0.15706158792975514 -0.14694894146948942 -0.155550024888004 -0.08412197686645635
0.05026974006866112 0.007869589657110734 0.044232732221844165 -0.001158480074142718 -0.01890135853514472 -0.03076558987102118 -0.11529498344167792 -0.0523942975508712 -0.12057465366854798 -0.10514665190924184 0.0430379746835443 0.004898958971218616 0.02023809523809524 -0.06329113924050632 -0.09729593126105636 -0.07020569035595516 -0.15889830508474576 -0.04905757810482829 -0.15431284621471902 -0.03058529125538718 -0.11243132745624121 -0.029582152101565385 -0.34911242603550297 -0.1062959934587081 -0.23587833643699563 -0.2228657768823974 -0.27911324786324787 -0.1266632548618219 -0.13517130620985007 -0.12443929966719722 -0.10404624277456646 -0.14416775884665792 -0.11673615247170935 -0.20523964747072315 -0.3987082350018631 -0.5766452121371339 -1.2938775510204081 -1.2960760998810936 -0.2550115914359744 -0.12294496068620442 -0.10748656417947758 -0.04393063583815029 0.00818617705531517 -0.18621284991984216 -0.3140126597989326 -0.595446584938704 -1.3859356987319074 -1.1244204018547141 -0.26615969581749044 -0.11833455076698318 -0.16678930586215354 -0.13064271550215795 -0.09425391778332956 -0.3162291169451074 -0.5004282393246055 -0.8716224629560454 -1.424946072833397 -1.9363832213914585 -1.6084917947382131 -0.30210643015521066 -0.14443909484833894 -0.18550927546377322 -0.13359896870971524 -0.2487260373695705 -0.42587735731235166 -0.49844623990055936 -0.9679839919959979 -1.4494911888806157 -1.808935238830951 -0.3634345956443335 -0.017914267434420976 0.01540101883663073 -0.02010882422521883 -0.1246298124383021 -0.06524682998892035 -0.12440541529454811 -0.23413046200075122 -0.17539463793535454 -0.13399894902785076 -0.1526183141977037 -0.07999000124984376 -0.06550711542805512 -0.0022660321776569224 -0.06402512684223242 -0.11673151750972763 -0.12359011279097672 -0.15953499876329458 -0.149439601494396 -0.1518168242906919 -0.09332281808622503
0.04413928396272683 -0.005621135469364812 0.02608597028467733 -0.005792400370713621 -0.03662138216184288 -0.04141521713406697 -0.13001349196614745 -0.07676373827220664 -0.13083632632119035 -0.10791366906474822 0.035443037974683546 -0.008573178199632577 0.009523809523809521 -0.06329113924050632 -0.12130401819560274 -0.07020569035595516 -0.16551906779661016 -0.05293054479731474 -0.16486415193880238 -0.013902405116085082 -0.11626421361952217 -0.03574510045605818 -0.056804733727810655 -0.10863216913911926 -0.24208566108007448 -0.23293880634600858 -0.27110042735042733 -0.11898669396110544 -0.11509635974304067 -0.12588626826797858 -0.1014771997430957 -0.15369951149767663 -0.1048243001786778 -0.2257636122177955 -0.42479195131039627 -0.6922369630894523 -1.3918367346938774 -1.1613158937772492 -0.2113732442383745 -0.10578984989278055 -0.10998625171853518 -0.049710982658959534 0.0 -0.2034776174620792 -0.348765049025692 -0.6967725794345759 -1.4320481619059817 -0.967284904688305 -0.23731480267470823 -0.10956902848794739 -0.17292126563649743 -0.12481045141724019 -0.09879627526686349 -0.3162291169451074 -0.5456992536400342 -0.9201842858921679 -1.4972719198071311 -1.9984792801926248 -1.426152643917687 -0.2549889135254989 -0.15286470871449206 -0.17967565044918915 -0.13125512715340443 -0.24387284639650572 -0.445859872611465 -0.5208203853325047 -1.0105052526263132 -1.5189873417721518 -1.5604480494399382 -0.24691358024691357 -0.014075495841330773 -0.0011846937566639057 -0.030754672344452328 -0.12709772951628823 -0.07386433583651361 -0.1292840590315892 -0.2529109803430575 -0.19293410172888997 -0.13662637940094585 -0.15541865023802853 -0.08123984501937258 -0.05985995030494692 -0.003399048266485383 -0.05919304179753564 -0.1273434736469756 -0.11279097672186225 -0.18055899084837992 -0.15317559153175592 -0.1605276256844201 -0.0946372239747634
0.04536537518391368 -0.005621135469364813 0.02268345242145855 0.009267840593141802 -0.04370939161252215 -0.03668204946160218 -0.13737274622838216 -0.0657974899476057 -0.13596716264751155 -0.09546209186496958 0.0430379746835443 1.3877787807814458e-18 0.022619047619047622 -0.05963972736124634 -0.11498610058124843 -0.06651065402143119 -0.16684322033898305 -0.04776658920733282 -0.1648641519388024 -0.006951202558042541 -0.12137472850389677 -0.053001355848637986 -0.07218934911242605 -0.12381731106179186 -0.2693978895096213 -0.25434399395618235 -0.29246794871794873 -0.1266632548618219 -0.12847965738758033 -0.13167414267110403 -0.10276172125883107 -0.17752889312522338 -0.10125074449076832 -0.24990945309670415 -0.46826481182461804 -0.873505845264679 -1.45578231292517 -1.0001321178491211 -0.17591708714032456 -0.11293781272337382 -0.10873640794900637 -0.05317919075144508 -0.010525084785405215 -0.22444197804908125 -0.3884820652848455 -0.8131098323742807 -1.4525425899833482 -0.7753735188047398 -0.20191425199947557 -0.1197954711468225 -0.18641157714005396 -0.13647497958707572 -0.1203724733136498 -0.3389021479713604 -0.5983115135201273 -0.9936496077698918 -1.5987818804720213 -2.0124192117602333 -1.2386038030737172 -0.24390243902439024 -0.16129032258064518 -0.1761754754404387 -0.1406304933786476 -0.23052657122057757 -0.4745847383539403 -0.5419515226848974 -1.0717858929464732 -1.526433358153388 -1.317110853611433 -0.19281453738382576 -0.00767754318618042 0.0023693875133278045 -0.035486160397444996 -0.1221618953603159 -0.08001969715622306 -0.13050371996584947 -0.2529109803430575 -0.1816587321473315 -0.12086179716237518 -0.15121814617754128 -0.07499062617172855 -0.08244861079737972 -0.007931112621799229 -0.0761053394539744 -0.13677632354675157 -0.13558915286777057 -0.19168933959930745 -0.17185554171855544 -0.1642608262817322 -0.10909568874868558
0.036782736635605696 0.0011242270938729606 0.007939208347510492 -0.009267840593141797 -0.055522740696987594 -0.050881552478996575 -0.1435054581135778 -0.07310832216400634 -0.14109799897383274 -0.09961261759822912 0.030379746835443033 0.0012247397428046508 0.0 -0.059639727361246356 -0.1427849380844074 -0.07513240546865377 -0.1853813559322034 -0.06713142266976505 -0.17937219730941703 -0.009731683581259556 -0.13287338699373963 -0.05793171453223221 -0.08402366863905324 -0.12381731106179186 -0.2929857231533209 -0.2681944094686477 -0.3018162393162393 -0.14841351074718528 -0.14320128479657387 -0.14614382867891768 -0.1014771997430957 -0.17752889312522338 -0.11673615247170936 -0.2728480019316673 -0.5154639175257733 -1.0521476421909892 -1.4585034013605442 -0.7702470603778571 -0.14864312014182463 -0.10721944245889921 -0.11123609548806399 -0.06358381502890173 -0.02338907730090048 -0.24540633863608335 -0.43316370857639325 -0.9619714786089568 -1.4435762776995005 -0.6027820710973725 -0.18486954241510425 -0.13002191380569758 -0.1962227127790042 -0.14464014930596059 -0.14194867136043607 -0.3424821002386635 -0.6545943961825523 -1.0521728302826547 -1.7053673391701563 -1.9655303510328221 -1.0197968220890856 -0.24390243902439024 -0.15647568608570053 -0.1668416754171042 -0.135942810266026 -0.23052657122057757 -0.49456725365305365 -0.5605966438781853 -1.1455727863931966 -1.5127823281211217 -1.0724861593923007 -0.16923290331530033 -0.01151631477927063 -0.0011846937566639044 -0.053229240596167494 -0.13820335636722608 -0.09971685337929337 -0.15733626051957555 -0.26793539501690244 -0.1829115509897269 -0.11954808197582763 -0.15681881825819097 -0.0824896887889014 -0.08244861079737972 -0.019261273510083842 -0.08093742449867118 -0.15682112958377548 -0.15358771298296137 -0.20652980460054415 -0.18804483188044832 -0.16301642608262817 -0.12223974763406938
0.05026974006866112 0.006745362563237776 0.02268345242145855 -0.010426320667284522 -0.033077377436503255 -0.04496509288841557 -0.11652152581871703 -0.06823443401973926 -0.11416110826064647 -0.09822910902047594 0.044303797468354424 0.017146356399265157 0.015476190476190473 -0.05111976630963973 -0.12004043467273187 -0.07143736913412982 -0.15757415254237286 -0.06842241156726052 -0.14376154049063575 -0.0027804810232170173 -0.13287338699373963 -0.07149020091211636 -0.07810650887573964 -0.12148113538138068 -0.29050279329608936 -0.27826743893225886 -0.2938034188034188 -0.17016376663254862 -0.13249464668094219 -0.15337867168282449 -0.09633911368015413 -0.16561420231145002 -0.11911852293031566 -0.28250633828323074 -0.5390634703763508 -1.2202810981216339 -1.416326530612245 -0.5799973576430174 -0.10500477294422476 -0.09292351679771264 -0.09498812648418947 -0.04855491329479768 -0.019880715705765405 -0.23060796645702308 -0.4592280004964627 -1.090818113585189 -1.3987447162802613 -0.4276146316331788 -0.156024649272322 -0.11102994886778669 -0.19744910473387295 -0.16213694156071387 -0.15216897569838747 -0.3615751789976134 -0.688853542150985 -1.1057153530070976 -1.8043395508184243 -1.8768216956025845 -0.7905704610575672 -0.23558758314855877 -0.14203177660086666 -0.17150857542877146 -0.13125512715340443 -0.24023295316670712 -0.493318346446859 -0.5742697327532629 -1.211855927963982 -1.4482501861504096 -0.8098364877043904 -0.13594118463032323 0.012795905310300709 0.005923468783319508 -0.03785190442394133 -0.12216189536031592 -0.0763264803643974 -0.1341627027686303 -0.2491548766745962 -0.15409671761463292 -0.09458749343142406 -0.1372164659759171 -0.07874015748031496 -0.07115428055116332 -0.004532064355313845 -0.0748973181928002 -0.14267185473411154 -0.14638828893688507 -0.19787286668315607 -0.18929016189290163 -0.15555002488800398 -0.13144058885383805
0.06498283472290338 0.011242270938729624 0.03969604173755246 -0.015060240963855423 -0.02598936798582399 -0.03786534137971838 -0.11774806819575616 -0.05726818569513831 -0.10646485377116469 -0.08577753182069732 0.05696202531645569 0.01837109614206981 0.025 -0.05355404089581304 -0.10108668182966893 -0.056657223796033995 -0.13373940677966104 -0.05809450038729667 -0.11210762331838567 0.012512164604476572 -0.12904050083045865 -0.07149020091211636 -0.07337278106508875 -0.12264922322158626 -0.29050279329608936 -0.27323092420045325 -0.28044871794871795 -0.16248720573183212 -0.1110813704496788 -0.13890898567501087 -0.08092485549132948 -0.1489336351721673 -0.11673615247170935 -0.29216467463479423 -0.5688734318718172 -1.3923551819256534 -1.3537414965986394 -0.39767472585546304 -0.06409382244647484 -0.06862044317369549 -0.0837395325584302 -0.036994219653179186 -0.024558531165945502 -0.23184116413861147 -0.49770385999751776 -1.2171628721541157 -1.3385423338029974 -0.279495105615662 -0.1258686246230497 -0.09057706355003652 -0.19376992886926664 -0.15747113029277965 -0.16693163751987283 -0.373508353221957 -0.7292303927566378 -1.136844726684099 -1.9337647506661593 -1.7564313775186922 -0.6173482677780673 -0.21895787139689582 -0.13240250361097738 -0.16450822541127058 -0.10547287003398571 -0.24629944188303812 -0.4983139752716374 -0.586699813548788 -1.3269134567283642 -1.3576569868453712 -0.6270117162353548 -0.09710084616451656 0.03838771593090211 0.009477550053311214 -0.016560208185474337 -0.12216189536031592 -0.057860396405268986 -0.11464812782046589 -0.23413046200075124 -0.12653470308193435 -0.06962690488702047 -0.12321478577429294 -0.07499062617172852 -0.056471651231082 0.013596193065941536 -0.07852138197632279 -0.12498526117203157 -0.14038876889848814 -0.1842691070986891 -0.1768368617683686 -0.14061722249875558 -0.13012618296529968
0.07724374693477194 0.017987633501967398 0.05444028581150051 -0.01737720111214087 -0.004725339633786183 -0.03431546562536978 -0.0919906782779345 -0.05483124162300477 -0.08594150846587996 -0.0705589374654123 0.07594936708860758 0.02204531537048377 0.014285714285714282 -0.05233690360272638 -0.08718726307808944 -0.04064539967976351 -0.11652542372881355 -0.04389362251484637 -0.08704827222368769 0.04170721534825524 -0.12904050083045865 -0.07642055959571059 -0.06982248520710059 -0.12498539890199742 -0.30167597765363124 -0.2568622513220851 -0.27510683760683763 -0.14713408393039917 -0.11241970021413276 -0.11286355086094632 -0.08477842003853564 -0.13344453711426188 -0.11316259678379988 -0.30061571894241224 -0.6111042106570613 -1.6012084592145015 -1.2653061224489797 -0.3051922314704717 -0.04772944224737487 -0.040028591851322376 -0.09373828271466067 -0.038150289017341035 -0.04911706233189101 -0.2429399432729067 -0.5610028546605437 -1.374781085814361 -1.2540028179838605 -0.2035033487892839 -0.13111315064901008 -0.0920379839298758 -0.2048074564630856 -0.15747113029277965 -0.17260958437429028 -0.3770883054892601 -0.7806191117092867 -1.1555223508903 -2.0822230681385614 -1.5954885312381193 -0.4962229747330035 -0.20648558758314856 -0.137217140105922 -0.1668416754171042 -0.10312902847767491 -0.26328561028876485 -0.5045585113026102 -0.6078309509011809 -1.4532266133066534 -1.2459667411268307 -0.46092442384447024 -0.07906783187682064 0.05118362124120283 0.013031631323302923 -0.01301159214572983 -0.11105626850937808 -0.040625384710082486 -0.08781558726673984 -0.2166019782145987 -0.09145577549486344 -0.04729374671571203 -0.10501260151218146 -0.07749031371078616 -0.05873051728032528 0.009064128710627692 -0.0712732544092776 -0.12734347364697557 -0.1259899208063355 -0.19292604501607719 -0.1506849315068493 -0.13563962170233948 -0.11303890641430074
0.09195684158901422 0.023608768971332208 0.07145287512759443 -0.0139017608897127 0.017720023626698167 -0.02248254644420778 -0.05887403409787808 -0.03899110515413671 -0.05515649050795281 -0.06364139457664639 0.07088607594936708 0.025719534598897732 0.0011904761904761904 -0.05598831548198637 -0.10108668182966891 -0.024633575563493045 -0.12711864406779663 -0.030983733539891554 -0.09232392508572937 0.04309745585986375 -0.13542864443592692 -0.07149020091211636 -0.07455621301775149 -0.13082583810302534 -0.3165735567970205 -0.24804835054142532 -0.2857905982905983 -0.14969293756397134 -0.11911134903640257 -0.11720445666329041 -0.08349389852280024 -0.12391278446324316 -0.11673615247170936 -0.3247615598213208 -0.6645137250031051 -1.8008669381321423 -1.1523809523809523 -0.20081913066455281 -0.028637665348424927 -0.03716940671908507 -0.10623672040994876 -0.04855491329479768 -0.08069231668810666 -0.2676038969046738 -0.647883827727442 -1.5436577433074807 -1.1246317407454849 -0.12622359608449252 -0.1350465451684804 -0.09495982468955441 -0.21461859210203582 -0.16563630001166452 -0.19759255053372698 -0.3902147971360381 -0.8454667808638199 -1.2003486489851825 -2.2370257581525186 -1.4383474844759856 -0.4402188069809846 -0.20509977827051 -0.1396244583533943 -0.17267530043168827 -0.09023789991796553 -0.2644989080320311 -0.5195453977769452 -0.6389061528899938 -1.6245622811405702 -1.118143459915612 -0.3579245525943093 -0.062421972534332085 0.057581573896353176 0.007108162539983412 -0.005914360066240828 -0.11229022704837119 -0.034470023390373014 -0.08537626539821931 -0.20408163265306123 -0.0714106740165372 -0.039411455596426684 -0.10221226547185665 -0.08623922009748781 -0.0395301558617574 0.0 -0.06160908431988403 -0.13677632354675154 -0.12239020878329736 -0.20158298293346527 -0.1357409713574097 -0.1518168242906919 -0.09989484752891692
0.09440902403138793 0.02585722315907813 0.05670863105364636 0.011584800741427244 0.007088009450679267 -0.003549875754348597 -0.07604562737642585 -0.018277080541001585 -0.0525910723447922 -0.04150525733259546 0.0721518987341772 0.030618493570116347 -0.019047619047619046 -0.04868549172346641 -0.11372251705837752 -0.01354846655992117 -0.14565677966101698 -0.041311644719855406 -0.10155631759430231 0.03197553176699569 -0.13031812955155234 -0.05916430420313077 -0.08520710059171599 -0.11096834481953041 -0.32898820608317814 -0.21782926215059178 -0.28044871794871795 -0.13433981576253837 -0.11108137044967878 -0.09260599045000724 -0.08220937700706486 -0.12033837721911118 -0.1298391899940441 -0.32596885186526625 -0.7191653210781268 -1.9309076579535003 -1.0122448979591838 -0.13079667063020214 -0.01227328514932497 -0.030021443888491782 -0.12998375203099613 -0.03468208092485549 -0.09589521693369198 -0.2737698853126156 -0.7372471143105374 -1.6975231423567678 -0.9491482003330345 -0.07856774858320453 -0.13635767667497048 -0.1022644265887509 -0.21707137601177337 -0.16446984719468097 -0.21008403361344538 -0.41169451073985674 -0.8931848770341368 -1.2526459967625452 -2.335997969800787 -1.2533265745786342 -0.3907267517582703 -0.20787139689578718 -0.137217140105922 -0.18084237545210596 -0.09375366225243173 -0.2693520990050959 -0.5470213563132258 -0.6799254195152269 -1.7908954477238619 -0.9741871432117153 -0.30771211535985576 -0.05964766264391733 0.039667306461932186 0.014216325079966827 -0.02720605630470783 -0.09995064165844028 -0.06155361319709467 -0.07439931698987681 -0.22411418555152124 -0.05387121022300175 -0.060430898581187574 -0.09941192943153179 -0.07499062617172852 -0.03727128981251412 -0.01812825742125538 -0.05919304179753565 -0.14031364225916754 -0.1271898248140149 -0.2040563937670047 -0.136986301369863 -0.14683922349427575 -0.09726603575184015
0.0980872976949485 0.030354131534569985 0.055574458432573436 -0.0034754402224281737 0.002362669816893087 -0.015382794935510587 -0.08585796639273888 -0.02315096868526867 -0.04746023601847101 -0.0387382401770891 0.07341772151898732 0.04164115125535823 -0.010714285714285714 -0.04016553067185979 -0.09603234773818548 -0.0012316787781746544 -0.1430084745762712 -0.042602633617350893 -0.09232392508572937 0.04448769637147227 -0.13798390187811424 -0.045605817823246644 -0.09230769230769231 -0.10395981777829692 -0.3389199255121043 -0.19894233190632082 -0.28712606837606847 -0.13050153531218014 -0.10840471092077086 -0.08681811604688178 -0.07450224791265254 -0.12272131538186584 -0.12150089338892198 -0.36218761318362913 -0.7626381815923488 -2.0622619203993167 -0.819047619047619 -0.10965781477077555 0.021819173598799944 -0.037169406719085064 -0.1412323459567554 -0.03468208092485549 -0.1029119401239621 -0.29720064126279444 -0.8129576765545489 -1.8501376032024015 -0.7621365441270653 -0.04894384337970119 -0.13111315064901008 -0.09203798392987582 -0.2256561196958548 -0.15163886620786188 -0.21235521235521237 -0.4284009546539379 -0.9409029732044539 -1.291246420122027 -2.391828448166476 -0.992269674312508 -0.3646783016410523 -0.188470066518847 -0.12518054886856042 -0.18084237545210596 -0.07383100902379 -0.2972579471002184 -0.5557637067565879 -0.7495338719701677 -1.9197098549274638 -0.7992057582526682 -0.26393717007853734 -0.05409904286308781 0.028150991682661552 0.03317142518658926 -0.04021764845043766 -0.09378084896347484 -0.06770897451680415 -0.07195999512135626 -0.2178540127707525 -0.033826108744675516 -0.04860746190225958 -0.09521142537104453 -0.07874015748031496 -0.0225886604924328 -0.013596193065941536 -0.0374486590964001 -0.1355972173092796 -0.11039116870650348 -0.2040563937670047 -0.11083437110834374 -0.14061722249875558 -0.08412197686645634
0.0980872976949485 0.032602585722315905 0.05897697629579222 0.003475440222428174 -0.00354400472533963 -0.0023665838362324 -0.1005764749172084 0.004873888144267089 -0.0525910723447922 -0.02075262866629773 0.0632911392405063 0.031843233312921 -0.017857142857142856 -0.04016553067185979 -0.10740459944402322 0.008621751447222563 -0.15360169491525427 -0.04776658920733282 -0.09100501187021895 0.03753649381342973 -0.14820493164686346 -0.05053617650684087 -0.08520710059171598 -0.09928746641747459 -0.34016139044072 -0.1649458574666331 -0.28044871794871795 -0.11003070624360287 -0.09502141327623127 -0.0665605556359427 -0.0680796403339756 -0.1119980936494698 -0.12388326384752828 -0.36218761318362913 -0.8297105949571482 -2.0701431761460656 -0.6462585034013605 -0.0792707094728498 0.01636438019909996 -0.0228734810578985 -0.143732033495813 -0.05664739884393063 -0.12279265582972751 -0.3255641879393267 -0.9507260767034877 -1.8376282211658748 -0.6468553861918791 -0.061823802163833076 -0.1337354136619903 -0.10226442658875093 -0.224429727740986 -0.15513822465881255 -0.21576198046786282 -0.44988066825775663 -0.9690444145356663 -1.3597310422114304 -2.32838472275092 -0.7552908376631605 -0.3373274290179734 -0.17184035476718404 -0.11795859412614348 -0.17034185042585465 -0.08086253369272238 -0.28876486289735503 -0.5907331085300361 -0.8278433809819763 -1.9884942471235618 -0.6093323405311492 -0.24591219260975922 -0.02913025384935497 0.025591810620601414 0.02606326264660585 -0.03430328838419683 -0.09131293188548865 -0.06155361319709467 -0.07805829979265763 -0.18154501064229372 -0.026309195690303176 -0.015764582238570673 -0.08961075329039483 -0.0837395325584302 -0.02371809351705444 -0.012463176977113076 -0.031408552790529114 -0.1297016861219196 -0.11879049676025917 -0.19045263418253772 -0.10709838107098382 -0.12817322050771526 -0.08675078864353311
0.09931338891613536 0.03934794828555368 0.07372122036974027 0.003475440222428174 0.004725339633786176 0.009466335344929596 -0.09567030540905189 0.037772633118069936 -0.030785017957927152 -0.0069175428887659094 0.06455696202531644 0.036742192284139615 -0.0035714285714285713 -0.045034079844206425 -0.09476876421531463 0.016011824116270477 -0.15360169491525424 -0.06067647818228763 -0.07913479293062517 0.023634088697344638 -0.15076018908905076 -0.036977690126956744 -0.0816568047337278 -0.08643850017521318 -0.34140285536933584 -0.12843112566104256 -0.27510683760683763 -0.07804503582395088 -0.09502141327623129 -0.050643901027347706 -0.07707129094412332 -0.12987012987012986 -0.13579511614055986 -0.39599179041410115 -0.9067196621537696 -2.0451858662813605 -0.5374149659863946 -0.08059188796406395 0.009545888449474977 -0.032880629020729094 -0.14373203349581304 -0.05895953757225433 -0.13331774061513274 -0.35269453693427055 -1.100906044433412 -1.7588191143357519 -0.5520686563340592 -0.05667181865018032 -0.10751278353218827 -0.10810810810810811 -0.2182977679666422 -0.15630467747579613 -0.20781285487167844 -0.4749403341288782 -0.9910681512296586 -1.444402938612875 -2.221799264052785 -0.5702699277658091 -0.30346444386558996 -0.16213968957871397 -0.11675493500240733 -0.19134290047835728 -0.08203445447087776 -0.3385100703712691 -0.6306981391282627 -0.9720323182100683 -2.027263631815908 -0.48150905931993054 -0.24076219904725119 -0.049937578027465665 0.02943058221369162 0.04264897523990048 -0.02247456825171516 -0.09501480750246794 -0.04801181829373384 -0.084156604463959 -0.15024414673845 -0.017539463793535454 0.01182343667892801 -0.1008120974516942 -0.07999000124984378 -0.02484752654167608 0.004532064355313846 -0.016912297656438757 -0.10965688008489564 -0.12359011279097672 -0.17066534751422208 -0.10336239103362392 -0.11199601791936287 -0.08412197686645634
0.10912211868563022 0.03372681281618887 0.06464783940115686 -0.009267840593141797 0.009450679267572357 -0.0011832919181162006 -0.08585796639273888 0.02071402461313513 -0.017957927142124165 -0.03182069728832319 0.059493670886075954 0.03306797305572566 -0.019047619047619046 -0.04746835443037975 -0.09855951478392722 0.022170218007143735 -0.16022245762711865 -0.069713400464756 -0.08177261936164601 0.00973168358125956 -0.15076018908905073 -0.017256255392579807 -0.07810650887573964 -0.0630767433711015 -0.3215394165114836 -0.09191639385545203 -0.25774572649572647 -0.04605936540429888 -0.0802997858672377 -0.03617421501953408 -0.06165703275529866 -0.1429762897652806 -0.1429422275163788 -0.4189303392490643 -0.9526766861259471 -1.9716274793117035 -0.44353741496598637 -0.10305192231470472 0.02454657029864994 -0.05146533238027162 -0.15873015873015878 -0.05895953757225433 -0.16957081043152847 -0.36502651375015416 -1.2932853419386867 -1.6612459344508381 -0.49698988087613677 -0.061823802163833076 -0.10357938901271797 -0.10810810810810809 -0.213392200147167 -0.1469730549399277 -0.21235521235521232 -0.47613365155131265 -1.004527101431543 -1.5054165110197981 -2.060652201497272 -0.42960334558357627 -0.26439176868976294 -0.13580931263858093 -0.10953298025999039 -0.20417687551044222 -0.08789405836165476 -0.35670953652026205 -0.6544273760459598 -1.112492231199503 -1.9772386193096552 -0.40332588731695207 -0.21501223123471097 -0.062421972534332085 0.026871401151631485 0.02606326264660585 -0.027206056304707828 -0.11352418558736428 -0.04801181829373384 -0.09391389193804123 -0.13271566295229748 -0.020045101478326232 0.014450867052023125 -0.10221226547185662 -0.07374078240219974 -0.0169414953693246 0.012463176977113074 -0.00362406378352259 -0.09197028652281572 -0.12119030477561796 -0.14593123917882758 -0.0983810709838107 -0.08461921353907417 -0.08937960042060987
0.12260912211868565 0.02023608768971332 0.07825791085403198 -0.010426320667284522 0.029533372711163613 -0.013016211099278193 -0.06745983073715198 0.017058608504934812 -0.0051308363263211886 -0.04565578306585501 0.0860759493670886 0.02204531537048377 0.009523809523809525 -0.05111976630963973 -0.07076067728076825 0.0332553270107156 -0.12976694915254236 -0.06196746707978311 -0.05275652862041678 0.015292645627693589 -0.12392998594608406 -0.011093307038087015 -0.059171597633136085 -0.061908655530895904 -0.30291744258224707 -0.06169730546461848 -0.2243589743589743 -0.019191402251791195 -0.05353319057815846 -0.0274924034148459 -0.05908798972382788 -0.14893363517216726 -0.13817748659916615 -0.42858867560062774 -0.9924233014532357 -1.8376461316169705 -0.37823129251700677 -0.10305192231470472 0.03545615709804991 -0.06290207290922087 -0.1537307836520435 -0.07861271676300577 -0.16372354110630336 -0.40448883956098164 -1.468288444830582 -1.5223917938453841 -0.42782118611502506 -0.0592478104070067 -0.07473449586993575 -0.10080350620891161 -0.20235467255334805 -0.14580660212294416 -0.20554167612991142 -0.49880668257756566 -1.016762510705983 -1.5888432324741626 -1.8589011546758027 -0.3472310226840704 -0.2344360510549622 -0.12056541019955654 -0.11073663938372653 -0.21234395053085992 -0.09961326614320873 -0.37490900266925503 -0.689396777819408 -1.2827843380981976 -1.887193596798399 -0.3325887316952097 -0.1969872537659328 -0.06935774726036897 0.04350607805502239 0.01421632507996683 -0.008280104092737165 -0.12709772951628825 -0.030776806598547334 -0.0939138919380412 -0.10642293727306873 -0.008769731896767727 0.030215449290593797 -0.09101092131055728 -0.05749281339832522 -0.01807092839394624 0.029458418309539998 0.0012080212611741982 -0.07900011791062375 -0.11759059275257981 -0.12490724709374226 -0.0958904109589041 -0.07715281234444997 -0.0946372239747634
0.10053948013732224 0.006745362563237772 0.06805035726437565 -0.023169601482854494 0.003544004725339632 -0.027215714116672583 -0.08340488163866062 0.007310832216400637 -0.023088763468445357 -0.06225788599889319 0.06455696202531644 0.012247397428046538 -0.013095238095238096 -0.06572541382667965 -0.10108668182966893 0.03202364823254095 -0.1641949152542373 -0.05680351148980119 -0.08309153257715643 0.018073126650910605 -0.12520761466717772 -0.002465179341797115 -0.06153846153846153 -0.06074056769069034 -0.3227808814400993 -0.039032989171493324 -0.2297008547008547 0.012794268167860797 -0.06156316916488223 -0.017363623209376355 -0.07707129094412332 -0.16918860955558201 -0.15485407980941038 -0.46118556078715445 -1.0545273879021242 -1.6905293576776566 -0.35102040816326524 -0.10040956533227638 0.02454657029864994 -0.07005003573981414 -0.17247844019497566 -0.09710982658959537 -0.17775698748684365 -0.44641756073498584 -1.671838153158744 -1.3585188891668751 -0.4162930703215063 -0.0695517774343122 -0.09702373148026747 -0.10080350620891161 -0.20848663232769188 -0.1411407908550099 -0.2066772655007949 -0.5178997613365155 -1.0449039520371957 -1.6722699539285273 -1.655881233346022 -0.28893676340134333 -0.22792393852565773 -0.10947893569844791 -0.13119884448724123 -0.21467740053669354 -0.11484823625922888 -0.3967483620480466 -0.7518421381291369 -1.4816656308266005 -1.792146073036518 -0.2903946388682055 -0.22402471996910003 -0.07768067693161326 0.01407549584133078 -0.00592346878331951 -0.026023184291459667 -0.14930898321816388 -0.06770897451680413 -0.12806439809732892 -0.12144735194691374 -0.020045101478326232 0.007882291119285343 -0.10081209745169421 -0.0699912510936133 -0.02371809351705444 0.013596193065941536 -4.163336342344337e-18 -0.10258224266006366 -0.1271898248140149 -0.13232747959436061 -0.0759651307596513 -0.08461921353907416 -0.08675078864353311
0.08950465914664049 0.007869589657110735 0.05103776794828173 -0.013901760889712695 0.002362669816893088 -0.033132173707253576 -0.08095179688458237 0.0012184720360667698 -0.021806054386865063 -0.0622578859988932 0.046835443037974676 0.004898958971218614 -0.03214285714285714 -0.06450827653359299 -0.10866818296689411 0.025865254341667688 -0.18140889830508472 -0.0632584559772786 -0.10551305724083355 0.016682886139302102 -0.13031812955155234 -0.007395538025391346 -0.06272189349112425 -0.07125335825254057 -0.31781502172563625 -0.028959959707882142 -0.22702991452991456 0.006397134083930399 -0.06290149892933619 -0.024598466213283172 -0.08991650610147721 -0.1775288931252234 -0.17391304347826086 -0.4720511891826632 -1.1029685753322571 -1.5000656771312229 -0.34557823129251697 -0.10040956533227641 0.01227328514932497 -0.07290922087205147 -0.18497687789026374 -0.10982658959537572 -0.20231551865278913 -0.48218029350104824 -1.839394315502048 -1.170878158618964 -0.3855514282054566 -0.07212776919113859 -0.09833486298675756 -0.09203798392987582 -0.22197694383124844 -0.13064271550215795 -0.22825346354758116 -0.5310262529832935 -1.0657041478037441 -1.73328352633545 -1.4224083238167744 -0.2281079711063237 -0.21750455847877048 -0.0886917960088692 -0.1348098218584497 -0.2111772255279431 -0.1441462557131138 -0.39553506430478047 -0.808042962407893 -1.6904909881914232 -1.6208104052026013 -0.24323653512037727 -0.20857473928157585 -0.07906783187682064 -0.012795905310300703 -0.013031631323302924 -0.06150934468890466 -0.15918065153010863 -0.08494398621199065 -0.13782168557141114 -0.12895955928383626 -0.016286644951140065 -0.005254860746190222 -0.09661159339120695 -0.07749031371078616 -0.02710639259091936 0.00679809653297077 0.00604010630587098 -0.10022403018511968 -0.13558915286777057 -0.12985406876082117 -0.06724782067247821 -0.08586361373817819 -0.07623554153522608
0.07356547327121138 -0.01011804384485666 0.04083021435862538 -0.023169601482854494 -0.00472533963378618 -0.042598509052183174 -0.09321722065497363 0.007310832216400635 -0.02437147255002566 -0.07332595462091865 0.03037974683544304 0.001224739742804654 -0.02857142857142857 -0.06450827653359299 -0.11498610058124843 0.01724350289444513 -0.19465042372881353 -0.05938548928479215 -0.12002110261144819 0.00834144306965105 -0.13287338699373966 -0.006162948354492786 -0.07218934911242603 -0.0630767433711015 -0.319056486654252 -0.02770083102493075 -0.21634615384615388 -0.002558853633572161 -0.050856531049250545 -0.04340905802344089 -0.08734746307000643 -0.19420946026450614 -0.18582489577129244 -0.4961970300615718 -1.1004844118743013 -1.2807040588467093 -0.30884353741496595 -0.08851895891134892 0.02045547524887495 -0.08005718370264474 -0.1837270341207349 -0.11098265895953756 -0.20699333411296922 -0.5167098285855223 -1.951098423730917 -0.9331998999249438 -0.3445625720507237 -0.04894384337970119 -0.07997902189589616 -0.07742878013148283 -0.22197694383124844 -0.1388078852210428 -0.24301612536906653 -0.5513126491646778 -1.0828337207879604 -1.7756194745361724 -1.1648267986296152 -0.1938917754403751 -0.20448033342016148 -0.07621951219512196 -0.13601348098218585 -0.21817757554544398 -0.15703738427282316 -0.40281485076437756 -0.8842263019857624 -1.8881292728402734 -1.444472236118059 -0.18863241499131297 -0.23174971031286212 -0.0679705923151616 -0.011516314779270632 -0.01540101883663073 -0.06624083274189732 -0.16905231984205332 -0.10956543149082851 -0.14391999024271251 -0.125203455615375 -0.012528188423953895 -0.013137151865475562 -0.10641276953234388 -0.07749031371078616 -0.03727128981251412 0.01586222524359846 -0.0024160425223483965 -0.11083598632236764 -0.14758819294456443 -0.12119713084343309 -0.07471980074719801 -0.08586361373817822 -0.09595162986330177
0.07233938205002452 -0.011242270938729624 0.03629352387433367 -0.024328081556997217 -0.020082693443591253 -0.04614838480653177 -0.09689684778609102 0.003655416108200314 -0.03591585428424833 -0.0774764803541782 0.025316455696202535 0.003674219228413962 -0.03333333333333333 -0.05111976630963973 -0.11372251705837755 0.02217021800714374 -0.19465042372881353 -0.05809450038729667 -0.12661566868900026 0.013902405116085084 -0.12776287210936502 0.0012325896708985594 -0.06272189349112425 -0.05256395280925126 -0.31160769708255737 -0.007554772097708387 -0.1949786324786325 0.015353121801432962 -0.034796573875803 -0.03328027781797135 -0.0783558124598587 -0.19063505302037412 -0.19297200714711138 -0.5082699505010262 -1.0893056763135012 -1.0626559831866542 -0.2789115646258503 -0.08455542343770645 0.01636438019909996 -0.07719799857040743 -0.17997750281214847 -0.10867052023121386 -0.21401005730323938 -0.5648045381674682 -2.0429440238302097 -0.7055291468601451 -0.3099782246701678 -0.03992787223080886 -0.07342336436344567 -0.07888970051132213 -0.21952415992151092 -0.13764143240405924 -0.24188053599818304 -0.5596658711217184 -1.0803866389330723 -1.7432449259120903 -0.8970942773759678 -0.15080471423140288 -0.18364157332638703 -0.04988913525498891 -0.14684641309581128 -0.2123439505308599 -0.1722723543888433 -0.4088813394807086 -0.9766454352441614 -2.033561218147918 -1.208104052026013 -0.1526433358153388 -0.24076219904725119 -0.0610348175891247 -0.015355086372360844 -0.0011846937566639042 -0.06860657676839366 -0.14930898321816385 -0.12064508186630556 -0.1305037199658495 -0.12019531739075999 -2.7755575615628915e-18 -0.013137151865475562 -0.09241108933071969 -0.07749031371078616 -0.0451773209848656 0.027192386131883073 -0.007248127567045183 -0.1179106237471996 -0.1439884809215263 -0.11130348750927528 -0.0759651307596513 -0.07590841214534594 -0.09989484752891693
0.06498283472290338 -0.021360314783586284 0.03629352387433367 -0.030120481927710847 -0.02717070289427052 -0.04023192521595077 -0.09199067827793452 0.006092360180333863 -0.0564391995895331 -0.06917542888765911 0.03164556962025317 0.003674219228413962 -0.026190476190476188 -0.06085686465433301 -0.10361384887541066 0.012316787781746517 -0.18008474576271186 -0.050348567002323784 -0.1213400158269586 0.023634088697344638 -0.12776287210936504 -0.008628127696289902 -0.05798816568047336 -0.06774909473192384 -0.29919304779639977 -0.020146058927222366 -0.17494658119658119 0.019191402251791202 -0.036134903640256955 -0.04340905802344089 -0.08863198458574181 -0.20135827475277016 -0.19892793329362718 -0.530001207292044 -1.0706744503788348 -0.8892683567581766 -0.2829931972789116 -0.08059188796406395 -0.0013636983499249965 -0.07290922087205147 -0.16872890888638922 -0.12254335260115605 -0.2315518652789148 -0.6511283758786532 -2.0789375698150674 -0.485364023017263 -0.28179838606378893 -0.030911901081916538 -0.06555657532450505 -0.06428049671292915 -0.2182977679666421 -0.13764143240405927 -0.25323642970701793 -0.5692124105011933 -1.0865043435702924 -1.6697796040343669 -0.6826544854713871 -0.11151945254086934 -0.17973430580880434 -0.03048780487804878 -0.16490129995185368 -0.20767705051919264 -0.18164772061408646 -0.4222276146566368 -1.066566754090171 -2.0944686140459914 -1.001750875437719 -0.1141722511789526 -0.2510621861722673 -0.034678873630184494 -0.011516314779270636 -0.007108162539983416 -0.07215519280813816 -0.14684106614017767 -0.12433829865813124 -0.13294304183437006 -0.10266683360460749 0.0012528188423953882 -0.005254860746190224 -0.08821058527023243 -0.08373953255843018 -0.04178902191100068 0.03285746657602538 -0.006040106305870992 -0.12970168612191957 -0.1331893448524118 -0.10635666584219639 -0.0572851805728518 -0.07964161274265805 -0.09200841219768664
0.06866110838646396 -0.02585722315907813 0.03969604173755246 -0.013901760889712695 -0.03071470761961016 -0.035498757543485984 -0.07972525450754323 0.008529304252467404 -0.057721908671113396 -0.06502490315439957 0.039240506329113925 0.004898958971218617 -0.02142857142857143 -0.06937682570593963 -0.09224159716957289 0.011085109003571866 -0.15889830508474573 -0.0490575781048283 -0.1094697968873648 0.01946336716251911 -0.12009709978280311 -0.024651793417971156 -0.059171597633136085 -0.07826188529377409 -0.27932960893854747 -0.03147821707378494 -0.15224358974358973 0.021750255885363362 -0.02676659528907923 -0.050643901027347706 -0.09120102761721259 -0.2037412129155248 -0.20607504466944615 -0.5541470481709526 -1.0296857533225685 -0.7316432418231972 -0.2693877551020408 -0.06870128154313648 -0.006818491749624983 -0.06290207290922087 -0.16372953380827399 -0.13179190751445086 -0.2526020348497252 -0.7830805278086077 -2.050390964378801 -0.263947960970728 -0.25233764570257466 -0.020607934054611025 -0.05637865477907435 -0.07012417823228634 -0.21216580819229827 -0.15863758310976322 -0.2702702702702703 -0.5775656324582338 -1.0852808026428484 -1.5739011331092019 -0.496129932749651 -0.10898491952857685 -0.16150039072675174 -0.041574279379157426 -0.1697159364467983 -0.20651032551627582 -0.1968826907301066 -0.4367871875758311 -1.1664793305857373 -2.0733374766935984 -0.7953976988494247 -0.0781831720029784 -0.2510621861722673 -0.031904563739769735 -0.0038387715930902123 -0.027247956403269758 -0.06269221670215283 -0.16535044422507403 -0.1304936599778407 -0.1463593121112331 -0.09139852259922374 0.0012528188423953895 -0.005254860746190224 -0.09101092131055727 -0.07499062617172852 -0.05421278518183872 0.02379333786539769 -0.003624063783522592 -0.13913453602169554 -0.12838972882169428 -0.10388325500865694 -0.062266500622665 -0.08337481333997013 -0.10252365930599368
0.07111329082883766 -0.03147835862844294 0.046501077463990015 -0.03243744207599629 -0.018901358535144713 -0.036682049461602174 -0.06623328836011284 0.004873888144267089 -0.05515649050795281 -0.06779192030990593 0.04556962025316456 0.0012247397428046547 -0.019047619047619046 -0.07667964946445958 -0.08466009603234773 -1.3877787807814458e-18 -0.14036016949152544 -0.04002065582235993 -0.1107887101028752 0.02363408869734464 -0.10732081257186661 -0.04190804881055097 -0.06153846153846153 -0.0992874664174746 -0.2756052141527002 -0.039032989171493324 -0.14155982905982906 0.01791197543500512 -0.026766595289079226 -0.056431775430473154 -0.09890815671162492 -0.2120814964851662 -0.21203097081596187 -0.5674272606543523 -0.9402558688361694 -0.6278733744910021 -0.23945578231292516 -0.06473774606949399 0.005454793399699986 -0.06290207290922087 -0.15998000249968755 -0.1421965317919075 -0.2783300198807157 -0.8422740165248488 -1.8803524885193 -0.1676257192894671 -0.2267196106058665 -0.009015971148892323 -0.041956208207683234 -0.05697589481373265 -0.21216580819229827 -0.18546599790038493 -0.27594821712468776 -0.5942720763723149 -1.054692279456748 -1.423234964512514 -0.38446897601827174 -0.09631225446711443 -0.14717374316228182 -0.04018847006651884 -0.16851227732306212 -0.21817757554544395 -0.19571076995195122 -0.46347973792768754 -1.2014487323591858 -1.937849596022374 -0.6165582791395698 -0.06453214197071235 -0.24204969743787821 -0.031904563739769735 0.011516314779270634 -0.031986731429925364 -0.057960728649160166 -0.18879565646594276 -0.13172473224178258 -0.141480668374192 -0.08889445348691624 -0.0037584565271861713 -0.01707829742511823 -0.09381125735088211 -0.06499187601549808 -0.06550711542805512 0.028325402220711532 -0.027784489007006523 -0.13795542978422357 -0.1331893448524118 -0.10264654959188721 -0.0722291407222914 -0.08088601294176206 -0.10778128286014721
0.07601765571358508 -0.03147835862844294 0.02608597028467733 -0.046339202965708995 -0.016538688718251624 -0.03076558987102118 -0.05028823745860419 6.938893903907229e-19 -0.043612108773730125 -0.07332595462091865 0.06582278481012657 -0.007348438456827923 -0.02142857142857143 -0.09250243427458618 -0.06823351023502652 -0.009853430225397216 -0.11122881355932204 -0.041311644719855406 -0.09364283830123979 0.01946336716251911 -0.09071163919764916 -0.06779243189942068 -0.04497041420118343 -0.12848966242261417 -0.24829298572315328 -0.052883404683958704 -0.11084401709401707 0.0025588536335721585 -0.010706638115631693 -0.06366661843437997 -0.09762363519588954 -0.19897533659001548 -0.23228111971411555 -0.5577689243027887 -0.8433734939759037 -0.522789964534349 -0.21224489795918364 -0.02906592680671158 0.017728078549024955 -0.04145818441744103 -0.1424821897262842 -0.1630057803468208 -0.2970412817214361 -0.9064002959674436 -1.669355839642547 -0.10382787090317738 -0.2049442807736647 -0.00128799587841319 -0.03540055067523273 -0.04382761139517896 -0.21216580819229827 -0.21462731832497375 -0.2850329320917556 -0.6121718377088304 -1.009421265141319 -1.2626073963391857 -0.30326100748635965 -0.08997592193638321 -0.14587132065642092 -0.042960088691796 -0.15767934520943672 -0.21234395053085992 -0.21211766084612677 -0.4622664401844213 -1.1902085675034344 -1.7526413921690487 -0.4714857428714357 -0.024820054604120144 -0.21758722801596497 -0.006935774726036894 0.030710172744721688 -0.04501836275322829 -0.05441211260941566 -0.2110069101678184 -0.12310722639418932 -0.13416270276863035 -0.07637410792537874 -0.007516913054372338 -0.010509721492380447 -0.08821058527023243 -0.06749156355455568 -0.07793087869889316 0.022660321776569226 -0.067649190625755 -0.14385096097158354 -0.14638828893688505 -0.10017313875834777 -0.08841843088418429 -0.08088601294176208 -0.12355415352260776
0.06620892594409025 -0.030354131534569978 0.027220142905750255 -0.046339202965708995 -0.018901358535144717 -0.017749378771742992 -0.05764749172083895 0.014621664432801268 -0.053873781426372516 -0.05949086884338682 0.06835443037974684 -0.0036742192284139608 -0.01666666666666667 -0.10223953261927946 -0.06191559262067222 -0.01970686045079443 -0.10593220338983052 -0.032274722437387035 -0.08572935900817727 0.022243848185736128 -0.09582215408202374 -0.08628127696289904 -0.04852071005917159 -0.15068333138652024 -0.24953445065176907 -0.0642155628305213 -0.10683760683760683 -0.003838280450358239 -0.018736616702355456 -0.059325712632035885 -0.10918432883750803 -0.17991183128797808 -0.24181060154854084 -0.5324157913799347 -0.7589119364054155 -0.41245238407986334 -0.20136054421768707 0.014532963403355793 0.013636983499249966 -0.017155110793423876 -0.13248343957005373 -0.1676300578034682 -0.27365220442053567 -0.9162658774201503 -1.4248479582971332 -0.03627720790592944 -0.1921352632253106 0.007727975270479133 -0.03146715615576242 -0.03214024835646457 -0.21461859210203582 -0.22862475212877637 -0.2804905746082217 -0.6050119331742242 -0.962926709898446 -1.0882829037479766 -0.25758152518715904 -0.06843239133189709 -0.15889554571502992 -0.03325942350332594 -0.16490129995185365 -0.2030101505075254 -0.20157037384272822 -0.4598398446978889 -1.1739727738229049 -1.5599751398384094 -0.40020010005002504 0.019856043683296104 -0.22144972318784598 0.018033014287695937 0.029430582213691613 -0.040279587726572676 -0.05204636858291932 -0.20113524185587367 -0.11695186507447985 -0.11952677155750702 -0.075122073369225 -0.008769731896767729 -0.007882291119285336 -0.09101092131055728 -0.07999000124984378 -0.06889541450192004 0.009064128710627693 -0.07852138197632279 -0.16625397948355147 -0.13078953683705302 -0.12243383626020284 -0.06475716064757159 -0.1057740169238427 -0.10778128286014721
0.055174104953408534 -0.03934794828555368 0.013610071452875128 -0.04633920296570899 -0.02953337271116362 -0.01774937877174299 -0.07359254262234759 0.0 -0.0667008722421755 -0.06364139457664639 0.0620253164556962 0.009797917942437234 -0.019047619047619046 -0.09980525803310614 -0.05812484205205963 -0.01724350289444513 -0.10593220338983052 -0.02581977794990963 -0.08704827222368769 0.022243848185736128 -0.10859844129296026 -0.08135091827930482 -0.057988165680473366 -0.14484289218549234 -0.24581005586592175 -0.0642155628305213 -0.1188568376068376 -0.006397134083930399 -0.029443254817987152 -0.0549848068296918 -0.12074502247912655 -0.18586917669486477 -0.25848719475878495 -0.5239647470723167 -0.6769345422928829 -0.35071588073032967 -0.21360544217687077 0.021138855859426604 -0.002727396699849993 -0.0028591851322373116 -0.1312335958005249 -0.14797687861271674 -0.28300783534089585 -0.8829695400172646 -1.1840635472260148 0.02752064048036027 -0.1921352632253106 0.027047913446676973 -0.03802281368821293 -0.020452885317750184 -0.224429727740986 -0.22045958240989152 -0.28276175334998865 -0.5763723150357996 -0.905420286308577 -0.8940356120034865 -0.22839741149600307 -0.04308706120897224 -0.16019796822089083 -0.01801552106430155 -0.17934520943668752 -0.20067670050169176 -0.20508613617719443 -0.4513467604950255 -1.1377544648432623 -1.3461777501553762 -0.36893446723361684 0.032266070985356166 -0.226599716750354 0.031904563739769735 0.012795905310300703 -0.04383366899656439 -0.05914360066240833 -0.1850937808489635 -0.11941400960236363 -0.10976948408342482 -0.075122073369225 -0.022550739163117013 -0.015764582238570673 -0.10921310557266872 -0.08623922009748783 -0.05873051728032528 0.0022660321776569224 -0.08818555206571635 -0.16743308572102347 -0.1163906887449004 -0.12490724709374228 -0.049813200498132 -0.1132404181184669 -0.08937960042060987
0.055174104953408534 -0.03372681281618887 0.0022683452421458548 -0.03359592215013901 -0.020082693443591256 -0.009466335344929595 -0.08217833926162149 0.003655416108200314 -0.07439712673165727 -0.04980630879911455 0.06835443037974683 0.0061236987140232705 -0.0047619047619047615 -0.09371957156767283 -0.03538033864038413 -0.004926715112698607 -0.08474576271186438 -0.018073844564936742 -0.07122131363756265 0.03058529125538718 -0.1047655551296793 -0.07765314926660914 -0.0591715976331361 -0.13082583810302534 -0.22222222222222224 -0.04029211785444473 -0.10550213675213675 0.003838280450358239 -0.0173982869379015 -0.03472724641875271 -0.11946050096339114 -0.1775288931252234 -0.26444312090530075 -0.49378244597368093 -0.5887467395354613 -0.30474188887429393 -0.22448979591836732 0.019817677368212445 -0.015000681849174963 0.004288777698355967 -0.13248343957005376 -0.13988439306358383 -0.28183838147585083 -0.8521395979775559 -0.9283852550577139 0.06254691018263699 -0.18573075445113357 0.04507985574446162 -0.02622263012980202 -0.008765522279035792 -0.2207505518763797 -0.22862475212877637 -0.2804905746082217 -0.5369928400954653 -0.8344549125168237 -0.7035238451002366 -0.20809541936302497 -0.026612596629071096 -0.15759312320916902 -0.0055432372505543216 -0.1745305729417429 -0.19600980049002453 -0.19688269073010664 -0.41858772142683814 -1.0678156612963656 -1.088875077688005 -0.3251625812906453 0.047158103747828244 -0.2124372344534569 0.04161464835622139 0.010236724248240564 -0.03435611894325317 -0.06032647267565648 -0.17152023692003948 -0.10217899790717717 -0.0902549091352604 -0.07011393514460999 -0.02129792032072162 -0.013137151865475562 -0.1008120974516942 -0.08998875140607424 -0.06889541450192004 -0.0056650804441423066 -0.08214544575984538 -0.1580002358212475 -0.10679145668346532 -0.12861736334405144 -0.06102117061021171 -0.1132404181184669 -0.08937960042060987
