-0.08336398185607455 0.061909049977487626 -0.07827566647759501 0.0962765340447744 -0.06732018424471477 0.036708111308466546 -0.07858546168958742 0.05606337599024984 5.204170427930421e-19 -0.008306797729475287 -0.015195643915410917 0.09079754601226993 -0.0560457906033866 -0.01586139580283065 -0.056933198380566805 -0.08771929824561404 -0.00265322366675511 0.010326578030205246 -0.006610259122157587 0.002776620852422601 0.06764518187619656 0.09381557832366375 -0.013124925426560075 0.04842901015828018 -0.008842849924204147 -0.06473724295506474 -0.0815944355270198 -0.19522776572668113 -0.10180843938379103 -0.22988505747126436 0.05787781350482316 0.0 -0.02537457709038183 -0.11826383808827115 -0.0892303879043252 -0.2236842105263158 -0.10252904989747096 -0.37969779155366135 -0.35028855187223196 -1.1024624964619303 0.012581781580271767 0.1299765807962529 -0.011796626164916833 0.077007700770077 -0.053599707637958335 -0.07345617529880479 -0.25117939563942365 -0.25723061172254924 -0.4049597678406543 -0.4348460528235809 0.04062538471008248 0.11141081271256012 0.12835205134082053 -0.031374441896947027 0.004947433518862093 -0.21183253948357983 -0.23017902813299235 -0.3950050968399592 -0.46785154208050184 -1.165678024555111 0.0036188178528347393 -0.045656754858346985 -0.09832958180310389 -0.051451672179345834 -0.06276675872457946 -0.14308821699639168 -0.07411129255118704 -0.17005958291956302 -0.2149845520082389 -0.36305908337934845 -0.0549942447883361 0.08654416123295791 -0.0011842728564661308 0.09029066171923314 -0.0775671016990889 -0.029271862422246615 -0.04384316672929976 -0.0012523481527864715 -0.003943736032601551 0.2270497547302032 0.03879364284820423 0.08593396653098145 0.06576709377480441 -0.04833252779120347 -0.007080481472740147 -0.052808449351896304 0.03468780971258672 -0.04234122042341219 0.11356545613378262 0.05261081152176772
-0.07723427730783378 0.0630346690679874 -0.07714123652864437 0.098596450527781 -0.05314751387740639 0.04144464179988158 -0.06262278978388998 0.05118829981718463 0.015416238437821172 -0.011075730305967051 -0.007597821957705459 0.0969325153374233 -0.0667779632721202 -0.019521717911176184 -0.055668016194331996 -0.08524833209785025 -0.005306447333510216 0.010326578030205246 -0.003966155473294551 0.004164931278633899 0.0650925335035099 0.07900259227255894 -0.023863500775563772 0.04134183793999528 -0.013895907023749368 -0.06981467377506981 -0.0909577314071696 -0.22329973204032155 -0.11788345612860014 -0.25862068965517243 0.0360128617363344 0.007249003262051468 -0.05679072015466409 -0.12679834186783712 -0.11897385053910026 -0.21447368421052632 -0.14354066985645933 -0.41069352963967454 -0.48315662327204406 -1.4109821681290688 1.3877787807814458e-18 0.1241217798594848 -0.025952577562817037 0.066006600660066 -0.06699963454744792 -0.10084661354581674 -0.2779548642101236 -0.3160993089326849 -0.47882865057380297 -0.5603385378666277 0.03323895112643112 0.11141081271256012 0.11116204446481777 -0.05188850006033546 -0.018552875695732836 -0.2318876911506643 -0.27749360613810736 -0.46253822629969416 -0.5933089388395192 -1.426403641881639 0.0048250904704463205 -0.05736361507843597 -0.12557753820637366 -0.06982726938625505 -0.07908611599297014 -0.15801916137862385 -0.08541640497424947 -0.2023336643495531 -0.2548918640576725 -0.44864715626725565 -0.04476275738585496 0.07587433313574393 0.008289909995262908 0.08286951144094001 -0.06279241566116721 -0.03415050615928772 -0.03632719528999123 -0.003757044458359422 -0.002629157355067702 0.31394533987386125 0.03378801151295207 0.07914970601537766 0.044222700986506415 -0.054374093765103916 -0.022421524663677132 -0.07081132981277005 0.013627353815659066 -0.058530510585305104 0.1073255959066517 0.06313297382612128
-0.06865269094029669 0.05628095452498875 -0.07487237663074306 0.09163670107876117 -0.04369906696586747 0.04381290704558911 -0.04420432220039293 0.06459475929311395 0.025693730729701957 -0.009691264017721166 0.0025326073192351527 0.09447852760736195 -0.04531361793465298 -0.029282576866764276 -0.03922064777327935 -0.10130961205831479 0.002653223666755107 -0.014199044791532205 0.005288207297726071 -0.03331945022907122 0.07913209955328653 0.07406493025552402 -0.00835222527144732 0.025986298133711318 0.002526528549772614 -0.06727595836506726 -0.08694489031567684 -0.22712772744672707 -0.11788345612860014 -0.25862068965517243 0.03987138263665595 0.008457170472393378 -0.054374093765103916 -0.1267983418678371 -0.1251704052546784 -0.225 -0.1722488038277512 -0.46364458220328036 -0.6468930344920144 -1.719501839796207 0.0025163563160543537 0.11241217798594849 -0.02359325232983367 0.0452267448967119 -0.07674503593616762 -0.12823705179282868 -0.30728037740660463 -0.37496800614282055 -0.5619311436485951 -0.6785349481978695 0.024621445278837868 0.09733786794886831 0.10199404079761631 -0.05671533727525039 -0.04081632653061225 -0.25695663073451996 -0.3312020460358056 -0.5440876656472986 -0.7344485101934135 -1.70368326665747 0.0024125452352231616 -0.06789978927651603 -0.1362397820163488 -0.07595246845522481 -0.09038413256339443 -0.16672887893492594 -0.10048988820499938 -0.22715988083416083 -0.30895983522142123 -0.5508006626173385 -0.03708914183399411 0.05927682276229993 0.031975367124585506 0.06431663574520717 -0.04309283427727161 -0.04756677643615075 -0.025053238131028433 -0.01377582968065122 0.002629157355067702 0.3672039243167484 0.03503941934676511 0.0712347354138399 0.051026193445968926 -0.06404059932334462 -0.02124144441822044 -0.08041286605856937 0.01858275520317145 -0.06849315068493152 0.1073255959066517 0.08023148757069579
-0.055167340934166975 0.043899144529491216 -0.0646625070901872 0.08815682635425123 -0.03188850832644384 0.02841918294849023 -0.029469548133595286 0.05728214503351614 0.046248715313463515 -0.016613595458950574 0.007597821957705459 0.09079754601226994 -0.05127593608394944 -0.024402147388970223 -0.045546558704453434 -0.10872251050160613 -1.3877787807814458e-18 -0.027107267329288753 0.0224748810153358 -0.04442593363876163 0.07275047862156989 0.0691272682384891 -0.015511275504116453 0.023623907394283016 -0.001263264274886307 -0.06346788525006347 -0.08426966292134833 -0.2360597167283399 -0.1232417950435365 -0.25287356321839083 0.029581993569131826 0.0036245016310257326 -0.07733204446592556 -0.12192148256522797 -0.1388028256289503 -0.24473684210526314 -0.23239917976760083 -0.5320935038098928 -0.8844450409341029 -1.9346164732521935 0.005032712632108707 0.10187353629976581 -0.02595257756281703 0.04155971152670823 -0.09258131319283712 -0.15438247011952191 -0.3391559352288665 -0.43767596621448684 -0.6727344677483182 -0.7850576389902233 0.004924289055767572 0.0832649231851765 0.07105202842081136 -0.06274888379389405 -0.07421150278293136 -0.2857859112559539 -0.3874680306905371 -0.6422018348623852 -0.8847360167276529 -2.012691405711133 -0.003618817852834741 -0.08780145165066729 -0.1492714133396517 -0.09310302584834007 -0.10921416018076827 -0.20032350379494832 -0.12938073106393672 -0.2817775571002979 -0.361740473738414 -0.6985091109884042 -0.03581020590868398 0.053349140486069944 0.027238275698720983 0.05936920222634508 -0.04678650578675203 -0.05854372484449324 -0.025053238131028433 -0.023794614902943014 0.0065728933876692515 0.4386825508058864 0.02753097234388687 0.06671189507010403 0.043088785576595984 -0.0567907201546641 -0.028321925890960588 -0.0828132501200192 0.01858275520317145 -0.07347447073474471 0.11231748408835643 0.10390635275549127
-0.03800416819909281 0.04727600180099055 -0.047646057855927404 0.10091636701078761 -0.023621117278847286 0.02960331557134399 -0.02578585461689587 0.05484460694698355 0.0539568345323741 -0.013844662882458813 0.01392934025579334 0.08098159509202454 -0.05008347245409015 -0.024402147388970223 -0.045546558704453434 -0.11489992587101554 0.001326611833377552 -0.03614302310571834 0.03305129561078794 -0.06386227960571984 0.06636885768985323 0.06418960622145416 -0.025056675814341962 0.022442712024568868 -0.018948964123294592 -0.07870017771007871 -0.11904761904761904 -0.26540768151078215 -0.15539182853315472 -0.2543103448275862 0.03858520900321544 -0.009665337682735291 -0.06283228612856454 -0.12435991221653253 -0.14004213657206593 -0.2723684210526316 -0.27887901572112095 -0.665116879762366 -1.1407864716145486 -1.8850834984432492 0.007549068948163061 0.09016393442622951 -0.02005426448035862 0.031780955873365116 -0.1096357656230966 -0.1892430278884462 -0.391431850057376 -0.5131814691579217 -0.7215406938398627 -0.7500364803735591 -0.008617505847593254 0.0691919784214847 0.045840018336007336 -0.08326294195728248 -0.10760667903525048 -0.3321634494860867 -0.5025575447570333 -0.8002038735983689 -1.1944589649764767 -2.3230790453855708 -0.008443908323281062 -0.09014282369468507 -0.14927141333965172 -0.08697782677937034 -0.1167461712277178 -0.2164986935423665 -0.16203994473056152 -0.31653426017874875 -0.44284243048403704 -0.8475980121479845 -0.025578718506202837 0.045050385299347954 0.028422548555187117 0.05565862708719851 -0.05048017729623246 -0.06708135138431517 -0.02380057622447701 -0.03256105197244834 -0.009202050742736955 0.4512964260686756 0.023776748842447754 0.057666214382632294 0.03515137770722304 -0.054374093765103916 -0.033042246872787354 -0.08761401824291885 0.013627353815659066 -0.07845579078455792 0.10482965181579933 0.09733000131527028
-0.022066936373666787 0.05740657361548853 -0.03743618831537153 0.13571511425588678 -0.004724223455769458 0.04736530491415038 -0.019646365422396856 0.05850091407678245 0.0629496402877698 -0.01246019659421293 0.01392934025579334 0.08588957055214726 -0.04531361793465299 0.002440214738897023 -0.049342105263157895 -0.12107734124042502 -0.005306447333510216 -0.04905124564347489 0.025118984664198835 -0.08607524642510064 0.06636885768985322 0.06542402172571288 -0.027443025891898336 0.020080321285140562 -0.03031834259727135 -0.0913937547600914 -0.14847512038523275 -0.2985836416996299 -0.15941058271935699 -0.2658045977011495 0.03987138263665595 -0.010873504893077205 -0.07612373127114548 -0.12435991221653256 -0.16482835543437852 -0.3013157894736842 -0.35406698564593303 -0.8795040681906239 -1.276338746476983 -1.8567789414095668 0.018872672370407653 0.09016393442622951 -0.03185089064527545 0.028113922503361456 -0.12303569253258617 -0.2079183266932271 -0.4335075863827617 -0.5797286920911185 -0.7347315657564965 -0.7208521815263388 -0.008617505847593255 0.05746452445174153 0.03323401329360532 -0.10377700012067093 -0.12987012987012986 -0.3785409877162196 -0.6086956521739131 -0.9429153924566769 -1.5486147412441194 -2.4555111049799976 0.007237635705669479 -0.09014282369468508 -0.14453263831299606 -0.07227734901384296 -0.11172483052975143 -0.2164986935423665 -0.18465016957668637 -0.34384309831181725 -0.5290937178166838 -0.9000552181115407 -0.01918403887965213 0.06520450503852994 0.029606821411653245 0.0655534941249227 -0.038167938931297704 -0.047566776436150746 -0.017537266691719906 -0.003757044458359421 6.938893903907229e-19 0.4919411352487737 0.021273933174821673 0.06445047489823609 0.029481800657670938 -0.060415659739004354 -0.033042246872787354 -0.08041286605856937 0.0037165510406342887 -0.06475716064757162 0.09484587545238986 0.09864527160331449
-0.006129704548240774 0.061909049977487626 -0.027226318774815655 0.14847465491242318 0.014172670367308371 0.05091770278271166 -0.01350687622789784 0.05850091407678245 0.07194244604316548 -0.006922331441229407 0.01392934025579334 0.09447852760736196 -0.04054376341521583 0.013421181063933627 -0.05313765182186233 -0.11613540894489745 -0.01193950650039798 -0.038724667613269655 0.017186673717609728 -0.07913369429404414 0.056158264199106564 0.06295519071719542 -0.029829375969454713 0.03425466572171037 -0.04168772107124811 -0.09647118558009647 -0.17790262172284646 -0.32537960954446854 -0.16342933690555927 -0.24856321839080464 0.042443729903536974 -0.004832668841367647 -0.07854035766070563 -0.11704462326261886 -0.17722146486553478 -0.33026315789473687 -0.4196855775803144 -1.1726720909208317 -1.3944436988323716 -1.80300028304557 0.017614494212380476 0.09601873536299765 -0.04010852896071723 0.01589047793668255 -0.1388719697892557 -0.2377988047808765 -0.48195843427259977 -0.6334783721525468 -0.7426460889064768 -0.6799941631402305 -0.020928228487012184 0.055119033657792894 0.013752005500802194 -0.11101725594304332 -0.1595547309833024 -0.41363750313361747 -0.7135549872122763 -1.0767074413863402 -1.894929430214323 -2.4706856118085256 0.0048250904704463205 -0.09833762584874736 -0.14808671958298777 -0.06982726938625507 -0.11298016570424303 -0.2339181286549707 -0.21102876523049868 -0.3872889771598808 -0.6153450051493307 -0.9152401987852015 -0.02557871850620284 0.06994665085951393 0.022501184272856467 0.07544836116264689 -0.038167938931297704 -0.03415050615928771 -0.01503194287861706 0.020037570444583597 0.003943736032601552 0.529782761037141 0.015016894005756476 0.07010402532790593 0.02154439278829799 -0.041082648622522956 -0.028321925890960588 -0.06601056168987038 0.002477700693756193 -0.05728518057285181 0.08735804317983277 0.10127581217940282
-0.015937231825426012 0.05965781179648808 -0.032898468519568916 0.13339519777288017 -0.001181055863942368 0.037892243931320305 -0.02455795677799607 0.03900060938452164 0.06808838643371018 -0.01107573030596705 0.01646194757502849 0.08588957055214723 -0.04054376341521583 0.01586139580283065 -0.0569331983805668 -0.1284902396837163 -0.00795967100026532 -0.05937782367368014 0.034373347435219456 -0.09579341940857976 0.048500319081046586 0.055548697691643015 -0.04056795131845841 0.02244271202456886 -0.0631632137443153 -0.13582127443513584 -0.20465489566613165 -0.37003955595253285 -0.17012726054922972 -0.25287356321839083 0.03472668810289389 -0.001208167210341913 -0.09183180280328661 -0.12314069739088025 -0.20076837278473172 -0.3578947368421053 -0.504442925495557 -1.527831589823066 -1.4132331230707291 -1.708180016982734 0.0163563160543533 0.07142857142857142 -0.04128819157720892 -0.008556411196675225 -0.1559264222195152 -0.29008964143426297 -0.5355093714139998 -0.715382646531866 -0.7386888273314866 -0.6639427987742594 -0.028314662070663542 0.026973144130409292 -0.005730002292000913 -0.12067093037287317 -0.19418676561533704 -0.47881674605164193 -0.8273657289002557 -1.2359836901121306 -2.272608468374281 -2.3961925782866604 -0.003618817852834741 -0.11472723015687195 -0.14808671958298777 -0.09187798603454612 -0.12176751192568416 -0.261291526689063 -0.24117573169199846 -0.44314796425024827 -0.6964469618949537 -0.8945334069574822 -0.03581020590868398 0.06401896858328394 0.01302700142112743 0.08286951144094001 -0.04678650578675203 -0.031711184290767164 -0.016284604785168483 0.010018785222291798 0.011831208097804653 0.5508058864751226 0.013765486171943436 0.057666214382632294 0.01814264655856673 -0.03141614306428227 -0.028321925890960588 -0.08281325012001921 0.003716551040634291 -0.08219178082191782 0.09734181954324223 0.08023148757069579
-0.017163172735074166 0.0540297163439892 -0.030629608621667616 0.12643544832386033 -0.001181055863942368 0.029603315571343984 -0.015962671905697445 0.028031687995124933 0.06808838643371018 -0.016613595458950574 0.008864125617323035 0.08711656441717792 -0.03338898163606009 0.020741825280624696 -0.056933198380566805 -0.12849023968371637 -0.010612894667020426 -0.0606686459274558 0.0224748810153358 -0.11106483409690408 0.03956604977664326 0.0444389581533144 -0.03818160124090204 0.0011811953697141498 -0.07958564931783729 -0.16247778624016246 -0.24612092027822366 -0.3866275360469567 -0.19423978566644337 -0.2241379310344828 0.03858520900321544 -0.00845717047239338 -0.08458192363460608 -0.12435991221653256 -0.21068286032965675 -0.3828947368421053 -0.608339029391661 -1.8636187524215422 -1.397127902294994 -1.483158788564959 0.0037745344740815283 0.06440281030444966 -0.03774920372773387 -0.02566923359002567 -0.1741990498233646 -0.32619521912350596 -0.5916103531811807 -0.7256206808292809 -0.7162643450732094 -0.5588793229242667 -0.030776806598547334 0.018763926351589074 0.00573000229200092 -0.13877156992880416 -0.21026592455163887 -0.5239408373025821 -0.9347826086956523 -1.3799694189602447 -2.5378985886042864 -2.1699544764795142 -0.01085645355850422 -0.12058066026691641 -0.14808671958298775 -0.09800318510351587 -0.12553351744915892 -0.2687569988801791 -0.2662982037432483 -0.4779046673286992 -0.7621009268795057 -0.8268912203202652 -0.04604169331116511 0.06046235921754593 0.01302700142112743 0.06184291898577613 -0.05171140113272593 -0.046347115501890475 -0.011273957158962794 0.0037570444583594235 0.024976994873143157 0.45830413454800284 0.010011262670504317 0.05314337403889642 0.022678308198208413 -0.030207829869502177 -0.02478168515459052 -0.07081132981277005 0.0061942517343904855 -0.0759651307596513 0.07612629477099712 0.05524135209785611
0.0024518818192963117 0.043899144529491216 -0.007941009642654566 0.11715578239183388 0.011810558639423643 0.01657785671995263 -0.0036836935166994086 0.01584399756246191 0.07708119218910586 -0.01661359545895057 0.021527162213498797 0.08588957055214726 -0.027426663486763658 0.026842362127867253 -0.04807692307692308 -0.1223128243143069 -0.0026532236667551044 -0.06583193494255841 0.022474881015335797 -0.09579341940857974 0.042118698149329926 0.0333292186149858 -0.031022551008232903 -0.008268367587999054 -0.08590197069226882 -0.17644072099517646 -0.274210807918673 -0.38535153757815493 -0.18352310783657064 -0.1968390804597701 0.05530546623794212 -0.019330675365470583 -0.07249879168680522 -0.13777127529870764 -0.2193580369314661 -0.4302631578947369 -0.7149692412850308 -2.1115846571096473 -1.3112333914910752 -1.1137843192754036 0.013839959738298945 0.05737704918032786 -0.0424678541937006 -0.03422564478670089 -0.1802899256913144 -0.35358565737051795 -0.6349611118194568 -0.7281801894036346 -0.6529481598733676 -0.43338683788121984 -0.03323895112643112 0.0023454907939486395 -0.004584001833600736 -0.15807891878846386 -0.22263450834879409 -0.5841062923038356 -1.0409207161125322 -1.540519877675841 -2.6372190277051755 -1.9768243895709747 0.002412545235223161 -0.1311168344649965 -0.13505508825968485 -0.11760382212421905 -0.11549083605322623 -0.28742067935796933 -0.2851400577816857 -0.5275571002979146 -0.7852729145211124 -0.7702926559911651 -0.02557871850620284 0.04030823947836396 0.03315963998105163 0.03957946815089673 -0.027086924402856438 -0.06586169045005488 0.013779280972065638 -0.017532874139010644 0.06441435519915867 0.37421163279607567 0.006257039169065198 0.045228403437358664 0.028347885247760517 -0.0374577090381827 -0.016521123436393677 -0.06481036965914547 0.019821605550049554 -0.074719800747198 0.07862223886184949 0.027620676048928074
0.0024518818192963087 0.04277352543899145 -0.01474758933635848 0.10439624173529753 0.011810558639423641 0.002368265245707519 0.004911591355599214 0.0012187690432662976 0.08221993833504625 -0.012460196594212927 0.03419019880967456 0.08098159509202454 -0.01669449081803005 0.024402147388970234 -0.03542510121457491 -0.11984185816654311 0.019899177500663306 -0.0632502904350071 0.040983606557377046 -0.08329862557267806 0.05360561582641991 0.03579804962350327 -0.027443025891898332 -0.020080321285140562 -0.0821121778676099 -0.20563594821020564 -0.26752273943285176 -0.3700395559525328 -0.14601473543201604 -0.17672413793103448 0.06816720257234726 -0.038661350730941166 -0.06887385210246497 -0.14996342355523043 -0.23546907919196927 -0.5105263157894737 -0.9213943950786057 -2.2601059021051273 -1.2159441685679775 -0.7783753184262666 0.03397081026673377 0.045667447306791564 -0.035389878494750504 -0.05011612272338345 -0.1839444512120843 -0.3959163346613546 -0.6732117812061711 -0.7217814179677503 -0.5803983643318824 -0.3283233620312273 -0.036932167918256806 -0.008209217778820218 -0.028650011460004586 -0.16652588391456496 -0.24984539270253553 -0.6542993231386313 -1.1419437340153453 -1.7622324159021407 -2.596706743335076 -1.745068285280728 0.0036188178528347393 -0.1311168344649965 -0.13742447577301267 -0.12005390175180694 -0.12427818227466736 -0.3098170959313176 -0.3090064062303731 -0.5921052631578948 -0.7749742533470649 -0.7054113749309774 -0.02046297480496227 0.041493775933609964 0.022501184272856474 0.03957946815089673 -0.025855700566362966 -0.07317965605561653 0.027558561944131275 -0.03506574827802129 0.08939135007230183 0.2859145059565522 0.013765486171943436 0.033921302578019 0.030615716067581355 -0.048332527791203485 -0.004720320981826764 -0.07801248199711955 0.029732408325074334 -0.08966376089663759 0.09359790340696368 -0.01709851374457451
-0.001225940909648155 0.04727600180099055 -0.012478729438457176 0.10903607470131076 0.001181055863942363 -0.0035523978685612794 0.0012278978388998024 0.009750152346130409 0.07194244604316548 -0.009691264017721163 0.02785868051158668 0.08711656441717791 -0.019079418077748628 0.02806246949731576 -0.055668016194331996 -0.11613540894489746 0.013266118333775537 -0.03872466761326966 0.01586462189317821 -0.07635707344162154 0.05488194001276324 0.0407357116405382 -0.02982937596945472 -0.01771793054571226 -0.10232440626579078 -0.22213759837522215 -0.3036383092562868 -0.345795585045298 -0.12993971868720694 -0.15229885057471265 0.0707395498392283 -0.053159357255044094 -0.06645722571290479 -0.16703243111436233 -0.26645185276985994 -0.5986842105263158 -1.239917976760082 -2.2807697274958025 -1.1005234196752114 -0.45004245683555044 0.036487166582788125 0.03629976580796253 -0.051905155125634074 -0.06478425620339812 -0.21927153124619317 -0.42953187250996017 -0.7369628968506949 -0.7000255950857437 -0.5276348766653476 -0.20574930687290247 -0.04308752923796627 -0.021109417145537702 -0.0343800137520055 -0.1713527211294799 -0.2906617192331479 -0.729506141890198 -1.292838874680307 -2.0795107033639146 -2.5352848928384737 -1.5091736791281556 -0.0024125452352231616 -0.1299461484429876 -0.12083876317971805 -0.12250398137939482 -0.1343208636706001 -0.33967898469578195 -0.3517146087174978 -0.6988579940417081 -0.7621009268795057 -0.6474323578133628 -0.04348382146054483 0.03912270302311797 -0.001184272856466126 0.04823747680890539 -0.05909874415168677 -0.07683863885839737 0.02129525241137417 -0.04132748904195366 0.07493098461942946 0.20602662929222143 0.007508447002878238 0.03957485300768883 0.04195487016668556 -0.0374577090381827 -0.009440641963653528 -0.06000960153624581 0.027254707631318136 -0.07098381070983809 0.08236615499812805 -0.023674865184795474
-0.018389113644722323 0.037145429986492576 -0.03062960862166761 0.11367590766732398 -0.02362111727884729 -0.023682652457075192 -0.03315324165029469 -0.02193784277879342 0.057810894141829404 -0.011075730305967044 0.02532607319235152 0.09447852760736196 -0.02861912711662295 0.028062469497315758 -0.06578947368421054 -0.10625154435384236 -0.005306447333510214 -0.03097973409061573 0.018508725542041242 -0.04164931278633902 0.05232929164007658 0.043204542649055676 -0.027443025891898343 -0.024805102763997163 -0.11116725618999493 -0.24244732165524246 -0.3049759229534511 -0.34324358810769434 -0.09912926992632284 -0.13362068965517243 0.060450160771704176 -0.06644919656880512 -0.07854035766070565 -0.18653986832479885 -0.3172636014376007 -0.7052631578947368 -1.5625427204374573 -2.240733565801369 -0.9542343309622868 -0.11604868383809794 0.022647206844489187 0.019906323185011704 -0.05662380559160081 -0.08311942305341644 -0.25216226093312216 -0.475597609561753 -0.7917888563049853 -0.6641924750447915 -0.45508508112386215 -0.07879760688749456 -0.045549673765850056 -0.024627653336460654 -0.050424020169608064 -0.17859297695185228 -0.3290043290043291 -0.8197543243920782 -1.4475703324808187 -2.428644240570846 -2.4215891270256145 -1.2360325562146504 -0.016887816646562127 -0.12526340435495203 -0.13623978201634876 -0.11515374249663113 -0.15942756716043185 -0.37327360955580435 -0.43336264288405985 -0.8180238331678252 -0.7363542739443873 -0.5508006626173384 -0.05883105256426653 0.04030823947836396 -0.023685457129322598 0.054421768707483 -0.07633587786259541 -0.07439931698987681 -0.010021295252411373 -0.030056355666875388 0.07756014197449716 0.161177295024527 0.0050056313352521585 0.041836273179556766 0.03741920852704388 -0.03504108264862252 -0.007080481472740147 -0.05520883341334615 0.01734390485629336 -0.07721046077210461 0.09609384749781605 -0.036827568065237404
-0.015937231825426012 0.05515533543448897 -0.032898468519568916 0.13107528128987356 -0.028345340734616746 0.0035523978685612816 -0.05034381139489195 -0.006093845216331504 0.04110996916752312 0.016613595458950574 0.02912498417120425 0.10552147239263802 -0.019079418077748628 0.021961932650073204 -0.059463562753036436 -0.10748702742772424 -0.0198991775006633 -0.032270556344391375 0.0013220518244315145 -0.03609607108149382 0.06509253350350988 0.04690778916183187 -0.016704450542894645 -0.03425466572171037 -0.11243052046488126 -0.26656511805026656 -0.3049759229534511 -0.33813959423248696 -0.07635632953784328 -0.12787356321839083 0.07073954983922828 -0.06644919656880512 -0.06283228612856452 -0.2072665203608876 -0.35444292973106956 -0.8157894736842104 -1.8591934381408066 -2.181325067803177 -0.7287612401019998 0.1259552787998868 0.017614494212380476 0.026932084309133485 -0.06252211867405923 -0.10267693436010265 -0.28261664027287126 -0.5104581673306774 -0.8019890348081093 -0.596365497824418 -0.36011080332409967 0.03210272873194222 -0.029545734334605438 -0.017591180954614753 -0.040110016044006415 -0.1870399420779534 -0.36982065553494126 -0.9212835297066935 -1.6432225063938617 -2.6248725790010194 -2.2843700993204394 -0.9366809215064146 -0.013268998793727383 -0.12058066026691643 -0.12320815069304585 -0.1090285434276614 -0.1657042430328898 -0.38322757247729256 -0.5062178118326843 -0.8949851042701091 -0.7003089598352215 -0.4058531198233021 -0.04987850108709554 0.045050385299347954 -0.014211274277593559 0.06060606060606062 -0.06894853484363456 -0.0695206732528357 -0.021295252411374165 -0.01001878522229179 0.08018929932956487 0.10371408549404344 0.021273933174821673 0.0373134328358209 0.051026193445968926 -0.04349927501208313 0.007080481472740147 -0.0744119059049448 0.029732408325074327 -0.0983810709838107 0.10857356795207788 -0.06707878469025384
-0.02697070001225941 0.04277352543899145 -0.03743618831537153 0.12411553184085374 -0.02362111727884729 -0.0035523978685612764 -0.05034381139489195 -0.01096892138939671 0.051387461459403906 0.017998061747196457 0.026592376851969097 0.11042944785276072 -0.025041736227045076 0.03538311371400684 -0.05819838056680162 -0.1025450951321967 -0.015919342000530638 -0.0258164450755131 0.003966155473294553 -0.015271414688324308 0.07147415443522655 0.04197012714479694 -0.020283975659229212 -0.04370422867942357 -0.11369378473976757 -0.277989337395278 -0.27287319422150885 -0.3151716217940539 -0.03616878767582049 -0.110632183908046 0.056591639871382625 -0.07007369819983086 -0.08941517641372643 -0.24018532065349918 -0.43375883009046967 -1.2078947368421051 -1.8304853041695146 -2.0366782900684486 -0.45765669037713064 0.11180300028304557 0.008807247106190238 0.016393442622950817 -0.08021705792143448 -0.11734506784011733 -0.31916189548057006 -0.5764442231075697 -0.7764885885502998 -0.5195802405938061 -0.28492283339928764 0.0029184298847220193 -0.019697156223070295 -0.023454907939486333 -0.03667201466880586 -0.20634729093761311 -0.4155844155844156 -1.0290799699172726 -1.9130434782608696 -2.507645259938838 -1.9733403031887093 -0.6124982756242241 -0.019300361881785282 -0.14516506672910326 -0.12439284444970973 -0.13597941933112825 -0.18076826512678887 -0.4441955953714071 -0.623037306870996 -0.9098808341608737 -0.6166323377960866 -0.26642738818332407 -0.05499424478833611 0.04267931238885596 -0.02013263855992421 0.07421150278293137 -0.07141098251662151 -0.06220270764727405 -0.03507453338343981 -0.0037570444583594266 0.11305376626791111 0.08969866853538892 0.021273933174821673 0.0407055630936228 0.04422270098650641 -0.035041082648622525 0.009440641963653528 -0.0672107537205953 0.029732408325074327 -0.09339975093399752 0.12105328840633969 -0.04077337892936998
-0.03923010910874096 0.037145429986492576 -0.05899035734543392 0.10091636701078759 -0.043699066965867485 -0.018946121965660152 -0.055255402750491164 -0.019500304692260818 0.0501027749229188 0.016613595458950574 0.027858680511586676 0.10797546012269939 -0.03696637252563796 0.035383113714006834 -0.06578947368421054 -0.10501606127996047 -0.033165295834438835 -0.02839808958306441 -0.001322051824431519 0.008329862557267807 0.07275047862156989 0.03209480311072707 -0.02028397565922921 -0.04961020552799433 -0.13390601313794845 -0.2830667682152831 -0.2608346709470305 -0.2794436646676024 -0.0174146014735432 -0.08333333333333334 0.050160771704180075 -0.08215537030324996 -0.10270662155630739 -0.2731041209461107 -0.5304250836534887 -1.5921052631578947 -1.7621326042378676 -1.815833656205605 -0.31942021205207355 0.12170959524483442 -0.006290890790135881 0.001170960187353629 -0.09673233455231804 -0.15646009045348977 -0.3776343038128883 -0.6536354581673307 -0.7433380084151473 -0.4402354747888406 -0.24535021764938664 -0.010214504596527063 -0.024621445278837868 -0.03400961651225519 -0.05386202154480861 -0.2365150235308314 -0.5009276437847866 -1.1606919027325144 -2.2071611253196934 -2.376401630988787 -1.5995818086774698 -0.4386811974065388 -0.025331724969843185 -0.15921329899321002 -0.13505508825968487 -0.165380374862183 -0.22344966105950292 -0.5039193729003358 -0.7574425323451827 -0.8925024826216484 -0.5175077239958806 -0.1849806736609608 -0.06138892441488682 0.024896265560165977 -0.03434391283751777 0.06802721088435375 -0.09234178773701059 -0.07317965605561653 -0.0463484905424026 -0.008766437069505317 0.11568292362297883 0.08269096005606166 0.013765486171943436 0.03505201266395297 0.04422270098650641 -0.02537457709038183 -0.002360160490913382 -0.07081132981277005 0.02106045589692765 -0.09962640099626402 0.1360289529514539 -0.02893594633697224
-0.024518818192963098 0.04164790634849167 -0.05672149744753262 0.09163670107876115 -0.05432856974134877 -0.013025458851391353 -0.049115913555992145 -0.002437538086532602 0.06680369989722508 0.03738058978263879 0.025326073192351528 0.10797546012269939 -0.038158836155497255 0.028062469497315768 -0.07338056680161943 -0.10254509513219667 -0.05173786150172459 -0.020653156060410478 0.001322051824431516 0.02082465639316951 0.08168474792597319 0.02715714109369214 -0.015511275504116457 -0.0909520434679896 -0.15285497726124306 -0.3021071337903021 -0.24478330658105935 -0.2347837182595381 0.012056262558606834 -0.07183908045977011 0.04630225080385853 -0.09786154403769481 -0.11237312711454808 -0.31577663984394044 -0.6444416904201264 -1.936842105263158 -1.673274094326726 -1.4839209608678807 -0.17178902160783785 0.140107557316728 -0.020130850528434826 -0.01990632318501171 -0.11442727379969328 -0.187018701870187 -0.4409794128395664 -0.7233565737051794 -0.6897870712737473 -0.3647299718454057 -0.20182034032449545 -0.020429009193054133 -0.02215930075095408 -0.05394628826081858 -0.06646802658721063 -0.283576686376252 -0.5850340136054422 -1.333667585861118 -2.4015345268542196 -2.2502548419979616 -1.2036069001568215 -0.3848806731963029 -0.027744270205066347 -0.16155467103722781 -0.13031631323302925 -0.18130589244150436 -0.259854381119759 -0.5673758865248226 -0.8579324205501819 -0.8627110228401191 -0.4183831101956746 -0.15875207067918276 -0.051157437012405674 0.020154119739181978 -0.02131691141639034 0.05689548546691403 -0.09603545924649101 -0.09147457006952067 -0.03256920957033697 -0.011271133375078284 0.13934533981858813 0.06727400140154169 0.023776748842447754 0.031659882406151064 0.06349926295498357 -0.041082648622522956 -0.001180080245456691 -0.09241478636581854 0.01734390485629336 -0.10585305105853052 0.16223636590540372 -0.030251216625016442
-0.01961505455437048 0.04164790634849167 -0.05104934770277936 0.08931678459575454 -0.04606117869375222 -0.011841326228537594 -0.035609037328094305 0.01096892138939671 0.07836587872559095 0.034611657206147034 0.010130429276940611 0.1116564417177914 -0.034581445265919386 0.028062469497315768 -0.07211538461538462 -0.10254509513219667 -0.08357654550278588 -0.007744933522653928 -0.014542570068746697 0.02637789809801471 0.07657945118059986 0.035798049623503275 -0.017897625581672832 -0.09213323883770376 -0.17559373420919658 -0.27925869510027923 -0.24077046548956665 -0.1913997703202756 0.012056262558606833 -0.05459770114942529 0.0437299035369775 -0.10994321614111394 -0.12687288545190914 -0.35966837356742254 -0.7906803817077706 -2.267105263157895 -1.5680109364319892 -1.1003487020534677 -0.14360488525030196 0.12878573450325503 -0.03648716658278812 -0.02693208430913349 -0.14037985136251033 -0.20168683535020165 -0.5225971494700938 -0.7756474103585658 -0.6438862680096902 -0.28154594317890963 -0.18467220683287167 -0.011673719538888077 -0.029545734334605438 -0.05394628826081858 -0.07219802887921153 -0.32219138409557135 -0.6802721088435375 -1.4778139884682877 -2.523017902813299 -2.0935270132517845 -0.8063251437532672 -0.3559111601600221 -0.022919179734620022 -0.15804261297120115 -0.12557753820637366 -0.18865613132426806 -0.28245041426060763 -0.6320766455144954 -0.9119457354603691 -0.8254716981132075 -0.3179711637487127 -0.15599116510215347 -0.056273180713646245 0.022525192649673974 -0.02368545712932259 0.054421768707482984 -0.09726668308298447 -0.1012318575436029 -0.0288112238506827 0.011271133375078277 0.1432890758511897 0.06306937631394534 0.022525341008634715 0.03505201266395297 0.0771062478739086 -0.04229096181730304 0.002360160490913382 -0.09721555448871819 0.002477700693756195 -0.09838107098381071 0.15225258954199425 -0.021044324608707088
-0.025744759102611252 0.04277352543899145 -0.06125921724333523 0.09163670107876115 -0.06850124010865713 -0.0035523978685612764 -0.060166994106090374 0.03290676416819013 0.06808838643371017 0.04845632008860584 0.017728251234646067 0.11411042944785277 -0.0333889816360601 0.024402147388970234 -0.07211538461538462 -0.09513219668890535 -0.08622976916954098 -0.002581644507551312 0.009254362771020624 0.029154518950437313 0.07019783024888321 0.03456363411924455 -0.04056795131845842 -0.10276399716513111 -0.21601819100555836 -0.2513328255902513 -0.222043873729267 -0.1441878269746076 0.032150033489618215 -0.03160919540229885 0.03215434083601287 -0.11960855382384923 -0.15224746254229096 -0.41453304072177516 -1.0472177469327053 -2.4407894736842106 -1.439507860560492 -0.7103189978044684 -0.12481546101194471 0.1259552787998868 -0.04529441368897835 -0.04098360655737705 -0.1769493924737525 -0.24324654687690989 -0.6176148130101109 -0.8167330677290836 -0.5814101746780569 -0.2341950345533657 -0.16356681176625776 -0.014592149423610099 -0.03570109565431491 -0.058637269848715846 -0.10314004125601647 -0.36080608181489077 -0.7990105132962276 -1.6746051642015545 -2.543478260869565 -1.8972986748216107 -0.48484056455828545 -0.32418264588219065 -0.031363088057901084 -0.16038398501521892 -0.1362397820163488 -0.19110621095185593 -0.33517449158925433 -0.6980216498693542 -0.9571661851526191 -0.7683714001986098 -0.24330587023686928 -0.13390392048591934 -0.05883105256426653 0.01896858328393598 -0.03908100426338228 0.056895485466914045 -0.11450381679389314 -0.10733016221490425 -0.026305900037579856 0.031308703819661866 0.14197449717365582 0.06306937631394534 0.030033788011512953 0.029398462234283128 0.07030275541444608 -0.047124214596423394 -0.002360160490913382 -0.11041766682669227 -0.006194251734390484 -0.09339975093399752 0.16473230999625607 -0.024990135472839667
-0.047811695476278046 0.040522287257991896 -0.08281338627339763 0.09511657580327107 -0.07794968702019606 2.7755575615628915e-18 -0.07244597249508841 0.04143814747105423 0.06551901336073998 0.04014952235913055 0.0 0.1116564417177914 -0.038158836155497255 0.021961932650073207 -0.07717611336032389 -0.09636767976278725 -0.1008224993366941 0.014199044791532205 0.014542570068746697 0.027766208524226017 0.05871091257179323 0.027157141093692144 -0.05727240186135307 -0.10630758327427356 -0.23875694795351188 -0.22594567149022587 -0.18726591760299624 -0.10590787291055252 0.045545880776959154 -0.012931034482758614 0.012861736334405146 -0.13048205871692642 -0.17520541324311262 -0.4669592782248232 -1.3496096170529186 -2.535526315789474 -1.2850307587149694 -0.4081105514658402 -0.12749966447456715 0.11746391168978206 -0.06668344237544035 -0.06088992974238876 -0.19346466910463606 -0.2884732917736218 -0.710196126202948 -0.8453685258964144 -0.5367843937268901 -0.1894036345021756 -0.18071494525788154 -0.021888224135415146 -0.046780746029791945 -0.06332825143661311 -0.12491404996561997 -0.4006274888379389 -0.9128014842300557 -1.9315617949360742 -2.4884910485933505 -1.7023445463812437 -0.30580240460010455 -0.3007311353290109 -0.05307599517490952 -0.1662374151252634 -0.1540101883663073 -0.19968148964841356 -0.3728345468240021 -0.7851188254323752 -0.9533978143449314 -0.7149950347567031 -0.1892378990731205 -0.1311430149088901 -0.09080445069702008 0.010669828097213988 -0.0592136428233065 0.056895485466914045 -0.13174095050480178 -0.11952677155750702 -0.03632719528999124 0.05134627426424546 0.1222558170106481 0.050455501051156273 0.02753097234388687 0.030529172320217096 0.06690100918471482 -0.0374577090381827 -0.0059004012272834555 -0.11281805088814212 -0.018582755203171458 -0.07721046077210461 0.16722825408710845 -0.010522162304353544
-0.055167340934166975 0.011256190904997753 -0.08848553601815087 0.08699686811274794 -0.07794968702019606 -0.014209591474245113 -0.068762278978389 0.029250457038391225 0.07322713257965056 0.01799806174719646 -0.018994554894263643 0.10674846625766872 -0.03935129978535655 0.01830161054172767 -0.08223684210526316 -0.08648381517173215 -0.11939506500397983 0.03356137859816703 0.006610259122157588 0.03748438150770512 0.04850031908104658 0.013578570546846077 -0.05846557690013125 -0.11693834160170091 -0.26023244062657913 -0.2069053059152069 -0.18325307651150347 -0.10718387137935434 0.033489618218352314 -0.014367816091954023 0.0090032154340836 -0.14498006524102935 -0.194538424359594 -0.5254815898561327 -1.6829842607510224 -2.544736842105263 -1.03485987696514 -0.22601059021051279 -0.1328680713998121 0.1132182281347297 -0.08933064921992953 -0.07377049180327869 -0.2076206205025363 -0.3324776922136658 -0.7832866366183457 -0.8391434262948207 -0.48068341195970926 -0.15101100588686972 -0.18335311964120826 -0.016051364365971106 -0.07140219130862982 -0.07271021461240765 -0.14095805638322254 -0.4428623144684446 -1.0401978973407544 -2.2624717974429682 -2.398976982097187 -1.4283893985728846 -0.24699424986931523 -0.2786591253966064 -0.06875753920386006 -0.17560290330133457 -0.16111835090629073 -0.21560700722773488 -0.4167712779312077 -0.8784372278213264 -0.9433488255244316 -0.6417576961271103 -0.1712152420185376 -0.12838210933186087 -0.1035938099501215 0.011855364552459988 -0.053292278540975846 0.054421768707483 -0.13789706968726914 -0.12318575436028785 -0.05511712388826255 0.07764558547276143 0.10385171552517418 0.05185704274702172 0.022525341008634715 0.03505201266395297 0.07597233246399818 -0.02899951667472208 -0.014160962945480294 -0.1116178588574172 -0.03468780971258672 -0.056039850560398494 0.1584924497691252 0.003945810864132582
-0.055167340934166975 0.015758667266996852 -0.0930232558139535 0.11019603294281406 -0.08149285461202314 -0.002368265245707517 -0.07981335952848724 0.031687995124923825 0.07451181911613566 0.03045825834140939 -0.030391287830821827 0.09693251533742331 -0.03458144526591939 0.02440214738897023 -0.08097165991902835 -0.09636767976278725 -0.1326611833377554 0.01290822253775655 0.014542570068746697 0.03609607108149382 0.04722399489470325 0.00617207752129367 -0.04892017658990574 -0.12166312308055752 -0.2627589691763517 -0.19040365575019041 -0.13911182450508291 -0.10463187444175066 0.04822505023442733 -0.004310344827586206 0.007717041800643087 -0.16672707502718376 -0.2138714354760754 -0.5693733235796147 -2.007683727847317 -2.492105263157895 -0.6739576213260424 -0.1666020922123208 -0.13555227486243457 0.12878573450325503 -0.09184700553598388 -0.08548009367681499 -0.1970036569541111 -0.35692458134702354 -0.8247045925204045 -0.8042828685258966 -0.391431850057376 -0.11005886869721015 -0.1635668117662577 -0.021888224135415146 -0.08617505847593253 -0.07036472381845901 -0.16273206509282603 -0.47061662845420543 -1.147804576376005 -2.577086989220356 -2.2634271099744248 -1.0333843017329254 -0.2090956612650287 -0.24693061111877496 -0.07720144752714113 -0.17560290330133457 -0.17651936974292143 -0.20580668871738328 -0.46196334421290486 -0.9506034590021152 -0.9119457354603693 -0.51266137040715 -0.148043254376931 -0.10353395913859746 -0.09975700217419106 0.024896265560165973 -0.03671245855045002 0.07421150278293136 -0.12804727899532134 -0.1012318575436029 -0.0463484905424026 0.10018785222291797 0.12357039568818193 0.05606166783461808 0.020022525341008634 0.033921302578018994 0.07483841705408775 -0.02899951667472208 -0.017701203681850367 -0.1260201632261162 -0.029732408325074327 -0.0597758405977584 0.17970797454137027 0.003945810864132582
-0.0649748682113522 0.02363800090049528 -0.08961996596710155 0.11599582415033058 -0.08149285461202313 0.017761989342806393 -0.05893909626719057 0.06703229737964655 0.09249743062692703 0.04707185380035996 -0.037989109788527285 0.08343558282208588 -0.036966372525637975 0.025622254758418738 -0.08856275303643724 -0.09389671361502347 -0.1140886176704696 0.029688911836840064 0.02379693283976732 0.03609607108149382 0.04467134652201658 0.004937662017034933 -0.056079226822574865 -0.12048192771084339 -0.27918140474987374 -0.15613099771515612 -0.1350989834135901 -0.07783590659691209 0.04688546550569324 0.005747126436781609 -0.002572347266881031 -0.1703515766582095 -0.24528757854035765 -0.6388685686417946 -2.336101127772958 -2.3776315789473683 -0.3103212576896787 -0.1343148650393904 -0.1248154610119447 0.140107557316728 -0.10065425264217412 -0.08665105386416863 -0.2194172466674531 -0.3911502261337244 -0.8539407966865635 -0.7569721115537849 -0.311105444345276 -0.07934476580496544 -0.1477377654662973 -0.024806654020137167 -0.10464114243506092 -0.08443766858215082 -0.1845060738024295 -0.530952093640642 -1.2764378478664193 -2.793933316620707 -2.092071611253197 -0.6103465851172274 -0.1907997909043387 -0.24279210925644917 -0.08082026537997587 -0.18379770545539686 -0.18244283852624096 -0.2278574053656744 -0.49962339944765255 -0.9966405375139977 -0.8353221957040573 -0.35749751737835156 -0.12615859938208035 -0.0759249033683048 -0.10231487402481136 0.01896858328393598 -0.03315963998105163 0.06184291898577614 -0.1292785028318148 -0.09635321380656178 -0.003757985719654265 0.11020663744520975 0.14986196923885892 0.050455501051156273 0.008759854836691278 0.03505201266395296 0.0714366708243565 -0.022957950700821652 -0.030682086381873967 -0.12962073931829093 -0.019821605550049554 -0.0361145703611457 0.1871958068139274 0.005261081152176775
-0.06497486821135222 0.004502476361999103 -0.08848553601815089 0.09163670107876117 -0.08031179874808078 -0.011841326228537594 -0.04052062868369351 0.05971968312004874 0.10405960945529291 0.031842724629655275 -0.04432062808661517 0.061349693251533735 -0.03935129978535655 0.014641288433382142 -0.10374493927125505 -0.09883864591055103 -0.09020960466967366 0.0348522008519427 0.03172924378635642 0.030542829376648616 0.042118698149329926 -0.009875324034069866 -0.07039732728791313 -0.1322938814079849 -0.296867104598282 -0.13328255902513328 -0.1364365971107544 -0.05869592956488452 0.03750837240455458 0.014367816091954023 -0.010289389067524118 -0.2017639241270992 -0.2767037216046399 -0.7607900512070227 -2.575288139794274 -2.264473684210526 0.05604921394395078 -0.12139997417021826 -0.11944705408669978 0.12878573450325503 -0.10694514343230999 -0.1100702576112412 -0.23357319806535332 -0.41926414863708594 -0.873431599464003 -0.6984561752988048 -0.262654596455438 -0.09086255438955719 -0.12927054478301014 -0.03502115861666424 -0.11448972054659608 -0.10554708572768853 -0.21430208572083428 -0.5949076867382648 -1.4124922696351265 -2.902983203810479 -1.8542199488491051 -0.3134556574923547 -0.185572399372713 -0.23175610429024696 -0.09047044632086852 -0.20604073987356591 -0.1931050823362161 -0.27318387847605047 -0.541049460205875 -1.0650740325992285 -0.739856801909308 -0.2606752730883813 -0.10427394438722966 -0.09387078961899505 -0.09847806624888092 0.013040901007705986 -0.035528185693983895 0.06802721088435375 -0.14035951736025606 -0.08537626539821933 0.02380057622447701 0.1039448966812774 0.14986196923885894 0.050455501051156273 0.008759854836691278 0.03618272274988693 0.0600975167252523 -0.014499758337361047 -0.047203209818267644 -0.12481997119539126 -0.011149653121902865 -0.013698630136986297 0.19093972295020595 0.01183743259239774
-0.06742675003064853 -0.005628095452498874 -0.10323312535450938 0.08699686811274795 -0.09330341325144678 -0.02131438721136767 -0.047888015717092336 0.05240706886045095 0.08221993833504626 0.024920393188425864 -0.044320628086615174 0.04662576687116564 -0.03577390889577868 -0.00854075158613958 -0.10754048582995952 -0.11119347664936989 -0.08755638100291854 0.03356137859816703 0.0224748810153358 0.023601277245592116 0.021697511167836626 -0.020985063572398467 -0.09187447798592054 -0.1535553980628396 -0.3019201616978272 -0.11170347804011167 -0.14044943820224717 -0.04465994640806432 0.032150033489618215 0.008620689655172412 -0.03858520900321544 -0.21747009786154403 -0.3214113098115031 -1.0399902462813946 -2.554219853761309 -1.8302631578947366 0.09022556390977443 -0.11235955056179776 -0.1449469869816132 0.1273705066515709 -0.1233014594866633 -0.12997658079625293 -0.2725020644095788 -0.4644908935337978 -0.8661225484224632 -0.6063247011952191 -0.23332908325895704 -0.07934476580496544 -0.1398232423163171 -0.03793958850138625 -0.1304936599778407 -0.11375630350650875 -0.2429520971808389 -0.6480028961023289 -1.6536796536796536 -2.7638505891200804 -1.469309462915601 -0.2561162079510704 -0.1816518557239937 -0.22485860118637052 -0.10253317249698432 -0.20369936782954814 -0.22035303873948586 -0.2817591571726081 -0.6188802410243535 -1.020281199452532 -0.5991709584223088 -0.20729890764647468 -0.11328527291452113 -0.07592490336830482 -0.09464125847295049 0.0035566093657379964 -0.035528185693983895 0.054421768707482984 -0.14774686037921694 -0.08659592633247959 0.0463484905424026 0.10269254852849093 0.13408702510845277 0.04905395935529081 0.006257039169065198 0.045228403437358664 0.06349926295498357 -0.013291445142580956 -0.049563370309181023 -0.11881901104176666 -0.007433102081268582 0.006226650062266502 0.17846000249594413 0.006576351440220967
-0.055167340934166975 -0.013507429085997297 -0.0737379466817924 0.08235703514673473 -0.08503602220385023 -0.02368265245707519 -0.04911591355599214 0.04753199268738574 0.08735868448098665 0.019382528035442333 -0.044320628086615174 0.04294478527607362 -0.019079418077748628 -0.012201073694485115 -0.09488866396761134 -0.09760316283666914 -0.06898381533563282 0.04905124564347489 0.04891591750396616 0.024989587671803416 0.021697511167836633 -0.017281817059622267 -0.10380622837370243 -0.15237420269312543 -0.28297119757453254 -0.07362274689007361 -0.11503477795612627 -0.028071966313640416 0.0334896182183523 0.007183908045977012 -0.05144694533762058 -0.23075993717530507 -0.3769937167713871 -1.3155327968788098 -2.4761432643450236 -1.3960526315789477 0.09569377990430622 -0.10331912695337726 -0.15434169910079185 0.13303141805830737 -0.12204328132863614 -0.15105386416861827 -0.2949156541229208 -0.5036059161471703 -0.8173955414788645 -0.5179282868525897 -0.19762845849802368 -0.074225748656258 -0.1187178472497032 -0.04231723332846928 -0.12433829865813124 -0.12782924827020054 -0.2567041026816411 -0.7179920357185953 -1.8651824366110081 -2.589621459012284 -1.0485933503836318 -0.22935779816513763 -0.16466283324621012 -0.2069250931162919 -0.10856453558504223 -0.19901662374151255 -0.22509181376614146 -0.31361019233125076 -0.675370323876475 -0.9717556302102774 -0.4434116317045597 -0.18123138033763658 -0.10813594232749743 -0.07592490336830479 -0.07801509144391865 0.0 -0.00236854571293226 0.023500309214594933 -0.12681605515882788 -0.09391389193804124 0.07014906676687963 0.09517845961177208 0.14986196923885897 0.04064470918009811 0.012514078338130397 0.03957485300768883 0.07143667082435651 -0.02537457709038183 -0.04838329006372434 -0.11641862698031684 0.002477700693756193 -0.008717310087173098 0.17596405840509174 -0.006576351440220963
-0.08213804094642638 -0.014633048176497071 -0.08394781622234827 0.06495766152418514 -0.09920869257115861 -0.02841918294849023 -0.0675343811394892 0.04387568555758683 0.0552415210688592 0.005537865152983528 -0.05824996834240852 0.033128834355828224 -0.038158836155497255 -0.028062469497315768 -0.10754048582995952 -0.09389671361502347 -0.07163703900238791 0.045178778882147934 0.030407191961924908 0.019436345966958212 0.0076579451180599865 -0.02468831008517467 -0.11931750387781888 -0.15591778880226786 -0.2690752905507832 -0.038080731150038086 -0.10834670947030496 -0.033175960188847775 0.01205626255860683 0.0014367816091954034 -0.07331189710610933 -0.245257943699408 -0.4531174480425326 -1.5886369178249207 -2.36956252323708 -0.998684210526316 0.07792207792207792 -0.12269146325713547 -0.17849953026439405 0.12170959524483442 -0.14469048817312533 -0.18032786885245902 -0.3444614840155715 -0.5463879721305465 -0.7796321110975759 -0.4357569721115538 -0.20527859237536653 -0.07806501151778858 -0.135865980741327 -0.051072522982635336 -0.1477286716730272 -0.14190219303389234 -0.30025212010084806 -0.7843610474236755 -2.060606060606061 -2.3853096014038604 -0.748081841432225 -0.20642201834862384 -0.1934134866701516 -0.1945095875293144 -0.12062726176115804 -0.19784593771950365 -0.23693875133278047 -0.34668626730368735 -0.7343710770775796 -0.9020778897598605 -0.3253360130636855 -0.15143992055610728 -0.11585993820803295 -0.05797901711761457 -0.09847806624888092 -0.0011855364552459987 -0.027238275698720983 -0.002473716759431044 -0.14897808421571043 -0.08781558726673985 0.045095828635851196 0.09016906700062619 0.11436834494544501 0.043447792571829014 -0.007508447002878238 0.03279059249208503 0.051026193445968926 -0.0374577090381827 -0.06608449374557471 -0.10321651464234279 0.002477700693756192 -0.0174346201743462 0.1522525895419943 -0.007891621728265154
-0.08336398185607455 -0.0225123818099955 -0.07260351673284174 0.056837953833662004 -0.08267391047596549 -0.02605091770278271 -0.05157170923379174 0.04753199268738574 0.06423432682425488 0.012460196594212932 -0.05698366468279094 0.03067484662576687 -0.0333889816360601 -0.0414836505612494 -0.10121457489878542 -0.08648381517173215 -0.0371451313345715 0.04517877888214793 0.051560021152829184 0.022212966819380814 0.0 -0.03950129613627947 -0.14079465457582627 -0.15237420269312543 -0.24507326932794343 -0.017771007870017775 -0.08694489031567681 -0.0204159755008294 0.01607501674480911 0.01149425287356322 -0.0797427652733119 -0.28391929443034913 -0.515949734171097 -1.8105340160936354 -2.1811872598835045 -0.6328947368421053 0.09295967190704033 -0.13689784321322485 -0.15031539390685816 0.1188791395414662 -0.1673376950176145 -0.20023419203747075 -0.3951869765247139 -0.5745018946339079 -0.7016688999878182 -0.34362549800796816 -0.17850312380466657 -0.06910673150755055 -0.1147605856747131 -0.04085801838610827 -0.17235011695186506 -0.1594933739885071 -0.34953013981205594 -0.8615904428623145 -2.134817563388992 -2.1747305088994735 -0.4961636828644501 -0.17838939857288477 -0.167276529012023 -0.17933508070078635 -0.1363088057901086 -0.20135799578553035 -0.2653714014927141 -0.37731226264853607 -0.7770524730102937 -0.8261789224835138 -0.22987061926893607 -0.12288977159880832 -0.10942327497425333 -0.03451131971286582 -0.10103593809950122 -0.004742145820983995 -0.013027001421127424 -0.03092145949288806 -0.14405318886973653 -0.07927796072691792 0.05261180007515972 0.08265497808390734 0.12094123833311425 0.04064470918009811 -0.013765486171943436 0.029398462234283128 0.04762444721623767 -0.04833252779120348 -0.06608449374557471 -0.08641382621219394 0.02849355797819624 -0.004981320049813198 0.1672282540871085 0.0052610811521767754
-0.08336398185607455 -0.040522287257991896 -0.05558706749858196 0.02899895603758266 -0.05314751387740639 -0.04026050917702783 -0.020874263261296665 0.03168799512492382 0.08992805755395683 -0.013844662882458812 -0.06331518298087882 0.026993865030674847 -0.023849272597185788 -0.052464616886285995 -0.09362348178137651 -0.08648381517173216 -0.025205624834173518 0.03614302310571834 0.05817028027498679 0.012494793835901708 0.0038289725590299924 -0.050611035674608076 -0.14318100465338265 -0.14646822584455468 -0.19833249115715007 -0.012693577050012696 -0.06688068485821293 -0.02551996937603675 0.016075016744809108 0.0014367816091954034 -0.09260450160771704 -0.312915307478555 -0.7020299661672305 -1.9324554986588633 -1.9110174742842982 -0.4144736842105262 0.08749145591250854 -0.14722975590856255 -0.15434169910079185 0.11746391168978206 -0.17488676396577757 -0.2201405152224824 -0.4600684204317565 -0.5659454834372327 -0.5932513095383116 -0.2564741035856574 -0.16192783373709038 -0.05502943434860506 -0.10684606252473287 -0.03064351378958121 -0.18342976732734215 -0.18177553653101913 -0.3988081595232638 -1.0051888500060335 -2.0890538033395174 -1.9014790674354476 -0.340153452685422 -0.15927624872579002 -0.15682174594877157 -0.18347358256311214 -0.13268998793727385 -0.21657691407164598 -0.2878805828693283 -0.4336640940830577 -0.7757971378358022 -0.7565011820330968 -0.15450320311518656 -0.11916583912611718 -0.0965499485066941 -0.04831584759801215 -0.08824657884639979 -0.0023710729104919974 0.0047370914258645196 -0.051948051948051945 -0.12681605515882785 -0.06830101231857544 0.05261180007515972 0.07138384470882907 0.11831208097804655 0.02803083391730904 -0.012514078338130397 0.03731343283582089 0.054427939675700185 -0.06041565973900435 -0.07080481472740147 -0.07441190590494479 0.03468780971258672 -0.0024906600249065963 0.16348433795082995 0.0013152702880441965
-0.07600833639818562 -0.0360198108959928 -0.051049347702779344 0.023199164830066114 -0.060233849061060586 -0.044997039668442866 -0.028241650294695487 0.025594149908592323 0.07836587872559095 -0.006922331441229407 -0.06078257566164367 0.03190184049079755 -0.019079418077748628 -0.05734504636408004 -0.10374493927125505 -0.07412898443291328 -0.023879013000795972 0.046469601135923584 0.05949233209941829 0.019436345966958212 0.0 -0.050611035674608076 -0.17778308077795013 -0.14883061658398294 -0.17180394138453764 -0.005077430820005077 -0.060192616372391636 -0.02551996937603675 0.012056262558606827 -0.011494252873563218 -0.11318327974276528 -0.34916032378881234 -0.8893185113581439 -1.9519629358692998 -1.5974718056760442 -0.2578947368421052 0.07382091592617909 -0.16531060312540358 -0.1650785129512817 0.12454005094820267 -0.18621036738802216 -0.24004683840749413 -0.5426448035861744 -0.5573890722405574 -0.49945182117188447 -0.18550796812749004 -0.13515236516639043 -0.047350908625543885 -0.08837884184144572 -0.02334743907777615 -0.19081620091099352 -0.20288495367655685 -0.4423561769424708 -1.2067093037287318 -2.045763760049474 -1.5505139132614694 -0.24424552429667523 -0.12487257900101938 -0.13983272347098796 -0.16691957511380878 -0.13027744270205063 -0.21423554202762815 -0.3056509892192868 -0.4802156070072277 -0.7958825006276675 -0.6482518352619135 -0.1281246074613742 -0.10799404170804369 -0.09783728115345006 -0.030369961347321922 -0.0728993477426781 0.007113218731475991 0.01065845570819517 -0.0655534941249227 -0.11942871213986701 -0.043907793633369926 0.05762244770136541 0.07764558547276143 0.1222558170106481 0.0350385423966363 -0.008759854836691278 0.04975124378109452 0.062365347545073134 -0.05920734654422426 -0.06962473448194477 -0.04800768122899664 0.04707631318136769 0.013698630136986306 0.16722825408710848 0.00657635144022097
-0.07478239548853746 -0.004502476361999103 -0.03857061826432217 0.02783899779607934 -0.06023384906106059 -0.013025458851391353 -0.025785854616895875 0.060938452163315046 0.07194244604316545 0.030458258341409382 -0.050652146384703056 0.04171779141104294 -0.01192463629859289 -0.04880429477794046 -0.09868421052631579 -0.06177415369409439 -0.01193950650039799 0.055505356912353164 0.06610259122157588 0.030542829376648623 -0.005105296745373326 -0.04567337365757314 -0.20164658155351387 -0.12993149066855655 -0.14780192016169785 0.02538715410002539 -0.04949170679507758 0.0038279954064055098 0.01607501674480911 0.015804597701149427 -0.1311897106109325 -0.381780838468044 -1.1358144030932817 -1.920263350402341 -1.2231999008551244 -0.1592105263157895 0.08339029391660971 -0.15627017951698308 -0.15434169910079185 0.1386923294650439 -0.2113739305485657 -0.252927400468384 -0.618143211041642 -0.529275149737196 -0.42148861006212696 -0.11578685258964141 -0.12495218666326662 -0.020476068594829786 -0.08837884184144573 0.0 -0.19943370675858674 -0.22282162542512024 -0.49048819619527845 -1.4504645830819356 -1.9072356215213353 -1.106793682627225 -0.18286445012787728 -0.08792048929663608 -0.11238891792995294 -0.15312456890605602 -0.13510253317249699 -0.2001873097635214 -0.30920507048927853 -0.5439176773245131 -0.7657544564398695 -0.512629090456638 -0.09044089938449944 -0.07447864945382324 -0.0720906282183316 -0.0027609055770292656 -0.06906253996674767 0.01778304682868998 0.00947418285172904 -0.0655534941249227 -0.11204136912090619 -0.009757287474082204 0.07014906676687963 0.09267376330619911 0.13277244643091887 0.05746320953048354 -0.0012514078338130396 0.06105834464043419 0.06576709377480441 -0.06162397293378443 -0.06254425300920463 -0.026404224675948145 0.06442021803766104 0.021170610211706107 0.17222014226881316 0.011837432592397742
-0.07846021821748192 -0.015758667266996856 -0.04310833806012478 0.004639832966013224 -0.06141490492500297 -0.013025458851391359 -0.019646365422396863 0.06581352833638025 0.06680369989722508 0.026304859476671737 -0.041788020767380016 0.0392638036809816 -0.011924636298592892 -0.05856515373352855 -0.08856275303643725 -0.04941932295527551 -0.002653223666755107 0.05679617916612882 0.06742464304600741 0.020824656393169515 -0.006381620931716655 -0.0629551907171954 -0.2159646820188522 -0.13938105362626976 -0.11622031328954019 0.026656511805026657 -0.03210272873194221 -2.0816681711721684e-18 0.021433355659745478 0.004310344827586209 -0.14662379421221866 -0.42889935967137854 -1.434267762203963 -1.8727139722019022 -0.8439707522617423 -0.12105263157894737 0.10799726589200273 -0.15627017951698308 -0.1368943765937458 0.13586187376167563 -0.22898842476094616 -0.2985948477751756 -0.685383980181668 -0.5243857719105244 -0.32525277134851993 -0.10831673306772908 -0.10072676271834757 -0.043511645764013306 -0.0804643186914655 -0.020429009193054133 -0.19943370675858674 -0.2732496774950159 -0.5386202154480861 -1.6942198624351394 -1.7575757575757573 -0.6843820506392578 -0.12915601023017903 -0.07900101936799184 -0.10585467851542081 -0.15726307076838186 -0.13872135102533173 -0.22125965815968157 -0.33645302689254825 -0.638245742986647 -0.733115741903088 -0.4056239890506407 -0.0778796633588745 -0.06827209533267131 -0.08367662203913491 -0.0027609055770292656 -0.06778360404143752 -0.002371072910491996 -0.0011842728564661286 -0.10018552875695733 -0.10957892144791923 -0.026832540553726063 0.0513591381686083 0.07013149655604259 0.11305376626791112 0.0350385423966363 0.008759854836691278 0.062189054726368154 0.0703027554144461 -0.06283228612856452 -0.04956337030918102 -0.002400384061449834 0.07185332011892963 0.03237858032378581 0.15974042181455136 0.010522162304353547
-0.08826774549466716 -0.023638000900495282 -0.06125921724333522 -0.0034798747245099147 -0.06023384906106059 -0.020130254588513915 -0.023330058939096274 0.054844606946983544 0.05909558067831448 0.01661359545895057 -0.05824996834240851 0.04171779141104294 -0.031004054376341524 -0.0439238653001464 -0.0847672064777328 -0.034593526068692856 0.0013266118333775541 0.06712275719633407 0.07403490216816501 0.027766208524226017 -0.02935545628589662 -0.0851746697938526 -0.25891898341486697 -0.13229388140798487 -0.0997978777160182 0.02665651180502665 -0.02407704654895666 -0.007655990812811024 0.020093770931011386 -0.011494252873563218 -0.17363344051446944 -0.5110547299746285 -1.7158047365877234 -1.784930504754938 -0.46845953649770716 -0.11710526315789475 0.11209842788790159 -0.1756425158207413 -0.1409206817876795 0.12029436739315029 -0.25037745344740814 -0.3430913348946135 -0.740828123156777 -0.46204620462046203 -0.2533804361067121 -0.0784362549800797 -0.08160142802499044 -0.034553365753775274 -0.060678010816514985 -0.008755289654166054 -0.21420657392588946 -0.30960478480121967 -0.6245702498280998 -1.825751176541571 -1.5856524427953 -0.3346703434444722 -0.08951406649616368 -0.06498470948012233 -0.09670674333507581 -0.15036556766450543 -0.15078407720144754 -0.2540388667759307 -0.3731785333491292 -0.7031728531177264 -0.6929450163193571 -0.32972502177429386 -0.05903780932043714 -0.08440913604766634 -0.07466529351184345 -0.022087244616234125 -0.07929402736922879 1.3877787807814458e-18 -0.021316911416390333 -0.06926406926406926 -0.10465402610194532 -0.021953896816684963 0.048853814355505454 0.06261740763932372 0.11568292362297883 0.03223545900490539 0.0025028156676260792 0.055404794210764365 0.0487583626261481 -0.06404059932334459 -0.049563370309181023 0.006000960153624576 0.06937561942517344 0.031133250311332506 0.14975664545114192 0.009206892016309356
-0.08581586367537085 -0.0270148581719946 -0.0499149177538287 0.0023199164830066147 -0.04369906696586749 -0.007104795737122557 -0.006139489194499021 0.05971968312004875 0.08221993833504626 0.017998061747196453 -0.04052171710776244 0.05030674846625768 -0.01311709992845218 -0.025622254758418738 -0.04807692307692309 -0.009883864591055103 0.022552401167418412 0.08648509100296889 0.10047593865679534 0.04303762321255032 -0.03318442884492661 -0.09504999382792245 -0.24221453287197234 -0.12284431845027166 -0.05811015664477008 0.040619446560040615 0.008025682182985553 -0.005103993875207346 0.04018754186202277 -0.018678160919540228 -0.2032154340836013 -0.572671257702066 -1.9212179797003384 -1.648378444281882 -0.1834180195811129 -0.09868421052631579 0.10799726589200273 -0.17951698308149297 -0.13957858005636828 0.12595527879988677 -0.2730246602918973 -0.3981264637002342 -0.7667807007195941 -0.42293118200708957 -0.18516262638567427 -0.07594621513944225 -0.06375111564452376 -0.01151778858459176 -0.04352987732489118 0.014592149423610104 -0.242521235996553 -0.358860091474141 -0.7300022920009167 -1.858332327742247 -1.3766233766233769 -0.09275507646026575 -0.054987212276214836 -0.06243628950050968 -0.07449032932566649 -0.1462270658021796 -0.15440289505428229 -0.26106298290798413 -0.4063499585357184 -0.7252235697660174 -0.6339442631182524 -0.23516237402015672 -0.04647657329481221 -0.05585898709036743 -0.06307929969104016 0.0 -0.0767361555186085 0.0059276822762299956 -0.029606821411653238 -0.08286951144094 -0.0775671016990889 -0.02683254055372607 0.06639108104722537 0.06011271133375079 0.1459182332062574 0.019621583742116328 0.003754223501439119 0.055404794210764365 0.04989227803605851 -0.0749154180763654 -0.024781685154590505 0.013202112337974076 0.0817641228939544 0.031133250311332506 0.15974042181455136 0.0026305405760883886
-0.08949368640431532 -0.021386762719495724 -0.05672149744753261 0.011599582415033062 -0.04488012282980985 0.011841326228537596 -2.7755575615628915e-18 0.07678244972577696 0.08607399794450155 0.026304859476671737 -0.044320628086615174 0.05030674846625767 -0.020271881707607915 -0.018301610541727673 -0.03795546558704454 -0.001235483073881888 0.03183868400106129 0.08519426874919324 0.10840824960338444 0.04442593363876163 -0.03190810465858328 -0.1036909023577336 -0.22670325736785585 -0.09213323883770376 -0.021475492673067212 0.052043665905052036 0.025414660246120924 -0.00893198928161286 0.04554588077695915 -0.02011494252873563 -0.23408360128617361 -0.7442310015706174 -1.901884968583857 -1.3277249451353328 -0.1214524724253315 -0.10526315789473684 0.11893369788106631 -0.18726591760299624 -0.13421017313112332 0.12878573450325498 -0.3032209360845496 -0.4426229508196721 -0.7538044119381856 -0.3605916147170272 -0.13643561944207577 -0.062250996015936255 -0.04590080326405712 -0.01279754287176862 -0.032977179791584224 0.02626586896249818 -0.26837375353933274 -0.40342441655916506 -0.9099243639697455 -1.795583443948353 -1.0414347557204704 -0.06643268989721733 -0.0370843989769821 -0.07262996941896024 -0.06534239414532149 -0.1586425713891571 -0.1652593486127865 -0.2809646452821354 -0.46439995261224976 -0.7215484503246355 -0.543560130554858 -0.21027746671643643 -0.036427584474312276 -0.0595829195630586 -0.05535530381050463 0.0 -0.09464125847295049 0.0035566093657379977 -0.05092373282804358 -0.07792207792207792 -0.07017975868012803 -0.02561287961946579 0.05887510960791682 0.05635566687539136 0.1511765479163928 0.02662929222144359 0.0012514078338130396 0.03505201266395296 0.03968703934686474 -0.08820686321894636 -0.015341043190936982 -0.00240038406144983 0.0879583746283449 0.003735990037359904 0.16223636590540375 -0.01972905432066289
-0.10543091822974134 -0.0225123818099955 -0.0737379466817924 0.019719290105556203 -0.037793787646155666 0.016577856719952638 0.006139489194499017 0.08165752589884216 0.08093525179856115 0.03461165720614703 -0.06458148664049639 0.03190184049079754 -0.0441211543047937 -0.025622254758418738 -0.04807692307692309 -0.012354830738818878 0.010612894667020433 0.07357686846521233 0.07800105764145955 0.04164931278633903 -0.059987236758136574 -0.11603505740032094 -0.23028278248419048 -0.07323411292227736 -0.018948964123294592 0.05585173902005584 0.0013376136971642583 -0.005103993875207347 0.021433355659745478 -0.014367816091954023 -0.2906752411575563 -0.9484112601184004 -1.863218946350894 -0.9985369422092173 -0.0979055645061346 -0.10394736842105261 0.11483253588516747 -0.19501485212449957 -0.14092068178767952 0.128785734503255 -0.3548062405636639 -0.4847775175644028 -0.7372891353073021 -0.2994743918836328 -0.11085394079668658 -0.051045816733067725 -0.051000892515619026 -0.008958280010238033 -0.04352987732489118 0.039398803443747264 -0.3065369937215314 -0.4468159962472148 -1.045152418060967 -1.6881863159164958 -0.7161410018552876 -0.032589621459012286 -0.03580562659846547 -0.04841997961264018 -0.06795608991113436 -0.15588357014760656 -0.18938480096501809 -0.3090611098103489 -0.5082336216088141 -0.6896974151659929 -0.451920662816972 -0.19410227696901824 -0.032659213666624796 -0.06454816285998015 -0.06694129763130793 0.0013804527885146328 -0.12149891290446349 1.3877787807814458e-18 -0.0793462813832307 -0.05813234384662956 -0.07141098251662151 -0.021953896816684963 0.04384316672929976 0.052598622417031934 0.13671618246352044 0.02102312543798178 -0.012514078338130397 0.03279059249208503 0.014740900328835469 -0.07612373127114548 -0.017701203681850367 0.0060009601536245806 0.07804757185332012 0.0224159402241594 0.14726070136028951 -0.006576351440220962
-0.1091087409586858 -0.024763619990995047 -0.07487237663074306 0.039438580211112406 -0.017715837959135467 0.034339846062759034 0.018418467583497057 0.08775137111517367 0.09506680369989724 0.04291845493562231 -0.06711409395973153 0.0392638036809816 -0.04292869067493441 -0.007320644216691066 -0.03289473684210527 -0.006177415369409439 0.011939506500397979 0.074867690718988 0.08461131676361712 0.037484381507705125 -0.0816847479259732 -0.11603505740032094 -0.2350554826393032 -0.05315379163713678 -0.012632642748863065 0.062198527545062186 -0.008025682182985555 0.0012759984688018357 0.009377093101138646 -0.010057471264367814 -0.34083601286173637 -1.0656034795215656 -1.80763653939101 -0.674225798585711 -0.08551245507497832 -0.09736842105263158 0.11346548188653453 -0.19372336303758236 -0.14226278351899072 0.1344466459099915 -0.3837443381982889 -0.5 -0.6924619558806181 -0.22980075785356316 -0.06943598489462785 -0.021165338645418332 -0.03315058013515236 0.010238034297414895 -0.01978630787495053 0.0612870275791624 -0.3225409331527761 -0.4749618857745984 -1.1551684620673845 -1.5783757692771814 -0.40816326530612246 -0.003760340937578341 -0.014066496163682867 -0.028032619775739044 -0.04704652378463147 -0.14346806456062905 -0.21230398069963813 -0.31842659798642003 -0.5437744343087312 -0.6517211809383806 -0.36655787095154413 -0.1617518974741819 -0.010048988820499937 -0.05213505461767627 -0.04376930998970134 0.016565433462175594 -0.13556720808287506 -0.003556609365737995 -0.08289909995262909 -0.035868893011750155 -0.0627924156611672 -0.0036589828027808247 0.04133784291619692 0.058860363180964305 0.1432890758511897 0.025227750525578137 -0.017519709673382556 0.03279059249208503 0.01587481573874589 -0.06283228612856452 -0.002360160490913382 0.008401344215074416 0.07680872150644202 0.0361145703611457 0.15100461749656807 -0.003945810864132576
-0.12259409096481548 -0.02588923908149482 -0.09188882586500284 0.052198120867648766 -0.03188850832644384 0.047365304914150384 0.003683693516699412 0.09506398537477148 0.08350462487153135 0.048456320088605835 -0.07217930859820185 0.0343558282208589 -0.0667779632721202 0.0061005368472425575 -0.03795546558704454 0.001235483073881888 0.002653223666755104 0.07099522395766103 0.06874669487043891 0.02776620852422602 -0.09444798978940652 -0.11109739538328603 -0.22789643240663407 -0.04606661941885187 -0.005053057099545227 0.062198527545062186 -0.018726591760299626 -0.001275998468801837 0.006697923643670464 -0.017241379310344827 -0.3871382636655949 -1.1030566630421652 -1.7435959400676655 -0.40721775176786146 -0.11153798488040649 -0.08289473684210526 0.10116199589883801 -0.1756425158207413 -0.15434169910079182 0.15142938013020096 -0.4139406139909411 -0.5000000000000001 -0.6570720773858676 -0.16623884610683293 -0.05847240833231818 0.001245019920318724 -0.043350758638276164 0.011517788584591758 -0.02770083102493074 0.05690938275207937 -0.3360827280561369 -0.48082561275946994 -1.175796470318588 -1.4601182575117657 -0.18923933209647487 0.021308598646277266 0.0012787723785166224 -0.006371049949031603 -0.03397804495556718 -0.14070906331907848 -0.23281061519903495 -0.3383282603605713 -0.5662836156853454 -0.6296704642900895 -0.30379111222696464 -0.1542864252830658 -0.007536741615374954 -0.05213505461767628 -0.041194644696189484 0.006902263942573164 -0.14835656733597646 -0.011855364552459988 -0.10776882993841781 -0.013605442176870753 -0.07510465402610193 1.3877787807814458e-18 0.020042590504822745 0.05134627426424546 0.12357039568818193 0.016818500350385422 -0.030033788011512953 0.02600633197648123 0.0011339154099104186 -0.05074915418076366 -0.002360160490913382 0.008401344215074411 0.05822596630327057 0.028642590286425906 0.1347809809060277 -0.0184137840326187
-0.11891626823587102 -0.005628095452498876 -0.09982983550765742 0.07655724393921819 -0.03543167591827093 0.06749555950266431 -0.006139489194499019 0.1182205971968312 0.060380267214799596 0.07476117956527759 -0.07851082689628973 0.0343558282208589 -0.07512520868113523 0.03294289897510981 -0.03922064777327936 0.012354830738818878 -0.0053064473335102166 0.0890667355105202 0.05552617662612373 0.047202554491184226 -0.09572431397574983 -0.10122207134921615 -0.20641928170862664 -0.02834868887313961 0.015159171298635674 0.07743082000507742 -0.006688068485821294 0.0025519969376036735 0.009377093101138653 -0.011494252873563218 -0.39228295819935693 -1.0933913253594298 -1.5442242629289513 -0.2182394537917581 -0.1028628082785971 -0.08157894736842106 0.10799726589200273 -0.1769340049076585 -0.1503153939068581 0.15001415227851683 -0.41771514846502267 -0.49063231850117095 -0.5685973811489914 -0.12956851240679626 -0.036545255207698864 0.014940239043824698 -0.04462578095116664 0.01791656002047607 -0.03033900540825748 0.056909382752079386 -0.34962452295949775 -0.4491614870411634 -1.1540224616089845 -1.2441172921443227 -0.08286951144093999 0.04888443218851842 -0.0012787723785166257 0.01656472986748216 -0.037898588604286465 -0.1255345564905504 -0.2460796139927624 -0.33598688831655354 -0.5556213718753702 -0.5622932745314223 -0.24604569420035155 -0.13189000870971754 -0.008792865217937446 -0.038480635551142006 -0.05149330587023686 0.01794588625069023 -0.15603018288783732 -0.005927682276229994 -0.11250592136428232 0.01607915893630179 -0.06525486333415413 0.015855592145383585 0.015031942878617066 0.06637445209768315 0.11436834494544497 0.030833917309039942 -0.03879364284820423 0.03052917232021709 -0.002267830819820839 -0.02658289028516191 0.008260561718196838 0.019203072491598656 0.05574826560951438 0.033623910336239106 0.13353300886060152 -0.011837432592397733
-0.12259409096481551 -0.0033768572714993244 -0.09415768576290415 0.08583690987124463 -0.018896893823077833 0.08052101835405566 0.0073673870333988214 0.12187690432663009 0.06808838643371018 0.0802990447182611 -0.08104343421552487 0.02576687116564418 -0.07631767231099452 0.03904343582235237 -0.026568825910931175 0.0 -0.002653223666755107 0.06712275719633407 0.052882072977260705 0.038872691933916424 -0.09317166560306317 -0.09011233181088754 -0.16346498031261184 -0.012993149066855655 0.027791814047498732 0.07743082000507742 1.3877787807814458e-18 -0.011483986219216535 0.022772940388479573 -0.015804597701149423 -0.39099678456591647 -1.0535218074181467 -1.344852585790237 -0.11826383808827116 -0.0979055645061346 -0.06315789473684211 0.11346548188653453 -0.16143613586465194 -0.13555227486243454 0.1485989244268327 -0.420231504781077 -0.46370023419203743 -0.4742243718296567 -0.07334066740007333 -0.013399926909489584 0.029880478087649397 -0.04207573632538569 0.021755822882006653 -0.02506265664160401 0.06858310229096745 -0.34346916163978825 -0.42570657910167703 -1.0955764382305753 -0.9677808615904431 0.028447742733457026 0.052644773126096764 0.0025575447570332466 0.02420998980632008 -0.02875065342394146 -0.118637053386674 -0.25331724969843183 -0.3430110044486069 -0.5390356592820755 -0.4887908857037854 -0.1883002761737384 -0.1269130272489735 0.0012561236025624921 -0.033515392254220455 -0.05149330587023686 0.015184980673660965 -0.15986699066376775 -0.004742145820983995 -0.11013737565135007 0.049474335188620905 -0.05909874415168677 0.023173557750945237 0.0037579857196542677 0.06762680025046962 0.10385171552517417 0.043447792571829014 -0.048804905518708544 0.019222071460877434 -0.01814264655856673 -0.027791203479942 -0.001180080245456691 0.0024003840614498324 0.04707631318136769 0.0012453300124533023 0.13228503681517534 -0.030251216625016442
-0.10665685913938949 -0.009004952723998195 -0.08961996596710155 0.098596450527781 -0.008267391047596547 0.07696862048549438 0.007367387033398823 0.10847044485070079 0.07836587872559096 0.06230098297106466 -0.0848423451943776 0.028220858895705525 -0.09897448127832102 0.054904831625183025 -0.03795546558704453 -0.009883864591055103 -0.021225789334040863 0.0516328901510262 0.03172924378635642 0.019436345966958216 -0.07275047862156989 -0.07283051475126526 -0.12647655411048803 0.0011811953697141568 0.05305709954522486 0.06346788525006346 0.013376136971642593 -0.033175960188847775 0.04018754186202278 -0.033045977011494254 -0.3717041800643087 -1.0027787845837863 -1.0572740454325762 -0.06096074128261399 -0.09666625356301897 -0.05131578947368422 0.12303485987696514 -0.15497869043006587 -0.1261575627432559 0.1429380130200962 -0.3938097634625063 -0.4297423887587821 -0.39282765129173053 -0.03789267815670456 0.01218175173589962 0.018675298804780877 -0.03187555782226189 0.005119017148707447 -0.007914523149980215 0.05107252298263535 -0.3262341499446017 -0.3834877448106016 -1.0199404079761631 -0.6407626402799566 0.0816326530612245 0.04763098520932564 0.014066496163682862 0.012742099898063203 -0.01829587036069002 -0.12829355773210097 -0.23642943305186975 -0.3441816904706158 -0.5165264779054615 -0.39446282004165134 -0.15440622646246552 -0.1368669901704616 0.010048988820499937 -0.047169811320754707 -0.05278063851699279 -0.0041413583655438985 -0.1547512469625272 -0.007113218731475997 -0.10895310279488395 0.06679035250463823 -0.05171140113272592 0.00853762653982193 -0.003757985719654265 0.05510331872260488 0.09333508610490339 0.02242466713384723 -0.05881616818921287 0.021483491632745367 -0.031749631477491776 -0.01087481875302078 -0.004720320981826764 -0.0036005760921747473 0.03221010901883053 -0.0062266500622664995 0.11980531636091352 -0.04077337892936998
