1.3877787807814458e-18 0.05165575131445438 0.0009905894006934125 -0.01228153046764289 0.00987078248384781 6.938893903907229e-19 0.03960194963444354 0.014647415777359275 0.026539763887617827 -0.009428625306430325 0.0250928435210278 0.08198444397729661 -0.03544920793176027 -0.07415368081676518 0.07825370675453047 0.005219206680584551 -0.03779924401511969 -0.1664447403462051 -0.02187044365757134 -0.02540908628925704 0.03956913607386238 -0.04826772498122922 0.06390122387089787 0.017658668328658984 0.1044334975369458 -0.1236414398245089 -0.2576674316711871 -1.1044682190056638 -0.3383571214692085 -0.18676961602671122 0.049176822749625836 0.029157352512391876 0.06396162302618429 0.07098035181565683 0.20722433460076045 -0.11052474360250922 -0.24855747891699959 -0.8894818768067602 -0.20675855935971543 -0.1809901914992994 0.08302288451303887 0.09075439591605218 0.06608954668156009 0.08698201720093822 0.07715597226291629 0.024028834601521824 -0.07823384417532955 -0.24485373781148428 -0.08690254500310365 -0.01047888504663104 0.09090909090909091 0.014680245894118723 0.07569825110937091 -0.010208421948107189 0.09356725146198831 -0.1055187225698011 -0.016174686615446823 -0.11835570115185459 0.015883100381194414 -0.07975653268968412 -0.025009262689885143 -0.037243947858473 0.027131782945736434 -0.09630235304806031 -0.0180522565320665 -0.16153155848040682 -0.023983429630437147 -0.19688355443251213 -0.004268943436499464 -0.14768161581062006 0.025057825751734774 0.008279002380213183 -0.01773789649415693 -0.10239253852392538 -0.05440919823426753 -0.18582541054451168 -0.04887259802288126 -0.10568472577594837 0.04920183686857642 -0.0913499492500282 -0.005242738806752648 -0.0655000488806335 -0.027828423375875638 -0.09874917709019092 -0.027493363670838072 -0.1983663943990665 -0.055631363493229766 -0.15819447373971735 -0.0038325189230621836 -0.04674291397314769 -0.05769814758578803 -0.04038073262186328 0.049810719266786214 -0.1394961482406829 -0.012140833670578714 -0.14134606383974538 -0.010454286257365521 -0.11498890457938268 -0.009652509652509652 -0.11467353147671426
-0.0069838498472282835 0.04981090305322387 0.017830609212481426 -0.025507794048181393 0.012562814070351761 -0.020979658852503878 0.029447603574329812 0.0010462439840970852 0.011897135535828685 -0.016028663020931547 0.0250928435210278 0.07357578305654824 -0.02104796720948266 -0.07952713594841485 0.09472817133443162 -0.007306889352818371 -0.03044939101217975 -0.19862405681313802 -0.03645073942928557 -0.03658908425653014 0.02747856671795998 -0.035396331652901424 0.055236651142640536 0.025968629895086737 0.09655172413793103 -0.12563565659587195 -0.30878364281243476 -1.9855254877281312 -0.4641181754666134 -0.19407345575959933 0.029933718195424418 0.03207308776363106 0.07195682590445733 0.06995165106470527 0.19866920152091255 -0.12048192771084336 -0.3240124278739459 -1.3898154325105625 -0.28790573588261453 -0.1809901914992994 0.07450771687067591 0.07373794668179241 0.06702038536721586 0.07329945269741985 0.07520265650942475 0.00700841009211053 -0.09430929160861644 -0.2849404117009751 -0.10862818125387956 -0.025149324111914496 0.07722385141739982 0.007340122947059361 0.07221787174802051 -0.02467035304125904 0.08547008547008547 -0.1195256326454384 -0.03639304488475536 -0.14054739511782732 -0.004235493434985171 -0.09654738167698604 -0.04723971841422749 -0.04189944134078212 0.04263565891472868 -0.0999364041064777 -0.02185273159144893 -0.1824708345797188 -0.05341763872233729 -0.2095177932196252 -0.028815368196371392 -0.1509392985123249 0.015420200462606014 0.005174376487633239 -0.018781302170283808 -0.10239253852392538 -0.060568730109844995 -0.20203111495246331 -0.06664445184938354 -0.10568472577594838 0.026240979663240755 -0.09022217209879328 -0.008388382090804235 -0.0664776615504937 -0.034545629018328375 -0.10251105050315057 -0.026545316647705725 -0.21215657154980372 -0.05982995696441692 -0.17717781058848342 -0.005748778384593274 -0.05271009448035803 -0.060734892195566346 -0.034612056533025674 0.05279936242279339 -0.13637310014574225 -0.006070416835289357 -0.15070673031919873 -0.011404675917126024 -0.11498890457938268 -0.007722007722007725 -0.10882284109524924
-0.01396769969445657 0.044276358269532336 0.034670629024269435 -0.022673594709494566 0.015254845656855708 -0.021891817933047526 0.0223395613322502 -0.006277463904582554 -0.001830328543973639 -0.015085800490288518 0.0250928435210278 0.06832036998108051 -0.006646726487205051 -0.08812466415905429 0.11120263591433277 -0.016701461377870562 -0.023099538009239813 -0.21637816245006655 -0.051031035200999796 -0.04167090151438154 0.015387997362057593 -0.0429046444277593 0.0465720784143832 0.028046120286693677 0.08866995073891625 -0.13760095722405025 -0.3598998539536825 -2.870778267254038 -0.5898792294640183 -0.20242070116861438 0.014966859097712209 0.0233258820099135 0.0679592244653208 0.07509515481946302 0.18631178707224333 -0.13243054864084436 -0.41278295605858856 -1.8645763842561707 -0.3690529124055136 -0.19266697804764127 0.06386375731772222 0.062393647192285885 0.06795122405287164 0.06841282251759187 0.06543607774196698 -0.008009611533840607 -0.13717715143071482 -0.31852654387865653 -0.13966480446927373 -0.03667609766320863 0.06549364613880744 0.003670061473529676 0.07395806142869572 -0.024670353041259037 0.0755735492577598 -0.12606219068073582 -0.06773150020218359 -0.1500581211032442 -0.03176620076238882 -0.10284395004722427 -0.0685439051500556 -0.04562383612662943 0.0494186046511628 -0.0854001998728082 -0.03420427553444181 -0.1854621597367634 -0.08830262727570042 -0.21372920614866286 -0.05869797225186766 -0.1509392985123249 0.0038550501156515036 0.0031046258925799403 -0.022954924874791317 -0.09529602595296027 -0.07904732573657736 -0.2139152981849611 -0.09885593690991892 -0.11903437534764712 -0.004373496610540132 -0.08909439494755836 -0.011534025374855825 -0.07234333756965491 -0.041262834660781116 -0.10815386062259005 -0.03223359878649981 -0.23018988013153704 -0.07347538574577517 -0.18772410883779794 -0.013413816230717638 -0.0556936847339632 -0.07085737422816074 -0.03845784059225075 0.02092050209205021 -0.1311680199875078 -0.007082152974504249 -0.14602639707947204 -0.025660520813533556 -0.10490215856364737 -0.01640926640926641 -0.09712146033231922
-0.022697512003491925 0.03874181348584079 0.01188707280832095 -0.0009447331128956057 -0.0008973438621679806 -0.019155340691416584 0.005077173030056864 -0.029294831554718563 -0.02837009243159147 -0.018857250612860643 0.0080297099267289 0.07462686567164178 -0.01661681621801263 -0.08919935518538422 0.09575782537067543 -0.020876826722338204 -0.04094918101637967 -0.23302263648468707 -0.0760258279525099 -0.04370362841752211 -6.938893903907228e-18 -0.03968679609567736 0.019495288638579016 0.06336345694401165 0.06305418719211822 -0.12862698175291654 -0.4402253286042145 -3.68470736312146 -0.7116478690488072 -0.20242070116861438 -0.001069061364122298 0.018466323257848187 0.037977213671796926 0.07612385557041457 0.16159695817490494 -0.14637060639251218 -0.49711495783399917 -2.248165443629086 -0.4324144064028457 -0.20317608594114903 0.04151144225651942 0.060502930610701465 0.057711998510658113 0.07036747458952305 0.043949604453559915 -0.02002402883460152 -0.198263851677205 -0.3315276273022752 -0.1841506310780054 -0.04610709420517656 0.05376344086021506 0.001835030736764838 0.05916644914295658 -0.007656316461080391 0.060278902384165556 -0.1195256326454384 -0.0950262838657501 -0.15639860509352213 -0.05929690808979247 -0.104942806170637 -0.07780659503519823 -0.037243947858473 0.0377906976744186 -0.07086399563913873 -0.0494061757719715 -0.1824708345797188 -0.10792543333696718 -0.21372920614866286 -0.07897545357524012 -0.14985340427842328 -0.013492675404780264 0.006209251785159887 -0.05112687813021703 -0.07907542579075426 -0.10779180782260549 -0.21607605877268798 -0.11551704987226481 -0.14128379130047836 -0.029521102121145858 -0.08232773204014887 -0.024116598511062178 -0.0655000488806335 -0.05277804433355724 -0.07335653155271325 -0.054986727341676145 -0.20473109154556063 -0.09236905636611735 -0.18877873866272937 -0.030660151384497458 -0.048731974142217804 -0.08401660087053345 -0.0307662724738006 -0.007969715082685796 -0.10722465125962939 -0.03136382031566167 -0.12449686417672938 -0.0494202623075461 -0.09078071414161791 -0.037644787644787646 -0.0854200795693892
-0.03317328677433436 0.044276358269532336 -0.005943536404160475 -0.009447331128956068 -0.013460157932519742 -0.01733102253032929 -0.0010154346060113728 -0.05649717514124295 -0.047588542143314726 -0.01791438808221761 -0.014051992371775571 0.06516712213579987 -0.02326354270521768 -0.07630306286942505 0.07619439868204284 -0.024008350730688934 -0.0734985300293994 -0.2430093209054594 -0.10206207040199959 -0.05081817257851408 -0.019784568036931193 -0.05363080553469912 -0.005415357955160833 0.06959592811883246 0.03645320197044335 -0.14557782430950245 -0.5612351345712497 -4.286763163415146 -0.7795189140632797 -0.21807178631051755 -0.01924310455420141 0.012634852755369814 0.01798920647611433 0.07098035181565683 0.13403041825095058 -0.1573235089116798 -0.624722592099423 -2.4293973760284633 -0.4779902178746108 -0.19850537132181226 0.010643959552953696 0.05672149744753263 0.046541934282788786 0.06450351837372947 0.018556499658169745 -0.032038446135362435 -0.25399206944593294 -0.31635969664138675 -0.2100144837575005 -0.04820287121450277 0.04594330400782014 -0.012845215157353887 0.043504742016879844 -0.011909825606125054 0.03958614484930274 -0.12979736670090575 -0.11423372422159321 -0.1743633097326429 -0.08047437526471833 -0.1154370867877007 -0.08151167098925528 -0.038175046554934824 0.041666666666666664 -0.07358953393295177 -0.05415676959619953 -0.17947950942267427 -0.12863839529052656 -0.22320488523899767 -0.09498399146211312 -0.14768161581062006 -0.0019275250578257533 0.006209251785159886 -0.05843071786310518 -0.07907542579075424 -0.11703110563597166 -0.22471910112359553 -0.11996001332889036 -0.17910779842029148 -0.04373496610540127 -0.08796661779632345 -0.01887385970430953 -0.0694104995600743 -0.034545629018328375 -0.06677325308003386 -0.054986727341676145 -0.19942717725681552 -0.09446835310171094 -0.19194262813752375 -0.029702021653731914 -0.05171556439582298 -0.09110233829334953 -0.0307662724738006 -0.01095835823869297 -0.10201957110139497 -0.042492917847025496 -0.11981653093700273 -0.07032883482227713 -0.08472866653217673 -0.042471042471042476 -0.0854200795693892
-0.030554343081623747 0.040586661747071304 -0.006934125804853889 -0.01228153046764289 -0.021536252692031584 -0.014594545288698352 0.0 -0.07951454279137896 -0.057655349135169766 -0.01697152555157458 -0.018066847335140017 0.05255413075467732 -0.026586905948820204 -0.07415368081676518 0.07207578253706755 -0.037578288100208766 -0.0976480470390592 -0.25965379494007984 -0.10518641949593835 -0.06301453399735744 -0.029676852055396784 -0.061139118309557004 -0.005415357955160839 0.07894463488106368 0.021674876847290647 -0.16851131718017748 -0.842895889839349 -4.60457310677575 -0.8024752969358218 -0.2243322203672788 -0.01710498182595681 0.00388764700165225 0.014991005396761944 0.07098035181565683 0.12642585551330798 -0.1772378771283481 -0.786728806036396 -2.5038914832110293 -0.49021787461093813 -0.20084072863148061 0.013837147418839808 0.055776139156740415 0.038164386111886814 0.05766223612197029 0.01562652602793242 -0.05606728073688426 -0.28614296431250674 -0.3131094257854821 -0.20587626732878128 -0.0544902022424814 0.050830889540566956 -0.018350307367648408 0.04611502653789262 -0.007656316461080391 0.04228520017993702 -0.13166495471099074 -0.11120097048119693 -0.18810102504491175 -0.08788648877594239 -0.12068422709623254 -0.0759540570581697 -0.04283054003724395 0.04166666666666667 -0.06632143181611702 -0.057007125890736345 -0.1854621597367634 -0.12863839529052654 -0.22004632554221942 -0.09284951974386339 -0.14333803887501356 0.009637625289128756 -0.012418503570319777 -0.06573455759599331 -0.09225466342254662 -0.12627040344933788 -0.24848746758859122 -0.09774519604576253 -0.22138168873067082 -0.039361469494861134 -0.10713882936731703 -0.013631120897556883 -0.09678365431615994 -0.01631321370309951 -0.07523746825919307 -0.05498672734167616 -0.22382518298504298 -0.09656764983730451 -0.20776207551149545 -0.02874389192296637 -0.06663351566384883 -0.09616357930964672 -0.039419286607057014 -0.012950787009364417 -0.09577347491151364 -0.05362201537838931 -0.13011326406440138 -0.09123740733700816 -0.077667944321162 -0.0472972972972973 -0.0854200795693892
-0.027062418158009603 0.023060603265381424 0.0009905894006934119 -0.029286726499763816 -0.021536252692031587 -0.03192556781902764 0.00710804224207961 -0.11508683825068007 -0.05765534913516975 -0.027343013388647936 -0.025092843521027797 0.03573680891318058 -0.02769469369668771 -0.08275120902740463 0.06692751235584844 -0.060542797494780795 -0.13229735405291893 -0.2729693741677762 -0.10622786919391794 -0.07825998577091167 -0.03627170806770719 -0.09117236940898851 -0.007581501137225168 0.06024722135660123 0.011822660098522167 -0.23531757902083958 -1.4135197162528688 -4.722047409272079 -0.8074658149515919 -0.2337228714524207 -0.004276245456489204 -0.015550588006609 0.02098740755546672 0.0596646435551898 0.126425855513308 -0.24096385542168677 -0.98757212605415 -2.5283522348232155 -0.4857714539795464 -0.2043437645959832 0.010643959552953696 0.03592361505010398 0.03164851531229638 0.04984362783424551 0.008789920890711983 -0.09311173408089708 -0.3161504661879756 -0.32611050920910073 -0.19966894268570246 -0.06811275280310174 0.04887585532746823 -0.04037067620882649 0.05916644914295658 -0.027222458528285837 0.05038236617183985 -0.1596787748622654 -0.1031136271734735 -0.21240621367431048 -0.09635747564591275 -0.1395739322069472 -0.07410151908114117 -0.054003724394785846 0.04069767441860465 -0.08085763604978649 -0.057957244655581955 -0.20440721906471238 -0.13081870707511176 -0.22846915140029478 -0.08751334044823907 -0.1498534042784233 0.0019275250578257499 -0.028976508330746147 -0.07199499165275458 -0.10442011354420115 -0.14166923313828148 -0.26037165082108904 -0.0866377874041986 -0.24251863388586054 -0.044828340258036295 -0.11728882372843126 -0.02201950298836112 -0.12708964708182618 -0.01055560886671145 -0.08558262014483212 -0.06257110352673492 -0.25352710300201553 -0.11231237535425634 -0.23307319130985021 -0.03449267030755964 -0.09050223769269021 -0.10527381313898168 -0.056725314873569854 -0.025901574018728835 -0.10930668332292318 -0.06272764063132336 -0.15725919685481607 -0.1064436418931762 -0.08876336493847085 -0.041505791505791506 -0.09946173648490522
-0.02182453077258839 0.008301817175537313 0.012877662209014363 -0.04912612187057157 -0.015254845656855706 -0.05199306759098786 0.012185215272136474 -0.14124293785310735 -0.0594856776791434 -0.03488591363379219 -0.030111412225233364 0.018919487071683838 -0.018832391713747645 -0.09134873723804407 0.06898682042833607 -0.08455114822546975 -0.15539689206215873 -0.2907234798047048 -0.10310352009997918 -0.09147271064132532 -0.03846999340514398 -0.12120562050842003 -0.0162460738654825 0.04154980783213878 -0.0029556650246305403 -0.3021238408615016 -2.2303359065303567 -4.839521711768408 -0.7894999500948197 -0.2431135225375626 -0.008552490912978408 -0.0233258820099135 0.021986807915250855 0.049377636045674314 0.11977186311787073 -0.31862989146669324 -1.1651131824234355 -2.4794307315988435 -0.4657625611382836 -0.20784680056048574 0.005321979776476851 0.03308754017772735 0.027925160569673275 0.04300234558248632 -0.003906631506983104 -0.12314777733279936 -0.3290108241346051 -0.30877573131094255 -0.19966894268570248 -0.06601697579377554 0.03714565004887586 -0.0495458298926507 0.053945880100931 -0.04763930242450022 0.03688708951866847 -0.18582500700345503 -0.10412454508693894 -0.22720067631829227 -0.10800508259212198 -0.14901878476230454 -0.08151167098925528 -0.062383612662942275 0.020348837209302327 -0.09902789134187336 -0.06460807600950119 -0.21338119453584606 -0.11991714815218577 -0.23478627079385134 -0.0832443970117396 -0.15311108698012812 -0.0028912875867386297 -0.03518576011590603 -0.07095158597662769 -0.13584752635847525 -0.14474899907607025 -0.2711754537597234 -0.07108741530600912 -0.2625431082434086 -0.05138858517384649 -0.12179993233337094 -0.02097095522701059 -0.13100009776126698 -0.0019192016121293543 -0.1053324555628703 -0.06636329161926433 -0.26731728015275275 -0.11546132045764668 -0.2341278211347817 -0.03353454057679409 -0.08652411735454997 -0.10831055774876 -0.062493990962407465 -0.027894002789400286 -0.11138871538621695 -0.05868069607446378 -0.15913133015070674 -0.1064436418931762 -0.08674601573532378 -0.03571428571428572 -0.09829159840861222
-0.022697512003491925 0.005534544783691542 0.012877662209014363 -0.05101558809636277 -0.018844221105527643 -0.05381738575207516 -0.016246953696181964 -0.15275162167817535 -0.057655349135169766 -0.03488591363379219 -0.034126267188597806 0.009459743535841923 -0.01661681621801263 -0.09564750134336379 0.05457166392092257 -0.12212943632567849 -0.15644687106257876 -0.2940523746116289 -0.09893772130806082 -0.0935054375444659 -0.03187513739283359 -0.13836747827952375 -0.003249214773096498 0.02181364911187287 -0.03645320197044335 -0.5494067205105194 -2.6997704986438555 -4.772393538913364 -0.7326080447150413 -0.22641903171953254 -0.019243104554201414 -0.03012926426280494 0.018988606835898467 0.040119329287110386 0.07604562737642585 -0.4769491187892064 -1.245006657789614 -2.4116077384923282 -0.43797243219208537 -0.18916394208313872 0.00745077168706759 0.027415390432974095 0.027925160569673275 0.039093041438623924 -0.021486473288407075 -0.15618742490989188 -0.28721466080805913 -0.28385698808234017 -0.17897786054210635 -0.060777533270460024 0.033235581622678395 -0.06147352968162216 0.0513355955799182 -0.0578477243726074 0.015294646873594244 -0.20076571108413485 -0.10412454508693895 -0.23248441297685724 -0.09847522236340532 -0.14167278833035996 -0.08984809188588366 -0.07262569832402235 0.008720930232558138 -0.10993004451712547 -0.08266033254156771 -0.2143783029215276 -0.11991714815218577 -0.23162771109707303 -0.08537886872998932 -0.14876751004452166 -0.011565150346954513 -0.04139501190106592 -0.06990818030050083 -0.15105433901054338 -0.16322759470280257 -0.2679343128781331 -0.09552371431744973 -0.2792301702080321 -0.06232232670019681 -0.12292770948460582 -0.026213694033763234 -0.1437090624694496 -0.0009596008060646765 -0.1184990125082291 -0.07963594994311718 -0.2758035430147449 -0.1060144851474756 -0.23096393165998735 -0.028743891922966364 -0.07558428642466435 -0.10324931673246278 -0.06633977502163253 -0.02490535963339311 -0.11138871538621695 -0.06272764063132334 -0.16568379668632408 -0.09218779699676867 -0.08674601573532377 -0.03185328185328185 -0.09244090802714722
-0.03142732431252728 -0.0009224241306152569 0.001981178801386825 -0.07652338214454417 -0.02063890882986361 -0.034662045060658585 -0.048740861088545896 -0.14961288972588407 -0.05948567767914341 -0.043371676409579486 -0.029107698484392243 0.010510826150935465 -0.019940179461615155 -0.10424502955400324 0.05045304777594728 -0.1816283924843424 -0.15959680806383875 -0.29738126941855303 -0.10831076858987712 -0.09858725480231731 -0.03517256539898878 -0.14051271050091171 -0.015163002274450338 0.015581177937052049 -0.07093596059113301 -1.1018047661780834 -3.195284790319215 -4.784980071323685 -0.7455833915560433 -0.23059265442404003 -0.024588411374812918 -0.03498882301487025 0.0049970017989206484 0.022631416520934068 0.02566539923954373 -0.7209001294433934 -1.2871726586773193 -2.409384033800311 -0.4524232992441085 -0.1938346567024755 6.938893903907229e-19 0.01701644923425978 0.020478451084427064 0.02150117279124316 -0.039066315069831034 -0.2272727272727273 -0.2722109098703247 -0.2903575297941495 -0.16449410304158904 -0.06916064130776484 0.024437927663734118 -0.06422607578676942 0.04698512137823023 -0.0655040408336878 0.0008996851102114276 -0.20076571108413485 -0.11322280630812778 -0.2472788756208391 -0.09847522236340535 -0.15531535313254277 -0.09633197480548351 -0.07169459962756053 0.0029069767441860473 -0.13264286363223404 -0.09691211401425179 -0.2153754113072091 -0.11882699225989317 -0.2242577384712571 -0.07897545357524013 -0.1455098273428168 -0.03276792598303778 -0.055883266066438994 -0.10329716193656094 -0.178426601784266 -0.19505184272661943 -0.2344425237683665 -0.13439964456292347 -0.2881299365891646 -0.08309643560026239 -0.13646103529942483 -0.02306805074971165 -0.1534851891680516 0.0028788024181940325 -0.1448321263989467 -0.07584376185058779 -0.3055054630317174 -0.09341870473391414 -0.24151022990930185 -0.013413816230717635 -0.09646941819990054 -0.10021257212268449 -0.06441688299202 -0.021916716477385932 -0.11242973141786386 -0.06576284904896804 -0.18066086305344942 -0.07793195210036115 -0.0837199919306032 -0.016409266409266415 -0.09478118417973322
-0.0392841553906591 0.0036896965224610277 -0.006934125804853886 -0.07652338214454416 -0.027817659727207466 -0.055641703913162456 -0.0710804224207961 -0.20611006486712696 -0.05948567767914341 -0.03205732604186309 -0.02710027100271003 0.009459743535841919 -0.035449207931760277 -0.10854379365932294 0.03500823723228995 -0.22129436325678498 -0.16904661906761864 -0.25077674212161566 -0.09997917100604041 -0.08842362028661449 -0.03627170806770719 -0.14265794272229967 -0.024910646593739844 -0.00727121637062428 -0.12118226600985223 -2.013161830690996 -3.302733152514082 -4.174533249423118 -0.6028545763050203 -0.20659432387312188 -0.02458841137481292 -0.04082029351734863 0.006995802518488909 0.009258306758563931 -0.05228136882129277 -0.9777954794384147 -1.2816245006657792 -2.018012008005337 -0.3479324144064029 -0.16814572629612332 0.0031931878658861094 0.01607109094346757 0.0027925160569673285 2.7755575615628915e-18 -0.07227268287918742 -0.2563075690828995 -0.2572071589325903 -0.16143011917659802 -0.15518311607697083 -0.060777533270460024 0.014662756598240474 -0.063308560418387 0.026102845210127908 -0.08336877924287536 -0.023391812865497075 -0.20916985712951724 -0.12131014961585122 -0.23142766564514425 -0.11224057602710717 -0.14062336026865357 -0.09911078177102631 -0.07355679702048416 -0.009689922480620155 -0.1489960933951122 -0.11591448931116388 -0.22933492870675037 -0.11882699225989317 -0.20635923352284694 -0.08537886872998933 -0.13030730806819418 -0.03758673862760216 -0.0538135154713857 -0.1345993322203673 -0.194647201946472 -0.22276973616671797 -0.2268798617113224 -0.13884260801954906 -0.2725553454221826 -0.10277717034769296 -0.1330777038457201 -0.02306805074971165 -0.1525075764981914 -0.010555608866711447 -0.14765353145866644 -0.0919605612438377 -0.3108093773204625 -0.09971659494069487 -0.23096393165998733 -0.023953243269138634 -0.09845847836897066 -0.10223706852920336 -0.07114700509566388 -0.025901574018728824 -0.138455132209036 -0.08093889113719141 -0.20125432930824677 -0.08458467971868465 -0.08775469033689731 -0.020270270270270268 -0.09478118417973322
-0.04015713662156264 0.006456968914306797 -0.014858841010401186 -0.07746811525743977 -0.04396984924623115 -0.06202681747696799 -0.08428107229894395 -0.19669386901025315 -0.06223117049510387 -0.029228738449934 -0.033122553447756706 0.009459743535841919 -0.05317381189764041 -0.107469102632993 -0.006177924217462933 -0.24217118997912318 -0.20369592608147835 -0.22636484687083894 -0.09893772130806083 -0.08537452993190364 -0.04286656408001758 -0.1362222460581358 -0.04548900682335102 -0.011426197153838155 -0.22266009852216748 -2.899591185561871 -3.3392447319006875 -3.2777428151877492 -0.5090328376085437 -0.19094323873121868 -0.022450288646568315 -0.04859558752065313 0.0009994003597841306 -0.015430511264273222 -0.12927756653992395 -1.1958578114109328 -1.248335552596538 -1.5110073382254836 -0.2823477100933749 -0.1611396543671182 0.0010643959552953698 0.023633957269805255 -0.013962580284836639 -0.000977326035965595 -0.11133899794901847 -0.24929915899078897 -0.24970528346372306 -0.11050920910075838 -0.14483757500517275 -0.035628209158545525 0.008797653958944279 -0.05872098357647491 0.01131123292438876 -0.0842194810718843 -0.04768331084120557 -0.21197123914464466 -0.1314193287505055 -0.2166332030011624 -0.11859381617958493 -0.12803022352817717 -0.10281585772508335 -0.07355679702048418 -0.025193798449612403 -0.1553556827473426 -0.12731591448931118 -0.21836673646425364 -0.11664668047530795 -0.1926721415034744 -0.08964781216648879 -0.12379194266478447 -0.03951426368542792 -0.0517437648763324 -0.13668614357262104 -0.210867802108678 -0.22995585668822502 -0.2193171996542783 -0.13217816283461067 -0.2647680498386917 -0.09293680297397768 -0.12969437239201534 -0.030407885079165354 -0.1476195131488904 -0.01631321370309951 -0.14201072133922693 -0.10618126659082291 -0.2980799830274743 -0.09551800146950772 -0.21619911411094703 -0.018204464884545375 -0.09448035803083044 -0.1062860613422411 -0.06826266705124508 -0.029886431560071723 -0.1394961482406829 -0.09004451639012546 -0.1909575961808481 -0.08553506937844516 -0.07867661892273552 -0.02123552123552123 -0.09127076995085422
-0.03579223046704496 0.011991513697998338 -0.009905894006934124 -0.06235238545111006 -0.04576453697056713 -0.07206056736294811 -0.08732737611697805 -0.19460138104205899 -0.04850370641530155 -0.03582877616443523 -0.04014854963364449 0.016817321841496743 -0.06092832613271297 -0.10531972058033315 -0.04324546952224052 -0.2682672233820459 -0.22364552708945817 -0.21083000443852642 -0.09060612372422414 -0.08639089338347392 -0.05165970542976478 -0.13836747827952375 -0.05090436477851186 -0.027007375090890195 -0.3605911330049262 -3.6863097018645923 -3.337158355935739 -2.380952380952381 -0.39624713045214094 -0.1857262103505843 -0.023519350010690616 -0.04276411701817475 0.005996402158704781 -0.02160271576998251 -0.2100760456273764 -1.3790699990042816 -1.181757656458056 -1.0284634200578162 -0.20008892841262785 -0.15063054647361046 0.0021287919105907396 0.02836074872376631 -0.01117006422786931 -0.02150117279124316 -0.12891883973044244 -0.25830997196635963 -0.198263851677205 -0.08559046587215602 -0.10862818125387959 -0.03562820915854553 0.007820136852394919 -0.063308560418387 0.008700948403375968 -0.08762228838792005 -0.06297795771479982 -0.21850779717994212 -0.11322280630812778 -0.2113494663425975 -0.09847522236340533 -0.12698079546647079 -0.10744720266765469 -0.0707635009310987 -0.03197674418604651 -0.16989188698101207 -0.13016627078384796 -0.21736962807857213 -0.09593371852174862 -0.18846072857443671 -0.07257203842049094 -0.12270604843088284 -0.03951426368542792 -0.04553451309117252 -0.13564273789649417 -0.2199918896999189 -0.22482291345857713 -0.2117545375972342 -0.11107408641563923 -0.2569807542552008 -0.07544281653181717 -0.1319499266944852 -0.04823319702212435 -0.15152996382833123 -0.02207081853948757 -0.14483212639894666 -0.11376564277588168 -0.29595841731197625 -0.08187257268814947 -0.2151444842860156 -0.00670690811535882 -0.10442565887618101 -0.10831055774876 -0.07306989712527642 -0.020920502092050212 -0.13845513220903602 -0.09004451639012545 -0.19282972947673876 -0.07508078312107963 -0.092798063344765 -0.008687258687258687 -0.10648256494266324
-0.03579223046704496 0.0073793930449220545 -0.006934125804853886 -0.08786017949929145 -0.04576453697056712 -0.1012496579403448 -0.07920389926888707 -0.1893701611215735 -0.03477624233549922 -0.04902885159343767 -0.04315969085616782 0.010510826150935463 -0.059820538384845454 -0.12144008597528211 -0.06280889621087314 -0.30271398747390393 -0.23204535909281812 -0.19307589880159784 -0.07810872734846906 -0.09452180099603617 -0.06704770279182237 -0.15338410382923953 -0.06715043864399436 -0.08829334164329489 -0.5369458128078819 -4.3812942466846145 -3.3069059044439806 -1.5607300188797988 -0.30841401337458824 -0.19824707846410683 -0.021381227282446017 -0.04956749927106619 0.01898860683589846 -0.042176730789013475 -0.2965779467680608 -1.533406352683461 -1.1063027075011098 -0.6415388036468757 -0.1367274344152957 -0.15179822512844468 0.010643959552953698 0.02079788239742863 -0.0018616773713115513 -0.04788897576231431 -0.14942865514210374 -0.26732078494193035 -0.15218090236844925 -0.08125677139761647 -0.07138423339540659 -0.03772398616787174 0.002932551319648094 -0.07615377557574089 0.004350474201687981 -0.113143343258188 -0.07197480881691408 -0.23531608927070685 -0.10513546300040437 -0.2113494663425975 -0.08682761541719611 -0.133277363836709 -0.10466839570211191 -0.08845437616387337 -0.04844961240310077 -0.19351321886072498 -0.1377672209026128 -0.22434938677834282 -0.09048293906028562 -0.19372499473573385 -0.06403415154749201 -0.13247909653599738 -0.02891287586738628 -0.05795301666149229 -0.11686143572621036 -0.2524330900243309 -0.20737090647777437 -0.22039757994814174 -0.0866377874041986 -0.24251863388586042 -0.04592171441067132 -0.15224991541671368 -0.06291286568103177 -0.1593508651872128 -0.0335860282122637 -0.18056992382206336 -0.11092150170648465 -0.3129309430359606 -0.07452503411357195 -0.21198059481122128 0.0009581297307655459 -0.11834908005967179 -0.10729830954550054 -0.08172291125853284 -0.014943215780035865 -0.15615240474703312 -0.09105625252934034 -0.2021903959561921 -0.06652727618323515 -0.10591083316522092 -0.0019305019305019297 -0.12403463608705827
-0.04277608031427324 -0.0027672723918457723 -0.007924715205547297 -0.08974964572508266 -0.05473797559224695 -0.11949283955121774 -0.09138911454102355 -0.1705377694078259 -0.026539763887617827 -0.058457476899868 -0.04014854963364449 0.015766239226403196 -0.06203611388058048 -0.13648576034390114 -0.08031301482701812 -0.33402922755741127 -0.2225955480890382 -0.1853084775854416 -0.06248698187877525 -0.09452180099603616 -0.06704770279182237 -0.15660195216132147 -0.08447958410050904 -0.11322322634257817 -0.7477832512315271 -5.042377106391465 -3.208846234091383 -0.9408432976714913 -0.2595069368200419 -0.19407345575959933 -0.021381227282446014 -0.06123044027602294 0.012992204677193687 -0.06892295031375373 -0.3992395437262357 -1.6489096883401373 -0.9920106524633823 -0.43806982432732927 -0.09115162294353046 -0.15179822512844468 0.012772751463544434 0.02552467385138968 0.0018616773713115513 -0.06352619233776388 -0.16993847055376504 -0.26031237484981984 -0.11788661451077054 -0.08234019501625137 -0.06207324643078834 -0.03562820915854553 -0.007820136852394915 -0.07615377557574089 0.001740189680675197 -0.1182475542322416 -0.07197480881691408 -0.2343822952656644 -0.08997169429842297 -0.19549825636690268 -0.0688267683185091 -0.13117850771329626 -0.11300481659874029 -0.09590316573556795 -0.055232558139534885 -0.20078132097755974 -0.14726840855106887 -0.2153754113072091 -0.08285184781423743 -0.1789850494841019 -0.054429028815368194 -0.13356499076989897 -0.0520431765612953 -0.06830176963675877 -0.12207846410684473 -0.2727088402270884 -0.2063443178318448 -0.21499567847882456 -0.07553037876263469 -0.19690733118255646 -0.028427727968510823 -0.1545054697191835 -0.08598091643074342 -0.16326131586665363 -0.0633336532002687 -0.18245086052854323 -0.1298824421691316 -0.31293094303596053 -0.0787236275847591 -0.20987133516135836 -0.0076650378461243646 -0.12133267031327696 -0.11742079157809496 -0.0855686953177579 -0.02291293086272166 -0.15094732458879867 -0.10117361392148927 -0.19657399606852008 -0.06842805550275613 -0.11398022997780917 -0.014478764478764481 -0.1298853264685233
-0.05063291139240507 -0.007379393044922057 -0.021792966815255076 -0.09541804440245631 -0.06191672648959081 -0.136823862081547 -0.10052802599512592 -0.14752040175768988 -0.02196394252768372 -0.06505751461436923 -0.06323396567299007 0.021021652301870926 -0.08862301982940068 -0.13433637829124126 -0.13282537067545303 -0.3517745302713987 -0.21734565308693826 -0.16644474034620502 -0.059362632784836486 -0.08639089338347392 -0.07803912947900637 -0.16625549715756732 -0.11480558864940973 -0.14023060143346835 -1.0334975369458128 -5.5658590088742645 -2.935530982683079 -0.6073001887979863 -0.24553348637588585 -0.19720367278797996 -0.02886465683130212 -0.0699776460297405 -0.006995802518488904 -0.10081267359325174 -0.5237642585551331 -1.7554515582993127 -0.821127385707945 -0.3413386702245942 -0.07447754557581149 -0.14479215319943953 -0.0106439595529537 0.02268859897901305 -0.012100902913525086 -0.08014073494917905 -0.21095810137708765 -0.24128954745694836 -0.07930554067088202 -0.07150595882990252 -0.062073246430788334 -0.029340878130566912 -0.03225806451612903 -0.09083402146985961 -0.02436265552945271 -0.13781369629944704 -0.10256410256410256 -0.24372023531608927 -0.0980590376061464 -0.18810102504491177 -0.07623888182973317 -0.13852450414524084 -0.1278251204149685 -0.10242085661080073 -0.07751937984496124 -0.22803670391569 -0.15676959619952496 -0.21338119453584606 -0.07522075656818925 -0.17056222362602652 -0.0576307363927428 -0.12813551960039093 -0.07517347725520433 -0.07865052261202524 -0.14816360601001669 -0.2950121654501216 -0.2166102042911405 -0.22363872082973207 -0.09219149172498056 -0.17688285682500832 -0.03170785042641592 -0.16014435547535805 -0.10275768061235188 -0.17010460455567505 -0.09404087899433836 -0.18997460735446253 -0.14789533560864618 -0.31505250875145857 -0.07767397921696231 -0.21619911411094703 -0.014371945961483185 -0.1322725012431626 -0.13260451462698652 -0.0951831554658206 -0.043833432954771864 -0.1644805330002082 -0.11736139214892756 -0.1993821960123561 -0.06367610720395361 -0.1281016743998386 -0.02509652509652509 -0.1427568453077463
-0.0541248363160192 -0.013836361959228854 -0.03368003962357602 -0.10014170996693435 -0.06012203876525485 -0.16692511173948738 -0.11575954508529648 -0.1328729859803306 -0.027454928159604645 -0.07542900245144257 -0.08029709926728898 0.019970569686777375 -0.10080868505594327 -0.15153143471252015 -0.18739703459637563 -0.37160751565762007 -0.1847963040739185 -0.15645805592543274 -0.05103103520099979 -0.08537452993190366 -0.07913827214772477 -0.16840072937895528 -0.13646702047005307 -0.1734704476991794 -1.4827586206896552 -5.864991524578722 -2.3586480283747124 -0.4552129221732746 -0.23754865755065374 -0.1898998330550918 -0.03420996365191362 -0.06900573427932745 -0.01898860683589846 -0.12755889311799198 -0.6749049429657795 -1.7922931395001491 -0.5992010652463382 -0.2712919724260618 -0.06780791462872388 -0.1342830453059318 -0.01915912719531666 0.02268859897901305 -0.018616773713115514 -0.10066458170445661 -0.25393104795390176 -0.2182619142971566 -0.04072446683099347 -0.05525460455037919 -0.06103869232360852 -0.0261972126165776 -0.03812316715542522 -0.09450408294338929 -0.049595405899243016 -0.1497235219055721 -0.11785874943769681 -0.2437202353160893 -0.10614638091386981 -0.17542005706435593 -0.07623888182973317 -0.1364256480218281 -0.1389403482771397 -0.10800744878957169 -0.10077519379844961 -0.23257926773871174 -0.16247030878859858 -0.19643035197926012 -0.06431919764526327 -0.15792798483891346 -0.06296691568836713 -0.12379194266478447 -0.08481110254433308 -0.08485977439718514 -0.16798831385642737 -0.3071776155717762 -0.20223796324812646 -0.2301210025929127 -0.10996334555148284 -0.17020803203915896 -0.042641591952766233 -0.16014435547535805 -0.09856348956694977 -0.17401505523511582 -0.10555608866711448 -0.1880936706479827 -0.1478953356086462 -0.30444468017396836 -0.05563136349322976 -0.206707445686564 -0.005748778384593274 -0.11834908005967179 -0.13361676283024598 -0.10287472358427074 -0.04682207611077904 -0.16135748490526755 -0.1264670174018616 -0.18440512964523076 -0.04846987264778559 -0.12305830139197096 -0.03088803088803089 -0.1333957406974023
-0.0541248363160192 -0.019370906742920396 -0.05349182763744428 -0.10675484175720358 -0.0681981335247667 -0.17969533886709843 -0.11982128350934196 -0.11717932621887424 -0.030200420975565117 -0.07542900245144257 -0.06724882063635451 0.022072734916964473 -0.10080868505594327 -0.15583019881783988 -0.24093904448105435 -0.3736951983298539 -0.14069718605627887 -0.13204616067465602 -0.035409289731305985 -0.06707998780363858 -0.09452626950978235 -0.17590904215381314 -0.16137766706379292 -0.22644645268515634 -2.2857142857142856 -5.953734170904378 -1.5240976423951598 -0.30732116635200335 -0.23655055394749974 -0.1732053422370618 -0.04169339320076972 -0.0699776460297405 -0.04197481511093344 -0.16767822240510238 -0.8317490494296578 -1.7544558398884795 -0.38948069241011984 -0.22570602623971533 -0.058915073365940415 -0.11560018682858478 -0.008515167642362959 0.014180374361883154 -0.027925160569673278 -0.11825645035183738 -0.27834749487254606 -0.18622346816179416 -0.004286785982209834 -0.04550379198266521 -0.040347610180012414 -0.01676621607460966 -0.034213098729227766 -0.09725662904853656 -0.04611502653789264 -0.1471714164185453 -0.10976158344579397 -0.2325147072555794 -0.09704811969268096 -0.15956884708866112 -0.06776789495976282 -0.1154370867877007 -0.1463505001852538 -0.11266294227188081 -0.11627906976744187 -0.2298537294448987 -0.1681710213776722 -0.1784824010369927 -0.06322904175297067 -0.14634659928405983 -0.06403415154749201 -0.1075035291562602 -0.08577486507324597 -0.08692952499223842 -0.1919866444073456 -0.291970802919708 -0.20018478595626732 -0.22687986171132235 -0.11662779073642118 -0.1579708532651018 -0.03936146949486115 -0.14548325250930416 -0.09436929852154766 -0.17792550591455664 -0.11131369350350254 -0.17774851876234365 -0.14599924156238148 -0.29065450302323115 -0.03253909940170043 -0.19616114743724952 0.0009581297307655445 -0.1064147190452511 -0.13665350744002427 -0.09902893952504567 -0.06575014943215782 -0.15719342077867998 -0.14670174018615945 -0.17410839651783208 -0.041817145029462086 -0.1240669759935445 -0.03088803088803089 -0.12520477416335127
-0.053251855085115665 -0.02121575500415091 -0.06438831104507182 -0.10769957487009921 -0.09511844938980618 -0.17969533886709843 -0.0893582453290008 -0.09730069052102949 -0.033861078063512406 -0.06977182726758438 -0.07527853056308341 0.019970569686777382 -0.12739559100476347 -0.20096722192369693 -0.2810955518945634 -0.3559498956158664 -0.14069718605627887 -0.11984021304926765 -0.03332639033534681 -0.06098180709421689 -0.10002198285337435 -0.17912689048589509 -0.1862883136575328 -0.5609224057338735 -2.936945812807882 -5.740352976368532 -1.0191946588775298 -0.2758548353262009 -0.22557141431280567 -0.17633555926544242 -0.03848620910840282 -0.07969676353387115 -0.06995802518488906 -0.29112231251928816 -0.9058935361216731 -1.6080852334959672 -0.27851753217931646 -0.19568601289748722 -0.04557581147176523 -0.10742643624474546 -0.022352315061202766 0.0037814331631688403 -0.05305780508237923 -0.1573494917904613 -0.2685809161050884 -0.1551862234681618 -0.012860357946629514 -0.039003250270855896 -0.033105731429753774 -0.01886199308393587 -0.040078201368523955 -0.09358656757500687 -0.061776733663969366 -0.15057422373458101 -0.11875843454790821 -0.2231767672051545 -0.09199353012535381 -0.13949064778611436 -0.07623888182973318 -0.11123937454087522 -0.1620970729899963 -0.11638733705772812 -0.13081395348837208 -0.23167075497410736 -0.16247030878859858 -0.16352577525176987 -0.06431919764526328 -0.13581806696146556 -0.07150480256136607 -0.10315995222065373 -0.09348496530454896 -0.08899927558729173 -0.2097245409015025 -0.2909570154095702 -0.21045067241556312 -0.22039757994814174 -0.09108075086082418 -0.134608966514629 -0.03826809534222612 -0.13420548099695498 -0.10590332389640347 -0.1681493792159546 -0.12954610881873138 -0.1815103921753033 -0.14599924156238148 -0.2779251087302429 -0.048283824918652254 -0.1866694790128665 -0.008623167576889912 -0.11039283938339137 -0.149812734082397 -0.09902893952504568 -0.07571229328551506 -0.16343951696856132 -0.14569000404694457 -0.15913133015070674 -0.061775327884432615 -0.1210409521888239 -0.03571428571428571 -0.1240346360870583
-0.05761676123963335 -0.00830181717553731 -0.07726597325408617 -0.06613131790269249 -0.1247307968413496 -0.19064124783362218 -0.07108042242079608 -0.08056078677547604 -0.04301272078338062 -0.0528003017160098 -0.09334537789822342 0.008408660920748368 -0.15398249695358368 -0.24717893605588395 -0.3109555189456343 -0.3048016701461378 -0.14594708105837886 -0.10985352862849533 -0.030202041241408045 -0.04980180912694379 -0.11760826555286877 -0.18448997103936499 -0.23177732048088381 -1.0574426093279317 -3.3862068965517245 -5.190946255858012 -0.5320258710619654 -0.25487728130899934 -0.2305619323285757 -0.16694490818030053 -0.05024588411374813 -0.07872485178345806 -0.10793523885668599 -0.4001645921201523 -0.9372623574144487 -1.351189883500946 -0.22858411007545495 -0.16344229486324216 -0.03779457536682971 -0.09224661373190099 -0.03618946248004258 -0.005672149744753262 -0.07539793353811786 -0.17885066458170445 -0.2597909952143763 -0.07809371245494594 -0.024649019397706563 -0.021668472372697724 -0.04655493482309124 -0.007335219532641729 -0.043010752688172046 -0.09083402146985964 -0.07308796658835812 -0.1437686091025096 -0.12595591542959964 -0.21477262115977216 -0.09300444803881924 -0.11624220648842862 -0.08470986869970351 -0.09654738167698604 -0.17135976287513896 -0.11452513966480449 -0.15406976744186046 -0.20350685927137277 -0.16152019002375298 -0.1475720410808655 -0.07413060067589666 -0.1284480943356496 -0.0864461045891142 -0.09881637528504725 -0.0925212027756361 -0.09831315326503157 -0.20242070116861438 -0.2656123276561233 -0.21045067241556312 -0.2538893690579084 -0.06109074752860157 -0.12348425853821339 -0.030614476273780895 -0.12518326378707567 -0.12058299255531088 -0.1593508651872128 -0.13434411284905481 -0.15705821499106554 -0.14125900644671974 -0.23761536013578016 -0.05773066022882334 -0.16663151233916898 -0.01916259461531091 -0.08453505718547986 -0.16297196072476972 -0.09037592539178926 -0.09663279537756526 -0.15302935665209244 -0.14771347632537435 -0.13760179724796404 -0.08173351073940315 -0.11599757918095621 -0.05115830115830115 -0.11584366955300726
-0.048886948930597994 -0.02213817913476616 -0.0861812778603269 -0.07463391591875296 -0.13819095477386933 -0.16601295265894372 -0.04163281884646629 -0.07846829880728184 -0.02837009243159147 -0.05185743918536676 -0.0913379504165412 -0.0010510826150935502 -0.1451201949706436 -0.2880171950564213 -0.30374794069192756 -0.2599164926931107 -0.11864762704745906 -0.1120727918331114 -0.01249739637575506 -0.04878544567537351 -0.11760826555286877 -0.19521613214630484 -0.26102025343875235 -1.761711852082684 -3.5665024630541873 -4.277594974573736 -0.3734612977258502 -0.23809523809523814 -0.22058089629703562 -0.1565108514190317 -0.04596963865725893 -0.10205073379337157 -0.15490705576654007 -0.5585845077666908 -0.9087452471482889 -1.0893159414517575 -0.15978695073235685 -0.14787636201912385 -0.03223654957759005 -0.08640822045773003 -0.03938265034592869 -0.028360748723766305 -0.08656799776598714 -0.18764659890539487 -0.22951460103525734 -0.035042050460552664 0.002143392991104913 -0.013001083423618637 -0.02689840678667494 -0.001047888504663104 -0.03616813294232649 -0.11010184420589045 -0.06264682850430697 -0.14376860910250958 -0.10796221322537111 -0.1951629470538799 -0.06570966437525272 -0.11729895382014159 -0.06353240152477764 -0.09339909749186694 -0.175064838829196 -0.13780260707635011 -0.17829457364341084 -0.21804306350504224 -0.14536817102137767 -0.12563565659587198 -0.052327482830044715 -0.1284480943356496 -0.06510138740661686 -0.10641763492235859 -0.09348496530454896 -0.1231501604056711 -0.17946577629382304 -0.2615571776155718 -0.19299866543476032 -0.23984442523768362 -0.031100744196378982 -0.12682167093113808 0.001093374152635032 -0.12179993233337091 -0.13316556569151722 -0.16032847785707302 -0.13050570962479607 -0.15611774663782563 -0.11755783086841107 -0.21321735440755277 -0.0440852314474651 -0.15397595443999157 -0.008623167576889912 -0.07757334659373447 -0.16600870533454803 -0.08941447937698298 -0.10659493923092249 -0.1488652925255049 -0.13253743423715098 -0.11794439764111204 -0.07222961414179814 -0.10288480936050033 -0.04150579150579151 -0.10180201263749122
-0.04975993016150153 -0.04612120653076285 -0.09212481426448736 -0.10014170996693435 -0.13819095477386933 -0.15233056645078902 -0.02538586515028432 -0.08056078677547604 -0.020133613983710073 -0.05280030171600978 -0.09234166415738232 -0.014715156611309649 -0.1694915254237288 -0.33745298226759807 -0.300658978583196 -0.23382045929018794 -0.08294834103317936 -0.10652463382157125 -0.0010414496979795902 -0.04268726496595183 -0.12090569355902396 -0.2284672315778183 -0.336835264811004 -2.4327412485717255 -3.5733990147783254 -3.3801974274603652 -0.27331525140830376 -0.22655758338577722 -0.2026150314402635 -0.1512938230383973 -0.04917682274962583 -0.13412382155700264 -0.22186687987207673 -0.6820285978808764 -0.8688212927756653 -0.8543263964950712 -0.09320905459387482 -0.13564598621303092 -0.020008892841262782 -0.08757589911256422 -0.04364023416711017 -0.05294006428436378 -0.10332309410779113 -0.2062157935887412 -0.20119152260962986 -0.03404084901882259 0.03536598435323116 -0.024918743228602377 -0.0041382164287192226 -0.015718327569946556 -0.03714565004887586 -0.13212221304706856 -0.06612720786565736 -0.1701403658017865 -0.09356725146198831 -0.1923615650387524 -0.03538212697128994 -0.11835570115185459 -0.04553155442609064 -0.10389337810893062 -0.17784364579473877 -0.15921787709497207 -0.18701550387596896 -0.2234941400926683 -0.134916864608076 -0.11765878951041979 -0.03161452087648532 -0.12739524110339018 -0.05016008537886872 -0.11184710609186668 -0.09348496530454897 -0.15005691814136396 -0.19824707846410686 -0.28588807785888076 -0.19094548814290113 -0.23012100259291265 -0.015550372098189486 -0.1290466125264212 0.007653619068445224 -0.12969437239201534 -0.13421411345286777 -0.17401505523511585 -0.14106131849150755 -0.17210570864290414 -0.10997345468335229 -0.21109578869205467 -0.04408523144746511 -0.15186669479012868 -0.015330075692248734 -0.07657881650919941 -0.16904544994432638 -0.10768195365830209 -0.11157601115760114 -0.15302935665209244 -0.12950222581950627 -0.1198165309370027 -0.07318000380155863 -0.10792818236836799 -0.049227799227799234 -0.10648256494266324
-0.05587079877782628 -0.06733696153491375 -0.1089648340762754 -0.13982050070854984 -0.1453697056712132 -0.14229681656480891 -0.015231519090170592 -0.07742205482318475 -0.030200420975565113 -0.053743164246652805 -0.08431195423065341 -0.02627706537733866 -0.19497064362468153 -0.37076840408382594 -0.2790362438220758 -0.1941544885177453 -0.04829903401931963 -0.09098979138925876 0.008331597583836703 -0.03252363045024901 -0.11870740822158717 -0.2531374021237799 -0.5198743636954403 -3.085073231536304 -3.478817733990149 -2.5815136105294645 -0.20550803254746502 -0.21606880637717643 -0.19263399540872342 -0.14398998330550916 -0.05452212957023733 -0.1739722033239382 -0.33879672196681987 -0.7776977677193705 -0.7994296577946767 -0.6502041222742208 -0.04438526409232133 -0.12008005336891263 -0.02334370831480658 -0.08640822045773003 -0.03725385843533795 -0.07941009642654566 -0.14707251233361257 -0.1983971853010164 -0.17775173356773122 -0.014016820184221063 0.05679991426428036 -0.015167930660888404 -0.0041382164287192226 -0.008383108037304831 -0.04105571847507331 -0.14588494357280482 -0.07221787174802054 -0.1752445767758401 -0.08097165991902834 -0.1708843029227752 -0.024262029923170246 -0.11201521716157667 -0.041296060991105464 -0.09864623780039879 -0.1806224527602816 -0.17504655493482307 -0.20058139534883718 -0.22621967838648133 -0.12256532066508315 -0.10170505533951542 -0.019622806061266755 -0.11370814908401768 -0.05016008537886872 -0.10533174068845697 -0.08481110254433308 -0.16868467349684363 -0.1898998330550918 -0.3061638280616383 -0.17452006980802792 -0.21391529818496102 0.003332222592469178 -0.12348425853821339 0.010933741526350318 -0.12969437239201534 -0.11848589703260985 -0.1847687946035781 -0.14489972171576623 -0.16364149346374493 -0.09385665529010238 -0.19942717725681552 -0.029390154298310073 -0.1476481754904029 -0.010539427038421005 -0.07260069617105917 -0.1741066909606236 -0.11345062974713971 -0.13050408447897988 -0.1488652925255049 -0.11837312828814246 -0.11607226434522137 -0.06082493822467211 -0.10389348396207385 -0.05212355212355213 -0.10531242686637024
-0.04364906154517678 -0.07010423392675953 -0.10500247647350174 -0.15965989607935754 -0.13370423546302942 -0.11858068047067409 0.009138911454102356 -0.0596359070935342 -0.015557792623775966 -0.04242881387893645 -0.07226738934056007 -0.0430943872188354 -0.2315276393043093 -0.384739387426115 -0.2553542009884679 -0.15866388308977036 -0.016799664006719863 -0.0821127385707945 0.02082899395959175 -0.02439272283768676 -0.09782369751593756 -0.28102542100182343 -0.8534604137333478 -3.5182299781863504 -3.308374384236454 -1.8945059327948948 -0.1293553098268308 -0.20453115166771557 -0.1616927837109492 -0.13042570951585972 -0.06093649775497114 -0.2050733793371562 -0.49670197881271233 -0.8548503240407366 -0.7167300380228137 -0.47296624514587277 -0.0022192632046160706 -0.10006671114076052 -0.021120497999110716 -0.07122839794488559 -0.0564129856306546 -0.10304405369635092 -0.21409289770082846 -0.19155590304925726 -0.16407852329329037 0.0030036043251902315 0.06966027221090988 -0.005417118093174429 -0.010345541071798052 -0.0010478885046631054 -0.033235581622678395 -0.15597761262501147 -0.07830853563038372 -0.1752445767758401 -0.06297795771479983 -0.15220842282192545 6.938893903907229e-19 -0.10356123850787277 -0.027530707327403647 -0.09025081330674782 -0.18618006669136716 -0.18435754189944134 -0.19573643410852712 -0.22258562732806392 -0.1007125890736342 -0.0887426463256556 0.003270467676877797 -0.1042324699936829 -0.040554962646744935 -0.09447279834944076 -0.0761372397841172 -0.1811031770671634 -0.19303005008347246 -0.30210867802108676 -0.15501488553536596 -0.189066551426102 0.01777185382650228 -0.11458449215708091 0.014213863984255412 -0.11164993797225668 -0.09961203732830032 -0.1984553719816209 -0.1468189233278956 -0.1598796200507853 -0.07963594994311717 -0.19624482868356846 -0.008397186942374305 -0.1497574351402658 6.938893903907229e-19 -0.07061163600198907 -0.17410669096062356 -0.1230650898952024 -0.14843594341502292 -0.15198834062044556 -0.12039660056657224 -0.11607226434522137 -0.05797376924539062 -0.10490215856364737 -0.06274131274131275 -0.09946173648490522
-0.025316455696202535 -0.07840605110229684 -0.10995542347696881 -0.17666509211147852 -0.12203876525484565 -0.09851318069871384 0.03249390739236393 -0.05126595522075748 -0.0045758213599341084 -0.031114463511220065 -0.05821539696878449 -0.0704225352112676 -0.2703002104796721 -0.40408382590005376 -0.22446457990115326 -0.1283924843423799 0.014699706005879882 -0.08766089658233467 0.03228494063736721 -0.024392722837686755 -0.09122884150362717 -0.33036576209374663 -1.4307375717534927 -3.784148748312039 -3.0876847290640397 -1.2314288563166815 -0.0824118506154809 -0.21082441787287604 -0.14472502245733107 -0.13772954924874792 -0.06414368184733803 -0.24686558460491786 -0.6915850489706176 -0.9093714638411686 -0.6112167300380228 -0.3335656676291945 0.04771415889924545 -0.09561930175672669 -0.014450867052023123 -0.07239607659971976 -0.05428419372006386 -0.13329551900170164 -0.26249650935492885 -0.17982799061767007 -0.1338021291141713 0.015018021625951148 0.09645268459972137 -0.007583965330444203 0.003103662321539419 0.006287331027978622 -0.026392961876832842 -0.16790531241398293 -0.06612720786565736 -0.18460229689493832 -0.044984255510571294 -0.14193668876645807 0.010109179134654266 -0.10356123850787277 -0.022236340533672176 -0.08815195718333509 -0.18432752871433863 -0.1908752327746741 -0.1967054263565891 -0.22076860179885527 -0.08266033254156771 -0.0757802373117958 0.01635233838438897 -0.10002105706464519 -0.035218783351120594 -0.08687153871212942 -0.06457208943716268 -0.19559143123253647 -0.20242070116861438 -0.28588807785888076 -0.1457755877219998 -0.17178046672428698 0.033322225924691765 -0.11903437534764716 0.02514760551060573 -0.10262772076237736 -0.09017510747614553 -0.2082314986802229 -0.1295461088187314 -0.16364149346374493 -0.05783086841107319 -0.18457621724832926 0.0041985934711871505 -0.14448428601560853 0.0076650378461243646 -0.06166086524117355 -0.15791071970847254 -0.12979521199884625 -0.13947001394700137 -0.15094732458879864 -0.1001618777822744 -0.11045586445754937 -0.035164417411138564 -0.09784143635263264 -0.05019305019305019 -0.09595132225602622
-0.02880838061981667 -0.08025089936352735 -0.1188707280832095 -0.18705715635333017 -0.11755204594400573 -0.0720605673629481 0.03858651502843217 -0.04603473530027202 -0.0027454928159604654 -0.022628700735432772 -0.05219311452373783 -0.09775068320369981 -0.2957793286806248 -0.4234282643739925 -0.17504118616144976 -0.09812108559498957 0.044099118017639646 -0.0920994229915668 0.0416579879191835 -0.018294542128265066 -0.09892284018465597 -0.39043226429260963 -2.25387198093794 -3.922301859353901 -2.804926108374384 -0.6840163525775251 -0.04277070728145212 -0.20662890706943568 -0.13174967561632897 -0.1387729549248748 -0.07697241821680564 -0.2964330838759841 -0.8824705176893863 -0.9371463841168606 -0.48574144486692006 -0.19117793488001592 0.07656458055925433 -0.08561263064265065 -0.006669630947087594 -0.06422232601588043 -0.06386375731772219 -0.15976555114388352 -0.278320767011077 -0.17885066458170448 -0.09571247192108603 0.03303964757709251 0.11467152502411318 -0.008667388949079091 0.007241878750258638 0.010478885046631036 -0.025415444770283478 -0.17341040462427748 -0.06612720786565736 -0.17694598043385795 -0.0278902384165542 -0.12512839667569334 0.022240194096239386 -0.09933424918102081 -0.014824227022448117 -0.07660824850456502 -0.18340125972582438 -0.20577281191806335 -0.1821705426356589 -0.21622603797583356 -0.054156769596199514 -0.06580915345498055 0.031614520876485336 -0.1042324699936829 -0.02134471718249733 -0.08904332717993266 -0.07131842713955283 -0.1976611818275898 -0.1982470784641068 -0.26662611516626117 -0.13037675803305618 -0.12316335350043217 0.039986671109630126 -0.09900990099009903 0.024054231357970697 -0.08571106349385361 -0.09751494180559925 -0.2160524000391045 -0.13050570962479607 -0.1636414934637449 -0.04266211604095564 -0.17290760581309006 0.01679437388474861 -0.1392111368909513 0.016288205423014276 -0.04972650422675286 -0.15082498228565644 -0.1374867801172964 -0.13448894202032277 -0.15302935665209244 -0.07891541885876163 -0.10577553121782271 -0.020908572514731043 -0.09279806334476498 -0.0444015444015444 -0.09595132225602623
-0.03753819292885203 -0.08394059588598837 -0.13868251609707777 -0.19650448748228627 -0.13011486001435751 -0.03466204506065858 0.0446791226645004 -0.03138731952291274 -0.0009151642719868201 -0.010371487837073354 -0.04215597711532671 -0.11877233550557073 -0.32679738562091504 -0.42127888232133265 -0.1153212520593081 -0.05845511482254697 0.05669886602267955 -0.08100310696848648 0.043740887315142675 -0.006098180709421691 -0.11540998021543196 -0.4730237048160463 -3.0694248889851616 -3.9939752778643403 -2.3566502463054184 -0.3320370924319474 -0.016691007719591068 -0.21082441787287598 -0.12675915760055895 -0.13981636060100167 -0.10369895231986317 -0.3790455826610944 -1.087347591445133 -0.9536055961320853 -0.34125475285171103 -0.08264462809917358 0.0954283177984909 -0.07894151656659995 -0.00444642063139173 -0.06305464736104624 -0.07982969664715274 -0.19757988277557195 -0.2978683794098483 -0.17298670836591087 -0.055669498974509235 0.04805766920304365 0.11895831100632301 -0.002166847237269773 0.006207324643078836 0.01676621607460966 -0.0332355816226784 -0.1825855583081017 -0.057426259462281394 -0.16673755848575073 -0.02069275753486279 -0.10271734055467363 0.03942579862515164 -0.09722075451759483 -0.008470986869970354 -0.06716339594920769 -0.19914783253056692 -0.21415270018621974 -0.18701550387596896 -0.20804942309439448 -0.051306413301662704 -0.046864094127031616 0.029434209091900143 -0.09580964413560751 -0.025613660618996798 -0.08361385601042458 -0.06746337702390132 -0.2111145606954362 -0.18572621035058426 -0.2615571776155718 -0.128323580741197 -0.09831460674157302 0.04998333888703766 -0.0878851930136834 0.03170785042641592 -0.0834555091913838 -0.10695187165775402 -0.22680613940756675 -0.11899049995201996 -0.16928430358318441 -0.02654531664770573 -0.16548212580884694 0.025191560827122917 -0.14237502636574562 0.018204464884545368 -0.05867727498756836 -0.15689847150521308 -0.13844822613210267 -0.13747758517632996 -0.1519883406204455 -0.06373937677053823 -0.10203126462604137 -0.022809351834252048 -0.08977203954004438 -0.041505791505791506 -0.09595132225602622
-0.039284155390659097 -0.08763029240844941 -0.13868251609707777 -0.20784128483703354 -0.12921751615218952 -0.023716136094134817 0.04670999187652315 -0.03452605147520402 0.0027454928159604663 -0.015085800490288515 -0.053196828264578944 -0.1313853268866933 -0.36778553229201283 -0.41912950026867274 -0.054571663920922574 -0.03549060542797494 0.054598908021839566 -0.07656458055925433 0.038533638825244736 -0.008130907612562254 -0.12750054957133436 -0.5835031642175266 -3.8828116538503195 -4.037602576088085 -1.555665024630542 -0.20341011067903078 -0.0020863759649488887 -0.21921543947975666 -0.12276674318794292 -0.15755425709515858 -0.12721830233055378 -0.4645738166974439 -1.2562462522486508 -0.9731509104001648 -0.1825095057034221 -0.04182017325500348 0.10985352862849536 -0.07449410718256616 -6.938893903907229e-19 -0.07473143390938813 -0.10005321979776476 -0.22972206466250705 -0.2969375407241925 -0.1622361219702893 -0.01562652602793242 0.060072086503804564 0.12646018647519025 0.0032502708559046583 0.013449203393337472 0.012574662055957244 -0.044965786901270774 -0.19267822736030832 -0.06264682850430697 -0.16163334751169714 -0.01799370220422851 -0.09431319450929124 0.04144763445208249 -0.09933424918102081 -0.004235493434985178 -0.07765767656627139 -0.2074842534271953 -0.21787709497206706 -0.17829457364341084 -0.2144090124466249 -0.03800475059382424 -0.045866985741350084 0.02616374141502235 -0.08843967150979154 -0.029882604055496264 -0.09230100988163752 -0.07420971472629143 -0.2193935630756494 -0.18989983305509178 -0.2564882400648824 -0.12729699209526743 -0.07778738115816766 0.05553704320781962 -0.0789854266325509 0.03936146949486114 -0.08683884064508854 -0.12582573136206354 -0.22289568872812593 -0.12186930237021396 -0.17116524028966423 -0.020857034508911645 -0.15805664580460382 0.009446835310171094 -0.14342965619067707 0.005748778384593273 -0.06464445549477871 -0.16398420892802917 -0.14325545620613403 -0.1315002988643156 -0.17593170934832397 -0.049575070821529746 -0.10951979780960405 -0.024710131153773046 -0.08472866653217673 -0.041505791505791506 -0.09829159840861221
-0.04015713662156264 -0.10238907849829353 -0.15255076770678552 -0.2135096835144072 -0.09960516870064609 -0.01733102253032929 0.049756295694557265 -0.04603473530027203 0.007321314175894575 -0.019800113143503675 -0.06724882063635451 -0.1681732184149674 -0.38994128724936294 -0.39548629768941435 -0.007207578253706761 -0.018789144050104383 0.058798824023519526 -0.07989347536617844 0.04582378671110184 -0.009147271064132535 -0.1362936909210816 -0.8538024241124103 -4.231560706162677 -3.728056507738652 -0.8778325123152708 -0.17050553395154053 0.008345503859795532 -0.2181665617788966 -0.11578001796586487 -0.15546744574290483 -0.1539448364336113 -0.589950432500729 -1.3441934839096539 -0.874395638308816 -0.07509505703422056 -0.016927212984168077 0.11873058144695962 -0.07449410718256616 0.007781236104935527 -0.08173750583839327 -0.1128259712613092 -0.2618642465494422 -0.2997300567811598 -0.13389366692728694 -0.006836605137220434 0.06507809371245496 0.12324509698853288 0.001083423618634887 0.014483757500517277 0.01362255056062035 -0.051808406647116334 -0.20827598862280947 -0.06612720786565736 -0.16503615482773287 0.006297795771479991 -0.08590904846390886 0.054589567327133035 -0.10567473317129872 0.00847098686997035 -0.07975653268968412 -0.20933679140422382 -0.2299813780260708 -0.17151162790697674 -0.20986644862360318 -0.030403800475059396 -0.04088144381294247 0.033794832661070535 -0.08738681827753211 -0.022411953041622197 -0.0912151156477359 -0.07806476484194294 -0.23388181724102247 -0.19198664440734556 -0.2514193025141931 -0.09752592136330973 -0.07130509939498703 0.06442297012107076 -0.08899766381132494 0.04592171441067133 -0.08683884064508852 -0.12268008807801194 -0.23071659008700754 -0.1122732943095672 -0.1683438352299445 -0.0037921880925293862 -0.1516919486581097 0.027290857562716493 -0.14448428601560853 0.021078854076842006 -0.05768274490303331 -0.1518372304889159 -0.14902413229497163 -0.12353058378162982 -0.1676035810951489 -0.04755159854309996 -0.11045586445754937 -0.017107013875689032 -0.08271131732902966 -0.029922779922779925 -0.09829159840861221
-0.03142732431252728 -0.12544968176367494 -0.1664190193164933 -0.242796410014171 -0.06909547738693467 -0.02006749977196023 0.0670186839967506 -0.05649717514124294 0.014642628351789148 -0.029228738449934 -0.06022282445046673 -0.20075677948286735 -0.4176359809460507 -0.3675443310048362 0.0278006589785832 -0.011482254697286013 0.07349853002939942 -0.0887705281846427 0.05103103520099979 -0.014229088321983944 -0.14069026159595518 -1.1305373806714578 -4.4221813061843385 -3.274124857172535 -0.39605911330049265 -0.16153155848040684 0.038597955351554344 -0.2223620725823369 -0.0918255314901687 -0.16277128547579298 -0.163566388710712 -0.6890854310428614 -1.4001599040575656 -0.7684394609608064 0.002851711026615972 -0.0019914368216668323 0.130936529072348 -0.07115855014454081 0.013339261894175187 -0.08757589911256422 -0.11495476317189994 -0.2807714123652864 -0.2969375407241925 -0.11923377638780297 0.01171989452094931 0.06307569082899481 0.13717715143071485 -0.003250270855904658 0.025863852679495137 0.008383108037304831 -0.058651026392961894 -0.23304890356913482 -0.06612720786565736 -0.17694598043385792 0.03508771929824562 -0.09151181249416378 0.0727860897695107 -0.1099017224981507 0.021177467174925878 -0.08185538881309687 -0.21304186735828085 -0.2495344506517691 -0.17344961240310075 -0.21713455074043791 -0.02185273159144893 -0.04287566058430552 0.046876703368581706 -0.08738681827753211 -0.017075773745997867 -0.08578564447822783 -0.07324595219737857 -0.24940494670392216 -0.22224540901502504 -0.26662611516626117 -0.07494097115285904 -0.06374243733794296 0.06886593357769631 -0.0901101346089665 0.04264159195276624 -0.0857110634938536 -0.11848589703260984 -0.24538078013491055 -0.12474810478840803 -0.1749271137026239 -0.0037921880925293867 -0.16017821152010187 0.036737692872887584 -0.14659354566547142 0.021078854076842006 -0.06066633515663848 -0.14373924486284034 -0.15094702432458418 -0.10958358238692967 -0.166562565063502 -0.04451639012545528 -0.10296733127398672 -0.00570233795856301 -0.07867661892273552 -0.02316602316602317 -0.09010063187456119
-0.036665211697948494 -0.13006180241675122 -0.16344725111441308 -0.23051487954652808 -0.04576453697056713 -0.010033749885980117 0.06701868399675061 -0.049173467252563295 0.009151642719868219 -0.02828587591929097 -0.07527853056308341 -0.21967626655455122 -0.4608397031128836 -0.34175174637291783 0.02574135090609555 -0.010438413361169102 0.06089878202435951 -0.08211273857079451 0.039575088523224326 -0.011179997967273095 -0.15607825895801272 -1.3096642711573527 -4.496913245965557 -2.592708008725459 -0.15763546798029557 -0.148569149466547 0.0521593991237221 -0.2192154394797566 -0.07585587383970457 -0.15859766277128545 -0.1935001069061364 -0.7687821945767325 -1.4241455126923845 -0.6131056475671227 0.05513307984790874 0.015931494573334662 0.12538837106080783 -0.06337558372248166 0.006669630947087593 -0.0899112564222326 -0.13943587014369346 -0.28833427869162415 -0.30531508889509446 -0.1075058639562158 -2.7755575615628915e-18 0.05907088506207449 0.12110170399742795 -0.009750812567713976 0.010345541071798057 0.007335219532641728 -0.06451612903225808 -0.24405908798972384 -0.06786739754633256 -0.17354317311782216 0.04588394062078273 -0.09337940050424876 0.0798625151637687 -0.1088449751664377 0.029648454044896234 -0.08500367299821597 -0.21952575027788068 -0.24301675977653633 -0.1511627906976744 -0.19987280821295542 -0.009501187648456056 -0.03689301027021637 0.041425923907118724 -0.08317540534849442 -0.017075773745997867 -0.0781843848409165 -0.0799922898997687 -0.24733519610886887 -0.2337228714524207 -0.2605433901054339 -0.06056873010984498 -0.06482281763180639 0.06109074752860157 -0.09344754700189119 0.03280122457905095 -0.08232773204014887 -0.10800041941910454 -0.2502688434842115 -0.12282890317627866 -0.1683438352299445 -0.0018960940462646914 -0.16548212580884694 0.043035583079668316 -0.1529213246150601 0.030660151384497465 -0.05768274490303331 -0.1508249822856564 -0.1567157004134218 -0.1026100816895796 -0.15615240474703312 -0.049575070821529746 -0.10015913133015071 -0.005702337958563013 -0.07968529352430906 -0.02027027027027027 -0.0912707699508542
-0.04364906154517678 -0.13006180241675122 -0.1614660723130262 -0.20784128483703354 -0.028715003589375447 -0.004560795402718237 0.07615759545085296 -0.04394224733207784 0.01647295689576279 -0.026400150858004894 -0.0752785305630834 -0.24595333193188984 -0.4408995236512684 -0.3159591617409995 0.06898682042833608 -0.019832985386221295 0.07979840403191936 -0.09431868619618287 0.05623828369089774 -0.01727817867669479 -0.16926797098263352 -1.4040544888984232 -4.4633380266435605 -1.9497247325231115 -0.04039408866995074 -0.15056336623791006 0.06885040684331316 -0.237046360394378 -0.050903283760854366 -0.1669449081803005 -0.2127432114603378 -0.8212654290990379 -1.3991605036977812 -0.48451805369817913 0.10361216730038023 0.02190580503833516 0.13315579227696406 -0.0644874360684901 0.015562472209871054 -0.08757589911256422 -0.15433741351782865 -0.30818680279826055 -0.29973005678115977 -0.10066458170445661 0.007813263013966208 0.057068482178614335 0.12110170399742792 -0.011917659804983749 0.010345541071798057 0.007335219532641726 -0.06451612903225806 -0.24222405725295898 -0.04785521621856782 -0.15908124202467033 0.07017543859649122 -0.09151181249416378 0.0879498584714921 -0.1099017224981507 0.042354934349851756 -0.0839542449365096 -0.23064097814005188 -0.23929236499068898 -0.15503875968992248 -0.19260470609612065 -0.009501187648456057 -0.03091035995612723 0.03706530033794833 -0.08317540534849442 -0.014941302027748132 -0.07166901943750678 -0.08191981495759444 -0.2463003208113422 -0.21181135225375627 -0.22708840227088403 -0.03285083666974643 -0.058340535868625754 0.06997667444185271 -0.10012237178774057 0.03936146949486114 -0.08119995488891393 -0.10170913285100136 -0.25222406882393195 -0.09787928221859707 -0.16082008840402523 0.023701175578308687 -0.16442134295109792 0.05982995696441693 -0.15186669479012868 0.04790648653827728 -0.05768274490303331 -0.15588622330195362 -0.1557542543986155 -0.11954572624028689 -0.15615240474703312 -0.04755159854309996 -0.09828699803426004 -0.0009503896597605032 -0.07464192051644139 -0.009652509652509652 -0.08424994149309618
-0.0392841553906591 -0.12913937828613598 -0.15948489351163944 -0.1804440245630609 -0.010768126346015794 0.0036486363221745846 0.08834281072298943 -0.037664783427495296 0.026539763887617827 -0.018857250612860647 -0.08330824048981231 -0.2680260668488543 -0.42649828292899084 -0.2826437399247716 0.08340197693574959 -0.018789144050104383 0.07034859302813942 -0.09653794940079893 0.05519683399291814 -0.021343632482975917 -0.15937568696416796 -1.4630483749865923 -4.317123361854218 -1.3067414563207644 0.022660098522167483 -0.14557782430950245 0.08971416649280199 -0.23809523809523805 -0.028945004491466208 -0.17007512520868112 -0.2116741500962155 -0.8436193993585382 -1.311213272036778 -0.4001645921201522 0.1397338403041825 0.025888678681668824 0.15312916111850866 -0.06226373137647321 0.031124944419742107 -0.07823446987389071 -0.18094731240021286 -0.3072414445074683 -0.2792516056967327 -0.09577795152462862 0.010743236644203536 0.06407689227072486 0.09752438109527381 -0.006500541711809316 0.001034554107179808 0.012574662055957244 -0.05571847507331379 -0.2477291494632535 -0.043504742016879844 -0.15397703105061672 0.08726945569050831 -0.09151181249416378 0.09401536595228469 -0.1099017224981507 0.04870817450232952 -0.08605310105992234 -0.224157095220452 -0.23649906890130357 -0.13953488372093023 -0.18261106568547286 0.00665083135391924 -0.024927709642038092 0.049057015153166905 -0.08001684565171614 -1.3877787807814458e-18 -0.06949723096970355 -0.08673862760215881 -0.2504398220014489 -0.21598497495826377 -0.19870235198702352 -0.014372241043014064 -0.054019014693171996 0.07553037876263467 -0.10123484258538211 0.05138858517384648 -0.0778166234352092 -0.09541784628289818 -0.25124645615407176 -0.07868726609730353 -0.14859399981190632 0.04076602199469094 -0.15911742866235282 0.05878030859662013 -0.1497574351402658 0.050780875730573924 -0.05469915464942815 -0.14272699665958094 -0.15190847033939045 -0.1105797967722654 -0.16135748490526752 -0.046539862403885066 -0.09828699803426003 0.004751948298802507 -0.077667944321162 -0.0009652509652509654 -0.0854200795693892
-0.044522042776080316 -0.13282907480859701 -0.16939078751857356 -0.1530467642890883 -0.004486719310839915 0.007297272644349172 0.08021933387489846 -0.03871102741159239 0.026539763887617827 -0.016028663020931547 -0.08732309545317675 -0.28063905822997687 -0.39769580148443556 -0.2568511552928533 0.08957990115321253 -0.013569937369519832 0.07034859302813944 -0.09986684420772304 0.059362632784836486 -0.022359995934546198 -0.16267311497032316 -1.482355464979084 -3.9943680277266322 -0.8517710605588448 0.047290640394088666 -0.13560674045268722 0.09597329438764865 -0.23599748269351792 -0.0269487972851582 -0.17007512520868112 -0.2212957023733162 -0.8397317523568859 -1.2012792324605237 -0.3065528237835613 0.155893536121673 0.0368415812008364 0.1542387927208167 -0.05559261730042251 0.0377945753668297 -0.0700607192900514 -0.184140500266099 -0.29589714501796177 -0.24481057432746905 -0.08209538702111023 0.01757984178142397 0.07809371245494594 0.09109420212195905 0.004333694474539548 0.005172770535899028 0.024101435607251386 -0.06158357771260997 -0.24589411872648864 -0.037414078134516665 -0.14121650361548277 0.08906882591093117 -0.08590904846390886 0.0909826122118884 -0.10673148050301173 0.042354934349851756 -0.08605310105992234 -0.21396813634679512 -0.22346368715083803 -0.13372093023255813 -0.15808122104115563 0.021852731591448932 -0.01196530062817828 0.06213888586067808 -0.06527690040008423 0.012806830309498399 -0.0542947116950809 -0.09734001542020043 -0.23698644313360245 -0.23059265442404006 -0.17335766423357665 -0.017452006980802792 -0.044295592048401035 0.06109074752860157 -0.09678495939481588 0.04045484364749617 -0.07443329198150446 -0.09017510747614554 -0.2434255547951901 -0.0585356491699453 -0.12320135427442866 0.047402351156617374 -0.14320568579611753 0.05982995696441692 -0.13921113689095127 0.048864616269042836 -0.04773744405768275 -0.13361676283024598 -0.1403711181617152 -0.09264793783622235 -0.15302935665209244 -0.026305139619587213 -0.0889263315548067 0.015206234556168027 -0.06959854750857372 0.014478764478764478 -0.07722911303533818
-0.047140986468790926 -0.1263721058942902 -0.17137196631996038 -0.10581010864430798 0.0071787508973438635 0.028276931496853053 0.08225020308692121 -0.02615609960242729 0.028370092431591477 -0.0047143126532151625 -0.09434909163906455 -0.26066848854319946 -0.36667774454414537 -0.23750671681891453 0.09060955518945635 0.008350730688935281 0.06719865602687947 -0.07101642254771415 0.06248698187877525 0.0 -0.16377225763904155 -1.4619757588758984 -3.4279215856168093 -0.5827360548457464 0.05714285714285714 -0.10469638049655998 0.1043187982474442 -0.2150199286763163 -0.02595069368200419 -0.14398998330550922 -0.21915757964507163 -0.8125182233453202 -1.0213871676993804 -0.21705585845077663 0.1720532319391635 0.05874738623917155 0.15312916111850866 -0.026684456304202804 0.03890618052467763 -0.03853339560952826 -0.19372006386375734 -0.27226318774815655 -0.21502373638648425 -0.06939014855355746 0.013673210274440864 0.09711653984781739 0.079305540670882 0.027085590465872156 -0.002069108214359611 0.04191554018652415 -0.0635386119257087 -0.2394715111478117 -0.05307578526059341 -0.12590387069332198 0.08277103013945118 -0.07376972639835652 0.09098261221188839 -0.09722075451759485 0.03917831427361288 -0.07450939238115227 -0.20655798443868098 -0.21508379888268153 -0.1327519379844961 -0.12264922322158629 0.030403800475059382 0.00598265031408914 0.07304044478360405 -0.05685407454200884 0.0128068303094984 -0.04017808665435987 -0.10505011565150346 -0.21007968539790953 -0.22641903171953257 -0.14497161394971617 -0.014372241043014067 -0.017286084701815037 0.052204820615350436 -0.07564801423962621 0.033894598731685974 -0.05751663471298072 -0.08702946419209395 -0.22289568872812593 -0.062374052394204 -0.11661807580174928 0.04645430413348502 -0.13259785721862732 0.06087960533221372 -0.1265555789917739 0.04503209734598065 -0.04077573346593736 -0.13766575564328373 -0.12787231996923373 -0.09165172345088664 -0.14574224443056422 -0.025293403480372324 -0.07582139848357203 0.013305455236647024 -0.06052047609441193 0.012548262548262547 -0.05967704189094314
-0.036665211697948494 -0.12821695415552073 -0.1565131253095592 -0.0954180444024563 0.00897343862167983 0.02006749977196023 0.08326563769293258 -0.02929483155471856 0.02837009243159147 -0.008485762775787288 -0.09033423667570009 -0.24595333193188984 -0.3345518998559876 -0.22353573347662548 0.092668863261944 0.009394572025052192 0.06194876102477951 -0.06324900133155792 0.059362632784836486 3.4694469519536144e-19 -0.15168168828313916 -1.423361578890915 -2.6167009639337158 -0.42588553027942255 0.06798029556650247 -0.09572240502542627 0.10536198622991863 -0.2076777847702958 -0.01896396845992614 -0.13668614357262104 -0.2116741500962155 -0.7775294003304499 -0.8305016989806114 -0.17076432465795705 0.1796577946768061 0.06173454147167181 0.15645805592543274 -0.022237046920169 0.041129390840373495 -0.043204110228865014 -0.18307610431080362 -0.26091888825865006 -0.1964069626733687 -0.058639562157935886 0.015626526027932415 0.09311173408089708 0.079305540670882 0.03358613217768147 0.003103662321539417 0.04610709420517657 -0.06256109481915932 -0.23488393430589966 -0.04698512137823023 -0.11484474691620586 0.08457040035987404 -0.0672331683630591 0.08794985847149211 -0.09088027052731693 0.03917831427361288 -0.07450939238115227 -0.2056317154501667 -0.20484171322160147 -0.12887596899224804 -0.10902153175252112 0.025653206650831355 0.010968192242496757 0.06431919764526327 -0.04843124868393346 0.008537886872998932 -0.03800629818655664 -0.09252120277563607 -0.20594018420780294 -0.20868113522537562 -0.14193025141930252 -0.006159531875577459 -0.03997407087294728 0.057758524936132406 -0.08121036822783402 0.03717472118959107 -0.06766662907409496 -0.0744468910558876 -0.21311956202952387 -0.04126283466078111 -0.10157058214991063 0.050246492226014405 -0.13047629150312928 0.05878030859662013 -0.12550094916684243 0.04215770815368401 -0.04475385380407758 -0.13260451462698652 -0.12210364388039611 -0.07172743574417215 -0.1405371642723298 -0.016187778227438283 -0.08050173172329869 0.009503896597605019 -0.0595118014928384 0.01351351351351351 -0.05733676573835712
-0.032300305543430816 -0.11345816806567659 -0.13769192669638436 -0.07557864903164854 0.01794687724335966 0.029189090577396697 0.08732737611697808 -0.016739903745553463 0.029285256703578295 0.007542900245144259 -0.09434909163906455 -0.23228925793567376 -0.31128835715076997 -0.20956475013433642 0.08443163097199342 0.010438413361169102 0.06194876102477951 -0.05770084332001776 0.06040408248281608 0.008130907612562252 -0.14838426027698398 -1.3375522900353964 -1.8098126286147516 -0.33343720785291375 0.06699507389162561 -0.08575132116861103 0.10118923430002087 -0.1825047199496539 -0.020960175666234156 -0.11164440734557597 -0.20312165918323713 -0.700748372047818 -0.647611433140116 -0.1213866886122827 0.18726235741444866 0.0667131335258389 0.15645805592543274 -0.008894818768067603 0.041129390840373495 -0.03152732368052313 -0.17456093666844066 -0.23255813953488375 -0.18337522107418786 -0.051798279906176706 0.02148647328840707 0.09010812975570684 0.09109420212195907 0.03791982665222102 0.010345541071798057 0.0544902022424814 -0.06451612903225808 -0.22020368841178092 -0.054815974941268594 -0.10548702679710761 0.07917228969860547 -0.05696143430759174 0.0798625151637687 -0.07185881855648316 0.0338839474798814 -0.05771854339385035 -0.19359021859948128 -0.18901303538175046 -0.11724806201550386 -0.09811937857726902 0.03230403800475059 0.010968192242496757 0.06431919764526327 -0.04632554221941461 0.017075773745997863 -0.03800629818655664 -0.08577486507324593 -0.19248680533995655 -0.1940734557595993 -0.13483373884833738 0.0010265886459295739 -0.04213483146067416 0.06109074752860157 -0.081210368227834 0.03717472118959107 -0.0631555204691553 -0.0786410821012897 -0.1916120832925995 -0.049899241915363206 -0.08370168343835228 0.04455821008722033 -0.11244298292139598 0.050383121654245834 -0.10124446319341911 0.03449267030755965 -0.024863252113376436 -0.12551877720417043 -0.09999038553985191 -0.06375772066148636 -0.11555277951280449 -0.015176042088223391 -0.06833286530000934 0.01805740353544953 -0.045390357070808955 0.018339768339768338 -0.04212497074654809
-0.04190309908336971 -0.10331150262890879 -0.12877662209014365 -0.05857345299952763 0.012562814070351763 0.04560795402718234 0.07818846466287571 0.0 0.020133613983710077 0.01602866302093155 -0.09434909163906453 -0.22072734916964473 -0.28137808795834723 -0.19451907576571736 0.08134266886326194 0.017745302713987474 0.06089878202435951 -0.04993342210386152 0.06248698187877525 0.009147271064132535 -0.14069026159595518 -1.2227823661911401 -0.9899274342034012 -0.2420276306222084 0.07586206896551724 -0.07179180376906971 0.10327561026496976 -0.15628277742815191 -0.014971554047310112 -0.08973288814691152 -0.17853324780842422 -0.6181358732627077 -0.46372176693983613 -0.07098035181565683 0.1967680608365019 0.08264462809917356 0.16200621393697293 0.005559261730042247 0.044464206313917294 -0.024521251751517988 -0.16604576902607773 -0.19663452448477975 -0.1768593502745974 -0.03225175918686473 0.023439789041898626 0.09811774128954745 0.08037723716643448 0.047670639219934995 -0.0051727705358990276 0.06182542177512311 -0.059628543499511244 -0.207358473254427 -0.042634647176542244 -0.09102509570395578 0.0872694556905083 -0.04482211224203941 0.0798625151637687 -0.05600760858078835 0.0338839474798814 -0.04722426277678665 -0.18340125972582438 -0.18528864059590316 -0.10755813953488372 -0.08358317434359952 0.03420427553444181 0.012962409013859805 0.06758966532214106 -0.047378395451674035 0.022411953041622197 -0.03800629818655663 -0.07999228989976867 -0.17592880057953017 -0.16590150250417363 -0.12773722627737225 0.009239297813366182 -0.03133102852203976 0.053315561479506834 -0.07231060184670153 0.0240542313579707 -0.057516634712980706 -0.08283527314669184 -0.1847687946035781 -0.05277804433355724 -0.05548763284115489 0.04361016306408798 -0.09547045719741167 0.052482418389839414 -0.08542501581944738 0.036408929769090735 -0.01292889109895574 -0.1295677700172082 -0.09229881742140177 -0.059772863120143446 -0.08224026650010412 -0.015176042088223391 -0.05241973228493868 0.019958182854970537 -0.037320960258220695 0.020270270270270268 -0.03627428036508308
