0.006073858114674442 -0.10439804531319412 0.02020655590480467 -0.023323615160349854 0.05926979611190138 -0.01881688815712102 0.11230408490682461 0.0750492125984252 0.07628652702353246 -0.33486814566764334 0.08381689232753062 -0.045088959298074584 -0.016760445348976416 -0.0800689825080069 0.05795640670278444 -0.13900848812892116 0.009303561935140883 -0.041274345414678185 -0.038461538461538464 -0.12741528983478018 0.09514144361283776 -0.02303588748787585 0.052742616033755275 -0.1366796276658419 0.059708919019778574 -0.0025150905432595573 0.03566239598467838 0.06485249237029503 -0.02801120448179272 0.02886836027713626 0.025763235862424322 -0.05897617362585515 0.028486646884272993 -0.0484789722457884 0.08865678892397377 0.020447284345047924 0.0510821346955236 -0.030010438413361172 -0.03151548369416278 -0.08713631664451335 -0.051520482533299806 -0.06340579710144927 -0.03891050583657588 -0.058647516457211245 0.039956411187795124 -0.02084099546401863 -0.022836843440751077 0.07969151670951158 -0.08777763000398989 -0.028320166939931436 -0.0648621678932269 -0.16511627906976747 -0.05971830985915494 -0.09129213483146068 -0.018634987188446306 -0.04423191870890615 -0.050956997265722094 -0.0468176641781602 -0.0644228240862477 0.0014054813773717422 -0.7172230285437833 -0.9966157077838721 -0.2387919934449257 -0.15626863891208398 -0.019412763892259162 -0.09386809703766916 -0.03575391443718407 -0.040715607649599014 -0.19856520625160132 -0.32592183400082864 -0.6336053034166241 -1.221301775147929 -0.37037037037037035 -0.3053435114503817 -0.030689909157868893 -0.12875015182800922 -0.042032862055789065 -0.08165348303138556 -0.35064417585336694 -1.460830777808754 -0.13585278498209213 -0.29136081309994355 -0.11504624407850214 -0.26017827029631413 0.04243781681009077 -0.1781895937277263 0.03715170278637771 -0.1815694565352568 -0.13365580448065173 -0.3924380704041721
0.006073858114674443 -0.12661039537983115 0.028064660978895373 -0.046647230320699715 0.07112375533428165 -0.03645772080442197 0.11353819572997655 0.049212598425196846 0.08663046289113008 -0.36556439235384397 0.08639587362991616 -0.0658055081647575 -0.014366096013408356 -0.09485094850948508 0.06299609424215699 -0.16238159675236807 0.015948963317384372 -0.06191151812201727 -0.03580901856763925 -0.15401848221786613 0.1090955220093873 -0.03394762366634336 0.06329113924050632 -0.13903617297042536 0.07836795621345938 -0.011317907444668008 0.04622903183199049 0.049593082400813844 -0.018674136321195148 0.02020785219399538 0.02833955944866675 -0.0754895022410946 0.03798219584569733 -0.05938674100109078 0.10808841389361186 0.015335463258785941 0.059147734910606264 -0.035229645093945716 -0.01370238421485338 -0.085659429921725 -0.05152048253329981 -0.0758605072463768 -0.04577706569008927 -0.06104129263913823 0.04601041288291561 -0.03432634547014833 -0.015224562293834048 0.060411311053984576 -0.07846788136720309 -0.011924280816813232 -0.06112011974554073 -0.20465116279069767 -0.0563380281690141 -0.12523408239700376 -0.010482180293501047 -0.07172743574417215 -0.048471290082028336 -0.07971656333038087 -0.0709965816460689 0.012649332396345747 -0.8635703918722786 -1.3198739642898822 -0.26220297319442826 -0.18728378861982586 -0.013346275175928174 -0.11337315616237961 -0.03575391443718407 -0.0727945712523134 -0.21009479887266208 -0.4184504902637757 -0.7343192248852626 -1.6721893491124262 -0.44728434504792336 -0.3435114503816794 -0.05155904738521975 -0.16154500182193612 -0.06623360081518279 -0.12375606021944371 -0.4183822552795856 -2.2511848341232232 -0.16178831666049157 -0.32523997741389044 -0.12745319196932098 -0.28185979282100704 0.044795473299540256 -0.19957234497505344 0.03962848297213621 -0.2163909961447581 -0.1629327902240326 -0.4602346805736636
0.002429543245869778 -0.13660595290981783 0.023574315222272112 -0.053644314868804666 0.06282598387861546 -0.034105609784781846 0.09379242255954585 0.030757874015748032 0.06852857512283425 -0.3864936514580717 0.07479045776918117 -0.07433585181574456 -0.021549144020112536 -0.0862281350086228 0.06173617235731386 -0.15992126952884733 0.011961722488038277 -0.06836063459306074 -0.034482758620689655 -0.1652198263791655 0.10021565393885576 -0.05455868089233753 0.05743084857008908 -0.14139271827500882 0.08085582783928348 -0.011317907444668008 0.04358737287016246 0.04450661241098678 -0.006669334400426841 0.018764434180138567 0.012881617931212157 -0.09318235432885115 0.028486646884273 -0.07150648406253787 0.09108574204517852 0.008945686900958465 0.03629520096787202 -0.05219206680584552 -0.019183337900794732 -0.10928961748633878 -0.06031666247800954 -0.08718297101449274 -0.05264362554360265 -0.0682226211849192 0.039956411187795124 -0.02697070001225941 -0.02791169753869576 0.06426735218508997 -0.0944274504588376 0.017886421225219867 -0.06236746912810277 -0.22906976744186047 -0.05633802816901408 -0.13459737827715357 -0.006988120195667363 -0.08009563658099222 -0.05965697240865027 -0.09236998608123496 -0.07888509071785435 0.026704146170063246 -1.0123367198838895 -1.6384642315322675 -0.31136603066838353 -0.2027913634736968 -0.04003882552778452 -0.12190661952944046 -0.06780914807052152 -0.0999383096853794 -0.2434025108890597 -0.5095981218063803 -0.8516063233044366 -2.1337278106508877 -0.5454975742515679 -0.3545924649101207 -0.09206972747360667 -0.1530426333049921 -0.11208763214877085 -0.12885940290890532 -0.5206534732368177 -3.1070532478394197 -0.18772384833889094 -0.352343308865048 -0.15790660951951274 -0.3011322572874007 0.02357656489449487 -0.2150154430981231 0.017337461300309588 -0.24375077726650912 -0.21257637474541752 -0.5084745762711864
0.0024295432458697774 -0.15437583296312749 0.028064660978895373 -0.061807580174927115 0.06164058795637743 -0.0517464424320828 0.0900900900900901 0.015994094488188976 0.06335660718903544 -0.40184177480117195 0.06705351386202449 -0.07067999025103582 -0.03711241470130492 -0.07883715200788369 0.050396875393725594 -0.16361176036412844 0.00531632110579479 -0.07480975106410422 -0.04641909814323607 -0.1792215065807897 0.08499302296080173 -0.06062075654704171 0.03750586029067042 -0.13667962766584185 0.06966040552307501 -0.012575452716297786 0.04754986131290451 0.04577822990844354 -0.004001600640256101 0.017321016166281754 0.010305294344969731 -0.09200283085633403 0.02492581602373887 -0.07150648406253787 0.08501335924216662 -0.0025559105431309905 0.029573867455303132 -0.06132567849686847 -0.023294053165250746 -0.11815093782306899 -0.06031666247800954 -0.08718297101449275 -0.05149919890135043 -0.047875523638539794 0.03511320983169876 -0.02084099546401863 -0.045673686881502154 0.06555269922879178 -0.1063971272775635 0.004471605306304966 -0.07234626418859921 -0.23604651162790696 -0.06422535211267606 -0.14161985018726592 -0.005823433496389469 -0.09444112372982666 -0.05592841163310962 -0.09996203973174743 -0.07231133315803315 0.022487702037947997 -1.1284470246734395 -1.92437857392928 -0.3499941472550626 -0.20159847310032206 -0.044892016500849306 -0.12922101670120686 -0.07274072247565036 -0.1147439851943245 -0.2549321035101204 -0.584173456704875 -0.9663437021927589 -2.5976331360946743 -0.6602768903088392 -0.363211031765575 -0.13749079302725264 -0.17004737033888012 -0.15284677111196027 -0.1594794590456749 -0.630893877008899 -4.034011708948983 -0.2087192787452143 -0.38170525127046867 -0.20302278366794493 -0.3300409539869911 -0.0011788282447247472 -0.25065336184366827 0.004953560371517028 -0.28727770177838574 -0.26094704684317716 -0.5475880052151239
0.0060738581146744415 -0.15659706796979117 0.00673551863493489 -0.06647230320699708 0.05097202465623518 -0.06233094202046337 0.07898309268172284 0.004921259842519687 0.043961727437289884 -0.06836891307381052 0.06189555125725339 -0.07799171338045333 -0.04070393870465701 -0.07637349100763732 0.044097265969509886 -0.1685324148111699 0.0013290802764486993 -0.07094028118147813 -0.0636604774535809 -0.19882385886306359 0.06977039198274769 -0.06425800193986421 0.03164556962025317 -0.13196653705667488 0.0671725338972509 -0.01006036217303823 0.044908202351076475 0.06230925737538149 -0.008003201280512205 0.02165127020785219 -0.003864485379363648 -0.09672092474640245 0.00712166172106825 -0.07271845836868258 0.07165411707554044 -0.010223642172523962 0.016131200430165346 -0.06784968684759915 -0.04658810633050149 -0.15064244572441293 -0.06534305101784367 -0.09963768115942029 -0.05722133211261158 -0.059844404548174746 0.029059208136578273 -0.03310040456050019 -0.050748540979446845 0.06426735218508997 -0.11304694773241122 -0.020867491429423162 -0.05737807159785455 -0.24186046511627907 -0.06985915492957746 -0.13693820224719103 0.0034940600978336815 -0.10520023909145246 -0.05219985085756899 -0.10122738200683283 -0.06836707862214042 0.014054813773717496 -1.209482341557813 -2.2056249270626678 -0.4026688516914433 -0.2004055827269474 -0.06309148264984227 -0.13044008289650127 -0.09123412649488348 -0.12831585441085752 -0.28439661798616445 -0.6739400635271371 -1.0402855685874555 -3.055621301775148 -0.7667731629392971 -0.3792169416399902 -0.1743186840166953 -0.19433985181586297 -0.19487963316774934 -0.1888236795100791 -0.7610572453181034 -4.958182325062726 -0.20995430406323332 -0.4020327498588368 -0.22445296638845025 -0.33847265719103836 -0.012967110691972181 -0.2625326680921834 -0.014860681114551083 -0.30468847158313633 -0.32077393075356414 -0.5697522816166882
-0.01457725947521866 -0.15770768547312303 -0.02020655590480467 -0.0653061224489796 0.037932669511616876 -0.05997883100082324 0.05676909786498827 0.008612204724409451 0.02198086371864494 -0.07813590065578344 0.05286911669890394 -0.09139653911771874 -0.044295462708009097 -0.08376447400837643 0.03653773466045105 -0.16361176036412844 -0.017278043593833066 -0.0593318715335999 -0.08222811671087533 -0.21282553906468776 0.057084866167702655 -0.058195926285160036 0.025785278949835917 -0.12371862849063273 0.06344072645851476 0.005030181086519115 0.04358737287016246 0.0762970498474059 -0.0053354675203414696 0.02886836027713626 -0.012881617931212161 -0.09907997169143665 -0.004747774480712166 -0.07271845836868258 0.07286859363614281 -0.012779552715654952 0.02285253394273424 -0.07437369519832986 -0.021923814743765414 -0.18018018018018017 -0.07665242523247047 -0.09397644927536232 -0.08239871824216069 -0.06104129263913823 0.014529604068289136 -0.031874463650852024 -0.0697792438467394 0.06683804627249357 -0.13033648091501526 -0.0327917722462364 -0.06486216789322688 -0.2441860465116279 -0.0923943661971831 -0.1310861423220974 -0.006988120195667367 -0.09802749551703527 -0.06711409395973154 -0.09616601290649121 -0.0907178543255325 0.00702740688685875 -1.236090953072085 -2.50087524798693 -0.47524288891490113 -0.2147202672074436 -0.08250424654210142 -0.12678288431061807 -0.12082357292565651 -0.12461443553362121 -0.3253907250832692 -0.7485153984256318 -1.1002039775624681 -3.5467455621301767 -0.9454502425748432 -0.40137897069687273 -0.22956052050085934 -0.19919834811125953 -0.27002929563112976 -0.21051288594029088 -0.9549741001461017 -5.889322553666015 -0.22353958256144252 -0.4121964991530209 -0.26167381006090684 -0.351722476511684 -0.033007190852292825 -0.2649085293418864 -0.042105263157894736 -0.31961198855863693 -0.39078411405295316 -0.5658409387222946
-0.008503401360544218 -0.1565970679697912 -0.02694207453973956 -0.0664723032069971 0.022522522522522518 -0.05997883100082324 0.029618659755646072 0.007381889763779528 0.002585983966899402 -0.08790288823775637 0.056737588652482275 -0.10601998537655373 -0.043098288040225065 -0.08499630450849963 0.031498047121078496 -0.1611514331406077 -0.019936204146730464 -0.05417257835676512 -0.07427055702917772 -0.21562587510501263 0.05962197133071166 -0.06789524733268672 0.01875293014533521 -0.13314480970896664 0.05722104739395447 -0.007545271629778671 0.04887069079381852 0.07375381485249238 0.012004801920768308 0.005773672055427256 -0.011593456138090945 -0.11087520641660768 -0.009495548961424332 -0.07635438128711672 0.06193830459072138 -0.019169329073482427 0.005377066810055117 -0.07567849686847598 -0.024664291586736088 -0.19642593413085216 -0.0703694395576778 -0.10416666666666667 -0.0869764248111696 -0.06702573309395572 0.006054001695120473 -0.036778227289444645 -0.08373509261608729 0.06555269922879178 -0.13565633727889342 -0.04471605306304964 -0.053636023450168394 -0.25697674418604655 -0.09915492957746479 -0.13693820224719103 -0.01048218029350105 -0.10878661087866108 -0.07581406910265971 -0.09743135518157663 -0.08940310281356824 -0.009838369641602254 -1.223996129656507 -2.798459563543004 -0.5583518670256351 -0.2290349516879399 -0.10677020140742537 -0.12678288431061807 -0.14794723215386513 -0.13201727328809376 -0.34973097617217525 -0.8230907333241266 -1.128250892401836 -4.1017751479289934 -1.1844752100343154 -0.4444718049741444 -0.29707832064817086 -0.22349082958824243 -0.3464526811871099 -0.26154631283490687 -1.1913932793199629 -6.852522999721215 -0.2210695319254045 -0.42913608130999437 -0.2932551319648094 -0.36979041194892803 -0.05776258399151244 -0.2744119743406985 -0.06563467492260062 -0.33702275836338763 -0.4518839103869654 -0.5632333767926987
-0.0036443148688046654 -0.1610395379831186 -0.04265828468792097 -0.06997084548104957 0.0059269796111901365 -0.0705633305892038 0.009872886585215356 -0.00984251968503937 -0.023273855702094653 -0.10883214734198407 0.06189555125725339 -0.11211308798440164 -0.05866155872141745 -0.07760532150776053 0.02897820335139221 -0.15992126952884736 -0.02126528442317916 -0.056752224945182506 -0.07957559681697614 -0.24082889946793617 0.04820499809717114 -0.07274490785645005 0.010548523206751061 -0.12371862849063273 0.053489239955218315 -0.01006036217303823 0.04754986131290451 0.06485249237029501 0.013338668800853676 -0.011547344110854504 -0.014169779724333375 -0.1191318707242274 -0.026112759643916916 -0.07877832989940614 0.05708039834831187 -0.03450479233226837 -0.005377066810055115 -0.0835073068893528 -0.04247739106604549 -0.23482498892334958 -0.06911284242271928 -0.10756340579710144 -0.09956511787594416 -0.06104129263913823 0.008475602373168667 -0.036778227289444645 -0.0697792438467394 0.06298200514138817 -0.12900651682404574 -0.07303622000298107 -0.042409879007109894 -0.2627906976744186 -0.11492957746478874 -0.13576779026217228 -0.020964360587002098 -0.1040047818290496 -0.09072831220482228 -0.09363532835632038 -0.09729161188535368 -0.023893183415319753 -1.1925495887760038 -3.0411950052514882 -0.6637012758983964 -0.2481211976619349 -0.11283669012375637 -0.14506887724003412 -0.15041301935642953 -0.15916101172115976 -0.3689469638739431 -0.911476315426046 -1.1346251912289649 -4.6130177514792905 -1.4933144006626433 -0.4961832061068702 -0.3486373680333906 -0.24899793513907445 -0.399949051076296 -0.32916560347027307 -1.4650019922964537 -7.796208530805686 -0.22230455724342355 -0.43817052512704696 -0.3327317843446876 -0.37099494097807756 -0.0754450076623836 -0.27084818246614395 -0.08792569659442726 -0.35318990175351317 -0.5269857433808554 -0.5554106910039113
-0.0012147716229348898 -0.15215459795646377 -0.046026044005388414 -0.06763848396501458 0.011853959222380275 -0.061154886510643304 0.014809329877823036 -0.004921259842519684 -0.01939487975174554 -0.11580856704339333 0.05415860735009672 -0.11089446746283207 -0.06345025739255358 -0.08130081300813008 0.023938515812019657 -0.1513101242465248 -0.017278043593833066 -0.04772346188572165 -0.07427055702917772 -0.24922990758891067 0.03425091970062159 -0.08123181377303589 0.005860290670417255 -0.12960999175209145 0.052245304142306256 0.0012575452716297789 0.03962488442742042 0.06739572736520855 0.0026677337601707365 -0.033198614318706694 -0.01932242689681824 -0.11795234725171029 -0.040356083086053415 -0.08241425281784028 0.05222249210590234 -0.03961661341853035 -0.010754133620110235 -0.09916492693110648 -0.041107152644560156 -0.29390045783488405 -0.07916561950238754 -0.11209239130434781 -0.11673151750972761 -0.0646319569120287 0.0072648020341445655 -0.041681990928037274 -0.052017254503933 0.05141388174807199 -0.11703684000531984 -0.10731852735131912 -0.03742048147686167 -0.26046511627906976 -0.13408450704225353 -0.14396067415730338 -0.026787794083391568 -0.0968320382546324 -0.09694258016405666 -0.0835125901556371 -0.09071785432553246 -0.030920590302178495 -1.1429608127721333 -3.2139106080056017 -0.7585157438838815 -0.25408564952880835 -0.12496966755641833 -0.13897354626356212 -0.1602761681666872 -0.16656384947563233 -0.3830386881885729 -0.9722414031211157 -1.1180520142784292 -5.060355029585798 -1.8293693054076439 -0.5602068456045309 -0.38669285538914805 -0.27936353698530303 -0.45217169787288236 -0.4108190865016586 -1.7957232036126978 -8.660440479509338 -0.22847968383351863 -0.44833427442123097 -0.376720054139409 -0.39267646350277047 -0.09666391606742897 -0.2613447374673319 -0.11517027863777089 -0.3581644074120134 -0.6122708757637475 -0.5358539765319426
0.0024295432458697765 -0.15437583296312749 -0.05500673551863493 -0.06763848396501457 0.008297771455666191 -0.05997883100082324 0.016043440700974954 -0.00984251968503937 -0.02068787173519524 -0.12418027068508442 0.04513217279174726 -0.11089446746283207 -0.07302765473482581 -0.08869179600886919 0.015119062618117674 -0.14761963341124368 -0.027910685805422643 -0.05030310847413905 -0.08355437665782495 -0.26183141977037244 0.021565393885576562 -0.1030552861299709 0.010548523206751054 -0.13196653705667494 0.0534892399552183 0.005030181086519115 0.04887069079381852 0.06993896236012206 0.014672535680939042 -0.06495381062355657 -0.024475074069303104 -0.13328615239443262 -0.0486646884272997 -0.09089807296085324 0.04615010930289046 -0.03578274760383386 -0.01075413362011023 -0.09264091858037579 -0.04521786790901617 -0.34263771968690004 -0.08042221663734607 -0.11888586956521736 -0.12130922407873654 -0.10771992818671454 0.003632401017072284 -0.036778227289444645 -0.05074854097944683 0.059125964010282785 -0.11437691182338076 -0.1341481591891489 -0.03243108394661345 -0.24999999999999994 -0.13971830985915495 -0.17088014981273408 -0.03377591427905894 -0.10400478182904963 -0.0882426050211285 -0.08857395925597875 -0.07625558769392585 -0.04075895994378075 -1.009917755200774 -3.0832069086241107 -0.8802528385812947 -0.28152212811642613 -0.12618296529968454 -0.1377544800682677 -0.15411170016027614 -0.17149907464528066 -0.3856008198821419 -0.9846706256041984 -1.0288118306986231 -5.022485207100592 -2.292036445391078 -0.6697857670524501 -0.4087895899828136 -0.33037774808696707 -0.48401477518787417 -0.5307476397040062 -2.2659051666888033 -9.077223306384164 -0.21242435469927137 -0.4517221908526256 -0.3992781412136251 -0.42158516020236086 -0.11434633973830013 -0.270848182466144 -0.13993808049535603 -0.3880114413630146 -0.7064663951120163 -0.5423728813559323
0.004859086491739552 -0.14438027543314083 -0.06623259991019308 -0.07113702623906705 -0.005926979611190137 -0.05997883100082324 0.012341108231519193 -0.01107283464566929 -0.02844582363589345 -0.12836612250592996 0.05286911669890394 -0.12308067267852792 -0.07422482940260984 -0.11209657551120966 0.015119062618117674 -0.16484192397588876 -0.03056884635832004 -0.06836063459306074 -0.09549071618037136 -0.2856342761131336 0.015222630978054041 -0.10063045586808923 0.008204406938584156 -0.12489690114292447 0.038562010200273666 0.015090543259557342 0.03169990754193634 0.07756866734486267 0.0040016006402561035 -0.08660508083140878 -0.024475074069303108 -0.13918376975701816 -0.06053412462908012 -0.11998545630832627 0.031576390575661896 -0.061341853035143765 -0.02285253394273424 -0.10829853862212943 -0.06303096738832557 -0.407620735489588 -0.0816788137723046 -0.11888586956521738 -0.123598077363241 -0.15559545182525433 0.0 -0.051489518205222504 -0.06597310327328088 0.042416452442159386 -0.1276765527330762 -0.22805187062155313 -0.031183734564051397 -0.2337209302325581 -0.1532394366197183 -0.18609550561797755 -0.050081528068949464 -0.09802749551703527 -0.09818543375590355 -0.07592053650512465 -0.0709965816460689 -0.08573436401967674 -0.8454281567489114 -2.8521414400746883 -1.0347653049280114 -0.32565907193128957 -0.1455957291919437 -0.15482140680238937 -0.16274195536925165 -0.18383713756940157 -0.4073789392774788 -0.9777655020024859 -0.9127995920448753 -4.790532544378698 -2.899065199384688 -0.7929081507017977 -0.4296587282101644 -0.3789627110409328 -0.5171315755954655 -0.6698137279918347 -2.8675786957099216 -9.067465848898802 -0.2074842534271953 -0.4562394127611518 -0.4207083239341303 -0.46374367622259693 -0.1461747023458682 -0.2851033499643621 -0.178328173374613 -0.42034572814326576 -0.8312118126272912 -0.5097783572359844
0.007288629737609328 -0.1243891603731675 -0.07745846430175123 -0.059475218658892125 -0.02015173067804647 -0.04586616488298249 0.00863877576206344 0.015994094488188976 -0.03620377553659167 -0.10604157946142041 0.06060606060606061 -0.10967584694126249 -0.07542200407039387 -0.11825572801182557 0.015119062618117676 -0.15623077869356625 -0.03322700691121743 -0.06578098800464335 -0.10742705570291777 -0.2828339400728087 0.008879868070531528 -0.0957807953443259 0.005860290670417255 -0.11782726522917401 0.02363478044532902 0.028923541247484908 0.014529124290054152 0.08901322482197356 -0.006669334400426838 -0.0894919168591224 -0.024475074069303108 -0.13210662892191555 -0.07240356083086054 -0.12604532783904981 0.017002671848433328 -0.047284345047923323 -0.034950934265358245 -0.08872651356993737 -0.08084406686763497 -0.41648205582631814 -0.08293541090726314 -0.1177536231884058 -0.12588693064774548 -0.1986834230999402 -0.003632401017072284 -0.047811695476278046 -0.08119766556711494 0.04498714652956298 -0.14097619364277164 -0.26531524817409446 -0.02993638518148934 -0.20232558139534884 -0.1667605633802817 -0.19779962546816482 -0.06638714185884 -0.07890017931858936 -0.1081282624906786 -0.05694040237884348 -0.06573757559821192 -0.11806043569922697 -0.6809385582970489 -2.5708950869413005 -1.1892777712747278 -0.36025289275915545 -0.16500849308420285 -0.15604047299768378 -0.1713722105782271 -0.18260333127698952 -0.42915705867281584 -0.9308106615108411 -0.7967873533911269 -4.423668639053255 -3.5060939533782984 -0.9320364442255602 -0.4505278664375153 -0.41054293696101063 -0.5502483760030569 -0.7935697882112784 -3.46925222473104 -8.78310565932534 -0.18525379770285294 -0.44042913608131 -0.44213850665463567 -0.48542519874728984 -0.1780030649534363 -0.2827274887146591 -0.21671826625386997 -0.4377564979480164 -0.9559572301425663 -0.47718383311603657
0.015792031098153546 -0.10439804531319415 -0.07296811854512797 -0.047813411078717206 -0.011853959222380275 -0.03175349876514172 0.025916327286190304 0.043061023622047244 -0.027152831652443744 -0.08371703641691083 0.06834300451321727 -0.11089446746283207 -0.0646474320603376 -0.1391968465139197 0.012599218848431395 -0.14761963341124368 -0.037214247740563526 -0.06320134141622598 -0.12201591511936341 -0.2800336040324839 0.021565393885576555 -0.08850630455868089 0.015236755743084857 -0.11311417462000706 0.02363478044532902 0.04024144869215292 0.02509576013736627 0.09282807731434387 -0.01600640256102441 -0.08804849884526558 -0.009017132551848512 -0.12149091766926161 -0.06409495548961423 -0.12968125075748396 0.02428953121204761 -0.026837060702875393 -0.020164000537706683 -0.0626304801670146 -0.08221430528912031 -0.4002363018756461 -0.06785624528776076 -0.12454710144927536 -0.12130922407873654 -0.24655894673847997 0.002421600678048191 -0.051489518205222504 -0.06470438974879474 0.03598971722365039 -0.1343263731879239 -0.2981070204203309 -0.017462891355868777 -0.1825581395348837 -0.17014084507042254 -0.21535580524344572 -0.0628930817610063 -0.06455469216975493 -0.09072831220482228 -0.046817664178160204 -0.06310807257428346 -0.13492621222768797 -0.5091920657958393 -2.2826467499124754 -1.3227203558468923 -0.3984253847071454 -0.15651540888133947 -0.16091673777886142 -0.14178276414745408 -0.18753855644663786 -0.4240327952856777 -0.8810937715785112 -0.6693013768485466 -4.035502958579881 -4.1486214649153945 -1.0797833046047771 -0.4701694082985514 -0.45426940361957974 -0.5795440071328493 -0.9326358764991071 -4.139992030814185 -8.40674658488988 -0.1617883166604916 -0.4426877470355731 -0.4387547935935032 -0.5191520115634788 -0.1780030649534363 -0.2886671418389166 -0.21671826625386997 -0.46635990548439243 -1.0730651731160896 -0.4667535853976532
0.021865889212827987 -0.09662372278987116 -0.08419398293668612 -0.053644314868804666 -0.01659554291133238 -0.034105609784781846 0.02838454893249414 0.041830708661417325 -0.03232479958624256 -0.08092646853634713 0.06834300451321727 -0.1218620521569583 -0.08260505207709805 -0.161369795516137 -0.0012599218848431376 -0.15007996063476442 -0.0505050505050505 -0.06320134141622599 -0.13925729442970822 -0.2828339400728087 0.03425091970062159 -0.08244422890397672 0.030473511486169714 -0.11900553788146577 0.02736658788406518 0.0352112676056338 0.015849953770968164 0.07756866734486269 -0.026677337601707353 -0.10969976905311778 -0.015457941517454592 -0.11677282377919315 -0.08189910979228486 -0.14180099381893102 0.007286859363614282 -0.019169329073482427 -0.029573867455303132 -0.05610647181628391 -0.10550835845437108 -0.40319007532122286 -0.06157325961296809 -0.12567934782608697 -0.13504234378576332 -0.29323758228605634 -0.013318803729265045 -0.05394140002451882 -0.0697792438467394 0.032133676092544985 -0.1396462295518021 -0.3010880906245342 0.00374204814768617 -0.1755813953488372 -0.17352112676056336 -0.2504681647940075 -0.07221057535522947 -0.06455469216975493 -0.09321401938851603 -0.050613691003416436 -0.06310807257428347 -0.14476458186929025 -0.3809869375907112 -1.9943984128836507 -1.4666978813063327 -0.4568770130025051 -0.17592817277359862 -0.17310739973180544 -0.15534459376155837 -0.20357803824799509 -0.4547783756085063 -0.8369009805275516 -0.5392656807751147 -3.622485207100592 -4.81008164714235 -1.2780103422802265 -0.49594893199116125 -0.5137859832381878 -0.607565915170042 -1.089563664200051 -4.858546951786425 -7.889601338165598 -0.14943806348030136 -0.4325239977413891 -0.4443943153620573 -0.5613105275837149 -0.19922197335848169 -0.2946067949631742 -0.24272445820433436 -0.5011814450938938 -1.2016293279022403 -0.4680573663624511
0.019436345966958212 -0.09773434029320302 -0.09205208801077683 -0.060641399416909623 -0.0260787102892366 -0.03175349876514172 0.02344810563988646 0.041830708661417325 -0.02973881561934315 -0.07115948095437422 0.07221147646679561 -0.12795515476480623 -0.09936549742607446 -0.18723823601872383 -0.00881945319390198 -0.15992126952884736 -0.05316321105794789 -0.07609957435831291 -0.14721485411140586 -0.28003360403248384 0.041862235189648614 -0.08365664403491756 0.01875293014533521 -0.12489690114292447 0.0161711655678567 0.03772635814889336 0.015849953770968168 0.07502543234994914 -0.028011204481792718 -0.11547344110854503 -0.01030529434496973 -0.1203113941967445 -0.08545994065281899 -0.15392073688037816 -0.0012144765606023806 -0.016613418530351438 -0.032262400860330685 -0.06002087682672234 -0.10687859687585641 -0.39580564170728105 -0.056546871073133956 -0.12341485507246379 -0.14648661020828563 -0.3351286654697786 -0.02058360576340961 -0.05394140002451882 -0.07612281146917026 0.02699228791773779 -0.14762601409761936 -0.30705023103294077 0.004989397530248225 -0.1697674418604651 -0.18140845070422534 -0.286750936329588 -0.09317493594223156 -0.06216377764494918 -0.10191399453144419 -0.04934834872833103 -0.0709965816460689 -0.15460295151089248 -0.27092404450895013 -1.6968140973275763 -1.5989699168910219 -0.5153286412978648 -0.1929143411793254 -0.1877361940753383 -0.16397484897053385 -0.22085132634176435 -0.4675890340763516 -0.7871840905952217 -0.44110147883732787 -3.1952662721893494 -5.457342326351911 -1.531642452597882 -0.5327768229806039 -0.5842341795214381 -0.6521462234110305 -1.2618014799693802 -5.643511754549077 -7.315305269027041 -0.14202791157218725 -0.422360248447205 -0.46356868937514095 -0.6034690436039508 -0.2263350229871508 -0.30767403183654074 -0.2674922600619195 -0.5384902375326452 -1.3441955193482686 -0.46284224250325934
0.03522837706511176 -0.09884495779653486 -0.08868432869330937 -0.07230320699708455 -0.023707918444760556 -0.039985887333882156 0.03702332469455757 0.02214566929133859 -0.011636927851047323 -0.0851123203571927 0.07865892972275951 -0.11333170850597123 -0.10654854543277865 -0.18231091401823107 -0.008819453193901977 -0.1660720875876492 -0.04385964912280701 -0.09415710047723462 -0.14721485411140586 -0.2772332679921591 0.05201065584168464 -0.0921435499515034 0.02109704641350211 -0.1343230823612584 0.019902973006592863 0.031438631790744465 0.03698322546559239 0.06485249237029503 -0.024009603841536616 -0.12702078521939955 -0.0064408089656060805 -0.1120547298891248 -0.09258160237388724 -0.16482850563568052 -0.006072382803011901 -0.028115015974440893 -0.030918134157816905 -0.075678496868476 -0.12469169635516582 -0.40909762221237633 -0.045237496858507156 -0.1211503623188406 -0.1487754634927901 -0.3686415320167565 -0.01695120474633733 -0.050263577295574347 -0.06977924384673942 0.021850899742930592 -0.14762601409761938 -0.30854076613504244 0.018710240738430837 -0.17093023255813952 -0.16901408450704225 -0.32537453183520604 -0.07686932215234103 -0.07292289300657502 -0.08078548347004723 -0.06200177147918513 -0.055219563502498036 -0.1644413211524947 -0.22133526850507984 -1.3758898354533784 -1.693784384876507 -0.5690087080997257 -0.20383402086872118 -0.19870778983298792 -0.15411170016027614 -0.2504626773596545 -0.47527542915705867 -0.7319431017815219 -0.36206017338092805 -2.7029585798816576 -5.98390722991362 -1.807436591972421 -0.5548735575742695 -0.6631847443216324 -0.6687046236148261 -1.459556009186017 -6.42714835967592 -6.678282687482576 -0.12597258243794 -0.4234895539243365 -0.4624407850214302 -0.6480366176824861 -0.24165979016857247 -0.34093608933238295 -0.2873065015479876 -0.6019151846785226 -1.4969450101832993 -0.49674054758800523
0.03644314868804665 -0.0932918702798756 -0.08531656937584194 -0.06997084548104957 -0.00948316737790422 -0.037633776314242036 0.04936443292607677 0.020915354330708662 -0.00905094388414792 -0.08511232035719268 0.08252740167633785 -0.0950524006824275 -0.11373159343948283 -0.17615176151761516 -0.003779765654529417 -0.15746094230532665 -0.04253056884635832 -0.0941571004772346 -0.16312997347480107 -0.2744329319518342 0.05327920842318914 -0.0848690591658584 0.00820440693858415 -0.122540355838341 0.026122652071153128 0.04149899396378269 0.031699907541936335 0.06866734486266532 -0.038682139522475664 -0.11691685912240184 -0.0025763235862424324 -0.10025949516395376 -0.10089020771513355 -0.18422009453399585 0.004857906242409521 -0.0268370607028754 -0.01478693372765157 -0.08350730688935282 -0.12606193477665112 -0.41352828238074146 -0.04021110831867303 -0.10529891304347827 -0.14763103685053786 -0.3973668461998804 -0.00968640271219276 -0.04658575456662988 -0.05962953565085004 0.02313624678663239 -0.1489559781885889 -0.30854076613504244 0.028689035798927277 -0.14651162790697675 -0.16788732394366196 -0.34527153558052437 -0.06638714185883998 -0.05260011954572623 -0.06214267959234403 -0.04302163735290396 -0.049960557454641084 -0.14757554462403372 -0.19593613933236573 -1.043295600420119 -1.7640173241250146 -0.6274603363950854 -0.202620723125455 -0.20602218700475436 -0.14548144495130072 -0.2640345465761875 -0.4880860876249039 -0.6670349399254246 -0.3021417644059154 -2.1360946745562135 -6.441841202224589 -2.1226298941147506 -0.5646943285047875 -0.726345196161788 -0.6827155776334225 -1.6432763460066344 -7.170939035728516 -5.906049623640926 -0.11238730393973076 -0.4234895539243365 -0.46920821114369504 -0.6998313659359191 -0.2510904161263704 -0.36350677120456165 -0.3170278637770898 -0.6578783733366496 -1.67642566191446 -0.5358539765319427
0.04494655004859087 -0.08773878276321634 -0.07633587786259541 -0.06763848396501458 0.011853959222380275 -0.024697165706221335 0.07898309268172281 0.03321850393700788 0.005171967933798813 -0.06278777731268312 0.08381689232753062 -0.09748964172556666 -0.11971746677840298 -0.19093372751909335 -0.0025198437696862773 -0.1550006150818059 -0.0478468899521531 -0.10447568683090416 -0.1790450928381963 -0.27023242789134694 0.05581631358619814 -0.09820562560620757 -0.0011720581340834535 -0.14257099092730058 0.03358626694862545 0.0352112676056338 0.03566239598467837 0.059766022380467965 -0.04001600640256103 -0.11691685912240184 0.009017132551848512 -0.09907997169143666 -0.10445103857566766 -0.19755181190158766 0.006072382803011901 -0.019169329073482427 -0.008065600215082673 -0.0861169102296451 -0.1274321731981365 -0.38989809481612764 -0.03769791404875598 -0.10416666666666667 -0.1522087434195468 -0.44284859365649315 -0.010897203051216855 -0.038004168199092796 -0.0659731032732809 0.02442159383033419 -0.15959569091634526 -0.3070502310329408 0.03118373456405139 -0.14883720930232558 -0.16225352112676056 -0.389747191011236 -0.06056370836245051 -0.05738194859533772 -0.05219985085756897 -0.043021637352903964 -0.04996055745464108 -0.14195361911454674 -0.1669085631349782 -0.7737192204457929 -1.796792695774318 -0.689490635810569 -0.20990050958505213 -0.20358405461416554 -0.14794723215386513 -0.2714373843306601 -0.49833461439918014 -0.589697555586245 -0.24987251402345745 -1.6142011834319525 -6.767246479706545 -2.5178527456291553 -0.5831082739995089 -0.7882910239280942 -0.6967265316520189 -1.8321000255167135 -7.900119537787222 -5.065514357401728 -0.10003705075954057 -0.4325239977413891 -0.4714640198511167 -0.7588532883642496 -0.26759401155251683 -0.39795675932525537 -0.3492260061919505 -0.7262778261410272 -1.8469959266802445 -0.5554106910039114
0.047376093294460644 -0.08996001776988005 -0.0752132914234396 -0.07463556851311955 0.008297771455666195 -0.03292955427496178 0.07281253856596322 0.024606299212598427 -0.011636927851047325 -0.06278777731268312 0.08252740167633785 -0.09992688276870583 -0.1245061654495391 -0.1933973885193397 -0.008819453193901977 -0.1574609423053266 -0.05715045188729399 -0.11479427318457369 -0.18832891246684352 -0.25343041164939795 0.058353418749207145 -0.08971871968962172 -0.010548523206751058 -0.14257099092730058 0.031098395322801342 0.030181086519114685 0.031699907541936335 0.04832146490335708 -0.04801920768307323 -0.10825635103926098 0.009017132551848512 -0.09672092474640245 -0.1115727002967359 -0.20603563204460068 0.00242895312120476 -0.023003194888178913 -0.006721333512568895 -0.08872651356993737 -0.14250479583447523 -0.35445281346920693 -0.03267152550892184 -0.10190217391304349 -0.15449759670405128 -0.48833034111310597 -0.020583605763409615 -0.04168199092803727 -0.08246637909160112 0.02699228791773779 -0.17954515228088844 -0.2861827396035177 0.02993638518148934 -0.1372093023255814 -0.15323943661971834 -0.42017790262172283 -0.06871651525739576 -0.05977286312014346 -0.050956997265722094 -0.048083006453245605 -0.0539048119905338 -0.13633169360505973 -0.15239477503628446 -0.5578247170031508 -1.8014748917242187 -0.7634498389597997 -0.22688667799077894 -0.2267463123247592 -0.15657748736284058 -0.30228254164096235 -0.5149884704073788 -0.5372186162132302 -0.2141764405915349 -1.137278106508876 -6.977872441131228 -2.973405565131741 -0.6309845322857844 -0.8490222276205515 -0.7362119475226087 -2.026027047716254 -8.601407889493956 -4.204070253693894 -0.0950969494874645 -0.4313946922642574 -0.47597563726595987 -0.8082389785593833 -0.30178003064953435 -0.43834640057020663 -0.3814241486068112 -0.8071135430916554 -2.0022912423625256 -0.5671447196870926
0.04980563654033042 -0.09329187027987562 -0.07072294566681633 -0.08279883381924198 0.010668563300142247 -0.0352816652946019 0.07404664938911514 0.027066929133858268 -0.019394879751745538 -0.05302078973071019 0.08381689232753062 -0.11089446746283207 -0.120914641446187 -0.20694752402069475 -0.01511906261811768 -0.17222290564645096 -0.06246677299308878 -0.12511285953824322 -0.20159151193633953 -0.25203024362923554 0.06723328681973867 -0.0848690591658584 -0.02812939521800282 -0.15199717214563452 0.02985445950988929 0.031438631790744465 0.02641658961828028 0.029247202441505603 -0.08003201280512204 -0.10681293302540415 0.015457941517454592 -0.08610521349374851 -0.113946587537092 -0.20724760635074535 -6.938893903907229e-19 -0.0268370607028754 -0.010754133620110231 -0.10960334029227559 -0.1712798026856673 -0.3396839462413233 -0.0314149283739633 -0.09510869565217392 -0.15678644998855573 -0.4871334530221424 -0.03027000847560237 -0.049037636385926196 -0.09007866023851814 0.006426735218509 -0.20481447000930975 -0.2787300640930094 0.03118373456405139 -0.1325581395348837 -0.1487323943661972 -0.42485955056179775 -0.0780340088516189 -0.05499103407053198 -0.054685558041262725 -0.054409717828672655 -0.06836707862214042 -0.12789880534082923 -0.13183357522980163 -0.46329793441475087 -1.6961254828514576 -0.8135512346415364 -0.24023295316670712 -0.2438132390588809 -0.1701393169769449 -0.3392967304133251 -0.5239559313348707 -0.5095981218063803 -0.1963284038755737 -0.9005917159763313 -6.760146728197848 -3.5656242304851027 -0.7021851215320403 -0.8878901979837241 -0.8024455483377914 -2.3462618014799697 -8.904236950458227 -3.5308056872037907 -0.09880202544152154 -0.42687747035573126 -0.4725919242048275 -0.8431703204047217 -0.335966049746552 -0.4644808743169399 -0.41733746130030963 -0.9053600298470339 -2.1461303462321792 -0.5475880052151239
0.04251700680272109 -0.09773434029320302 -0.060619667714414 -0.08746355685131195 0.010668563300142247 -0.03998588733388216 0.0777489818585709 0.01845472440944882 -0.028445823635893458 -0.0474396539695828 0.07736943907156674 -0.09748964172556668 -0.12211181611397104 -0.19955654101995565 -0.02897820335139222 -0.16484192397588876 -0.07442849548112705 -0.12640268283245196 -0.20954907161803718 -0.22682721926631197 0.07865026005327921 -0.0957807953443259 -0.02695733708391937 -0.18027571580063628 0.039805946013185725 0.00880281690140845 0.054154008717474576 0.010172939979654117 -0.07603041216486596 -0.10536951501154734 0.018034265103697024 -0.07077140835102617 -0.10563798219584572 -0.20361168343231123 0.004857906242409521 -0.024281150159744407 -0.0026885334050275587 -0.11221294363256784 -0.18635242532200605 -0.3249150790134397 -0.0351847197788389 -0.0973731884057971 -0.1453421835660334 -0.4955116696588869 -0.03995641118779514 -0.06007110457275959 -0.08373509261608728 -0.008997429305912593 -0.21811411091900518 -0.2563720375614846 0.042409879007109894 -0.14069767441860465 -0.1295774647887324 -0.44943820224719105 -0.07104588865595156 -0.07770472205618649 -0.04598558289833458 -0.07971656333038088 -0.07231133315803315 -0.14054813773717498 -0.12094823415578133 -0.4049480686194422 -1.5392719185297907 -0.8588810688297747 -0.2511526328561029 -0.25112763623064727 -0.17753667858463815 -0.36027143738433065 -0.5213937996413016 -0.47231045435713304 -0.2039775624681285 -0.736094674556213 -6.238314992308601 -4.168923910366905 -0.8003928308372208 -0.9121826794607071 -0.8903324417271685 -2.718805817810666 -8.847124452118475 -2.941176470588235 -0.09139187353340741 -0.41671372106154714 -0.4624407850214302 -0.8756926041917611 -0.3630790993752211 -0.49655500118793067 -0.4507739938080496 -1.0085810222609126 -2.185590631364562 -0.5332464146023467
0.03887269193391642 -0.10772989782318969 -0.056129321957790745 -0.09912536443148687 0.016595542911332382 -0.057626719981183114 0.08145131432802666 -0.004921259842519686 -0.033617791569692274 -0.05860192549183759 0.07479045776918117 -0.09261515963928833 -0.11852029211061894 -0.20325203252032517 -0.03401789089076477 -0.17222290564645096 -0.07974481658692184 -0.1380110924803302 -0.20557029177718836 -0.21842621114533745 0.08372447037929723 -0.09456838021338507 -0.03164556962025317 -0.19677153293272065 0.051001368329394205 -0.010060362173038231 0.07264562145027079 -0.003814852492370298 -0.07336267840469522 -0.1125866050808314 0.01674610331057581 -0.06251474404340646 -0.10445103857566766 -0.20724760635074535 0.003643429681807141 -0.04089456869009585 0.002688533405027558 -0.1448329853862213 -0.19868457111537405 -0.3455914931324767 -0.032671525508921835 -0.09057971014492754 -0.13962005035477226 -0.4739676840215439 -0.037534810509746955 -0.05639328184381513 -0.07358538442019791 -0.010282776349614395 -0.21811411091900523 -0.24891936205097628 0.048646625919920174 -0.12441860465116276 -0.11154929577464792 -0.44358614232209737 -0.06871651525739578 -0.08607292289300657 -0.039771314939100175 -0.07718587878021005 -0.0709965816460689 -0.13211524947294445 -0.11006289308176101 -0.35476718403547675 -1.3765656092707481 -0.8982464511511392 -0.2632856102887649 -0.2669754967694746 -0.18370114659104922 -0.38247995064774826 -0.5073020753266719 -0.4474520093909681 -0.2116267210606833 -0.6295857988165681 -5.716483256419358 -4.803004186161045 -0.8986005401424011 -0.9401190331592371 -0.9782193351165457 -3.166624138810921 -8.790011953778722 -2.454697518817954 -0.08398172162529331 -0.3986448334274421 -0.45228964583803294 -0.9009877138039026 -0.39019214900389015 -0.5262532668092184 -0.48421052631578954 -1.1192637731625419 -2.2250509164969445 -0.5136897001303781
0.03765792031098154 -0.10884051532652154 -0.05725190839694656 -0.10612244897959182 0.007112375533428164 -0.06938727507938375 0.06911020609650748 -0.0233759842519685 -0.056891647271786916 -0.06557834519324682 0.08639587362991619 -0.08164757494516209 -0.12211181611397101 -0.19832471051983247 -0.03023812523623536 -0.17591339648173204 -0.062466772993088795 -0.14446020895137365 -0.18567639257294427 -0.2226267152058247 0.09006723328681973 -0.08001939864209506 -0.03516174402250352 -0.2050194414987628 0.062196790645602684 -0.016348088531187126 0.09245806366398097 -0.008901322482197356 -0.06535947712418302 -0.1111431870669746 0.012881617931212161 -0.05425807973578674 -0.11157270029673591 -0.21088352926917947 -0.00242895312120476 -0.057507987220447275 -0.00134426670251378 -0.16831941544885176 -0.22471910112359553 -0.3514990400236302 -0.032671525508921835 -0.08378623188405797 -0.13504234378576335 -0.452423698384201 -0.04601041288291561 -0.052715459114870654 -0.07612281146917024 -0.011568123393316193 -0.22210400319191378 -0.24146668654046805 0.06236746912810278 -0.1081395348837209 -0.09464788732394366 -0.43773408239700373 -0.06871651525739578 -0.09444112372982665 -0.03604275416355954 -0.07465519423003922 -0.06179332106231924 -0.12368236120871398 -0.10885341074020316 -0.3045862994515113 -1.219712044949081 -0.9376118334725039 -0.28633826741082263 -0.2828233573083018 -0.21082480581925783 -0.404688463911166 -0.5149884704073789 -0.42259356442480317 -0.21035186129525751 -0.5230769230769231 -5.08697195598154 -5.437084461955185 -0.9931254603486372 -0.9680553868577675 -1.053368997579926 -3.614442459811176 -8.541638995882588 -1.9682185670476724 -0.07657156971717918 -0.38057594579333714 -0.4522896458380329 -0.9262828234160443 -0.4255569963456325 -0.555951532430506 -0.5275541795665635 -1.2299465240641712 -2.2250509164969445 -0.4941329856584094
0.03036929057337221 -0.10884051532652154 -0.05388414907947912 -0.10145772594752185 0.0 -0.06115488651064331 0.06293965198074788 -0.022145669291338585 -0.07111455908973366 -0.051625505790428336 0.09671179883945842 -0.06336826712161833 -0.0969711480905064 -0.188470066518847 -0.01511906261811768 -0.17837372370525278 -0.04385964912280701 -0.15090932542241714 -0.16312997347480102 -0.21842621114533745 0.10021565393885579 -0.07153249272550921 -0.03281762775433662 -0.2050194414987628 0.07463614877472322 -0.013832997987927564 0.11887465328226125 -0.003814852492370297 -0.05869014272375619 -0.09237875288683603 0.023186912276181894 -0.06605331446095777 -0.09732937685459941 -0.2217912980244819 0.002428953121204759 -0.07028753993610223 -0.0026885334050275587 -0.17745302713987474 -0.23294053165250755 -0.3441146064096884 -0.032671525508921835 -0.07359601449275363 -0.1224536507209888 -0.4332734889287851 -0.04116721152681922 -0.05394140002451882 -0.06470438974879471 -0.014138817480719792 -0.2260938954648224 -0.22656133551945148 0.05737807159785455 -0.09418604651162789 -0.08225352112676057 -0.41549625468164797 -0.06405776846028419 -0.09085475194261804 -0.0323141933880189 -0.07338985195495382 -0.06836707862214042 -0.11103302881236823 -0.08950169327527817 -0.2777453611856693 -1.0417885988528621 -0.9626625313133722 -0.2936180538704198 -0.28891868828477385 -0.21452348662310444 -0.42319555829734734 -0.490648219318473 -0.3908299958569258 -0.22055073941866396 -0.429585798816568 -4.3935628919654475 -6.0551588278749096 -1.0986987478517063 -0.9741285072270133 -1.146350783339702 -4.103087522327124 -8.1391951122327 -1.5584053526623924 -0.08027664567123625 -0.3738001129305477 -0.4364989848860817 -0.9467598169115876 -0.45620653070847583 -0.5975291043003088 -0.5758513931888545 -1.3555527919413008 -2.204684317718941 -0.4810951760104302
0.021865889212827987 -0.09773434029320302 -0.044903457566232596 -0.09446064139941693 0.003556187766714082 -0.05645066447136306 0.0703443169196594 -0.017224409448818902 -0.07370054305663305 -0.043253802148737266 0.0980012894906512 -0.04508895929807457 -0.09577397342272238 -0.17245627001724564 -0.016378984502960818 -0.16607208758764916 -0.04784688995215312 -0.14832967883399972 -0.16843501326259944 -0.21002520302436292 0.09767854877584678 -0.06425800193986422 -0.032817627754336616 -0.19677153293272065 0.07961189202637144 -0.0176056338028169 0.11755382380134724 -0.021617497456765007 -0.06669334400426838 -0.09237875288683603 0.01932242689681824 -0.05307855626326963 -0.0913946587537092 -0.23027511816749482 0.00728685936361428 -0.07412140575079872 -0.004032800107541337 -0.17092901878914402 -0.24253220060290492 -0.3308226259045931 -0.026388539834129178 -0.06567028985507248 -0.10414282444495307 -0.4153201675643327 -0.02542680711950599 -0.055167340934166975 -0.04947982745496067 -0.012853470437017993 -0.22210400319191384 -0.21165598449843498 0.057378071597854574 -0.08372093023255814 -0.07211267605633803 -0.39794007490636707 -0.054740274866061034 -0.09563658099222952 -0.023614218245090732 -0.08098190560546628 -0.06705232711017618 -0.10541110330288124 -0.07982583454281567 -0.2474034309721088 -0.8685473487065435 -0.9674340928068711 -0.294831351613686 -0.29013775448006823 -0.21575638022438665 -0.43183220234423203 -0.4701511657699206 -0.3563043778483635 -0.22947475777664456 -0.34674556213017743 -3.721453082475447 -6.665845850775672 -1.2054996317210898 -0.9692700109316167 -1.2291427843586806 -4.635110997703496 -7.658387568070128 -1.1918037357122944 -0.08645177226133136 -0.3625070581592321 -0.42973155876381686 -0.9612141652613829 -0.48685606507131923 -0.626039439296745 -0.6154798761609908 -1.4824026862330555 -2.157586558044806 -0.4602346805736636
0.017006802721088437 -0.09773434029320302 -0.03816793893129771 -0.09329446064139943 0.0023707918444760513 -0.04939433141244267 0.06787609527335556 -0.007381889763779531 -0.08404447892423067 -0.03488209850704618 0.0980012894906512 -0.04508895929807457 -0.08619657608045014 -0.18600640551860065 -0.02015875015749024 -0.17345306925821133 -0.05449229133439659 -0.15735844189346057 -0.16445623342175064 -0.21142537104452536 0.09894710135735127 -0.06425800193986422 -0.033989685888420065 -0.2038411688464711 0.07463614877472322 -0.02515090543259557 0.10434552899220709 -0.0254323499491353 -0.0786981459250367 -0.08227482678983834 0.021898750483060676 -0.06369426751592358 -0.085459940652819 -0.23875893831050782 0.008501335924216662 -0.07539936102236422 -0.014786933727651566 -0.1696242171189979 -0.25760482323924366 -0.3175306453994979 -0.03644131691379744 -0.07586050724637682 -0.0984206912336919 -0.43925792938360253 -0.04358881220486741 -0.07233051366924113 -0.0659731032732809 -0.02699228791773779 -0.2327437159196702 -0.20867491429423163 0.05987277036297868 -0.06744186046511627 -0.06873239436619719 -0.3920880149812734 -0.06522245515956208 -0.08368200836820082 -0.03231419338801889 -0.06579779830444135 -0.06705232711017618 -0.08432888264230498 -0.07256894049346879 -0.2275644766017038 -0.724569823247103 -0.9686269831802458 -0.313030817762679 -0.29013775448006823 -0.2305511034397732 -0.4305983960518199 -0.45477837560850637 -0.3259218340008286 -0.2562468128505865 -0.3041420118343195 -3.068275943675304 -7.2642206353115 -1.3331696538178244 -0.9777723794485608 -1.3297669086740544 -5.230926256698138 -7.014211714703147 -0.8865347086701979 -0.08645177226133136 -0.3512140033879165 -0.41732461087299794 -0.9889183329318236 -0.5186844276788871 -0.6557377049180328 -0.6526315789473685 -1.6179579654271854 -2.0595723014256615 -0.43676662320730114
0.024295432458697763 -0.09329187027987561 -0.029187247418051187 -0.09562682215743441 0.010668563300142243 -0.04586616488298248 0.07898309268172284 -0.008612204724409451 -0.06335660718903544 -0.025115110925073257 0.10186976144422955 -0.048744820862783325 -0.08619657608045013 -0.19339738851933974 -0.02141867204233338 -0.1746832328699717 -0.049175970228601804 -0.1715464981297562 -0.1485411140583554 -0.20442453094371324 0.10148420652036028 -0.058195926285160036 -0.019924988279418656 -0.20855425945563805 0.08085582783928348 -0.01886317907444668 0.10434552899220709 -0.030518819938962362 -0.07336267840469521 -0.06928406466512702 0.02318691227618189 -0.06133522057088936 -0.07596439169139466 -0.23633498969821837 0.009715812484819043 -0.07539936102236422 -0.02150826724022046 -0.17092901878914404 -0.24664291586736095 -0.2998080047260375 -0.030158331239004778 -0.08605072463768117 -0.08239871824216066 -0.4560143626570915 -0.03753481050974694 -0.08213804094642638 -0.0659731032732809 -0.04627249357326478 -0.22875382364676153 -0.20867491429423163 0.06112011974554073 -0.06976744186046512 -0.06422535211267605 -0.3920880149812734 -0.07686932215234103 -0.08965929468021518 -0.04349987571464082 -0.08224724788055168 -0.06836707862214043 -0.08995080815179199 -0.05079825834542816 -0.22172949002217296 -0.5630340629755356 -0.9662412024334962 -0.31545741324921134 -0.30232841643301234 -0.2330168906423376 -0.4478716841455892 -0.4201895977453242 -0.31349261151774616 -0.27664456909739926 -0.26035502958579876 -2.407999053366465 -7.749322826889928 -1.4731156395777067 -0.9814162516701082 -1.4252961406190294 -5.839499872416433 -6.2837030150086335 -0.6704767214942849 -0.08892182289736941 -0.3365330321852061 -0.39927814121362515 -0.9889183329318236 -0.55169161853118 -0.6699928724162509 -0.6873065015479877 -1.7572441238651908 -1.9030040733197555 -0.39374185136897
0.012147716229348881 -0.09218125277654377 -0.04041311180960934 -0.0979591836734694 0.002370791844476053 -0.05057038692226273 0.07034431691965941 -0.015994094488188976 -0.07111455908973364 -0.026510394865355103 0.10573823339780788 -0.0365586156470875 -0.08140787740931402 -0.18970189701897017 -0.02141867204233338 -0.17468323286997173 -0.04651780967570441 -0.1689668515413388 -0.12466843501326261 -0.18902268272192663 0.10528986426487379 -0.0460717749757517 -0.010548523206751054 -0.21326735006480496 0.08458763527801966 -0.02137826961770624 0.11094967639677715 -0.035605289928789426 -0.07336267840469521 -0.06351039260969976 0.011593456138090943 -0.05543760320830384 -0.06409495548961425 -0.23754696400436312 0.010930289045421423 -0.0792332268370607 -0.018819733835192903 -0.17353862212943633 -0.2507536311318169 -0.28651602422094224 -0.027645136969087714 -0.0803894927536232 -0.0686655985351339 -0.45840813883901854 -0.03148080881462646 -0.09071962731396346 -0.06343567622430854 -0.05398457583547558 -0.22077403910094429 -0.18780742286480845 0.05613072221529249 -0.06744186046511629 -0.0619718309859155 -0.3827247191011236 -0.0850221290472863 -0.09324566646742379 -0.039771314939100175 -0.0949006706314058 -0.06442282408624771 -0.08573436401967674 -0.05200774068698597 -0.20422453028358034 -0.4366147723282219 -0.9280687104855065 -0.33608347488473667 -0.30720468121418987 -0.24164714585131306 -0.45650832819247383 -0.3945682808096337 -0.29277724071260874 -0.29576746557878636 -0.2165680473372781 -1.8092533427996684 -8.06205368135927 -1.6302479744659955 -0.9850601238916556 -1.5412049420455995 -6.474866037254403 -5.432328330455572 -0.5394480066908279 -0.09262689885142647 -0.32072275550536417 -0.3891270020302279 -1.0069862683690676 -0.5953082635859954 -0.7008790686623902 -0.7306501547987616 -1.9077229200348214 -1.7311608961303464 -0.3807040417209909
0.014577259475218656 -0.08996001776988005 -0.017961383026493038 -0.09562682215743441 0.008297771455666191 -0.04351405386334235 0.07157842774281134 -0.017224409448818902 -0.059477631238686324 -0.01534812334310032 0.13152804642166344 -0.028028271996100418 -0.035915240033520895 -0.188470066518847 0.005039687539372559 -0.17468323286997173 -0.02525252525252525 -0.17154649812975623 -0.10079575596816977 -0.1932231867824139 0.11543828491690981 -0.040009699321047525 0.01640881387716831 -0.2168021680216802 0.09827092922005225 -0.022635814889336015 0.12019548276317527 -0.03814852492370295 -0.06002400960384154 -0.047632794457274835 0.014169779724333375 -0.04718093890068413 -0.04391691394658754 -0.23875893831050782 0.014573718727228565 -0.07539936102236422 -0.020164000537706683 -0.17614822546972858 -0.24390243902439024 -0.28060847732978883 -0.01759235988941945 -0.06680253623188406 -0.038910505836575876 -0.44763614602034707 -0.007264802034144568 -0.08581586367537083 -0.04313625983252981 -0.05269922879177378 -0.19550472137252295 -0.17141153674169027 0.07359361357116127 -0.07209302325581396 -0.03830985915492957 -0.36985018726591756 -0.06405776846028419 -0.09205020920502092 -0.024857071836937607 -0.09869669745666203 -0.04338679989481988 -0.07449051300070272 -0.0447508466376391 -0.1878865678608939 -0.31253657965585857 -0.8934748896576405 -0.3372967726280029 -0.30598561501889554 -0.23918135864874865 -0.45650832819247383 -0.3574173712528825 -0.26929982046678635 -0.29576746557878636 -0.17041420118343198 -1.2341734705951959 -8.195025855700566 -1.7922906948195432 -0.980201627596259 -1.6367341739905747 -7.085991324317428 -4.457431265772348 -0.46835795929746304 -0.0765715697171792 -0.30039525691699603 -0.34852244529663884 -1.0130089135148157 -0.6047388895437934 -0.7163221667854598 -0.7690402476780187 -2.0507399577167016 -1.5224032586558045 -0.3598435462842242
0.004859086491739552 -0.07330075521990227 -0.022451728783116298 -0.08513119533527698 -0.0011853959222380282 -0.02822533223568152 0.06664198445020364 -0.014763779527559057 -0.0517196793379881 -0.009766987581972933 0.13668600902643457 -0.009748964172556666 -0.023943493355680596 -0.17245627001724562 0.015119062618117676 -0.16484192397588882 -0.01594896331738437 -0.1741261447181736 -0.08090185676392574 -0.19182301876225144 0.10275275910186477 -0.03273520853540253 0.022269104547585558 -0.22151525863084717 0.09827092922005223 -0.02012072434607646 0.12415797120591729 -0.02797558494404883 -0.042683740162731756 -0.02453810623556582 0.009017132551848512 -0.04718093890068413 -0.040356083086053415 -0.24239486122894194 0.018217148409035704 -0.07156549520766772 -0.02285253394273424 -0.17353862212943633 -0.2302000548095368 -0.27617781716142376 -0.01884895702437799 -0.06114130434782609 -0.03547722590981918 -0.4452423698384201 -0.0036324010170722836 -0.08213804094642638 -0.04059883278355747 -0.05012853470437019 -0.1768852240989493 -0.16843046653748694 0.07484096295372333 -0.0686046511627907 -0.04056338028169013 -0.3675093632958802 -0.05706964826461682 -0.09205020920502092 -0.019885657469550087 -0.09236998608123498 -0.023665527215356297 -0.05621925509486999 -0.058055152394775045 -0.17504959738592601 -0.2692262671192789 -0.835023261362281 -0.35670953652026205 -0.29135682067536267 -0.2576747626679818 -0.43306600863664413 -0.33692031770432995 -0.24720342494130648 -0.29576746557878636 -0.13964497041420118 -0.932434031475565 -7.991873922679142 -2.0414927571814387 -0.9874893720393537 -1.7857597758247354 -7.3130900739984686 -3.6618408819232307 -0.4293281293560078 -0.08521674694331234 -0.290231507622812 -0.3349875930521092 -1.009395326427367 -0.6401037368855358 -0.7329531955333809 -0.8247678018575852 -2.1191394105210795 -1.2907331975560081 -0.33116036505867014
0.007288629737609328 -0.07330075521990227 -0.030309833857207 -0.10029154518950437 -0.0011853959222380274 -0.0388098318240621 0.060471430334444035 -0.03198818897637795 -0.04266873545384018 -0.023719826984791408 0.13797549967762737 -0.012186205215695833 -0.020351969352328508 -0.16999260901699925 0.022678593927176516 -0.17222290564645099 -0.014619883040935672 -0.17928543789500834 -0.0649867374005305 -0.20582469896387567 0.08118736521628822 -0.038797284190106696 0.012892639474917955 -0.22505007658772241 0.09080731434257991 -0.02640845070422535 0.10830801743494914 -0.04959308240081384 -0.0413498732826464 -0.02742494226327945 0.005152647172484865 -0.050719509318235434 -0.0427299703264095 -0.2508786813719549 0.02064610153024047 -0.06645367412140575 -0.028229600752789352 -0.18267223382045927 -0.22060838585913944 -0.2673164968246936 -0.02261874842925358 -0.058876811594202896 -0.054932478828107124 -0.44883303411131054 -0.02179440610243371 -0.09194556822361162 -0.04313625983252981 -0.05398457583547558 -0.15693576273440615 -0.1714115367416903 0.07359361357116127 -0.07093023255813954 -0.04394366197183098 -0.3663389513108614 -0.06755182855811788 -0.10400478182904963 -0.03231419338801889 -0.11135012020751614 -0.026295030239284773 -0.06324666198172872 -0.06047411707789067 -0.17621659470183218 -0.2387919934449257 -0.7920792079207921 -0.37369570492598886 -0.30476654882360116 -0.27000369868080387 -0.42689697717458364 -0.3087368690750705 -0.23615522717856646 -0.28429372768995415 -0.14437869822485208 -0.7715063306117618 -7.696380201920709 -2.2980603977412226 -1.0385035831410179 -1.9831868551776843 -7.390916050012758 -3.0907158985257004 -0.4279342068580987 -0.09880202544152157 -0.28797289666854886 -0.3282201669298443 -1.0045772103107686 -0.6860780384298009 -0.7614635305298171 -0.9065015479876163 -2.1962442482278326 -1.1468940936863543 -0.3246414602346806
0.007288629737609328 -0.07552199022656597 -0.028064660978895373 -0.10379008746355685 -0.015410146989094356 -0.04233799835352229 0.05059854374922869 -0.03690944881889764 -0.04266873545384018 -0.022324543044509558 0.12637008381689235 -0.021935169388252497 -0.023943493355680596 -0.1662971175166297 0.0037797656545294185 -0.17222290564645099 -0.04120148856990962 -0.17799561460079968 -0.07692307692307691 -0.21002520302436292 0.07738170747177471 -0.03516003879728419 0.010548523206751054 -0.2038411688464711 0.07463614877472322 -0.012575452716297786 0.093778893144895 -0.04959308240081384 -0.04801920768307323 -0.010103926096997692 0.005152647172484865 -0.05543760320830384 -0.040356083086053415 -0.2436068355350866 0.008501335924216664 -0.05495207667731629 -0.04032800107541336 -0.17353862212943633 -0.22334886270211016 -0.23187121547777284 -0.03267152550892184 -0.0566123188405797 -0.0686655985351339 -0.464392579293836 -0.05206441457803608 -0.09930121368150055 -0.06343567622430854 -0.06426735218508997 -0.16624551137119295 -0.16693993143538527 0.07733566171884744 -0.08139534883720931 -0.04619718309859154 -0.3698501872659176 -0.07337526205450735 -0.10520023909145249 -0.04225702212279393 -0.1189421738580286 -0.03418353931107021 -0.050597329585382975 -0.06047411707789065 -0.1622126269109581 -0.214210464707948 -0.7121555529046881 -0.38946857558844944 -0.2864805558941851 -0.28356552829490816 -0.4009870450339297 -0.2920830130668717 -0.20439165861068914 -0.27281998980112193 -0.15621301775147928 -0.6093953378298427 -7.254370844619553 -2.5718143874294137 -1.082230049799587 -2.1908037192714307 -7.263332482776219 -2.49037056714039 -0.4126010593810984 -0.10991725330369273 -0.2992659514398645 -0.32709226257613355 -0.9961455071067213 -0.7320523399740658 -0.7887859349014017 -0.9845201238390094 -2.239771172739709 -0.9839613034623218 -0.31551499348109513
0.008503401360544217 -0.08329631274988894 -0.023574315222272112 -0.10379008746355685 -0.013039355144618302 -0.05057038692226273 0.05059854374922869 -0.05905511811023623 -0.02456684768554435 -0.039067950327891725 0.11476466795615732 -0.02680965147453083 -0.02514066802346463 -0.16752894801675286 -0.00881945319390198 -0.17837372370525278 -0.06246677299308878 -0.18444473107184317 -0.09151193633952254 -0.21422570708485017 0.0697703919827477 -0.050921435499515035 0.014064697609001406 -0.2050194414987628 0.06344072645851474 -0.028923541247484908 0.07528728041209881 -0.07375381485249237 -0.04668534080298787 -0.02742494226327945 0.0064408089656060805 -0.06369426751592357 -0.035608308605341255 -0.24845473275966543 0.006072382803011905 -0.05878594249201278 -0.0443608011829547 -0.1905010438413361 -0.20553576322280076 -0.2495938561512332 -0.028901734104046246 -0.052083333333333336 -0.06294346532387274 -0.48952722920406944 -0.04964281389998789 -0.11278656368763025 -0.07104795737122556 -0.07712082262210797 -0.1609256550073148 -0.17588314204799524 0.0810777098665336 -0.09302325581395349 -0.043943661971830986 -0.37687265917602997 -0.07919869555089683 -0.10759115361625822 -0.04349987571464081 -0.13665696570922437 -0.023665527215356297 -0.05340829234012647 -0.055636187711659416 -0.1633796242268643 -0.1814350930586445 -0.6584754861028272 -0.39432176656151424 -0.2937949530659515 -0.2872642090987548 -0.40592227020357796 -0.25877530105047397 -0.2112967822124016 -0.2651708312085671 -0.16449704142011837 -0.4981658975269199 -6.786505786752032 -2.830837220721827 -1.1283857646058544 -2.3933256909947778 -7.098749681041082 -1.9776862797184218 -0.42235851686646225 -0.12226750648388292 -0.30039525691699603 -0.3225806451612903 -0.9804866297277763 -0.7780266415183309 -0.812544547398432 -1.0662538699690403 -2.26713095386146 -0.8477596741344197 -0.3089960886571056
0.00607385811467444 -0.07663260772989781 -0.024696901661427927 -0.10145772594752187 -0.017780938833570414 -0.05762671998118311 0.04689621127977293 -0.07381889763779528 -0.014222911817946732 -0.05023022185014651 0.10315925209542232 -0.028028271996100418 -0.015563270681192388 -0.16383345651638334 -0.01511906261811768 -0.17960388731701316 -0.07708665603402445 -0.18702437766026053 -0.10212201591511935 -0.22122654718566226 0.058353418749207166 -0.0497090203685742 0.015236755743084859 -0.2073759868033463 0.04975743251648215 -0.033953722334004025 0.056795667679302594 -0.07502543234994914 -0.040016006402561026 -0.027424942263279444 0.0025763235862424324 -0.058976173625855166 -0.024925816023738872 -0.254514604290389 0.008501335924216664 -0.060063897763578275 -0.04301653448044092 -0.1970250521920668 -0.1877226637434914 -0.2540245163195983 -0.03141492837396331 -0.052083333333333336 -0.06065461203936828 -0.5074805505685218 -0.04358881220486742 -0.11523844550692657 -0.07612281146917024 -0.08097686375321336 -0.14629605000664983 -0.17886421225219853 0.08606710739678183 -0.09302325581395349 -0.039436619718309855 -0.3909176029962546 -0.0861868157465642 -0.10998206814106395 -0.050956997265722094 -0.13665696570922437 -0.019721272679463577 -0.052002810962754734 -0.0544267053701016 -0.1622126269109581 -0.16153576027156735 -0.6071812000477157 -0.399174957534579 -0.3035474826283067 -0.28603131549747257 -0.39111659469463295 -0.23699718165513706 -0.2099157574920591 -0.2562468128505865 -0.17988165680473372 -0.4165187551769021 -6.24722974636789 -3.0935428431131844 -1.1721122312644237 -2.599668831995925 -6.816789997448329 -1.5593040244388363 -0.408419291887371 -0.11732740521180685 -0.2879728966685488 -0.306789984209339 -0.9684413394362805 -0.8133914888600732 -0.8232359230220956 -1.131888544891641 -2.2559383161298348 -0.7191955193482688 -0.29595827900912647
0.009718172983479104 -0.07996446023989337 -0.03143242029636282 -0.10145772594752187 -0.027264106211474636 -0.05292249794190286 0.030852770578797973 -0.0812007874015748 -0.015515903801396433 -0.05162550579042835 0.09284332688588007 -0.0219351693882525 -0.004788698671136121 -0.15521064301552107 -0.030238125236235352 -0.17099274203469061 -0.09037745879851143 -0.1831549077776345 -0.09018567639257294 -0.21282553906468776 0.05454776100469365 -0.05455868089233753 0.015236755743084857 -0.21915871332626366 0.031098395322801342 -0.0352112676056338 0.031699907541936335 -0.07121057985757885 -0.03868213952247566 -0.001443418013856812 0.007728970758727296 -0.06841236140599198 -0.026112759643916916 -0.25209065567809963 -0.006072382803011903 -0.06645367412140575 -0.0510821346955236 -0.22442588726513568 -0.1849821869005207 -0.25550140304238667 -0.02764513696908772 -0.05095108695652174 -0.06065461203936828 -0.5302214242968282 -0.05690761593413246 -0.12627191369375995 -0.09642222786094898 -0.10025706940874035 -0.14363612182471075 -0.1833358175585035 0.08856180616190595 -0.08953488372093023 -0.03605633802816902 -0.3920880149812733 -0.09666899604006524 -0.10998206814106395 -0.0695998011434253 -0.14171833480956597 -0.018406521167499336 -0.040758959943780745 -0.05079825834542815 -0.16921461080639516 -0.1568535643216669 -0.5666229273529764 -0.4125212327105071 -0.31695721077654515 -0.29836025151029466 -0.38864898210980875 -0.21906225980015376 -0.22372600469548404 -0.2473227944926058 -0.2 -0.33960478049934917 -5.611918246737257 -3.3587036582371717 -1.2012632090368032 -2.8314864348490643 -6.417453431997958 -1.155531943153141 -0.3986618344020073 -0.11609237989378782 -0.2834556747600226 -0.29551094067223105 -0.9491688749698868 -0.851113992691265 -0.8291755761463531 -1.1975232198142416 -2.209924138788708 -0.5855397148676171 -0.2816166883963494
0.008503401360544218 -0.07330075521990224 -0.03704535249214189 -0.09679300291545191 -0.037932669511616876 -0.05292249794190286 0.008638775762063431 -0.08858267716535433 -0.024566847685544353 -0.043253802148737266 0.07865892972275951 -0.012186205215695831 -0.03830958936908895 -0.1379650160137965 -0.05795640670278444 -0.15623077869356625 -0.11695906432748537 -0.17025667483554754 -0.10610079575596817 -0.20022402688322596 0.043130787771153124 -0.05455868089233753 0.009376465072667603 -0.21562389536938847 0.022390844632416976 -0.03646881287726358 0.025095760137366273 -0.07121057985757885 -0.03734827264239029 0.017321016166281754 -0.0064408089656060805 -0.05543760320830384 -0.032047477744807124 -0.2363349896982184 -0.02186057809084285 -0.058785942492012785 -0.07124613523323027 -0.22181628392484343 -0.18498218690052073 -0.23925564909171468 -0.03267152550892184 -0.03736413043478261 -0.06294346532387272 -0.5158587672052662 -0.059329216612180644 -0.12136815005516735 -0.10784064958132453 -0.09640102827763496 -0.13964622955180211 -0.17141153674169027 0.08856180616190594 -0.08255813953488372 -0.015774647887323946 -0.3827247191011236 -0.09666899604006522 -0.11835026897788406 -0.07829977628635347 -0.15184107301024927 -0.02498027872732054 -0.0421644413211525 -0.0447508466376391 -0.1587116349632396 -0.12876038862226385 -0.5045926279374926 -0.4040281485076438 -0.31695721077654515 -0.3032918259154235 -0.3639728562615669 -0.19472200871124773 -0.19886755972931916 -0.21672616012238657 -0.2 -0.2887232280203526 -4.91135188377247 -3.5723054259759386 -1.2243410664399368 -3.0238186218316137 -5.839499872416433 -0.8354363129233631 -0.38751045441873433 -0.11979745584784487 -0.27442123094297005 -0.29325513196480935 -0.9082148879788005 -0.8864788400330073 -0.8291755761463531 -1.2631578947368423 -2.1154085312772044 -0.4862525458248473 -0.2672750977835724
0.008503401360544217 -0.06885828520657483 -0.029187247418051187 -0.08862973760932945 -0.03674727358937885 -0.05880277549100317 0.012341108231519193 -0.08858267716535434 -0.021980863718644945 -0.046044370029300966 0.07479045776918117 -0.004874482086278331 -0.03950676403687299 -0.12441488051244146 -0.06677585989668641 -0.15500061508180588 -0.12360446570972887 -0.1547787953050432 -0.10344827586206898 -0.19602352282273872 0.04947355067867563 -0.04970902036857419 0.010548523206751056 -0.2109108047602215 0.013683293942032587 -0.03898390342052314 0.026416589618280285 -0.06993896236012208 -0.029345071361878083 0.02453810623556582 0.0 -0.04953998584571832 -0.01661721068249259 -0.21936734941219246 -0.025504007772649988 -0.0536741214057508 -0.07124613523323028 -0.21790187891440502 -0.18224171005755002 -0.2318712154777729 -0.042724302588590106 -0.02151268115942029 -0.07095445181963836 -0.5086774386594853 -0.07506962101949388 -0.1176903273262229 -0.11418421720375538 -0.08997429305912595 -0.13299640909695437 -0.1579967208227754 0.09230385430959212 -0.07209302325581396 -0.011267605633802816 -0.37453183520599254 -0.09550430934078732 -0.12193664076509267 -0.07332836191896594 -0.15563709983550553 -0.010518012095713907 -0.033731553056922 -0.05200774068698597 -0.14237367254055316 -0.11822544773498773 -0.4354049862817607 -0.40766804173744237 -0.2974521516518347 -0.31438786832696336 -0.3257248611967921 -0.18831667947732514 -0.1657229664410993 -0.17848036715961244 -0.21183431952662723 -0.22837534019642644 -4.203398177788722 -3.7245273753989685 -1.235272683104579 -3.147369761813782 -5.132686909926002 -0.5697967857617214 -0.3889043769166435 -0.1160923798937878 -0.2597402597402597 -0.2842318971351229 -0.8768971332209106 -0.905340091948603 -0.836303159895462 -1.308978328173375 -1.9848277577415747 -0.4022403258655805 -0.27118644067796616
0.013362487852283769 -0.06552643269657929 -0.013471037269869784 -0.08513119533527697 -0.04860123281175913 -0.06115488651064331 -0.006170554115759593 -0.09227362204724411 -0.016808895784846133 -0.05441607367099205 0.06447453255963895 -0.006093102607847916 -0.031126541362384776 -0.11702389751170239 -0.07685523497543154 -0.16115143314060767 -0.13423710792131843 -0.14317038565716497 -0.11538461538461539 -0.19322318678241387 0.0380565774451351 -0.0460717749757517 0.009376465072667605 -0.20855425945563805 -0.008707550690384374 -0.04149899396378269 0.009245806366398093 -0.06485249237029503 -0.018674136321195144 0.025981524249422638 0.007728970758727296 -0.04600141542816701 -0.004747774480712168 -0.22300327233062656 -0.04007772649987855 -0.056230031948881785 -0.08603306896088184 -0.21659707724425886 -0.17676075637160868 -0.22891744203219613 -0.04523749685850716 -0.026041666666666668 -0.06523231860837721 -0.5110712148414123 -0.0908100254268071 -0.12872379551305624 -0.14209591474245115 -0.10025706940874035 -0.13831626546083256 -0.163958861231182 0.089809155544468 -0.05930232558139535 0.004507042253521128 -0.36165730337078655 -0.1036571162357326 -0.12074118350268977 -0.09197116579666915 -0.14804504618499306 -0.013147515119642388 -0.022487702037948 -0.05321722302854378 -0.13537168864511612 -0.09949666393538568 -0.39484671358702134 -0.40524144625091 -0.2901377544800683 -0.32794969794106765 -0.2899444787168414 -0.18831667947732514 -0.15191271923767435 -0.16063233044365116 -0.2177514792899408 -0.18814341498047565 -3.582861364196011 -3.8092315246746864 -1.2425604275476738 -3.216150808814164 -4.377392191885685 -0.4117412671005445 -0.3847226094229161 -0.11609237989378782 -0.2450592885375494 -0.26054590570719605 -0.8371476752589737 -0.905340091948603 -0.8279876455215016 -1.3424148606811144 -1.831861708742694 -0.33223014256619143 -0.2633637548891786
0.009718172983479104 -0.06663705019991115 -0.030309833857207008 -0.08396501457725948 -0.058084400189663356 -0.06585910854992356 -0.0024682216463038356 -0.08735236220472442 -0.0064649599172485125 -0.046044370029300966 0.04384268214055447 -0.008530343650987083 -0.0682389560636897 -0.11702389751170239 -0.09323421947839235 -0.16361176036412842 -0.13822434875066453 -0.13156197600928674 -0.11007957559681698 -0.1806216746009521 0.02663960421159457 -0.03758486905916586 -0.012892639474917955 -0.20030635088959584 -0.02861052369697723 -0.04024144869215292 0.0026416589618280277 -0.05340793489318413 -0.006669334400426838 0.0331986143187067 0.01030529434496973 -0.04482189195564991 -0.01186943620178042 -0.2217912980244819 -0.05708039834831188 -0.06773162939297124 -0.08200026885334051 -0.217901878914405 -0.16168813373526994 -0.23334810220056124 -0.052777079668258356 -0.024909420289855076 -0.08468757152666515 -0.5098743267504489 -0.11865843322436131 -0.1250459727841118 -0.16493275818320224 -0.09125964010282775 -0.14496608591568025 -0.1550156506185721 0.07234626418859921 -0.04651162790697675 -0.023661971830985912 -0.3616573033707865 -0.1246214768227347 -0.12193664076509263 -0.10439970171513795 -0.14551436163482223 -0.014462266631606624 -0.016865776528461 -0.055636187711659416 -0.12720270743377293 -0.10183776191033596 -0.35070976977215795 -0.4028148507643777 -0.2803852249177131 -0.3193194427320921 -0.24552745219000616 -0.17166282346912634 -0.12567324955116696 -0.14788373278939315 -0.23195266272189347 -0.19287658265294044 -3.0152671755725193 -3.789589982813651 -1.2389165553261263 -3.1741179467583747 -3.564684868588926 -0.3240802231372028 -0.3693894619459158 -0.12967765839199702 -0.24731789949181254 -0.2752086623054365 -0.7925801011804385 -0.9242013438641988 -0.814920408648135 -1.3436532507739938 -1.6440741201343116 -0.2889511201629328 -0.26075619295958286
0.020651117589893096 -0.08218569524655708 -0.022451728783116305 -0.08513119533527697 -0.05452821242294927 -0.07644360813830413 0.006170554115759594 -0.08981299212598426 -0.00517196793379881 -0.04743965396958281 0.03868471953578336 -0.017060687301974166 -0.0682389560636897 -0.11702389751170239 -0.0919742975935492 -0.1685324148111699 -0.13024986709197234 -0.11995356636140848 -0.10344827586206898 -0.18062167460095208 0.04947355067867563 -0.04000969932104753 0.0023441162681669013 -0.19205844232355368 -0.019902973006592856 -0.04401408450704225 0.01056663584731211 -0.04196337741607325 0.006669334400426838 0.030311778290993074 0.014169779724333375 -0.05189903279075252 -0.00593471810089021 -0.20967155496303475 -0.059509351469516636 -0.0779552715654952 -0.08065600215082672 -0.21007306889352817 -0.1493559879419019 -0.2274405553094078 -0.04775069112842424 -0.032835144927536225 -0.078965438315404 -0.48354278874925194 -0.11986923356338541 -0.1250459727841118 -0.16620147170768837 -0.08097686375321336 -0.14496608591568025 -0.14458190490386053 0.07733566171884744 -0.046511627906976744 -0.010140845070422535 -0.3359082397003746 -0.12229210342417891 -0.12193664076509263 -0.10688540889883172 -0.14931038846007846 -0.011832763607678149 -0.02389318341531975 -0.03749395258829221 -0.13887268059283467 -0.08896172304810956 -0.33162352379816296 -0.37126910943945657 -0.28891868828477396 -0.29219578350388364 -0.22085132634176433 -0.15500896746092746 -0.11324402706808452 -0.12366139724630291 -0.23076923076923078 -0.17157732812684887 -2.5326274316670774 -3.4655045421065553 -1.175756103485971 -2.946121513183034 -2.9127328400102064 -0.29087528224199766 -0.36799553944800667 -0.10868222798567373 -0.2360248447204969 -0.24813895781637715 -0.7359672368104072 -0.8487563362018152 -0.7709669755286293 -1.2470588235294118 -1.4438502673796791 -0.25840122199592663 -0.2568448500651891
0.03158406219630709 -0.07663260772989783 -0.016838796587337227 -0.06997084548104957 -0.04978662873399716 -0.06938727507938375 0.004936443292607679 -0.07012795275590553 -0.002585983966899407 -0.033486814566764334 0.033526756931012244 -0.012186205215695831 -0.0682389560636897 -0.10593742301059375 -0.09071437570870607 -0.15746094230532665 -0.12227538543328013 -0.10834515671353025 -0.09681697612732096 -0.17362083450014 0.07230749714575668 -0.024248302618816685 0.017580872011251757 -0.17320607988688583 -0.011195422316208481 -0.03646881287726358 0.018491612732796196 -0.017802644964394702 0.020008003201280513 0.04185912240184758 0.018034265103697024 -0.050719509318235434 0.0 -0.1975518119015877 -0.0619383045907214 -0.08051118210862618 -0.07931173544831294 -0.1970250521920668 -0.13702384214853383 -0.23187121547777284 -0.035184719778838906 -0.02151268115942029 -0.059510185397116055 -0.42609216038300424 -0.09928562779997577 -0.10543091822974134 -0.16747018523217455 -0.06812339331619537 -0.14496608591568025 -0.13563869429125056 0.07359361357116127 -0.04883720930232558 -0.0033802816901408435 -0.3242041198501872 -0.11530398322851154 -0.12074118350268977 -0.09942828734775044 -0.14045299253448057 0.011832763607678147 -0.009838369641602248 -0.027818093855829708 -0.12136772085424204 -0.07725623317335831 -0.2839079088631754 -0.3336568793982044 -0.2584420334024138 -0.2663050178769572 -0.18260333127698952 -0.1345119139123751 -0.08838558210191963 -0.09943906170321265 -0.1928994082840237 -0.1550112412732221 -2.089386850529426 -3.1033636140437024 -1.0676545609133972 -2.645522863329512 -2.3271242663944878 -0.24571656262451852 -0.33175355450236965 -0.08645177226133136 -0.2156973461321287 -0.22445296638845025 -0.6697181402071791 -0.762701874336909 -0.7091945830363507 -1.1232198142414862 -1.2299465240641712 -0.20748472505091656 -0.23598435462842243
0.0413022351797862 -0.07107952021323857 -0.014593623709025597 -0.05947521865889214 -0.03556187766714082 -0.06350699753028344 0.012341108231519191 -0.05782480314960631 0.009050943884147919 -0.037672666387609875 0.04384268214055448 -0.00974896417255667 -0.06345025739255358 -0.1022419315102242 -0.07181554743605896 -0.15869110591708696 -0.09835194045720361 -0.096736747065652 -0.07824933687002651 -0.1666199943993279 0.06977039198274768 -0.02546071774975751 0.024613220815752464 -0.19205844232355368 -0.0037318074387361574 -0.05155935613682092 0.027737419099194294 -0.017802644964394702 0.044017607042817125 0.023094688221709007 0.02061058868993946 -0.061335220570889346 0.004747774480712163 -0.20361168343231126 -0.04493563274228808 -0.1009584664536741 -0.06183626831563381 -0.19832985386221294 -0.1068785968758564 -0.25550140304238667 -0.021362151294295053 -0.024909420289855072 -0.04234378576333257 -0.4057450628366248 -0.0738588206804698 -0.11278656368763025 -0.14970819588936815 -0.06555269922879176 -0.11836680409628937 -0.14309136980175882 0.067356866658351 -0.04883720930232558 0.003380281690140846 -0.3089887640449438 -0.10715117633356626 -0.1267184698147041 -0.09321401938851605 -0.1455143616348222 0.03549829082303445 -0.0252986647926915 -0.0181422351233672 -0.13537168864511612 -0.06555074329860706 -0.2874865799832995 -0.29119145838388744 -0.2694136291600634 -0.23794846504746642 -0.17643429981492903 -0.11401486036382269 -0.10219582930534457 -0.07394186639469658 -0.17751479289940833 -0.13607857058336295 -1.7434129524747601 -2.7056223913577213 -0.9680553868577675 -2.3169023054387976 -1.8716509313600405 -0.22180900517997076 -0.3303596320044605 -0.06669136717302704 -0.19311123658949744 -0.19738326189939095 -0.6179233919537461 -0.670753271248379 -0.6557377049180328 -0.9907120743034057 -1.039671682626539 -0.16038696537678207 -0.2320730117340287
0.042517006802721094 -0.06996890270990672 -0.030309833857207008 -0.05714285714285714 -0.02963489805595068 -0.05880277549100319 0.0259163272861903 -0.03321850393700787 0.02585983966899405 -0.027905678805636946 0.039974210186976146 -0.01096758469412625 -0.06943613073147373 -0.09854644000985464 -0.061736172357313844 -0.15007996063476442 -0.09170653907496011 -0.07094028118147815 -0.0729442970822281 -0.14281713805656676 0.059621971330711655 -0.021823472356935016 0.012892639474917953 -0.19205844232355368 -0.012439358129120536 -0.04904426559356136 0.015849953770968168 0.003814852492370293 0.04001600640256102 0.038972286374133955 0.028339559448666757 -0.06251474404340647 0.011869436201780414 -0.1975518119015877 -0.03400534369686666 -0.10734824281150157 -0.05242640139803736 -0.18789144050104384 -0.09317621266100301 -0.23187121547777284 -0.01633576275446092 -0.02717391304347826 -0.04463263904783703 -0.3686415320167565 -0.07143722000242159 -0.11401250459727841 -0.15351433646282667 -0.05784061696658097 -0.11437691182338076 -0.13861976449545382 0.05238867406760633 -0.044186046511627906 0.003380281690140846 -0.28792134831460675 -0.10598648963428839 -0.12432755528989839 -0.09942828734775044 -0.13033025433379727 0.028924533263213252 -0.018271257905832748 -0.0181422351233672 -0.12953670206558524 -0.07023293924850757 -0.2564714302755577 -0.25721912157243393 -0.24747043764476412 -0.21575638022438665 -0.1406539173349784 -0.10120420189597745 -0.0718132854578097 -0.054818969913309534 -0.16331360946745563 -0.12661223523843332 -1.4134449642945086 -2.3017431868401665 -0.8611684683590429 -1.975544516622086 -1.440418474100536 -0.18727586664895737 -0.29272372456091433 -0.05681116462887489 -0.1784302653867871 -0.18272050530115047 -0.5673331727294627 -0.5882352941176471 -0.5951532430506059 -0.8681114551083594 -0.8493968411889069 -0.1323828920570265 -0.21121251629726207
0.05466472303206997 -0.07441137272323413 -0.029187247418051194 -0.05247813411078718 -0.024893314366998577 -0.051746442432082804 0.03455510304825373 -0.02091535433070866 0.038789759503491075 -0.022324543044509558 0.05931656995486782 -0.013404825737265416 -0.07542200407039387 -0.10347376201034739 -0.04661710973919618 -0.14761963341124368 -0.07442849548112704 -0.05288275506255644 -0.051724137931034475 -0.12461495379445531 0.0710389445642522 -0.02788554801163919 0.010548523206751054 -0.18852362436667844 -0.004975743251648212 -0.05030181086519114 0.014529124290054157 0.011444557477110883 0.038682139522475664 0.04330254041570439 0.0399330155867577 -0.06133522057088936 0.011869436201780416 -0.18422009453399588 -0.030361914015059516 -0.1073482428115016 -0.048393601290496024 -0.1826722338204593 -0.08358454371060567 -0.21562546152710088 -0.008796179944709728 -0.02717391304347826 -0.05607690547035935 -0.32914422501496116 -0.07628042135851795 -0.10543091822974131 -0.15224562293834049 -0.04498714652956297 -0.11171698364144167 -0.13712922939335223 0.06236746912810278 -0.04651162790697675 0.004507042253521128 -0.25866104868913864 -0.09433962264150944 -0.12074118350268978 -0.09445687298036293 -0.13033025433379725 0.03286878779910597 -0.014054813773717497 -0.008466376390904692 -0.12136772085424204 -0.06906239026103243 -0.21591315758081833 -0.2196068915311818 -0.21211751798122638 -0.19479718900258908 -0.10240592227020359 -0.0832692800409941 -0.037287667449247344 -0.021672616012238657 -0.15857988165680476 -0.11951248372973611 -1.1265698103915291 -1.8757672477289464 -0.7433499331956759 -1.608712265953382 -1.0423577443225314 -0.14344534466728653 -0.25648173961527737 -0.032110658268494505 -0.1693958215697346 -0.15565080081209118 -0.5071067212719826 -0.48449840858186966 -0.5321929199334761 -0.7256965944272447 -0.6715582638975252 -0.09292260692464357 -0.19295958279009123
0.07288629737609328 -0.0844069302532208 -0.013471037269869784 -0.054810495626822164 -0.009483167377904217 -0.055274608961542994 0.053066765395532525 -0.008612204724409446 0.0568916472717869 -0.013952839402818473 0.07092198581560286 -0.030465513039239576 -0.08499940141266611 -0.11825572801182557 -0.034017890890764776 -0.15746094230532662 -0.06379585326953748 -0.05030310847413905 -0.04907161803713528 -0.12741528983478015 0.09260433844982875 -0.02061105722599418 0.03867791842475386 -0.17674089784376104 0.01990297300659286 -0.04527162977867203 0.03566239598467837 0.027975584944048826 0.04801920768307323 0.03752886836027713 0.04379750096612135 -0.054258079735786745 0.022551928783382788 -0.1733123257786935 -0.014573718727228572 -0.09968051118210863 -0.03629520096787202 -0.15918580375782884 -0.05892025212386955 -0.20824102791315907 -0.008796179944709728 -0.02943840579710145 -0.06523231860837721 -0.2884500299222023 -0.07143722000242159 -0.09071962731396346 -0.1471707688403958 -0.019280205655526995 -0.1117169836414417 -0.11328066775972576 0.06610951727578894 -0.04767441860465117 0.004507042253521128 -0.2364232209737828 -0.08502212904728629 -0.11356843992827256 -0.08824260502112852 -0.1214728584081994 0.027609781751249007 -0.012649332396345747 -0.0036284470246734394 -0.11786672890652353 -0.04916305747395529 -0.18489800787307645 -0.17107498180053388 -0.17554553212239424 -0.16027616816668722 -0.06045650832819246 -0.06405329233922623 0.004143074161027482 0.010198878123406422 -0.15266272189349112 -0.08638031002248255 -0.8877123861117951 -1.4375153449545788 -0.6401068869184987 -1.2113106610622855 -0.7029854554733351 -0.08367645105591713 -0.22999721215500415 -0.008645177226133125 -0.14906832298136646 -0.13196480938416424 -0.44567574078535294 -0.38194035129081694 -0.4632929436920884 -0.588235294117647 -0.5136177092401443 -0.06873727087576376 -0.1903520208604954
0.08989310009718174 -0.08884940026654821 0.014593623709025593 -0.05247813411078718 0.02252252252252252 -0.05645066447136306 0.09132420091324203 0.004921259842519688 0.09180243082492888 -0.019533975163945866 0.08510638297872342 -0.031684133560809166 -0.050281336046929234 -0.11332840601133283 -0.0012599218848431404 -0.15623077869356622 -0.031897926634768745 -0.03611505223784341 -0.01989389920424403 -0.11201344161299356 0.1116326271723963 -0.013336566440349177 0.06329113924050632 -0.16495817132084362 0.04975743251648215 -0.032696177062374245 0.06868313300752873 0.047049847405900305 0.07736427904495133 0.03897228637413395 0.057967280690454724 -0.057796650153338056 0.04154302670623145 -0.16967640286025937 0.0072868593636142825 -0.09329073482428116 -0.004032800107541332 -0.14352818371607518 -0.03014524527267745 -0.20528725446758234 0.01005277707966826 -0.03283514492753623 -0.05035477225909819 -0.25014961101137045 -0.04237801186584333 -0.08213804094642638 -0.1053032225323522 -0.0012853470437018011 -0.08378773773108125 -0.09241317633030259 0.06610951727578894 -0.04651162790697675 -0.003380281690140845 -0.20950374531835206 -0.07453994875378525 -0.10161386730424386 -0.06587124036788466 -0.1062887511071745 0.056534315014462266 -0.0028109627547434992 0.0024189646831156266 -0.11436573695880499 -0.040969214561629407 -0.1646188715257068 -0.13588934724581414 -0.15238327441180052 -0.12205646652693872 -0.03454657618753857 -0.04227517294388932 0.011048197762739954 0.03187149413564508 -0.13609467455621302 -0.04969826056088037 -0.6784043339079044 -1.0127670022096735 -0.5307907202720759 -0.8330149025601834 -0.46440418474100537 -0.03054854562358879 -0.20630052969054918 0.008645177226133139 -0.1287408243929983 -0.09023234829686443 -0.3866538183570224 -0.2746669810208653 -0.3908291755761463 -0.4334365325077399 -0.3743315508021391 -0.02036659877800408 -0.16297262059973922
