0.024289531212047608 -0.01888888888888889 -0.04038590980480143 -0.018656716417910446 0.07585634704278772 -0.03527336860670194 0.04562268803945746 0.00983767830791933 0.021969501163091234 -0.015343841539963732 -0.03476693278392995 -0.04630193737053735 0.03352490421455939 0.008631319358816277 0.06424792139077853 0.04681532585930763 0.02524916943521594 0.08263395739186571 0.0039798355001326585 0.00841750841750842 0.08116677235256817 0.10071593253245963 -0.002342194636374283 0.038951841359773365 0.07086026852312283 -0.025135101168782203 0.05278437582475587 -0.10027925869510028 0.019997333688841483 -0.07928499351304599 -0.0501995108765607 -0.04952246197382385 -0.1279772484891575 -0.018197258279752514 -0.024260067928190195 0.008944543828264758 -0.05505572713844502 -0.009137188356611408 -0.057557900507057703 0.05625462620281273 -0.06533484106043472 -0.006795016987542471 -0.013731548232063165 -0.015619368016340262 -0.0060503388189738615 0.10802848023569851 -0.05455468155290536 0.14539372104992282 -0.1064254356791273 0.1315002988643156 -0.05737807159785455 -0.07331548935179796 -0.011267605633802816 -0.0973264540337711 -0.02444987775061125 0.027511961722488036 -0.08071526139326961 -0.002531004808909139 -0.11163645915418967 -0.019676739283204497 -0.4964882538144829 -0.5400981996726678 -0.16758467127622173 -0.10639569635385535 0.048590864917395525 -0.012210012210012208 -0.004937662017034931 -0.07782581840642372 -0.20905476465307168 -0.48527581916217344 -0.4380491531898637 -0.5317385125532923 -0.25322447047686664 -0.132196688905362 -0.02215930075095408 -0.01096624832460095 0.0217224635829287 0.03848620910840283 -0.4498731811507143 -1.4780920687742651 -0.21830291070547608 -0.13004636435598776 -0.15669033930785706 -0.08446965126101122 -0.10357815442561205 -0.05706812507430745 -0.13727430126143952 -0.16579406631762653 -0.29778569610587935 -0.31841315411718646
0.002428953121204759 -0.02777777777777778 -0.05272604891182411 -0.029151119402985072 0.07111532535261349 -0.0340975896531452 0.04562268803945746 0.009837678307919328 0.01680020677177565 -0.025108104338122474 -0.03605459696111254 -0.059705129767271846 0.017959770114942535 -0.004932182490752157 0.06298815822625345 0.044351361340396696 0.015946843853820593 0.07617817947062622 -0.009286282833642875 -0.014029180695847365 0.06848446417247939 0.09343526271083605 -0.015224265136432841 0.03186968838526912 0.04724017901541521 -0.028905366344099535 0.03430984428609132 -0.11043412033511042 0.009332089054792691 -0.09370044687905435 -0.06307118033208908 -0.053059780686239844 -0.14575186633487383 -0.02547616159165353 -0.03275109170305677 0.005111167901865577 -0.044313146233382575 -0.0156637514684767 -0.04933534329176374 0.06365655070318282 -0.07538635506973237 -0.02718006795016988 -0.03661746195216844 -0.03003724618526974 -0.02420135527589545 0.09206972747360667 -0.06470438974879472 0.13124034997426662 -0.11706797924704004 0.14046622833233713 -0.0648621678932269 -0.11055510299080647 -0.02704225352112676 -0.12195121951219512 -0.03842123646524624 0.014354066985645928 -0.08816590090649448 -0.013920526449000253 -0.11426319936958236 -0.011243851018974006 -0.7084039719060305 -0.8802899228431145 -0.22618071018399152 -0.12074118350268978 0.01579203109815354 -0.019536019536019536 -0.019750648068139733 -0.09882643607164918 -0.23983583429524175 -0.6650076040370524 -0.5259136635680632 -0.8100426338228328 -0.3372381966631168 -0.16802569804793674 -0.04801181829373384 -0.029243328865602537 -0.012777919754663941 0.01796023091725465 -0.5433186490455213 -2.3627287853577372 -0.23803650715342872 -0.16510234083455838 -0.1769811746139105 -0.1061904187281284 -0.12594161958568736 -0.07014623707050291 -0.15458817709621567 -0.18947893293443033 -0.3461440570119624 -0.34190264909304446
-0.009715812484819045 -0.04 -0.06843168050258021 -0.038479477611940295 0.05926277112717789 -0.03644914756025867 0.02712700369913687 0.001229709788489916 0.0012923235978288927 -0.0460315246198912 -0.03991758949266032 -0.0657974899476057 -0.00838122605363984 -0.011097410604192354 0.04409171075837742 0.04927929037821855 -0.0026578073089701046 0.08005164622336992 -0.034491907667816395 -0.023849607182940515 0.06467977171845275 0.07523358815677708 -0.03161962759105282 0.018885741265344674 0.039781203381402286 -0.0377026517531733 0.023752969121140145 -0.11170347804011169 -0.0013331555792561026 -0.12108980827447022 -0.059209679495430566 -0.0636717368234878 -0.16471145870363788 -0.023049860487686518 -0.04366812227074236 0.008944543828264758 -0.056398549751577834 -0.016969064090849757 -0.060298752912155675 0.06217616580310879 -0.07789923357205678 -0.031710079275198186 -0.050349010184231616 -0.03244022588009132 -0.03509196515004841 0.10557328750306898 -0.07358538442019792 0.15182707153885744 -0.13037115870693095 0.18380155409444113 -0.07484096295372333 -0.13964855114628186 -0.039436619718309855 -0.1395403377110694 -0.04424263592967749 0.005980861244019135 -0.10182540668074011 -0.0075930144267274124 -0.1260835303388495 0.009838369641602247 -0.9239525308791474 -1.2836100070142622 -0.28008906597913985 -0.1434548714883443 -0.010932944606413999 -0.04151404151404151 -0.04690778916183187 -0.12847436689314393 -0.27831217134795433 -0.8765380893128716 -0.6086845791417292 -1.103742302226433 -0.4248017986037156 -0.17667407956510994 -0.08125076942016496 -0.03655416108200317 -0.05494505494505495 -0.0012828736369467574 -0.6607929515418502 -3.3153078202995006 -0.2503700049333991 -0.18998077575483435 -0.2040356216886484 -0.13515144201761795 -0.14477401129943504 -0.087980026156224 -0.17561216918130101 -0.1994515083520319 -0.39577500636294227 -0.3719170037844186
-0.024289531212047608 -0.04555555555555556 -0.07404083464213596 -0.038479477611940295 0.04266919521156809 -0.037624926513815396 0.008631319358816279 0.007378258730939497 -0.023261824760920136 -0.06137536615985493 -0.05408189544166882 -0.07310832216400634 -0.02274904214559386 -0.011097410604192354 0.027714789619551518 0.035727485524208444 -0.01727574750830565 0.0645577792123951 -0.045104802334836824 -0.046296296296296294 0.0393151553582752 0.06795291833515349 -0.055041573954795656 0.01770538243626063 0.021133764296369963 -0.046499937162247075 0.010556875164951181 -0.1078954049251079 -0.01333155579256099 -0.13694680697707942 -0.07336851589651179 -0.07900011791062375 -0.1718213058419244 -0.04367341987140604 -0.05579815623483746 0.003833375926399182 -0.07251242110917148 -0.023495627202715048 -0.07537344114019459 0.06957809030347889 -0.09423294383716549 -0.039637599093997736 -0.0503490101842316 -0.03364171572750211 -0.042352371732817036 0.10557328750306898 -0.07992895204262877 0.15697375193000515 -0.1410137022748437 0.21817095038852363 -0.07733566171884744 -0.1710694751541953 -0.0428169014084507 -0.15009380863039398 -0.04307835603679124 -0.005980861244019139 -0.08940767415869863 -0.006327512022272844 -0.11951667980036776 0.025298664792691494 -1.1467667716154033 -1.6974514846855275 -0.33985702566506504 -0.17214584578601314 -0.04980563654033042 -0.0586080586080586 -0.08147142328107641 -0.1544163063619518 -0.3270488649480569 -1.0797732614406192 -0.6978224882210621 -1.4388915206063477 -0.5206484439711276 -0.20385470719051152 -0.12433829865813124 -0.06701596198367248 -0.1047789419882443 -0.04361770365618987 -0.8183153117073821 -4.28036605657238 -0.2725703009373458 -0.21146669682234537 -0.2367264119039567 -0.15325208157354892 -0.16360640301318266 -0.10700273451432649 -0.18921592876576798 -0.2343555223136375 -0.4339526597098498 -0.4202009656792379
-0.03886324993927617 -0.06666666666666667 -0.08189365043751402 -0.04430970149253731 0.030816640986132505 -0.04467960023515579 -0.006165228113440194 0.001229709788489916 -0.03876970793486689 -0.08508857581252616 -0.06695853721349472 -0.08285609845254052 -0.04190613026819923 -0.02096177558569667 0.0201562106324011 0.02463964518910928 -0.021262458471760802 0.04906391220142027 -0.07031042716901034 -0.08838383838383838 0.0279010779961953 0.04975124378109452 -0.05621267127298278 0.007082152974504251 0.006215813028344108 -0.06032424280507729 -0.0052784375824755855 -0.12185833968012187 -0.029329422743634183 -0.17731007640190283 -0.07851718367872312 -0.0966867114727037 -0.17656120393411542 -0.05337862428727406 -0.05943716642406599 -0.016611295681063124 -0.07922653417483551 -0.03654875342644563 -0.07948471974784158 0.041450777202072527 -0.10679733634878755 -0.05889014722536806 -0.07666781096235267 -0.050462573591253154 -0.04719264278799613 0.10066290203780995 -0.06977924384673942 0.14796706124549666 -0.1356924304908873 0.22564255827854152 -0.089809155544468 -0.19899918538345168 -0.059718309859154925 -0.16064727954971855 -0.045406915822563745 -0.022727272727272728 -0.09189122066310693 -0.0240445456846368 -0.12477016023115314 0.030920590302178492 -1.3538387018648586 -2.1077858311900863 -0.40196882690730107 -0.200836820083682 -0.08503401360544219 -0.08180708180708181 -0.12097271941735588 -0.1852995676343422 -0.38732845966397333 -1.2843909857597122 -0.7895071947026614 -1.7764092846991946 -0.6330611761921666 -0.24215468248084998 -0.1698879724239813 -0.09869623492140857 -0.15716841298236647 -0.08980115458627326 -0.998531571218796 -5.2398779811425396 -0.28737049827331035 -0.23295261788985638 -0.2592717844662383 -0.17255943043320865 -0.17890772128060262 -0.12008084651052195 -0.2077665100173139 -0.26676639242084266 -0.4886739628404174 -0.4593501239723346
-0.055865921787709494 -0.07111111111111111 -0.11779223693067084 -0.0396455223880597 0.011852554225435583 -0.05055849500293945 -0.023427866831072747 -0.007378258730939499 -0.06590850348927371 -0.11577625889245362 -0.07468452227659027 -0.08529304252467405 -0.041906130268199226 -0.02096177558569667 0.017636684303350962 0.02587162744856474 -0.03056478405315615 0.05035506778566817 -0.08357654550278587 -0.12485970819304153 0.008877615726062136 0.04368401892974154 -0.08431900690947418 0.009442870632672328 -0.004972650422675284 -0.05781073268819907 -0.002639218791237792 -0.11678090886011679 -0.03732835621917078 -0.20325789246071788 -0.08109151756982881 -0.0931493927602877 -0.18367105107240195 -0.05095232318330706 -0.05701115963124696 -0.017889087656529516 -0.08325500201423393 -0.0313275029369534 -0.08770727696313553 0.023686158401184293 -0.11182309335343636 -0.06681766704416761 -0.08582217645039478 -0.06608194160759343 -0.04840271055179089 0.10311809477043947 -0.0570921086018777 0.1492537313432836 -0.1210589330850073 0.22265391512253435 -0.10727204690033679 -0.20132666123588966 -0.09690140845070422 -0.1524390243902439 -0.0535568750727675 -0.011961722488038274 -0.08816590090649448 -0.012655024044545682 -0.13396375098502758 0.043569922698524235 -1.5209493824170504 -2.5099368716389994 -0.47814367748740183 -0.2115959354453078 -0.10932944606413994 -0.09645909645909646 -0.15306752252808295 -0.2038295243977764 -0.4476080543798897 -1.5000691276095672 -0.8697313128740609 -2.090241591662719 -0.7383741569045084 -0.25450951321966886 -0.21543764618983136 -0.10722553917387598 -0.21083567595195501 -0.11417575368826172 -1.2081164063542917 -6.167498613422074 -0.2972372964972867 -0.2386068076444645 -0.28858076879720435 -0.1737661397369374 -0.1930320150659134 -0.12126976578290335 -0.21023992085085333 -0.28172525554724503 -0.5344871468567065 -0.47892470311888297
-0.06558173427252854 -0.07666666666666667 -0.1346196993493381 -0.0408115671641791 -0.0059262771127177845 -0.05291005291005292 -0.050554870530209614 -0.011067388096409246 -0.07753941586973377 -0.1269354163760636 -0.09657481328869431 -0.08894845863287437 -0.062260536398467424 -0.007398273736128236 -0.002519526329050131 0.033263521005297524 -0.05448504983388704 0.05293737895416397 -0.11276200583709209 -0.14870931537598203 -0.019023462270133167 0.02912267928649437 -0.10891205059140414 0.005901794145420211 -0.034808552958727 -0.06283775292195551 -0.044866719451042494 -0.12566641279512566 -0.06532462338354886 -0.22632261784633126 -0.10297335564422708 -0.10140313642259169 -0.18485602559544972 -0.054591774839257555 -0.06550218340611354 -0.0217224635829287 -0.12219685779508527 -0.030022190314580345 -0.1123749486090174 0.0162842339008142 -0.12313104661389622 -0.06002265005662514 -0.08925506350841059 -0.05286555328607475 -0.04840271055179089 0.11293886570095753 -0.058360822126363864 0.16212043232115286 -0.12105893308500733 0.24656306037059178 -0.1297243357864538 -0.20598161294076575 -0.12507042253521125 -0.14423076923076922 -0.07567819303760624 0.0035885167464114838 -0.11796845895939403 -0.0025310048089091375 -0.1589177830312582 0.06605762473647224 -1.6250908210220394 -2.9424830488660274 -0.567209656627212 -0.23789599521817095 -0.15184645286686102 -0.11477411477411478 -0.20738180471546724 -0.22606547251389747 -0.5155829165063486 -1.7157472694594222 -0.9244874570227937 -2.44789199431549 -0.8602532244704768 -0.2705707931801334 -0.25729410316385576 -0.11088095528207627 -0.27600306670074115 -0.15137908915971776 -1.4777733279935923 -7.104825291181365 -0.3256043413912186 -0.26009272871197553 -0.33254424529365345 -0.18703994207795344 -0.23069679849340866 -0.1284032814171918 -0.2559980212713332 -0.30665669409124907 -0.6095698651056248 -0.4710948714602636
-0.09108574204517852 -0.0788888888888889 -0.1536908234238277 -0.030317164179104482 -0.030816640986132505 -0.05761316872427983 -0.07644882860665844 -0.013526807673389079 -0.09046265184802274 -0.1436741526014786 -0.11846510430079835 -0.10722553917387596 -0.0886015325670498 -0.012330456226880396 -0.0327538422776518 0.01601576937292103 -0.07574750830564783 0.03615235635894125 -0.14062085433802068 -0.1669472502805836 -0.038046924540266334 0.03276301419730616 -0.11008314790959128 0.017705382436260624 -0.04475385380407758 -0.06535126303883373 -0.05938242280285035 -0.14343742066514345 -0.06932409012131716 -0.2479457978953438 -0.12356802677307246 -0.10140313642259166 -0.20500059248726155 -0.04124711876743904 -0.08369723435225619 -0.01916687963199591 -0.14502484221834294 -0.028716877692207276 -0.12470878443195835 0.005921539600296055 -0.14449051388365372 -0.07021517553793885 -0.12015104703055271 -0.05406704313348552 -0.0701839303000968 0.10557328750306898 -0.07358538442019791 0.1685537828100875 -0.13968338432885458 0.24955170352659892 -0.14718722714232257 -0.21296404049807985 -0.1532394366197183 -0.13484990619136958 -0.09430667132378624 0.009569377990430625 -0.13162796473363964 2.7755575615628915e-18 -0.16548463356973997 0.07730147575544624 -1.668684911600872 -3.3855506195931726 -0.6832298136645962 -0.2534369396294082 -0.1943634596695821 -0.12454212454212457 -0.2542895938772991 -0.24088943792464484 -0.6002308580223162 -1.9203649937785152 -0.9741500063669936 -2.8694931312174328 -1.0602295586321147 -0.29775142080553496 -0.31761664409700846 -0.13525039600341174 -0.34372604140046004 -0.21680564464400254 -1.8221866239487383 -8.032445923460898 -0.3515046867291564 -0.27818613592672176 -0.37425318453387446 -0.2051405816338844 -0.2671845574387947 -0.1509927475924385 -0.2832055404402672 -0.33283470456245323 -0.6757444642402648 -0.4410805167688895
-0.10323050765120234 -0.08555555555555554 -0.17724927080996186 -0.03498134328358209 -0.04503970605665521 -0.05173427395649618 -0.08754623921085081 -0.006148548942449581 -0.10338588782631168 -0.14646394197238108 -0.14293072366726758 -0.10722553917387596 -0.11733716475095786 -0.008631319358816277 -0.059208868732678256 0.03695946778366392 -0.10232558139534884 0.05422853453841188 -0.16317325550543912 -0.17676767676767677 -0.05453392517438175 0.021842009464870776 -0.12296521840964984 0.017705382436260624 -0.06464445549477872 -0.05027020233756441 -0.0818157825283716 -0.13074384361513075 -0.08398880149313423 -0.2796597953005622 -0.13901403011970653 -0.11555241127225564 -0.22040526128688237 -0.04852602207934005 -0.0994662785055798 -0.017889087656529516 -0.15308177789713978 -0.030022190314580345 -0.1329313416472523 -0.04145077720207256 -0.164593541902249 -0.07021517553793885 -0.14189266506465273 -0.0564700228283071 -0.0834946757018393 0.11293886570095753 -0.08119766556711494 0.18399382398353062 -0.15165624584275644 0.21219366407650925 -0.1521766246725708 -0.21529151635051788 -0.18140845070422534 -0.13836772983114445 -0.11526370939573874 0.028708133971291867 -0.1465292437600894 0.030372057706909643 -0.1667980036774363 0.06324666198172875 -1.64083313150884 -3.629880757540332 -0.8625336927223719 -0.2857142857142857 -0.23445092322643343 -0.12698412698412698 -0.29132205900506114 -0.2643607164916616 -0.6579453636013851 -2.1056269874187747 -0.9881573920794601 -3.221222169587873 -1.4010176310495799 -0.38423523597726705 -0.3988674135171735 -0.17545997319361523 -0.4459493994377716 -0.36690186016677356 -2.306768121746095 -8.767332224070993 -0.3650715342871238 -0.2838403256813299 -0.4137075865178672 -0.2244479304935441 -0.29896421845574384 -0.14385923195815006 -0.3128864704427406 -0.3303415607080528 -0.7444642402646985 -0.3288529296620123
-0.10080155452999758 -0.08666666666666664 -0.1828584249495176 -0.04430970149253731 -0.052151238591916546 -0.04938271604938271 -0.09741060419235512 -0.017215937038858826 -0.11372447660894287 -0.16878225693960106 -0.1545197012619109 -0.11697331546241012 -0.13290229885057472 -0.018495684340320593 -0.07936507936507936 0.02463964518910928 -0.12890365448504984 0.03357004519044545 -0.18572565667285754 -0.21043771043771042 -0.05580215599239061 0.0072806698216235895 -0.12296521840964984 0.016525023607176583 -0.07458975634012929 -0.047756692220686195 -0.08973343890208497 -0.13962934755013964 -0.08132249033462204 -0.3373216087645956 -0.14416269790191788 -0.13323900483433557 -0.2298850574712644 -0.05580492539124106 -0.11402231926249393 -0.034500383337592644 -0.15979589096280383 -0.0626550058739068 -0.1329313416472523 -0.12139156180606961 -0.16584998115341126 -0.08154020385050963 -0.14532555212266848 -0.05286555328607474 -0.09317521781219748 0.11784925116621656 -0.08880994671403197 0.1788471435923829 -0.16495942530264732 0.17334130304841597 -0.14095048022951231 -0.21296404049807985 -0.19380281690140844 -0.15947467166979362 -0.13039934800325997 0.01794258373205742 -0.151496336768906 0.016451531257909387 -0.16285789335434725 0.012649332396345758 -1.5596996851537905 -3.805237315875614 -1.0664479081214109 -0.35026897788404066 -0.27089407191448006 -0.16971916971916973 -0.3345266016541168 -0.3261272390364423 -0.715659869180454 -2.290888981059035 -0.9728766076658601 -3.4580767408810993 -1.8116199266359012 -0.49419322955275513 -0.46042102671426816 -0.21445107834775193 -0.5315614617940201 -0.5426555484284797 -2.824723000934455 -9.305324459234608 -0.3638381845091268 -0.30080289494515433 -0.43850749633637703 -0.2630626282128635 -0.3142655367231638 -0.16763761740577818 -0.33143705169428644 -0.36898529045125905 -0.800458131840163 -0.2518595850189221
-0.09715812484819043 -0.08888888888888888 -0.1862239174332511 -0.039645522388059705 -0.06163328197226502 -0.04467960023515579 -0.11097410604192355 -0.023364485981308414 -0.12535538898940293 -0.18133630910866227 -0.15838269379345868 -0.14256122821981235 -0.1424808429118774 -0.011097410604192356 -0.08062484252960443 0.017247751632376497 -0.1395348837209302 0.019367333763718526 -0.1976651631732555 -0.23709315375982043 -0.057070386810399484 -0.03883023904865914 -0.12413631572783698 0.017705382436260624 -0.07956240676280457 -0.0490134472791253 -0.08973343890208497 -0.14597613607514598 -0.07332355685908545 -0.41372351160443993 -0.14931136568412925 -0.16507487324607947 -0.23699490460955092 -0.05580492539124106 -0.13221737020863658 -0.03705596728852543 -0.18799516583859271 -0.07309750685289126 -0.14526517747019324 -0.22649888971132498 -0.16584998115341124 -0.10645526613816533 -0.15333562192470535 -0.05526853298089631 -0.09922555663117134 0.11784925116621656 -0.096422227860949 0.18270715388574368 -0.17427165092457098 0.11655708308427973 -0.13097168516901583 -0.20714535086698477 -0.2028169014084507 -0.15361163227016889 -0.13272790778903248 0.015550239234449764 -0.14777101701229356 0.008858516831181981 -0.14972419227738376 -0.053408292340126486 -1.4749333979171713 -3.795884966097732 -1.297316301418024 -0.3933054393305439 -0.30855199222546165 -0.19047619047619047 -0.38143439081594865 -0.3619518221124151 -0.778504553033218 -2.401493156366653 -0.948682032344327 -3.575319753671246 -2.3074192403265883 -0.6140350877192983 -0.5244367844392466 -0.2826855123674912 -0.615895732174802 -0.7389352148813341 -3.4174342544386596 -9.382972823072658 -0.35643808584114456 -0.2940178672396246 -0.467816480667343 -0.26909617473150715 -0.33074387947269307 -0.16407085958863393 -0.3524610437793717 -0.38269758165046125 -0.8615423771952152 -0.15790160511549
-0.08258440612096186 -0.08555555555555554 -0.1951985640565403 -0.034981343283582086 -0.06637430366243925 -0.04467960023515579 -0.11344019728729964 -0.02951303492375799 -0.13569397777203412 -0.17715162505230858 -0.13649240278135463 -0.1401242841476788 -0.1388888888888889 -0.016029593094944512 -0.07054673721340389 0.01847973389183196 -0.12358803986710962 0.028405422853453842 -0.17378615017245955 -0.24270482603815932 -0.045656309448319596 -0.04368401892974153 -0.12530741304602414 0.023607176581680833 -0.07210343112879167 -0.040216161870051524 -0.07653734494589601 -0.14089870525514087 -0.05999200106652447 -0.4468790543462592 -0.15188569957523493 -0.16743308572102347 -0.2429197772247897 -0.050952323183307044 -0.15162542455118871 -0.02938921543572707 -0.21888008594064723 -0.06657094374102598 -0.16856242291352613 -0.27239082161361955 -0.15328558864178915 -0.10192525481313704 -0.1418926650646527 -0.05526853298089631 -0.09801548886737656 0.13380800392830838 -0.09769094138543517 0.2020072053525476 -0.17560196887056007 0.07621040047818288 -0.10851939628289883 -0.17921564063772838 -0.21183098591549293 -0.1454033771106942 -0.12923506811037375 0.022727272727272728 -0.13783683099466038 0.012655024044545684 -0.14053060152350932 -0.11243851018973998 -1.2605957859045775 -3.6111760579845695 -1.5164654869330831 -0.4411237298266587 -0.3194849368318756 -0.2112332112332112 -0.4073571164053821 -0.387893761581223 -0.8387841477491342 -2.4277616480022126 -0.8773717050808607 -3.459261013737565 -2.8446337711513427 -0.7548801581418335 -0.5638310968853872 -0.3314243938101621 -0.6657296192179912 -0.9223861449647209 -4.059538112401549 -9.18746533555186 -0.3293043907252097 -0.2815786497794866 -0.4768346296922557 -0.2896102328948956 -0.3319209039548022 -0.17358221376768518 -0.3450408112787534 -0.40264273248566446 -0.8869941460931535 -0.09656792378963852
-0.05829487490891426 -0.08555555555555555 -0.1693964550145838 -0.03264925373134328 -0.04978072774682944 -0.04115226337448559 -0.09741060419235512 -0.031972454500737824 -0.12406306539157404 -0.16599246756869857 -0.12490342518671131 -0.13890581211161201 -0.11973180076628351 -0.007398273736128237 -0.05165028974552786 0.027103609708020206 -0.10897009966777409 0.03486120077469335 -0.15256036083841867 -0.23569023569023564 -0.03170577045022194 -0.05703191360271812 -0.09602998009134558 0.021246458923512748 -0.05345599204375932 -0.03895940681161242 -0.05938242280285035 -0.14724549378014723 -0.04799360085321957 -0.4771515064148767 -0.15317286652078776 -0.17097040443343944 -0.2298850574712644 -0.044886570423389546 -0.15526443474041726 -0.025555839509327882 -0.22156573116691286 -0.07048688160814516 -0.15759901329313417 -0.30347890451517395 -0.13569543912551826 -0.10532276330690826 -0.1293054125185948 -0.06488045176018262 -0.08470474346563407 0.13135281119567885 -0.07992895204262877 0.18656716417910446 -0.1529865637887455 0.008965929468021503 -0.08107770986653363 -0.16408704759688114 -0.19267605633802815 -0.15830206378986866 -0.11875654907439748 0.02392344497607656 -0.11300136595057741 0.010124019235636546 -0.11294982926188601 -0.1728742094167252 -1.032937757326229 -3.311900865092354 -1.7379585140044533 -0.48057381948595335 -0.3279883381924199 -0.2185592185592186 -0.40982594741389955 -0.40889437924644845 -0.8746953956649994 -2.3876676344532006 -0.7933273908060613 -3.315963998105164 -3.435096438291326 -0.9068445762293056 -0.5933768312199925 -0.3826002193249665 -0.7117301303347815 -1.105837075048108 -4.771058603657723 -8.835274542429286 -0.3120374938332511 -0.27931697387764337 -0.468943749295457 -0.3137444189694702 -0.3330979284369115 -0.1807157294019736 -0.33638387336136527 -0.4288207429568686 -0.9175362687706794 -0.01957457914654834
-0.052222492105902366 -0.07777777777777778 -0.1716401166704061 -0.02798507462686567 -0.04385445063411165 -0.03292181069958848 -0.08754623921085082 -0.02582390555828824 -0.11501680020677178 -0.14506904728692985 -0.12361576100952872 -0.12915803582307783 -0.11494252873563215 -0.001233045622688038 -0.045351473922902494 0.04065541456203031 -0.09966777408637875 0.04906391220142028 -0.14990713717166357 -0.22166105499438832 -0.017755231452124293 -0.06309913845407111 -0.08431900690947418 0.020066100094428704 -0.049726504226752864 -0.03393238657785598 -0.05410398522037476 -0.15105356689515104 -0.05465937874950007 -0.49156695978088505 -0.1505985326296821 -0.16743308572102347 -0.23225500651735992 -0.03882081766347204 -0.1613294517224648 -0.028111423460260677 -0.22156573116691286 -0.08223469520950269 -0.15074688228038918 -0.34492968171724653 -0.11182309335343636 -0.10532276330690826 -0.12701682114658425 -0.06728343145500419 -0.06776379477250725 0.12644242573041983 -0.055823395077391536 0.16469377251672673 -0.13303179459890913 -0.06276150627615062 -0.06735686665835101 -0.1419760269987199 -0.19042253521126762 -0.16416510318949343 -0.11759226918151125 0.029904306220095694 -0.11175959269837328 0.012655024044545687 -0.11426319936958236 -0.2234715390021082 -0.8016468878663113 -2.943652092588263 -1.9735145904136882 -0.5343693962940825 -0.33041788143828965 -0.23321123321123322 -0.41723244043945196 -0.4373069796170476 -0.9131717327177119 -2.326835338034011 -0.7054628804278619 -3.0435812411179537 -4.062241154892912 -1.0872251050160613 -0.6155361319709467 -0.4301206287315706 -0.7462305136723741 -1.2892880051314943 -5.535976505139501 -8.347199112590129 -0.29847064627528364 -0.27366278412303513 -0.47007101792357125 -0.3439121515626885 -0.3483992467043314 -0.19141600285340626 -0.34751422211229277 -0.4338070306656694 -0.973530160346144 0.06524859715516118
-0.04372115618168569 -0.07111111111111111 -0.16603096253085034 -0.04081156716417911 -0.0343724072537632 -0.036449147560258674 -0.07028360049321826 -0.02828332513526808 -0.09950891703282502 -0.13112010043241734 -0.11846510430079835 -0.11819178749847689 -0.11254789272030652 0.00246609124537608 -0.04913076341647771 0.04311937908094124 -0.10498338870431896 0.05164622336991609 -0.15521358450517378 -0.20342312008978677 -0.015218769816106537 -0.04489746390001214 -0.08549010422766132 0.031869688385269115 -0.036051715564395834 -0.022621591051903985 -0.05014515703351807 -0.14216806296014217 -0.04666044527396347 -0.47859305175147754 -0.14673703179302355 -0.15564202334630353 -0.23580993008650317 -0.033968215455538034 -0.16011644832605532 -0.014055711730130335 -0.2094803276487176 -0.07179219423051822 -0.14252432506509524 -0.34641006661732054 -0.09925870084181429 -0.09060022650056625 -0.11786245565854217 -0.06728343145500419 -0.058083252662149074 0.13749079302725264 -0.04186754630804365 0.18013381369016984 -0.12238925103099643 -0.07471607890017931 -0.05114132468504429 -0.11171884091702551 -0.196056338028169 -0.17354596622889304 -0.12690650832460126 0.03588516746411484 -0.11672668570718987 0.024044545684636803 -0.10638297872340426 -0.2515811665495432 -0.5873092758537175 -2.549684358194997 -2.210242587601078 -0.6049013747758517 -0.34499514091350825 -0.24786324786324787 -0.41723244043945196 -0.4706609017912292 -0.9426702577914584 -2.253560071892714 -0.6112313765439958 -2.745144481288489 -4.67281978464087 -1.329379787496911 -0.6413886495137264 -0.492262702570976 -0.7794531050345005 -1.4971135343168696 -6.368976104658924 -7.752357182473655 -0.2972372964972866 -0.2623544046138188 -0.48247097283282614 -0.382526849282008 -0.3731167608286252 -0.20924979193912732 -0.3685382141973782 -0.44876589379207177 -1.0269788750318147 0.12266736265170297
-0.03764877337867379 -0.07555555555555556 -0.15369082342382767 -0.058302238805970144 -0.02607561929595828 -0.04585537918871252 -0.05795314426633785 -0.039350713231677326 -0.08787800465236495 -0.11717115357790486 -0.1094514550605202 -0.12062873157061045 -0.12452107279693488 -0.01972872996300863 -0.05416981607457798 0.02833559196747567 -0.11162790697674418 0.03486120077469335 -0.17113292650570444 -0.19500561167227837 -0.007609384908053266 -0.048537798810823915 -0.07963461763672561 0.03186968838526912 -0.023620089507707616 -0.025135101168782197 -0.05806281340723145 -0.14851485148514854 -0.04666044527396347 -0.46273605304886833 -0.14802419873857636 -0.17568682938332744 -0.23936485365564644 -0.06551012980710906 -0.16496846191169334 -0.03961155123945822 -0.2014233919699208 -0.09528782143323325 -0.1411538988625462 -0.36565507031828276 -0.09046362608367886 -0.08607021517553795 -0.1167181599725369 -0.06367896191277184 -0.06655372700871248 0.13749079302725264 -0.04694240040598834 0.17498713329902213 -0.13303179459890915 -0.09115361625821876 -0.02744168641636522 -0.10240893750727335 -0.18140845070422534 -0.1946529080675422 -0.1234136686459425 0.0299043062200957 -0.11424313920278158 0.016451531257909387 -0.09193590753874442 -0.2726633872101195 -0.4080891256962945 -2.162730886135142 -2.4188444861127385 -0.7065152420800955 -0.3692905733722061 -0.27594627594627597 -0.42093568695222805 -0.5151327980234713 -0.9811465948441709 -2.149868657541822 -0.5297338596714631 -2.44197063003316 -5.260915867944622 -1.6221892760069188 -0.6844761787516928 -0.5678079688071158 -0.8254536161512906 -1.7280307889672866 -7.260712855426512 -7.09234608985025 -0.28243709916132215 -0.2702702702702703 -0.481343704204712 -0.4307952214311572 -0.3919491525423729 -0.2389727737486625 -0.392035617116003 -0.4836699077536773 -1.0880631203868671 0.16051154900169645
-0.02064610153024047 -0.06999999999999999 -0.13798519183307156 -0.05130597014925372 -0.010667298802892022 -0.0446796002351558 -0.03205918618988903 -0.02828332513526808 -0.08529335745670716 -0.08787836518342865 -0.0965748132886943 -0.11941025953454368 -0.11853448275862069 -0.04562268803945746 -0.04409171075837743 0.004927929037821857 -0.09833887043189368 0.025823111684958044 -0.1644998673388167 -0.1921997755331089 0.008877615726062146 -0.04247057395947095 -0.07846352031853847 0.040132200188857416 -0.009945300845350575 -0.021364835993464875 -0.03167062549485353 -0.14343742066514348 -0.03999466737768298 -0.456969871702465 -0.13257819539194232 -0.17804504185827144 -0.2429197772247897 -0.05823122649520805 -0.1613294517224648 -0.02938921543572707 -0.17322411709413188 -0.0939825088108602 -0.1288200630396053 -0.3715766099185788 -0.0804121120743812 -0.08946772366930916 -0.11786245565854217 -0.08170130962393368 -0.06897386253630203 0.12030444389884606 -0.04567368688150217 0.16598044261451367 -0.13303179459890915 -0.12552301255230122 -0.0012473493825620574 -0.08378913068776912 -0.17690140845070423 -0.2227954971857411 -0.12108510886016999 0.015550239234449759 -0.09437476716751522 0.01518602885345482 -0.07354872603099553 -0.303583977512298 -0.28820537660450474 -1.7407061024082302 -2.6110394937302237 -0.793783622235505 -0.3741496598639456 -0.2979242979242979 -0.40365386989260577 -0.5509573810994441 -1.0055149416442222 -2.029586616894788 -0.45969693110913035 -2.085504500236855 -5.820612945213584 -1.9483568075117372 -0.7201772744060075 -0.651882539295723 -0.8599539994888833 -1.9640795381654907 -8.087037778667735 -6.3740987243483085 -0.26147015293537246 -0.25556937690828907 -0.48247097283282614 -0.4706166284542054 -0.397834274952919 -0.2627511591962906 -0.38585209003215437 -0.5110944901520817 -1.1300585390684652 0.17356126843272868
-0.0012144765606023813 -0.05888888888888888 -0.12227956024231543 -0.06646455223880596 0.009482043380348465 -0.04585537918871252 -0.012330456226880398 -0.031972454500737824 -0.08400103385887826 -0.07811410238526992 -0.07725985063095545 -0.10600706713780919 -0.11254789272030652 -0.050554870530209614 -0.026455026455026454 0.014783787113465568 -0.07308970099667775 0.024531956100710142 -0.1552135845051738 -0.19360269360269364 0.02536461636017755 -0.03761679407838854 -0.07963461763672561 0.02714825306893296 -0.0037294878170064626 -0.02262159105190398 -0.025072578516759043 -0.1294744859101295 -0.04666044527396347 -0.4497621450194608 -0.10940919037199123 -0.17922414809574344 -0.24528972627088522 -0.08128108698289457 -0.1479864143619602 -0.04216713519039101 -0.14636766483147579 -0.1031196971674716 -0.11922707962176235 -0.3937823834196891 -0.06030908405578591 -0.07814269535673837 -0.11099668154251056 -0.08891024870839842 -0.05929332042594385 0.13749079302725264 -0.03552397868561279 0.1685537828100875 -0.13968338432885458 -0.1404662283323371 0.03243108394661345 -0.06284184801582685 -0.1543661971830986 -0.24038461538461536 -0.107113750145535 0.008373205741626793 -0.0807152613932696 0.012655024044545684 -0.07617546624638824 -0.3302881236823612 -0.20707193024945508 -1.2941314005143791 -2.7434665416617836 -0.9025702331141663 -0.369290573372206 -0.33333333333333337 -0.39624737686705336 -0.6003705991352688 -1.0196229318968832 -1.895479054334301 -0.39093340124793075 -1.6603505447655142 -6.263164122589043 -2.332592043489004 -0.7349501415733103 -0.721335445351529 -0.8893432149246104 -2.1949967928159078 -8.905353090375119 -5.6100942872989465 -0.24173655648741982 -0.23747596969354295 -0.4689437492954571 -0.5068179075660673 -0.3990112994350282 -0.26631791701343477 -0.38090526836507543 -0.5347793567688857 -1.165691015525579 0.1644264648310061
0.013359242166626187 -0.05111111111111112 -0.11218308279111508 -0.07346082089552239 0.016593575915609816 -0.05408583186360964 0.0012330456226880369 -0.03812100344318741 -0.08012406306539158 -0.08090389175617241 -0.057944887973216584 -0.1011331789935421 -0.09339080459770115 -0.06781750924784218 -0.008818342151675488 -0.018479733891831957 -0.05448504983388704 -0.012911555842479017 -0.14460068983815336 -0.1964085297418631 0.04946100190234622 -0.030336124256764952 -0.07846352031853847 0.031869688385269115 0.012431626056688216 -0.03895940681161242 -0.00395882818685669 -0.14470677837014473 -0.04132782295693908 -0.43102205564365 -0.08624018535204014 -0.1603584482961915 -0.24647470079393297 -0.07642848477496057 -0.14192139737991266 -0.03705596728852543 -0.1396535517658118 -0.10181438454509854 -0.1288200630396053 -0.36565507031828276 -0.03392385978137957 -0.06795016987542467 -0.09612083762444215 -0.07809684008170131 -0.04356243949661181 0.13749079302725264 -0.02156812991626491 0.15697375193000515 -0.13835306638286549 -0.11506276150627612 0.05737807159785456 -0.052368206679855686 -0.13070422535211268 -0.2544559099437148 -0.08964955175224124 -0.008373205741626793 -0.058363342853594936 -0.007593014426727414 -0.06172839506172839 -0.3120168657765285 -0.16105594574957618 -0.9901800327332243 -2.69073010664479 -1.0053795576808127 -0.3644314868804665 -0.3516483516483516 -0.3851376373287248 -0.6399011735639284 -1.0260356547390022 -1.725425134798839 -0.3463644467082644 -1.2766461392704878 -6.319962134658621 -2.8749691129231527 -0.7694201649636834 -0.7773851590106007 -0.9174546383848711 -2.449005772931366 -9.580830329729007 -4.751802551303383 -0.21336951159348794 -0.23521429379169967 -0.4463983767331755 -0.5430191866779293 -0.40018832391713743 -0.30436333372963975 -0.37966856294830575 -0.6008476689104961 -1.2013234919826927 0.07177345687067724
0.025504007772649988 -0.04888888888888889 -0.08974646623289208 -0.0804570895522388 0.03318715183121963 -0.059964726631393295 0.017262638717632554 -0.04303984259714707 -0.06978547428276041 -0.0836936811270749 -0.04764357455575586 -0.08285609845254052 -0.0742337164750958 -0.07028360049321826 0.008818342151675485 -0.013551804854010103 -0.027906976744186046 -0.009038089089735309 -0.12337490050411248 -0.1739618406285073 0.05833861762840836 -0.0036403349108117935 -0.0819768122730999 0.03659112370160529 0.02237692690203879 -0.03770265175317331 0.01319609395618897 -0.1408987052551409 -0.03866151179842687 -0.3993080582384315 -0.0682198481143004 -0.14267185473411154 -0.25121459888612396 -0.08249423753487808 -0.1346433770014556 -0.025555839509327882 -0.12891097086074932 -0.08354000783187573 -0.13430176784980127 -0.3168023686158401 -0.023872345772081926 -0.057757644394110984 -0.09726513331044742 -0.08891024870839842 -0.03872216844143272 0.12767002209673461 -0.01395584876934788 0.15568708183221822 -0.1356924304908873 -0.09713090257023312 0.07733566171884745 -0.029093448155475383 -0.10929577464788735 -0.24859287054409002 -0.07451391314471999 0.0011961722488038277 -0.03476965106171614 0.006327512022272842 -0.04859469398476491 -0.26844694307800426 -0.1162509082102204 -0.7411737198971241 -2.5583030587132307 -1.1117752540346681 -0.35349854227405253 -0.35286935286935284 -0.3715590667818787 -0.6609017912291538 -1.0273181993074259 -1.5456933499239596 -0.31452947917993124 -0.9746565608716249 -6.189800023665838 -3.4655300222386956 -0.8223562723131848 -0.8431826489582065 -0.9672885254280603 -2.7543296985246952 -10.102790014684288 -3.9850249584026622 -0.19486926492353232 -0.2024199932149723 -0.4373802277082629 -0.552672861107759 -0.4166666666666667 -0.3091190108191654 -0.392035617116003 -0.6270256793817003 -1.2484092644438787 0.013049719431032216
0.014573718727228563 -0.04666666666666667 -0.09759928202827015 -0.08745335820895524 0.032001896408676074 -0.06584362139917696 0.018495684340320593 -0.04795868175110674 -0.07366244507624709 -0.0864834704979774 -0.04635591037857327 -0.06457901791153894 -0.07543103448275863 -0.07274969173859433 0.007558578987150415 -0.008623875816188242 -0.030564784053156147 -0.0051646223369916 -0.1260281241708676 -0.15151515151515152 0.05960684844641724 0.023055454435141363 -0.08314790959128704 0.041312559017941446 0.026106414719045252 -0.03644589669473419 0.009237265769332276 -0.1370906321401371 -0.06265831222503666 -0.36759406083321317 -0.059209679495430545 -0.13559721730927957 -0.24884464984002846 -0.09098629139876259 -0.12493934983017951 -0.03194479938665985 -0.11413992211628843 -0.08615063307662184 -0.1480060298752912 -0.26794966691339744 -0.023872345772081922 -0.055492638731596836 -0.09612083762444215 -0.09371620809804157 -0.04114230396902226 0.10925607660201324 -0.017761989342806393 0.13767370046320127 -0.14500465611281094 -0.08965929468021518 0.08481975801421979 -0.015128593040847205 -0.09352112676056337 -0.2591463414634146 -0.07451391314471999 0.0023923444976076554 -0.03601142431392028 0.010124019235636546 -0.060415024954032046 -0.23049894588896697 -0.10171954468394284 -0.5740004676174888 -2.3860307043243876 -1.2086072922893007 -0.3668610301263363 -0.3589743589743589 -0.3777311443031724 -0.695491043854231 -1.0247531101705785 -1.3963777132586757 -0.3056156882719979 -0.7271435338702037 -5.921192758253461 -4.061032863849766 -0.899913824941524 -0.8687705617156085 -1.0414004600051112 -3.0416933932007697 -10.41649979975971 -3.2945091514143092 -0.1911692155895412 -0.19676580346036415 -0.4249802727990081 -0.5876674309158922 -0.43196798493408667 -0.3376530733563191 -0.41676972545139745 -0.6743954126153079 -1.2904046831254772 -0.056113793553438596
0.014573718727228563 -0.03555555555555556 -0.08413731209333633 -0.09444962686567164 0.032001896408676074 -0.06701940035273368 0.016029593094944512 -0.05410723069355633 -0.08012406306539158 -0.08927325986887988 -0.06567087303631212 -0.06823443401973925 -0.07902298850574713 -0.08384710234278668 0.002519526329050138 -0.014783787113465563 -0.045182724252491695 -0.033570045190445444 -0.14725391350490846 -0.14590347923681257 0.060875079264426125 0.03761679407838854 -0.08900339618222274 0.046033994334277614 0.02237692690203879 -0.036445896694734206 -0.00395882818685669 -0.14216806296014217 -0.09198773496867084 -0.33588006342799476 -0.05534817865877204 -0.1273434736469756 -0.24410475174783747 -0.0970520441586801 -0.11523532265890346 -0.028111423460260666 -0.1087686316637572 -0.09789844667797938 -0.15896943949568315 -0.23982235381199107 -0.03518029903254178 -0.05096262740656852 -0.10641949879848953 -0.08170130962393368 -0.03630203291384317 0.10680088386938373 -0.012687135244861711 0.11451363870303657 -0.15431688173473462 -0.07919904363419007 0.08107770986653362 -0.0023274758524380345 -0.08112676056338028 -0.26618198874296434 -0.07800675282337874 0.005980861244019139 -0.04222029057494102 0.02277904328018223 -0.07880220646178093 -0.1897399859451862 -0.08961007507871156 -0.41267243394902964 -2.1739130434782608 -1.3054393305439331 -0.3850826044703596 -0.37362637362637363 -0.39377854585853594 -0.7547869054972206 -1.0221880210337309 -1.2581224941241533 -0.30052209346746467 -0.556608242539081 -5.517690214175838 -4.628119594761552 -0.9860888834174567 -0.8980138905812112 -1.130845898287759 -3.391917896087235 -10.5326391670004 -2.5929007210205213 -0.20966946225949679 -0.18093407214746127 -0.4351256904520347 -0.6093881983830095 -0.46845574387947264 -0.35073118535251463 -0.4612911204551076 -0.7043131388681128 -1.3324001018070757 -0.10309278350515463
0.00485790624240952 -0.030000000000000006 -0.08525914292124748 -0.11194029850746268 0.02489036387341472 -0.08583186360964139 0.013563501849568435 -0.0750122970978849 -0.09433962264150944 -0.10740689077974612 -0.06567087303631212 -0.0621420738394054 -0.07423371647509579 -0.1060419235511714 0.00125976316452507 -0.03572748552420845 -0.05049833887043189 -0.05164622336991607 -0.15919342000530645 -0.15151515151515155 0.0507292327203551 0.05703191360271812 -0.10891205059140416 0.03659112370160528 0.007458975634012928 -0.040216161870051524 -0.014515703351807862 -0.14216806296014214 -0.11598453539528061 -0.29407524866657053 -0.050199510876560695 -0.12498526117203161 -0.2429197772247897 -0.1164624529904161 -0.10674429888403687 -0.048556095067722974 -0.1007116959849604 -0.11617282339120219 -0.18363711114156503 -0.232420429311621 -0.04020605603719061 -0.04190260475651188 -0.1132852729145211 -0.08770875886098763 -0.047192642787996134 0.09575251657255095 -0.015224562293834055 0.1119402985074627 -0.17294133297858189 -0.061267184698147036 0.07733566171884745 0.009309903409752122 -0.09126760563380282 -0.2638367729831145 -0.08266387239492375 0.0023923444976076554 -0.038494970818328575 0.018982536066818524 -0.07486209613869188 -0.16022487702037946 -0.08234439331557278 -0.3027823240589198 -1.9500761748505802 -1.4130304841601915 -0.40451895043731784 -0.39316239316239315 -0.40982594741389955 -0.8054354539839407 -1.0144927536231882 -1.1309276925203926 -0.301795492168598 -0.3896257697773567 -4.997041770204708 -5.265628860884606 -1.096885387172227 -0.9479712440599488 -1.244569384104268 -3.829377806286081 -10.469897209985316 -1.9800332778702163 -0.217069560927479 -0.16623317878548005 -0.4430165708488333 -0.629902256546398 -0.4990583804143126 -0.3733206515277613 -0.49962898837496905 -0.7479431563201195 -1.3502163400356324 -0.15398668928618034
0.007286859363614282 -0.02222222222222223 -0.07628449629795828 -0.11543843283582089 0.03318715183121963 -0.08818342151675485 0.024660912453760793 -0.08730939498278407 -0.09821659343499614 -0.10322220672339237 -0.05536955961885139 -0.04264652126233703 -0.06465517241379312 -0.10850801479654745 0.006298815822625347 -0.02217568067019835 -0.045182724252491695 -0.04389928986442866 -0.1499071371716636 -0.127665544332211 0.051997463538363986 0.07887392306758888 -0.10656985595502985 0.04367327667610953 0.011188463451019395 -0.031418876460977754 -0.01583531274742676 -0.1370906321401371 -0.12531662445007336 -0.25515352457834795 -0.03861500836658514 -0.1238061549345596 -0.23580993008650317 -0.11767560354239961 -0.09704027171276078 -0.051111679018655765 -0.08996911507989794 -0.12922594961493278 -0.20556393038234894 -0.20725388601036268 -0.047744691544163845 -0.02265005662514156 -0.12243963840256322 -0.08530577916616607 -0.06534365924491772 0.10802848023569851 -0.02918041106318194 0.13381369016984046 -0.19289610216841824 -0.028392109982068137 0.07484096295372333 0.033748399860351455 -0.07774647887323943 -0.25797373358348963 -0.08149959250203749 0.013157894736842105 -0.022351918539674658 0.0240445456846368 -0.05516154452324666 -0.13211524947294448 -0.07992249939452653 -0.23497778816927756 -1.6945974452127035 -1.5026897788404068 -0.43124392614188534 -0.3907203907203907 -0.42340451796074563 -0.8449660284126004 -0.9991022188021033 -1.016175860638739 -0.3107092830765313 -0.2913311226906679 -4.390013016211099 -5.896960711638251 -1.2199926135664163 -0.9723406847812843 -1.371070789675441 -4.306606799230276 -10.252302763315978 -1.464226289517471 -0.21583621114948198 -0.14361641976704737 -0.43287115319580655 -0.6371425123687703 -0.5237758945386064 -0.3816430864344312 -0.5330200346277516 -0.7940663176265271 -1.35530669381522 -0.1905259036930706
0.013359242166626184 -0.013333333333333332 -0.06282252636302446 -0.10960820895522387 0.03318715183121963 -0.08112874779541446 0.02096177558569667 -0.08116084604033448 -0.10467821142414062 -0.09624773329613615 -0.04893123873293845 -0.03168027293773608 -0.04909003831417626 -0.11344019728729964 0.007558578987150416 -0.01108784033509917 -0.04119601328903655 -0.03486120077469333 -0.14460068983815338 -0.10521885521885521 0.060875079264426125 0.07523358815677708 -0.09837217472771989 0.042492917847025496 0.006215813028344107 -0.041472916928490644 -0.014515703351807862 -0.14089870525514087 -0.13331555792560992 -0.23497188986593626 -0.023169005019951092 -0.12026883622214364 -0.22040526128688237 -0.12252820575033363 -0.08976225133430374 -0.05238947099412215 -0.08996911507989794 -0.1279206369925597 -0.21789776620528983 -0.18208734270910437 -0.0402060560371906 -0.015855039637599093 -0.10298661174047374 -0.08290279947134446 -0.05808325266214909 0.11416646206727228 -0.024105556965237245 0.1376737004632012 -0.19422642011440736 -0.010460251046025104 0.0760883123362854 0.041894565343884554 -0.056338028169014086 -0.25093808630393993 -0.07451391314471999 0.015550239234449762 -2.7755575615628915e-18 0.03037205770690964 -0.04728132387706857 -0.11103302881236825 -0.0702349237103415 -0.198737432779986 -1.4320871909058948 -1.5696353855349672 -0.4482507288629738 -0.39438339438339437 -0.4369830885075917 -0.8832612723903643 -0.9772989611388996 -0.9124844462878474 -0.32471666878899785 -0.22974893415442912 -3.7853508460537215 -6.523350630096369 -1.340637695432722 -0.9967101255026197 -1.497572195246614 -4.836433611289288 -9.945267654518755 -1.0690515806988354 -0.20720276270350274 -0.12665385050322286 -0.4170893924022094 -0.6371425123687703 -0.5461393596986818 -0.3875876827963382 -0.5577541429631461 -0.8314634754425331 -1.3514889284805292 -0.20096567923789638
0.017002671848433328 -0.02222222222222222 -0.04711689477226833 -0.1224347014925373 0.033187151831219626 -0.08465608465608465 0.012330456226880396 -0.09468765371372356 -0.10984750581545619 -0.0976426279815874 -0.045068246201390674 -0.020714024613135134 -0.0371168582375479 -0.1060419235511714 0.0062988158226253465 -0.008623875816188245 -0.0345514950166113 -0.049063912201420264 -0.12735473600424513 -0.09399551066217735 0.06975269499048828 0.06673947336488291 -0.09837217472771989 0.009442870632672337 -0.006215813028344107 -0.06912152821415107 -0.017154922143045658 -0.17009393247017007 -0.1439808025596587 -0.2565950699149488 -0.01930750418329257 -0.11555241127225561 -0.20974049057945257 -0.1213150551983501 -0.08127122755943716 -0.049833887043189376 -0.08459782462736672 -0.13966845059391725 -0.22063861861038783 -0.16136195410806814 -0.028898102776730744 -0.026047565118912798 -0.09612083762444214 -0.11294004565661422 -0.052032913843175224 0.10066290203780996 -0.012687135244861711 0.1273803396809058 -0.19555673806039645 -0.0014943215780035847 0.07484096295372333 0.03956708949144653 -0.054084507042253524 -0.2673545966228893 -0.08848527185935498 -0.0071770334928229675 -0.007450639513224888 0.008858516831181978 -0.05122143420015761 -0.12368236120871398 -0.061758294986679584 -0.1683422960018705 -1.1789523028243292 -1.6401673640167367 -0.4628279883381924 -0.4126984126984127 -0.45303049006295526 -0.9437924644842495 -0.949082980633577 -0.8433568367205861 -0.32599006749013115 -0.18829938417811462 -3.154656253697787 -7.165801828514949 -1.466207066354795 -1.0369197026928232 -1.621518016866854 -5.408595253367543 -9.463356027232681 -0.7626178591236825 -0.21336951159348794 -0.11647630894492819 -0.4215984669146658 -0.6504163147097863 -0.5743879472693033 -0.40423255260967783 -0.589908483799159 -0.8863126402393418 -1.3400356324764569 -0.22706511809996086
0.021860578090842846 -0.017777777777777778 -0.03253309400942338 -0.12826492537313433 0.03555766267630674 -0.09641387419165197 0.003699136868064117 -0.1192818494835219 -0.11760144740242957 -0.12135583763425861 -0.03734226113829513 -0.006092360180333859 -0.01795977011494253 -0.09494451294697906 0.02519526329050139 0.009855858075643712 -0.037209302325581395 -0.04906391220142027 -0.12072167683735738 -0.07996632996632999 0.07609384908053266 0.06431258342434171 -0.0960299800913456 -0.011803588290840415 0.0024863252113376437 -0.07791881362322484 -0.017154922143045658 -0.18024879411018027 -0.1599786695107319 -0.25515352457834795 -0.011584502509975541 -0.10258224266006366 -0.2061855670103093 -0.12980710906223464 -0.08127122755943718 -0.05494505494505494 -0.1047401638243588 -0.1527215768176478 -0.2494175688639167 -0.1598815692079941 -0.023872345772081922 -0.012457531143827857 -0.09840942899645266 -0.09732067764027394 -0.047192642787996134 0.11171126933464275 -0.012687135244861711 0.12480699948533196 -0.21152055341226556 0.01195457262402869 0.07983036048397155 0.040730827417665545 -0.056338028169014086 -0.2568011257035647 -0.08499243218069624 -0.01196172248803828 0.0037253197566124415 -0.006327512022272842 -0.05516154452324666 -0.12087139845397048 -0.04238314361830952 -0.13093289689034368 -0.9164420485175203 -1.6592946802151824 -0.4834791059280855 -0.4261294261294261 -0.47771880014812984 -1.0055589870290302 -0.9272797229703734 -0.7839070924927417 -0.33745065580033107 -0.1361913784936049 -2.4825464442077863 -7.711885347170744 -1.6188600270835898 -1.0625076154502255 -1.7556861742908254 -6.014111610006414 -8.875984514751035 -0.4908485856905157 -0.2121361618154909 -0.10856044328847676 -0.41596212377409536 -0.6552431519247014 -0.5979284369114878 -0.4196885031506361 -0.6294830571357902 -0.9286960857641485 -1.323491982692797 -0.23489494975858022
0.015788195287830945 -0.02 -0.03253309400942338 -0.12593283582089548 0.029631385563588953 -0.09994121105232216 0.007398273736128239 -0.1278898180029513 -0.12147841819591625 -0.12554052169061236 -0.03862992531547772 -0.0012184720360667728 -0.02274904214559387 -0.093711467324291 0.01889644746787604 0.009855858075643712 -0.043853820598006646 -0.059393156875403474 -0.11276200583709209 -0.0687429854096521 0.07863031071655041 0.055818468632447514 -0.07612132568216419 -0.02360717658168083 0.012431626056688214 -0.07666205856478574 -0.005278437582475587 -0.1992891596851993 -0.161311825089988 -0.24650425255874295 -0.016733170292186895 -0.10376134889753566 -0.20263064344116605 -0.13102025961421812 -0.08248423095584669 -0.048556095067722974 -0.11279709950315564 -0.1475003263281556 -0.2713443881047006 -0.12139156180606955 -0.006282196255811027 -0.015855039637599093 -0.07781210664835793 -0.10332812687732788 -0.03993223620522749 0.09329732383992143 0.006343567622430854 0.1080802882141019 -0.19023546627644006 0.013448894202032274 0.08481975801421979 0.03258466193413244 -0.0371830985915493 -0.2568011257035647 -0.07800675282337874 -0.01674641148325359 0.01862659878306221 -0.018982536066818528 -0.03808773312319412 -0.11665495432185521 -0.04359409057883265 -0.11339724105681552 -0.6726825266611978 -1.6521219366407653 -0.5174927113702625 -0.42857142857142855 -0.4912973706949758 -1.0500308832612724 -0.8862382967808132 -0.7189271394995161 -0.36164523112186425 -0.10421601136901944 -1.8423855165069223 -8.099827032369657 -1.8367598178013047 -1.1039356646764957 -1.9000766675185283 -6.700449005772931 -8.097717260712855 -0.27038269550748745 -0.2059694129255057 -0.11195295714124168 -0.4035621688648404 -0.669723663569446 -0.6261770244821092 -0.45178932350493406 -0.6702943358891913 -0.9897781101969585 -1.2916772715703742 -0.24924964113271564
0.020646101530240466 -0.01666666666666667 -0.02243661655822302 -0.1270988805970149 0.036742918098850295 -0.09876543209876544 0.00246609124537608 -0.1340383669454009 -0.12018609459808735 -0.11717115357790489 -0.03991758949266031 -0.007310832216400634 -0.020354406130268198 -0.09494451294697906 0.010078105316200557 0.011087840335099176 -0.05315614617940199 -0.06584893479664299 -0.11276200583709206 -0.06593714927048261 0.07482561826252378 0.0655260283946123 -0.06323925518210563 -0.03541076487252125 0.011188463451019395 -0.06535126303883372 -0.00791765637371338 -0.20055851739020056 -0.1573123583522197 -0.2234395271731296 -0.016733170292186895 -0.10611956137247966 -0.18604100011849747 -0.15528327065388817 -0.07763221737020863 -0.057500638895987735 -0.12219685779508527 -0.156637514684767 -0.2644922570919556 -0.11843079200592152 -0.007538635506973236 -0.015855039637599093 -0.06751344547431057 -0.1201489847410789 -0.04477250726040658 0.09084213110729192 0.010149708195889368 0.10422027792074111 -0.1716110150325928 0.025403466826060966 0.09604590245727827 0.03607587571278949 -0.019154929577464792 -0.25093808630394 -0.08033531260915125 -0.02392344497607656 0.014901279026449766 -0.02657555049354594 -0.04334121355397951 -0.10681658468025299 -0.038750302736740135 -0.10404489127893383 -0.5343958748388609 -1.5768081291093847 -0.5515063168124392 -0.4481074481074481 -0.523392173805703 -1.0969734403953058 -0.829806335770168 -0.6829807825245402 -0.3641920285241309 -0.091189009947892 -1.4152171340669744 -8.014578700271805 -2.21716114735935 -1.150237602047033 -2.0559672885254283 -7.399615137908915 -7.011079962621812 -0.2357182473655019 -0.2084361124814998 -0.0927287119755739 -0.39341675121181374 -0.6552431519247014 -0.6638418079096047 -0.46130067768398514 -0.7135790254761316 -1.018449264522563 -1.2216849071010436 -0.23750489364478664
0.012144765606023802 -0.01 -0.026923939869867623 -0.12243470149253732 0.023705108450871166 -0.1011169900058789 -0.011097410604192354 -0.15863256271519924 -0.11760144740242957 -0.1297252057469661 -0.05021890291012103 -0.008529304252467408 -0.03711685823754789 -0.08631319358816278 -0.013857394809775759 0.008623875816188247 -0.07574750830564785 -0.09167204648160103 -0.1286813478376227 -0.06734006734006734 0.07102092580849714 0.061885693483800505 -0.06558144981847992 -0.040132200188857416 0.001243162605668821 -0.06786477315571195 -0.02111375032990235 -0.21579080985021584 -0.1573123583522197 -0.2234395271731296 -0.020594671128845412 -0.09550760523523169 -0.1718213058419244 -0.15043066844595415 -0.07763221737020863 -0.040889343214924614 -0.1289109708607493 -0.16316407779663228 -0.2590105522817596 -0.10806809770540342 -0.00879507475813544 -0.0022650056625141595 -0.05835907998626846 -0.09371620809804156 -0.03993223620522749 0.10557328750306898 0.015224562293834051 0.09135357694287184 -0.16229878941066916 0.0328750747160789 0.0785830111014095 0.03607587571278948 -0.030422535211267615 -0.2321763602251407 -0.1001280707882175 -0.026315789473684216 -0.004967093008816592 -0.03163756011136421 -0.05122143420015761 -0.10260014054813774 -0.04238314361830951 -0.08534019172317045 -0.44181413336458464 -1.4644351464435148 -0.5940233236151603 -0.45787545787545786 -0.5567213924206887 -1.1488573193329217 -0.7810696421700656 -0.6650076040370525 -0.3641920285241309 -0.06987209853150164 -1.0886285646669032 -7.642698295033358 -2.641881078419303 -1.194102595345437 -2.225913621262459 -8.021808851828094 -6.0032038446135365 -0.2107598447032723 -0.22446965959546125 -0.09159787402465228 -0.3855258708150152 -0.6443827681911428 -0.7120998116760829 -0.4791344667697063 -0.7692307692307694 -1.0508601346297683 -1.1542377195215068 -0.22054025838444477
0.024289531212047608 -0.008888888888888887 -0.00897464662328921 -0.11310634328358209 0.02489036387341472 -0.0975896531452087 -0.014796547472256472 -0.16724053123462865 -0.10855518221762732 -0.11717115357790486 -0.051506567087303626 -0.01584013646886804 -0.032327586206896554 -0.08138101109741061 -0.026455026455026454 0.017247751632376494 -0.08239202657807308 -0.09296320206584895 -0.13266118333775537 -0.046296296296296294 0.07482561826252379 0.061885693483800505 -0.06558144981847992 -0.03777148253068933 -0.0049726504226752875 -0.06409450798039462 -0.018474531538664556 -0.22975374460522974 -0.13731502466337822 -0.21046561914372205 -0.015446003346634058 -0.0896120740478717 -0.16826638227278115 -0.14921751789397064 -0.07884522076661815 -0.03705596728852542 -0.1289109708607493 -0.17360657877561675 -0.2398245854460737 -0.10214655810510734 -0.0025128785023244104 0.00566251415628539 -0.04691612312621581 -0.08170130962393367 -0.03872216844143272 0.12398723299779031 0.02791169753869576 0.088780236747298 -0.14234402022083276 0.05230125523012552 0.08232505924909567 0.04189456534388456 -0.027042253521126762 -0.2192776735459662 -0.10129235068110373 -0.02631578947368421 0.007450639513224883 -0.03163756011136421 -0.030207512477016023 -0.08573436401967674 -0.021797045289416322 -0.06663549216740706 -0.3632954412281729 -1.3424985056784222 -0.6183187560738581 -0.46031746031746035 -0.5690655474632761 -1.1785052501544162 -0.7246376811594203 -0.6235310382966958 -0.3540048389150643 -0.06276646139270488 -0.8164714235001774 -7.238695329873982 -3.0739874430629075 -1.2550261971487755 -2.3856376181957577 -8.644002565747273 -5.096782806033908 -0.18580144204104268 -0.20966946225949679 -0.08368200836820085 -0.3697441100214181 -0.6226620007240256 -0.7450564971751412 -0.49696825585542737 -0.7952015829829335 -1.0845175766641737 -1.0638839399338254 -0.20357562312410282
0.032790867136264265 -0.012222222222222221 -0.01794929324657842 -0.09328358208955224 0.017778831338153375 -0.09053497942386832 -0.013563501849568432 -0.17215937038858833 -0.09692426983716723 -0.10322220672339237 -0.03476693278392995 0.012184720360667723 -0.020354406130268198 -0.0468557336621455 -0.030234315948601664 0.029567574226931133 -0.07574750830564783 -0.08134280180761781 -0.12337490050411248 -0.02525252525252525 0.08116677235256817 0.06916636330542411 -0.05035718468204707 -0.0342304060434372 -0.0012431626056688214 -0.06660801809727283 -0.014515703351807862 -0.23483117542523485 -0.1226503132915611 -0.19460862044111285 -0.007723001673317026 -0.08489564909798372 -0.17063633131887665 -0.12738080795826762 -0.08005822416302766 -0.03194479938665985 -0.12085403518195245 -0.17360657877561675 -0.22886117582568177 -0.09030347890451518 0.01130795326045986 0.02378255945639864 -0.03432887058015791 -0.06968641114982578 -0.04477250726040658 0.13380800392830838 0.030449124587668103 0.10679361811631498 -0.12504988692297458 0.0881649731022116 0.08856180616190597 0.04654951704876061 -0.015774647887323946 -0.20520637898686683 -0.1001280707882175 -0.02392344497607655 0.01986837203526636 -0.03290306251581878 -0.003940110323089047 -0.07027406886858749 -0.016953257447323806 -0.050268880056114094 -0.3093870854330247 -1.2193664076509265 -0.6511175898931001 -0.46031746031746035 -0.587581780027157 -1.1834465719579987 -0.6656406310119277 -0.5682289506428869 -0.36291862982299755 -0.053292278540975846 -0.617678381256656 -6.769211761798864 -3.5590299150560134 -1.3110759108078471 -2.5440838231535907 -9.11994868505452 -4.313175810973169 -0.16638935108153077 -0.20720276270350274 -0.06219608730068982 -0.3528350805997069 -0.58042717509352 -0.7768361581920905 -0.49696825585542737 -0.8236458075686371 -1.1032161555721767 -0.9875286332400102 -0.17225629648962545
0.027932960893854747 -0.005555555555555555 -0.03589858649315683 -0.060634328358208964 -0.003555766267630675 -0.06819517930629043 -0.02219482120838471 -0.15371372356123958 -0.08917032825019386 -0.06834983958711116 -0.05021890291012103 0.02315096868526867 -0.028735632183908046 -0.02589395807644883 -0.05165028974552784 0.04065541456203032 -0.08770764119601329 -0.08005164622336992 -0.13000795967100026 -0.011223344556677887 0.07609384908053267 0.05945880354325931 -0.05387047663660849 -0.015344664778092543 -0.014917951268025859 -0.06660801809727283 -0.01583531274742676 -0.25133282559025133 -0.11198506865751232 -0.1888424390947095 -0.012871669455528378 -0.07192548048579175 -0.17537622941106767 -0.11403615188644908 -0.09097525473071325 -0.019166879631995915 -0.12756814824761648 -0.16708001566375147 -0.22063861861038786 -0.0695780903034789 0.007538635506973238 0.03397508493771234 -0.030895983522142123 -0.046858104049020785 -0.05324298160696998 0.14853916032408543 0.017761989342806393 0.11322696860524961 -0.12638020486896367 0.10609683203825464 0.08357240863165773 0.05004073082741767 -0.010140845070422535 -0.17940900562851786 -0.116427989288625 -0.025119617224880382 0.0037253197566124397 -0.04555808656036446 -0.005253480430785396 -0.06605762473647223 -0.014531363526277546 -0.04676174888940846 -0.26251025430680885 -1.0950388523610282 -0.6814868804664723 -0.4713064713064713 -0.6221454141464016 -1.2032118591723284 -0.6310119276644863 -0.5405779068159824 -0.3692856233286642 -0.04381809568924681 -0.456750680392853 -6.244131455399061 -4.014526652714514 -1.3634702083587182 -2.7395859953999486 -9.48043617703656 -3.623014283807236 -0.13727121464226286 -0.21336951159348788 -0.05201854574239513 -0.3483260060872506 -0.5478460238928442 -0.8180320150659135 -0.5041017714897158 -0.85580014840465 -1.12316130640738 -0.9238992109951643 -0.15529166122928356
0.025504007772649984 -0.015555555555555555 -0.039264078976890285 -0.06180037313432837 -0.009482043380348465 -0.0740740740740741 -0.03452527743526511 -0.1586325627151992 -0.07883173946756268 -0.06416515553075743 -0.060520216327581755 0.0073108322164006315 -0.034722222222222224 -0.02342786683107275 -0.06424792139077853 0.020943698410742884 -0.0956810631229236 -0.10587475790832797 -0.13133457150437783 -0.0196408529741863 0.0798985415345593 0.04611090887028273 -0.05152828200023422 -0.02596789423984892 -0.013674788662357037 -0.07791881362322484 -0.017154922143045655 -0.27164254887027167 -0.09998666844420744 -0.19460862044111285 -0.02188183807439825 -0.08253743662303974 -0.1753762294110677 -0.1298071090622346 -0.09340126152353226 -0.028111423460260666 -0.13293943870014774 -0.16969064090849756 -0.20145265177470195 -0.05921539600296076 0.007538635506973238 0.023782559456398643 -0.026318800778121064 -0.04805959389643157 -0.052032913843175224 0.13258040756199363 0.012687135244861708 0.09135357694287184 -0.11041638951709457 0.10310818888224746 0.1010352999875265 0.029093448155475387 -0.0067605633802816905 -0.1852720450281426 -0.12108510886016999 -0.050239234449760764 -0.011175959269837329 -0.0721336370539104 -0.007880220646178094 -0.07449051300070272 -0.004843787842092514 -0.046761748889408455 -0.22383686862768076 -0.9635385534967125 -0.6984936831875608 -0.48229548229548236 -0.6579434637699049 -1.2118591723285976 -0.5886879569065024 -0.5115443107977325 -0.3641920285241309 -0.07105637138796779 -0.33132173707253576 -5.691870521373857 -4.462636956789363 -1.4463263068112588 -2.9491438793764377 -9.762668377164847 -2.9688960085435854 -0.14420410427065997 -0.20473606314750864 -0.05880357344792493 -0.340435125690452 -0.5381923494630143 -0.8392184557438794 -0.5302579954821067 -0.8755874350729658 -1.1455996010969833 -0.8488164927462458 -0.1526817173430771
0.020646101530240466 -0.017777777777777774 -0.04711689477226834 -0.04897388059701493 -0.023705108450871166 -0.07407407407407408 -0.04192355117139334 -0.15494343334972946 -0.08529335745670716 -0.04603152461989119 -0.0695338655678599 -0.002436944072133547 -0.04669540229885057 -0.012330456226880398 -0.07306626354245402 0.003695946778366392 -0.10631229235880399 -0.12782440284054228 -0.1260281241708676 -0.03367003367003366 0.07989854153455929 0.041257128989200344 -0.051528282000234224 -0.03305004721435316 -0.011188463451019395 -0.08294583385698126 -0.006598046978094484 -0.28433612592028434 -0.08932142381015865 -0.19605016577771367 -0.03089200669326811 -0.08843296781039972 -0.18722597464154525 -0.12738080795826762 -0.11402231926249393 -0.033222591362126255 -0.13965355176581173 -0.18013314188748203 -0.19597094696450598 -0.05329385640266469 0.003769317753486618 0.023782559456398643 -0.03318457489415265 -0.04805959389643157 -0.06534365924491772 0.11784925116621654 0.0050748540979446855 0.06948018528049407 -0.1077557536251164 0.09115361625821876 0.10228264937008855 0.022111020598161293 -0.01126760563380282 -0.1782363977485929 -0.12923506811037372 -0.05861244019138756 -0.03352787780951198 -0.08225765628954695 -0.015760441292356188 -0.08432888264230497 0.0012109469605231286 -0.04676174888940846 -0.18164772061408652 -0.8439928272564255 -0.727648202137998 -0.4981684981684982 -0.6962103444019256 -1.2130945027794935 -0.548929075285366 -0.4866583713535185 -0.3667388259263976 -0.07816200852676457 -0.21654242101526444 -5.087719298245613 -4.931675489351226 -1.5218715730473986 -3.205980066445183 -9.926876202694034 -2.3241222800694166 -0.13865779256794236 -0.20103601381351752 -0.06219608730068983 -0.3269079021530831 -0.5200917099070833 -0.8545197740112993 -0.551658542384972 -0.8953747217412813 -1.1655447519321867 -0.7750063629422246 -0.1526817173430771
0.02793296089385474 -0.0077777777777777776 -0.04823872560017949 -0.02332089552238806 -0.02607561929595828 -0.06584362139917695 -0.03329223181257707 -0.1377274963108706 -0.07237012147841819 -0.026502999023573726 -0.06567087303631211 -0.006092360180333863 -0.0407088122605364 0.0024660912453760785 -0.0655076845553036 0.0 -0.10099667774086378 -0.12395093608779859 -0.11806845317060229 -0.03226711560044894 0.08370323398858592 0.05096468875136513 -0.04215950345473709 -0.009442870632672334 -0.006215813028344111 -0.07289179338946838 -0.00395882818685669 -0.2754506219852754 -0.07598986801759765 -0.17298544039210031 -0.021881838074398245 -0.08489564909798372 -0.18485602559544972 -0.10675724857454807 -0.1225133430373605 -0.0217224635829287 -0.145024842218343 -0.1618587651742592 -0.189118815951761 -0.03552923760177647 0.008795074758135443 0.0362400906002265 -0.043483236068200024 -0.019223837558572633 -0.06534365924491772 0.12889761846304934 0.007612281146917024 0.06433350488934637 -0.08913130238126912 0.10310818888224745 0.11725084196083324 0.029093448155475387 0.0011267605633802826 -0.15243902439024393 -0.11177086971707999 -0.0430622009569378 -0.01862659878306221 -0.06454062262718299 0.003940110323089047 -0.05903021784961349 0.01210946960523129 -0.0397474865559972 -0.15352162193835697 -0.7077106993424985 -0.7458697764820214 -0.5079365079365079 -0.7295395630169115 -1.204447189623224 -0.49506220341156854 -0.4590073275266141 -0.3552782376161976 -0.08408337280909521 -0.1408117382558277 -4.42426488757104 -5.358857564939061 -1.5706104544900694 -3.461538461538462 -9.9204618345093 -1.7447603791216129 -0.1192457016084304 -0.1911692155895412 -0.05201854574239513 -0.29759891782211706 -0.4875105587064075 -0.862758945386064 -0.5492807038402093 -0.9089784813257482 -1.155572176514585 -0.6948332909137185 -0.122667362651703
0.023075054651445225 -0.015555555555555555 -0.04936055642809064 -0.02448694029850746 -0.02607561929595828 -0.06701940035273368 -0.02712700369913687 -0.1438760452533202 -0.05556991470664254 -0.01534384153996374 -0.06180788050476436 -0.010966248324600952 -0.043103448275862065 0.008631319358816275 -0.07432602670697909 2.7755575615628915e-18 -0.09700996677740865 -0.12136862491930278 -0.11143539400371452 -0.02244668911335577 0.08497146480659482 0.053391578691906326 -0.02576414100011712 0.0035410764872521273 -0.0174042764793635 -0.07037828327259016 -0.005278437582475587 -0.29195227215029196 -0.06132515664578055 -0.17010234971889865 -0.024456171965503926 -0.09432849899775969 -0.16352648418059015 -0.1103967002304986 -0.11159631246967491 -0.02811142346026067 -0.11279709950315561 -0.17491189139798982 -0.1521173084829382 -0.029607698001480387 0.006282196255811029 0.031710079275198186 -0.030895983522142123 -0.021626817253394208 -0.07381413359148112 0.12521482936410508 0.010149708195889371 0.05146680391147709 -0.07050685113742185 0.10908547519426179 0.11600349257827118 0.02560223437681834 0.02929577464788733 -0.14657598499061913 -0.11409942950285248 -0.041866028708133975 -0.03476965106171613 -0.05821311060491015 0.010506960861570791 -0.049191848208011243 0.01332041656575442 -0.04442366144493805 -0.12187976092816125 -0.621637776449492 -0.7446550048590865 -0.5250305250305249 -0.7468213800765336 -1.1995058678196417 -0.4270873412851096 -0.43826904465643574 -0.32981026359353116 -0.11250592136428232 -0.08401372618625015 -3.792933036817396 -5.712175304690385 -1.6303155842573414 -3.760541783797598 -9.862732520846695 -1.2708583633693764 -0.11369938990571268 -0.18500246669955597 -0.05088770779147349 -0.2773080825160636 -0.47665017497284906 -0.8768832391713748 -0.5647366543811676 -0.9163987138263666 -1.1605584642233857 -0.6273861033341818 -0.10831267127756754
0.024289531212047608 -0.02666666666666666 -0.05384787973973525 -0.03031716417910448 -0.028446130141045394 -0.06819517930629042 -0.02712700369913687 -0.14264633546483033 -0.041354355130524684 -0.004184684056353747 -0.06438320885912954 -0.021932496649201903 -0.04190613026819924 0.004932182490752156 -0.0655076845553036 -0.00739189355673278 -0.0956810631229236 -0.11749515816655906 -0.10214911117007167 -0.018237934904601565 0.08116677235256817 0.06431258342434172 -0.03513291954561424 0.00826251180358829 -0.03605171556439583 -0.08420258891542037 -0.017154922143045658 -0.3148007108403148 -0.04532728969470738 -0.17875162173850365 -0.028317672802162443 -0.0943284989977597 -0.15286171347316033 -0.10554409802256462 -0.13100436681222707 -0.034500383337592644 -0.12085403518195245 -0.1957968933559587 -0.1301904892421543 -0.035529237601776474 -0.0012564392511622074 0.031710079275198186 -0.043483236068200024 -0.019223837558572633 -0.08228460793804453 0.12644242573041983 -0.008880994671403197 0.04117344312918168 -0.06651589729945458 0.10908547519426179 0.11101409504802295 0.034912137786570464 0.01915492957746479 -0.14071294559099437 -0.11992082896728373 -0.04665071770334928 -0.045945610331553456 -0.06327512022272842 0.026267402153926978 -0.04638088545326774 0.015742310486800675 -0.04442366144493805 -0.11250439470291809 -0.5511057979677227 -0.750728862973761 -0.5433455433455434 -0.7887915072213306 -1.1785052501544162 -0.3757855585481596 -0.4244435227429835 -0.3119826817776646 -0.13145428706774037 -0.07218080700508815 -3.2554978996787747 -5.921457589560506 -1.672962105519678 -4.082545361615129 -9.480436177036562 -0.9064210385796289 -0.10537992235163615 -0.18376911692155895 -0.04523351803686532 -0.27843535114417767 -0.4549294075057319 -0.8945386064030132 -0.5683034121983118 -0.9262923571605244 -1.149339316878584 -0.5586663273097481 -0.08743312018791595
0.015788195287830948 -0.025555555555555554 -0.06394435719093561 -0.024486940298507464 -0.04029868436648097 -0.06349206349206349 -0.029593094944512947 -0.1242006886374816 -0.03360041354355131 0.00836936811270749 -0.0682462013906773 -0.0036554161082003184 -0.041906130268199226 0.022194821208384712 -0.059208868732678256 0.0012319822594554636 -0.0823920265780731 -0.08650742414460941 -0.09153621650305119 0.002805836139169476 0.08243500317057706 0.0679529183351535 -0.033961822227427094 0.024787535410764873 -0.034808552958727 -0.08545934397385949 -0.017154922143045655 -0.297029702970297 -0.02532995600586589 -0.17731007640190283 -0.03089200669326812 -0.09550760523523169 -0.15523166251925585 -0.08613368919082859 -0.14313440077632217 -0.034500383337592644 -0.12085403518195245 -0.18274376713222812 -0.11922707962176238 -0.01480384900074019 -0.011307953260459858 0.03850509626274066 -0.0537818972422474 -0.004805959389643162 -0.09317521781219748 0.1215320402651608 -0.029180411063181932 0.05018013381369017 -0.07848875881335639 0.12701733413030483 0.08856180616190594 0.05004073082741767 -0.0033802816901408474 -0.12664165103189495 -0.13272790778903248 -0.039473684210526314 -0.06084688935800323 -0.050620096178182736 0.026267402153926978 -0.03373155305692199 0.02785178009203197 -0.0397474865559972 -0.10312902847767491 -0.49611476389719067 -0.7082118561710399 -0.5213675213675214 -0.7628687816318973 -1.0759728227300802 -0.33859176606387076 -0.37467164385455554 -0.297975296065198 -0.1267171956418759 -0.08283043426813394 -2.7786014331603655 -5.574295211128893 -1.6193493359327402 -4.002044467160745 -8.452854393842205 -0.8129755706848216 -0.10260676650027731 -0.1825357671435619 -0.03731765238041389 -0.27505354525983544 -0.4259683842162424 -0.8568738229755178 -0.551658542384972 -0.8953747217412813 -1.054599850411369 -0.496309493509799 -0.07307842881378049
0.014573718727228565 -0.02666666666666666 -0.06843168050258022 -0.017490671641791047 -0.04266919521156809 -0.055261610817166365 -0.020961775585696674 -0.09099852434825381 -0.029723442750064617 0.036267261821732455 -0.06180788050476436 -0.0012184720360667734 -0.02753831417624521 0.03452527743526511 -0.04661123708742755 0.018479733891831957 -0.06511627906976744 -0.03873466752743704 -0.06765720350225525 0.035072951739618406 0.08623969562460368 0.0715932532459653 -0.030448530272865676 0.03777148253068933 -0.03232222774738937 -0.0728917933894684 -0.01187648456057007 -0.2754506219852754 -0.014664711371817097 -0.16145307769929362 -0.03861500836658514 -0.10494045513500767 -0.15997156061144685 -0.07400218367099357 -0.1479864143619602 -0.047278303092256585 -0.13025379347388208 -0.17360657877561675 -0.12059750582431136 -0.008882309400444113 -0.015077271013946476 0.039637599093997736 -0.05607048861425792 -0.0024029796948215804 -0.10164569215876089 0.12275963663147556 -0.04440497335701599 0.07462686567164178 -0.07449780497538912 0.14943215780035862 0.09479855307471621 0.052368206679855686 0.0033802816901408418 -0.13133208255159473 -0.12923506811037375 -0.03349282296650718 -0.059605116105799084 -0.049354593773728174 0.039401103230890466 -0.022487702037947994 0.02664083313150884 -0.05143792377834931 -0.09140982069612096 -0.4602510460251046 -0.6644800777453838 -0.503052503052503 -0.7307739785211702 -0.9684990735021616 -0.3013979735795819 -0.3359601824968893 -0.28396791035273145 -0.12553292278540976 -0.08993018577683114 -2.494440326167531 -5.1175674012064505 -1.5389301815523333 -3.7937643751597228 -7.408595253367542 -0.7168602322787343 -0.0901275651691625 -0.15416872224963 -0.03618681442949225 -0.2536354413256679 -0.4054543260528539 -0.7944915254237287 -0.5290690762097253 -0.8285926292357161 -0.9548740962353529 -0.42758971748536523 -0.07307842881378049
0.013359242166626187 -0.024444444444444446 -0.07291900381422482 -0.009328358208955227 -0.04503970605665521 -0.05055849500293944 -0.012330456226880393 -0.07747171667486473 -0.02584647195657792 0.0348723671362812 -0.05536955961885139 -1.3877787807814458e-18 -0.013170498084291183 0.04315659679408138 -0.03401360544217687 0.018479733891831957 -0.04784053156146179 -0.024531956100710118 -0.04377819050145926 0.03647586980920315 0.09004438807863031 0.061885693483800505 -0.02693523831830425 0.03541076487252125 -0.02983590253605172 -0.07666205856478572 -0.006598046978094484 -0.2627570449352627 -0.003999466737768301 -0.16721925904569696 -0.04891234393100785 -0.10022403018511969 -0.16115653513449463 -0.05580492539124106 -0.15283842794759822 -0.038333759263991816 -0.13965355176581173 -0.1501109515729017 -0.12196793202686036 -0.0014803849000740196 -0.018846588767433094 0.037372593431483574 -0.05607048861425792 0.010813408626697102 -0.10648596321394 0.12030444389884606 -0.06343567622430855 0.08234688625836335 -0.0784887588133564 0.15839808726838017 0.09479855307471623 0.04771325497497963 0.0033802816901408435 -0.12429643527204504 -0.13272790778903248 -0.039473684210526314 -0.06705575561902397 -0.049354593773728174 0.042027843446283165 -0.03513703443429374 0.02785178009203197 -0.06312836100070143 -0.07851869213641158 -0.4279736999402271 -0.6134596695821186 -0.48351648351648346 -0.6962103444019258 -0.8709079678814083 -0.2706169039374119 -0.3055440342872943 -0.2661403285368649 -0.13382283278067267 -0.09584664536741214 -2.183098591549295 -4.626369567893636 -1.4487632508833923 -3.572706363404037 -6.366901860166775 -0.6527833400080095 -0.0776483638380477 -0.14800197335964477 -0.03166346262580572 -0.23898094916018492 -0.3728731748521781 -0.7474105461393596 -0.5005350136725717 -0.7766510017313877 -0.8526551982049366 -0.3817765334690761 -0.0730784288137805
0.00121447656060238 -0.03333333333333333 -0.07404083464213597 -0.024486940298507464 -0.04148393978902454 -0.061140505584950024 -0.01972872996300863 -0.06394490900147565 -0.024554148358749025 0.030687683079927464 -0.07597218645377286 -0.024369440721335445 -0.01556513409961685 0.03822441430332922 -0.032753842277651796 0.00615991129727732 -0.05315614617940199 -0.016785022595222725 -0.04643141416821437 0.030864197530864203 0.08497146480659479 0.04853779881082393 -0.030448530272865676 0.025967894239848917 -0.024863252113376432 -0.08922960914917684 -0.010556875164951175 -0.25514089870525514 -0.0026663111585121975 -0.1801931670751045 -0.06178401338653623 -0.10847777384742366 -0.15523166251925585 -0.07764163532694408 -0.15041242115477924 -0.057500638895987735 -0.15308177789713978 -0.14750032632815555 -0.12333835822940938 0.0 -0.026385224274406333 0.007927519818799546 -0.06293626273028949 -0.013216388321518686 -0.1101161665053243 0.09084213110729192 -0.08246637909160112 0.06176016469377251 -0.09046162032725821 0.12701733413030483 0.09230385430959212 0.03840335156522751 -1.3877787807814458e-18 -0.13367729831144465 -0.13389218768191874 -0.04904306220095694 -0.08568235440208619 -0.05694760820045558 0.024954032046230628 -0.05481377371749824 0.030273674013078233 -0.07131166705634791 -0.07617485058010079 -0.4076509264793784 -0.5563654033041788 -0.463980463980464 -0.65300580175287 -0.7869054972205064 -0.23855328972681802 -0.28480575141711595 -0.23175856360626507 -0.14566556134533398 -0.09584664536741214 -1.9224116629602173 -4.058845254216423 -1.34763007188985 -3.312036800408893 -5.382937780628609 -0.5927112535042051 -0.08458125346644481 -0.12826837691169218 -0.04636435598778695 -0.2107992334573329 -0.36321950042234824 -0.6732580037664784 -0.4886458209487575 -0.7135790254761317 -0.767888307155323 -0.3499618223466531 -0.09917786767584497
-0.0012144765606023802 -0.03666666666666667 -0.07291900381422481 -0.036147388059701496 -0.023705108450871166 -0.07289829512051735 -0.006165228113440198 -0.06271519921298574 -0.018092530369604544 0.013948946854512484 -0.0682462013906773 -0.03777263311806994 -0.01197318007662835 0.040690505548705305 -0.02015621063240111 -0.001231982259455463 -0.04651162790697674 -0.014202711426726928 -0.026532236667551078 0.03367003367003367 0.08623969562460367 0.047324353840553335 -0.039817308818362804 0.01652502360717658 -0.018647439085032323 -0.0992836496166897 -0.011876484560570071 -0.24371667936024374 -0.006665777896280497 -0.17731007640190283 -0.06178401338653623 -0.1238061549345596 -0.15523166251925585 -0.07764163532694407 -0.13949539058709365 -0.06516739074878611 -0.1490533100577414 -0.14227907583866334 -0.09867068658352748 -0.007401924500370097 -0.028898102776730744 0.0011325028312570797 -0.05950337567227372 -0.02162681725339421 -0.09438528557599225 0.07979376381045912 -0.07739152499365642 0.055326814204837885 -0.07449780497538912 0.11207411835026897 0.09105650492703006 0.02676597230303736 -0.001126760563380283 -0.14892120075046905 -0.11642798928862497 -0.0514354066985646 -0.07450639513224885 -0.045558086560364475 0.02364066193853428 -0.04778636683063949 0.04238314361830952 -0.0701426233341127 -0.055080276573303645 -0.3741781231320981 -0.48955296404275994 -0.4322344322344322 -0.5863473645228986 -0.6831377393452748 -0.18981659612671536 -0.2585372597815567 -0.19865019737679868 -0.14329701563240171 -0.08993018577683114 -1.6370150728935016 -3.4691616397882563 -1.213598147922505 -2.9568106312292355 -4.419499679281591 -0.512615138165799 -0.08458125346644481 -0.10483473112974842 -0.05088770779147349 -0.18036298049825275 -0.3378786050440449 -0.5932203389830508 -0.45416716204969676 -0.6319564679693298 -0.6694091249065072 -0.29651310766098243 -0.09395797990343206
0.0012144765606023806 -0.03222222222222222 -0.06955351133049137 -0.030317164179104482 -0.02489036387341472 -0.07054673721340388 -0.007398273736128237 -0.050418101328086586 -0.018092530369604544 0.005579578741804995 -0.06309554468194693 -0.04508346533447057 -0.0023946360153256708 0.04438964241676942 -0.01511715797430083 -0.004927929037821854 -0.04651162790697674 -0.010329244673983214 -0.02918546033430618 0.02665544332210999 0.07609384908053266 0.04004368401892974 -0.052699379318421356 0.018885741265344664 -0.03232222774738936 -0.11436471031795903 -0.013196093956188967 -0.2361005331302361 -0.0053326223170243985 -0.17586853106530198 -0.056635345604324885 -0.11555241127225564 -0.15523166251925585 -0.06065752759917505 -0.13949539058709365 -0.04855609506772298 -0.151738955284007 -0.11878344863594832 -0.09181855557078253 0.0014803849000740187 -0.03392385978137957 2.4286128663675298e-18 -0.05721478430026319 -0.022828307100805 -0.09559535333978703 0.08102136017677387 -0.08119766556711494 0.06690684508492023 -0.08114939470533458 0.11506276150627612 0.0785830111014095 0.03142092400791342 -0.0067605633802816905 -0.13602251407129456 -0.1187565490743975 -0.0430622009569378 -0.075748168384453 -0.03163756011136421 0.017073811400052534 -0.037947997189037234 0.04359409057883265 -0.056114098667290155 -0.04570491034806048 -0.3311416616855948 -0.43245869776482027 -0.38949938949938945 -0.5209233427971857 -0.5781346510191476 -0.15775298191612155 -0.22812111157196183 -0.16299503374506558 -0.12079583135954523 -0.07691397467755297 -1.3256733382752655 -2.854856580081251 -1.0503228950895573 -2.5543061589573215 -3.4611930724823607 -0.43919369910559347 -0.06378258458125348 -0.09990133201776026 -0.03957932828225716 -0.1623266824484275 -0.2823699770725232 -0.527306967984934 -0.401854714064915 -0.554044026712837 -0.5559710795312891 -0.2596080427589717 -0.07960328852929663
0.013359242166626184 -0.02555555555555556 -0.05496971056764639 -0.01865671641791045 -0.004741021690174235 -0.05055849500293945 0.008631319358816277 -0.03443187407771766 0.005169294391315585 0.008369368112707493 -0.04635591037857326 -0.04873888144267089 0.008381226053639848 0.040690505548705305 0.003779289493575208 1.3877787807814458e-18 -0.022591362126245844 0.012911555842479022 -0.013266118333775537 0.035072951739618406 0.07736207989854152 0.04004368401892975 -0.0597259632275442 0.02242681775259679 -0.03356539035305818 -0.11059444514264169 -0.014515703351807862 -0.2246763137852247 -0.003999466737768298 -0.17154389505549947 -0.04633801003990218 -0.11319419879731163 -0.1386420191965873 -0.055804925391241045 -0.11523532265890343 -0.03961155123945822 -0.14233919699207734 -0.10834094765696382 -0.07263258873509662 0.005921539600296076 -0.021359467269757508 -0.005662514156285388 -0.03776175763817371 -0.024029796948215786 -0.08228460793804453 0.08102136017677386 -0.07992895204262877 0.0797735460627895 -0.07449780497538912 0.11655708308427974 0.089809155544468 0.030257186081694403 0.011267605633802814 -0.13367729831144465 -0.09547095121667251 -0.0430622009569378 -0.059605116105799084 -0.030372057706909643 0.019700551615445233 -0.028109627547434995 0.06781302978929524 -0.03624035538929156 -0.0375014649009727 -0.28212791392707715 -0.34013605442176875 -0.3357753357753357 -0.4369830885075917 -0.47683755404570716 -0.11029883288444271 -0.19493985897967647 -0.12351967400993251 -0.10776882993841783 -0.06508105549639097 -1.0093896713615025 -2.2220854364151172 -0.8797368100402092 -2.101967799642218 -2.543938422065427 -0.36577226004538776 -0.04159733777038269 -0.08263443512580168 -0.03166346262580573 -0.1487994589110585 -0.2341016049233739 -0.45315442561205277 -0.34954226608013317 -0.4650012367054167 -0.443779606083271 -0.21506744718757959 -0.061333681325851486
0.017002671848433328 -0.02777777777777778 -0.04711689477226833 -0.029151119402985076 -2.0816681711721684e-18 -0.058788947677836566 0.004932182490752157 -0.03566158386620758 -5.204170427930421e-19 -0.0013948946854512492 -0.04764357455575585 -0.05604971365907152 0.009578544061302683 0.032059186189889025 0.012597631645250695 4.163336342344337e-18 -0.019933554817275746 0.02065848934796643 -0.013266118333775537 0.03226711560044894 0.07989854153455929 0.03761679407838855 -0.04098840613654995 0.02242681775259679 -0.013674788662357037 -0.1093376900842026 -0.007917656373713378 -0.20944402132520948 0.005332622317024396 -0.17442698572870113 -0.05534817865877204 -0.10611956137247965 -0.1410119682426828 -0.04973917263132354 -0.11280931586608442 -0.03705596728852543 -0.14905331005774136 -0.0978984466779794 -0.07400301493764562 0.011843079200592153 -0.030154542027892955 -0.005662514156285388 -0.030895983522142123 -0.022828307100805 -0.08107454017424975 0.07856616744414435 -0.09642222786094899 0.09264024704065878 -0.08780098443528002 0.11356843992827256 0.07983036048397155 0.026765972303037355 0.01915492957746479 -0.13367729831144465 -0.08964955175224124 -0.050239234449760764 -0.06333043586241152 -0.037965072133637055 0.0 -0.03935347856640899 0.07144587067086462 -0.03624035538929156 -0.023438415563107932 -0.24626419605499103 -0.2623906705539359 -0.2844932844932844 -0.35427724972225655 -0.37306979617047564 -0.07182249583173017 -0.16452371077008154 -0.10696549089519929 -0.0994789199431549 -0.06034788782392616 -0.7091672844082035 -1.6028560876523454 -0.7335201657121968 -1.647073856376182 -1.7485567671584352 -0.3243892671205446 -0.023571824736550184 -0.07030093734583127 -0.02714011082211919 -0.12738135497689101 -0.197900325811512 -0.3742937853107345 -0.30555225300202116 -0.3796685629483057 -0.3428072799800549 -0.17943497073046577 -0.0678585410413676
0.017002671848433328 -0.02222222222222222 -0.05384787973973524 -0.009328358208955225 0.003555766267630674 -0.0411522633744856 0.0061652281134401965 -0.006148548942449583 0.0038769707934866865 0.008369368112707493 -0.054081895441668804 -0.06336054587547216 0.009578544061302683 0.03945745992601726 0.0163769211388259 -0.008623875816188249 -0.006644518272425246 0.01936733376371853 -0.0026532236667551083 0.023849607182940515 0.0786303107165504 0.04004368401892974 -0.04450169809111136 0.024787535410764873 -0.00745897563401293 -0.11185120020108083 -0.007917656373713378 -0.19801980198019803 0.007998933475536592 -0.17298544039210031 -0.05277384476766637 -0.0907911802853437 -0.15286171347316035 -0.026689312143637022 -0.11402231926249393 -0.019166879631995915 -0.16248153618906944 -0.06265500587390681 -0.0767438673427436 0.028127313101406363 -0.021359467269757508 -0.009060022650056622 -0.03318457489415265 -0.01682085786375105 -0.06897386253630203 0.07365578197888534 -0.09261608728749048 0.10422027792074111 -0.07848875881335639 0.11954572624028692 0.08107770986653362 0.030257186081694403 0.004507042253521128 -0.13250469043151972 -0.08499243218069626 -0.050239234449760764 -0.06333043586241152 -0.04682358896481903 -0.007880220646178094 -0.05059732958538299 0.07144587067086462 -0.019873743277998596 -0.030469940232040322 -0.19964136282127912 -0.19922254616132168 -0.21978021978021975 -0.28268115047524994 -0.2557134033353923 -0.04873669360010262 -0.13134245817779622 -0.0865911116770661 -0.08053055423969682 -0.06744763933262335 -0.4175932789720781 -1.0205589068078296 -0.5702449128792495 -1.1244569384104268 -0.9441949967928158 -0.26698705112802024 -1.3877787807814458e-18 -0.060434139121854955 -0.014700893361981226 -0.10821778829895165 -0.14963195366236276 -0.294256120527307 -0.24729520865533225 -0.2906257729408855 -0.24058838194963847 -0.12853143293458896 -0.06524859715516115
