-0.02308066083576288 -0.00555926173004225 0.045964125560538124 -0.038407821229050274 0.04304675355733588 0.001172195522213107 -0.023361613180868067 0.001228350325512828 0.038744672607516475 -0.004184100418410046 -0.09393900398919058 -0.09122977739934315 0.16417189763399326 -0.05560360805634499 -0.03898880643944158 -1.3877787807814458e-18 -0.009251916468411314 0.006436663233779609 0.11547650650384922 0.03632807042056728 -0.08123889312008124 -0.11820619059224957 0.09090909090909093 -0.03491451962436792 -0.09796437659033079 0.02932925274164753 -0.07166556071665561 0.005130836326321183 -0.004011231448054553 0.024619840695148443 -0.14137000385554557 -0.09832958180310389 -0.16513102788081846 -0.08529048207663782 -0.12927284027346178 -0.06536802196365538 -0.10516252390057361 -0.0412124434990694 -0.06063947078280044 -0.10677197601287114 -0.2947817360762669 -0.5901639344262295 -0.14341441027994492 -0.1934166266218164 -0.07293946024799416 -0.06894004678074603 -0.0992618987019598 -0.012871669455528385 -0.09844352800319277 0.010458688181682356 -0.3303415607080528 -1.289611143354614 -0.5328237410071942 -0.17763234778543882 -0.0768782760629004 0.021574973031283706 -0.009953962921488117 0.05808814244222756 0.011840547296408365 0.060700169395821554 -0.17408123791102512 -0.28007935581748156 -0.1604591239166081 -0.20639465521355285 -0.06015222194942303 -0.041423001949317736 -0.08126077320856931 0.02845830240039594 -0.043595332734966026 -0.0678294573643411 -0.10077816047965302 -0.10657193605683837 -0.027286748131450943 -0.05582433941198363 -0.03342411487992077 -0.1337548638132296 -0.002517940324814302 -0.12466943709860219 0.06356773937226858 -0.07090264521407144 -0.17160493827160495 -0.049683830171635045 -0.04280725470316549 -0.025289017341040464 -0.15267175572519082 -0.046478369681801926 -0.10735439289239881 -0.04996252810392206 0.010176822287240815 -0.015787396395211158
-0.018221574344023325 -0.031131865688236605 0.05717488789237668 -0.04888268156424581 0.05022121248355853 -0.01875512835540968 -0.019672937415467846 -0.027023707161282395 0.04778509621593698 -0.02649930264993026 -0.09908634667352981 -0.1131249239751855 0.16658619024625784 -0.05807487952551588 -0.036473399572380834 0.003681885125184094 -0.019825535289452818 0.006436663233779611 0.11016724183700558 0.039122537375995525 -0.0787001777100787 -0.13404825737265416 0.0813397129186603 -0.043342162292318805 -0.11068702290076335 0.024228513134404488 -0.086264100862641 -0.016675218060543874 -0.014707848642866695 0.007241129616220136 -0.14779591312170673 -0.11491529439639854 -0.1735072394399904 -0.10506798516687268 -0.1379738968303294 -0.08890050987057133 -0.1133570062824365 -0.07045998404679607 -0.06063947078280044 -0.13748720198917652 -0.31234320120421477 -0.6840022611644997 -0.23519963285910966 -0.23906775588659296 -0.08509603695599319 -0.08371291394804875 -0.0992618987019598 -0.02960483974771528 -0.09445257416522548 -0.008964589870013449 -0.37147843430565947 -1.67382472431805 -0.9150179856115109 -0.24891901367301622 -0.1199767035527082 -0.003595828838547285 -0.0423043424163245 0.03283242833691123 -0.014471780028943565 0.03811405985319029 -0.17529013539651836 -0.30808729139922975 -0.18622628250175685 -0.2362204724409449 -0.07120058924625583 -0.0706627680311891 -0.0874168923910367 0.0012373174956693904 -0.042313117066290554 -0.09966777408637874 -0.10715652506697285 -0.12314979277679101 -0.043896073081029774 -0.06947028904602406 -0.043327556325823226 -0.14956225680933852 -0.013848671786478662 -0.14733660748016625 0.05032446033637929 -0.09953640578129261 -0.17407407407407408 -0.07678410117434507 -0.04956629491945477 -0.04214836223506744 -0.15854374633000587 -0.052437135025622694 -0.11846001974333661 -0.06869847614289283 0.01399313064495612 -0.02894356005788712
-0.013362487852283772 -0.06004002668445631 0.07623318385650224 -0.06634078212290503 0.06457013033600383 -0.04219903879967178 -0.002459117176933481 -0.05650411497359046 0.058117008911274706 -0.0502092050209205 -0.0965126753313602 -0.13866926164700158 0.17865765330758088 -0.060546150994686763 -0.022638661803546723 -0.0024545900834560624 -0.015860428231562255 0.0038619979402677654 0.1128218741704274 0.02934190303199664 -0.08123889312008124 -0.15476480623933708 0.07535885167464115 -0.06019744762822056 -0.1183206106870229 0.0025503698036215177 -0.08493696084936961 -0.04232939969214983 -0.02139323438962428 -0.015930485155684286 -0.15550700424110012 -0.1445326383129961 -0.1818834509991624 -0.12113720642768848 -0.14294592914853946 -0.10720355602039482 -0.11199125921879269 -0.09173092262696092 -0.05237045203969128 -0.15942664911510895 -0.3161063723030607 -0.7337478801582815 -0.3453418999541074 -0.2787121576165305 -0.08509603695599319 -0.09848578111535147 -0.09035377958768134 -0.03089200669326812 -0.07715844086736731 -0.017929179740026897 -0.3864372974320618 -1.902495647127104 -1.4467176258992807 -0.35409606170386815 -0.145602795573675 -0.04075272683686922 -0.0423043424163245 0.007576714231594911 -0.017103012761478752 0.026821005081874637 -0.1764990328820116 -0.3419302135605088 -0.20965097212461936 -0.2553089954664758 -0.0638350110483673 -0.07675438596491227 -0.07017975868012805 0.004949269982677556 -0.024362097704833958 -0.09413067552602436 -0.10588085214950886 -0.12788632326820604 -0.04745521414165381 -0.0918000248108175 -0.03713790542213419 -0.15199416342412453 -0.013848671786478658 -0.1410401712630651 0.05032446033637929 -0.0981728933733297 -0.17160493827160495 -0.0971093044263776 -0.039427734595020844 -0.03853564547206166 -0.15032295948326482 -0.06435466571326422 -0.109822309970385 -0.0799400449662753 0.021625747360386728 -0.04209972372056308
-0.010932944606413994 -0.0689348454525239 0.04820627802690583 -0.06866852886405958 0.0693531029534856 -0.0468878208885242 0.0012295585884667393 -0.061417516275641806 0.06715743251969522 -0.048814504881450484 -0.0939390039891906 -0.14475124680695778 0.16296475132786095 -0.05683924379093044 -0.020123254936485976 -0.006136475208640157 -0.0013217023526301886 -0.005149330587023687 0.1234404035041147 0.022355735643426015 -0.06981467377506981 -0.160857908847185 0.06698564593301436 -0.057789549723091735 -0.12086513994910941 -0.008926294312675338 -0.08360982083609822 -0.04746023601847101 -0.01871908009092125 -0.023171614771904415 -0.14394036756200998 -0.1528254946096434 -0.20102907742012682 -0.1273176761433869 -0.14418893722809198 -0.12419924173094521 -0.11335700628243653 -0.10635469290082425 -0.06201764057331862 -0.16527716834869094 -0.3135975915704967 -0.7563595251554551 -0.45318953648462595 -0.34718885151369533 -0.11184050571359105 -0.11941400960236366 -0.09035377958768134 -0.06049684644098339 -0.08114939470533458 -0.04332885103839833 -0.38394415357766143 -1.9570516540917005 -2.043615107913669 -0.6205445833820263 -0.18986604542807223 -0.07671101522234208 -0.054746796068184646 -0.022730142694784693 -0.03025917642415472 0.005646527385657818 -0.1764990328820116 -0.3582681759831952 -0.24713047552119932 -0.2863278453829635 -0.08102136017677389 -0.08040935672514618 -0.07141098251662152 2.0816681711721684e-18 -0.02179766636748301 -0.09136212624584716 -0.11098354381936473 -0.13025458851391356 -0.05338711590936054 -0.11040813794814539 -0.04827927704877445 -0.14956225680933852 -0.013848671786478662 -0.1410401712630651 0.05032446033637929 -0.10362694300518134 -0.16790123456790124 -0.10388437217705511 -0.058578348541173816 -0.03733140655105973 -0.14210217263652378 -0.07269693719461327 -0.10118460019743336 -0.08868348738446166 0.025442055718102024 -0.049993421918168655
-0.015792031098153546 -0.07671781187458306 0.011210762331838561 -0.05470204841713221 0.05022121248355853 -0.044543429844097995 -0.007377351530800444 -0.061417516275641806 0.05811700891127471 -0.044630404463040445 -0.0965126753313602 -0.14961683493492273 0.12675036214389185 -0.059310515260101324 -0.033957992705320086 -0.013500245459008344 -0.018503832936822628 -0.018022657054582905 0.10618529333687285 0.01816403521028364 -0.07235338918507236 -0.16938825249817208 0.03349282296650717 -0.06742114134360702 -0.14631043256997456 -0.02677888293802601 -0.10749834107498342 -0.06157003591585428 -0.04278646877924856 -0.024619840695148443 -0.14651073126847447 -0.15756426963629905 -0.2261577120976427 -0.1334981458590853 -0.16407706650093226 -0.14511700875931494 -0.13247746517344988 -0.1356022334485509 -0.08544652701212789 -0.18136609624104139 -0.30607124937280483 -0.7755794234030526 -0.5403854979348325 -0.4456991830850553 -0.15803549720398735 -0.14280438261725964 -0.12725884448969205 -0.09138885313425152 -0.11041638951709458 -0.06424622740176303 -0.3989030167040638 -2.0023215322112593 -2.4763938848920866 -1.0447586771064625 -0.2667443214909726 -0.1162651324463622 -0.09829538384969516 -0.05935092814749336 -0.07104328377845019 -0.009881422924901188 -0.19463249516441006 -0.3676041545104446 -0.30920590302178497 -0.3137675972321642 -0.1276700220967346 -0.08771929824561403 -0.10096035459246491 -0.01732244493937144 -0.05257084241569432 -0.09689922480620154 -0.10843219798443679 -0.1373593842510361 -0.07830110333372879 -0.131497332837117 -0.06932409012131716 -0.1507782101167315 -0.03147425406017877 -0.14985518196700667 0.02913521387895643 -0.11589855467684755 -0.17901234567901234 -0.10953026196928635 -0.09800608313619466 -0.025289017341040464 -0.16089254257193186 -0.07508044333214157 -0.12709772951628823 -0.09992505620784413 -0.008904719501335706 -0.046046572819365875
-0.019436345966958212 -0.09673115410273515 -0.016816143497757848 -0.06401303538175046 0.03826378093985412 -0.06447075372172077 -0.009836468707733925 -0.07738607050730867 0.055534030737440274 -0.06555090655509066 -0.1003731823446146 -0.15813161415886143 0.10864316755190731 -0.06672432966761399 -0.0427619167400327 -0.023318605792832597 -0.02907745175786413 -0.015447991761071062 0.0902574993363419 0.013972334777141262 -0.07235338918507235 -0.1815744577138679 0.01794258373205742 -0.0854803756320732 -0.1513994910941476 -0.03825554705432287 -0.11015262110152621 -0.06157003591585428 -0.05214600882470919 -0.030412744388124545 -0.15165145868140342 -0.16467243217628244 -0.24889314347253796 -0.14091470951792337 -0.18023617153511498 -0.1555758922734998 -0.14340344168260039 -0.12895506514224941 -0.10336273428886437 -0.1755155770074594 -0.29352734570998495 -0.7687959299039006 -0.6092244148692061 -0.5502162421912542 -0.20058351568198396 -0.15880832204850426 -0.15271061338763045 -0.0913888531342515 -0.13170147665292004 -0.0747049155834454 -0.40388930441286464 -2.0139291932675567 -2.897931654676259 -1.6068715671380154 -0.3401281304601048 -0.16061368812177873 -0.13189000870971757 -0.07829271372648063 -0.10656492566767531 -0.026821005081874655 -0.19705029013539652 -0.3886101061967557 -0.3384867650503631 -0.37938439513242667 -0.15344954578934447 -0.12305068226120856 -0.10465402610194534 -0.03835684236575105 -0.06154635209642262 -0.1093576965669989 -0.10715652506697282 -0.13972764949674363 -0.07830110333372879 -0.15754869122937604 -0.08170339192869523 -0.15442607003891048 -0.04532292584665743 -0.14355874574990554 0.011918951132300355 -0.11453504226888464 -0.19135802469135801 -0.11856368563685638 -0.1250422440013518 -0.03371868978805396 -0.1691133294186729 -0.0893814801573114 -0.14067127344521227 -0.10117411941044219 -0.02671415850400712 -0.04736218918563347
-0.026724975704567545 -0.08783633533466756 -0.042600896860986545 -0.06052141527001862 0.028697835704890595 -0.062126362677294565 -0.018443378827001106 -0.07738607050730865 0.04132765078135091 -0.058577405857740586 -0.1029468536867842 -0.1751611726067388 0.08570738773539355 -0.08278759421722477 -0.04653502704062382 -0.029455081001472753 -0.03436426116838488 -0.019309989701338827 0.08627555083620916 0.009780634343998885 -0.09012439705509012 -0.17060687301974167 -0.0023923444976076567 -0.07223693715386467 -0.16157760814249367 -0.019127773527161437 -0.1340411413404114 -0.04361210877373011 -0.05615724027276374 -0.01158580738595221 -0.14779591312170676 -0.1469020258263239 -0.25248294842646885 -0.134734239802225 -0.18769422001243008 -0.15165381095568048 -0.15023217700081942 -0.1276256314809891 -0.0992282249173098 -0.1769782068158549 -0.27722027094831914 -0.7563595251554551 -0.6436438733363928 -0.6883709754925517 -0.2492098225139801 -0.18096762279945836 -0.1883430898447442 -0.1081220234264384 -0.16229878941066914 -0.08217540714178992 -0.3964098728496634 -1.9941961694718515 -3.116007194244604 -2.3185695921467806 -0.425160163075131 -0.1941747572815534 -0.16299614283936795 -0.1073367849475944 -0.11972108933035126 -0.03952569169960475 -0.20067698259187622 -0.36410316256272607 -0.36776762707894123 -0.39966595084705325 -0.18904984041247236 -0.1242690058479532 -0.12435360748584093 -0.04206879485275921 -0.07308629311450185 -0.10382059800664452 -0.10843219798443679 -0.13143872113676733 -0.07711472298018744 -0.19724599925567549 -0.09036890319385989 -0.16293774319066148 -0.06168953795795039 -0.15237375645384713 -0.003972983710766785 -0.11044450504499592 -0.20123456790123456 -0.12420957542908762 -0.14757237805564943 -0.031310211946050104 -0.16793893129770993 -0.09295673936360385 -0.15054294175715696 -0.1086684986260305 -0.029258364075817323 -0.05788712011577425
-0.034013605442176874 -0.07227040249054925 -0.060538116591928245 -0.055865921787709494 0.020327633624297504 -0.056265385066229044 -0.025820730357801545 -0.06141751627564179 0.034870205346764827 -0.04881450488145049 -0.1003731823446146 -0.16542999635080888 0.07725736359246743 -0.0864945014209811 -0.038988806439441574 -0.02454590083456063 -0.026434047052603753 -0.007723995880535531 0.10220334483674012 0.009780634343998883 -0.0913937547600914 -0.15720204728247628 -0.008373205741626798 -0.07705273296412232 -0.16539440203562344 -0.011476664116296866 -0.1473125414731254 -0.02437147255002565 -0.05749431742211526 -0.0014482259232440273 -0.1426551857087778 -0.12913161947636537 -0.2596625583343305 -0.134734239802225 -0.19266625233064014 -0.16080533403059225 -0.15296367112810708 -0.12363733049720822 -0.10060639470782799 -0.18867924528301888 -0.24711490215755147 -0.7122668174109668 -0.6390546122074346 -0.8012974531475253 -0.28932652565037686 -0.19697156223070295 -0.17943497073046577 -0.11327069120864977 -0.14101370227484372 -0.08815180038846557 -0.37895786586886054 -1.9291932675565875 -3.189073741007194 -3.075844337968914 -0.5614443797320908 -0.20616085341004436 -0.19410227696901833 -0.09597171360020204 -0.1381397184580976 -0.03387916431394693 -0.18133462282398452 -0.3512661920877582 -0.37128133052237056 -0.42710570269625386 -0.22342253866928555 -0.14132553606237816 -0.1305097266683083 -0.04454342984409799 -0.06667521477112451 -0.11074197120708748 -0.10332950631458096 -0.11841326228537594 -0.07236920156602207 -0.19104329487656618 -0.10893785590492697 -0.15685797665369652 -0.0742792395820219 -0.13474373504596399 -0.010594623228711431 -0.09680938096536679 -0.20370370370370366 -0.10275519421860883 -0.1667229920018024 -0.01565510597302505 -0.17381092190252495 -0.07746394946966988 -0.15671273445212244 -0.09243067699225582 -0.03561887800534283 -0.05262465465070386
-0.04737609329446065 -0.09117189237269292 -0.07286995515695066 -0.07565176908752327 0.007174458926222647 -0.07267612237721252 -0.04180499200786917 -0.07124431887974447 0.014206379956089374 -0.06694560669456066 -0.10552052502895379 -0.17637756963873008 0.06880733944954132 -0.10132213023600642 -0.054081247641806066 -0.03190967108492882 -0.04361617763679619 -0.025746652935118436 0.07831165383594373 6.938893903907229e-19 -0.09393247017009394 -0.15842066780404584 -0.009569377990430625 -0.08427642667950878 -0.16793893129770995 -0.012751849018107622 -0.145985401459854 -0.023088763468445357 -0.05214600882470919 1.3877787807814458e-18 -0.13622927644261665 -0.12439284444970974 -0.26444896493957165 -0.14833127317676142 -0.19142324425108764 -0.15819061315204602 -0.15023217700081942 -0.1289550651422494 -0.10336273428886436 -0.19306713470820538 -0.20572002007024587 -0.6523459581684569 -0.6229921982560808 -0.8986064392119173 -0.3440311208363725 -0.23390373014895977 -0.17816238228556885 -0.13772686317415367 -0.1383530663828655 -0.10608098012849246 -0.3540264273248566 -1.811955890887986 -3.2014388489208634 -3.7478088114993575 -0.7850902737332557 -0.2457149706340645 -0.2339181286549708 -0.10354842783179694 -0.16839889488225232 -0.046583850931677016 -0.16199226305609282 -0.3419302135605088 -0.35605528226750993 -0.46766881412550704 -0.2467468696292659 -0.16934697855750486 -0.12804727899532137 -0.059391239792130665 -0.06795743043979997 -0.1273532668881506 -0.10843219798443679 -0.10657193605683835 -0.06169177838414995 -0.17119464086341646 -0.12626887843525628 -0.16658560311284046 -0.091904821855722 -0.1561516181841078 -0.03840550920407893 -0.10635396782110718 -0.20370370370370366 -0.11743450767841013 -0.17911456573166612 -0.03733140655105973 -0.16559013505578393 -0.08342271481349064 -0.1579466929911155 -0.09617786660004998 -0.03561887800534283 -0.05920273648204184
-0.06438289601554907 -0.10673782521681123 -0.09529147982062779 -0.10242085661080076 0.010761688389333973 -0.08205368655491736 -0.05041190212713635 -0.07492936985628298 0.012914890869172163 -0.07391910739191074 -0.10809419637112341 -0.19097433402262493 0.05311443746982135 -0.1285061163968862 -0.059112061375927547 -0.04540991654393717 -0.06608511763150939 -0.038619979402677654 0.05441996283514733 -0.011177867821713008 -0.11424219345011426 -0.17548135510602 -0.019138755980861243 -0.10113171201541056 -0.16539440203562342 -0.019127773527161437 -0.14333112143331123 -0.026936890713186244 -0.04947185452600615 -0.004344677769732079 -0.14779591312170673 -0.13742447577301267 -0.27880818475529495 -0.17058096415327564 -0.2038533250466128 -0.17780101974114265 -0.17344987708276424 -0.15421430470619518 -0.10887541345093713 -0.18721661547462337 -0.193176116407426 -0.5325042396834371 -0.5851307939421753 -0.9778952426717924 -0.43034281546316555 -0.27699125938692604 -0.20106897429371343 -0.15188569957523493 -0.15165624584275644 -0.11205737337516808 -0.3266018449264522 -1.3685432385374345 -3.1272482014388485 -4.2468154727124 -1.114735002912056 -0.31043988972791564 -0.2588030359586911 -0.12122742770551838 -0.18944875674253386 -0.06211180124223603 -0.15594777562862666 -0.33259423503325947 -0.35019910986179437 -0.5034597947983775 -0.28111956788607906 -0.19980506822612085 -0.1255848313223344 -0.08290027220984904 -0.06539299910244903 -0.13427464008859358 -0.11481056257175659 -0.093546477205447 -0.05457349626290188 -0.18732167224910062 -0.14236197078484775 -0.1848249027237354 -0.09819967266775775 -0.15992947991436848 -0.041054165011256784 -0.10771748022907009 -0.20864197530864192 -0.14679313459801266 -0.20615072659682326 -0.07466281310211946 -0.1550205519671169 -0.09295673936360385 -0.1554787759131293 -0.10117411941044216 -0.027986261289912228 -0.05788712011577425
-0.04980563654033041 -0.09784300644874362 -0.09865470852017935 -0.1233705772811918 0.01674040416118618 -0.08088149103270426 -0.044264109184802655 -0.06878761822871884 0.015497869043006585 -0.07112970711297072 -0.08621798996268176 -0.18245955479868625 0.07484307098020279 -0.15321883108859508 -0.03270028927178971 -0.04909180166912126 -0.05418979645783769 -0.039907312049433576 0.08096628616936555 1.3877787807814458e-18 -0.08758568164508759 -0.16207652936875455 -0.015550239234449764 -0.11076330363592583 -0.14631043256997453 -0.006375924509053809 -0.13934970139349703 -0.014109799897383268 -0.036101083032490974 0.01158580738595221 -0.1310885490296877 -0.12083876317971805 -0.2823979897092258 -0.19777503090234858 -0.1963952765692977 -0.19479670545169303 -0.16798688882818902 -0.16352034033501725 -0.0854465270121279 -0.17405294719906392 -0.14676367285499245 -0.4171848501978519 -0.5117026158788434 -1.0487746275828926 -0.5203014831023582 -0.311461282777299 -0.19470603206922882 -0.1634702020852105 -0.13037115870693095 -0.12251606155685044 -0.2767389678384443 -0.8810214741729538 -2.841726618705036 -4.729461259787309 -1.582993593476995 -0.35358983579048303 -0.2650242627846211 -0.11617628488445508 -0.18287067491119588 -0.05928853754940712 -0.13176982591876207 -0.316256272610573 -0.3267744202389319 -0.5153901216893344 -0.30689909157868894 -0.2168615984405458 -0.11450381679389314 -0.08290027220984904 -0.04872419540966791 -0.132890365448505 -0.08291873963515754 -0.08880994671403195 -0.03321864989915767 -0.17739734524252573 -0.1510274820500124 -0.18968871595330739 -0.08938688153090771 -0.15867019267094826 -0.027810885975367496 -0.12271611671666212 -0.18641975308641973 -0.1298554652213189 -0.20502421989410835 -0.09152215799614644 -0.13740458015267176 -0.07508044333214157 -0.15177690029615004 -0.07119660254808893 -0.026714158504007122 -0.036837258255492694
-0.052235179786200195 -0.08116522125861687 -0.10089686098654707 -0.1303538175046555 0.02869783570489059 -0.06915953581057319 -0.03688675765400221 -0.05281906399705196 0.01937233630375823 -0.0697350069735007 -0.08107064727834255 -0.1629972022868264 0.06760019314340897 -0.16928209563820587 -0.0289271789711986 -0.05031909671084929 -0.05154639175257732 -0.03475798146240989 0.08494823466949827 6.938893903907229e-19 -0.08123889312008124 -0.1389227394589325 -0.0035885167464114825 -0.11076330363592583 -0.1361323155216285 0.00765110941086457 -0.12873258128732584 1.3877787807814458e-18 -0.03476400588313946 0.021723388848660395 -0.12980336717645546 -0.10425305058642342 -0.2596625583343305 -0.1965389369592089 -0.18645121193287756 -0.1869525428160544 -0.16115815350996995 -0.14756713639989366 -0.0675303197353914 -0.15503875968992248 -0.1254390366281987 -0.32899943470887505 -0.41418081688848085 -1.0703988467083132 -0.6224167274495502 -0.3299273667364274 -0.20615932807330112 -0.1583215343029991 -0.12904084076094186 -0.11952786493351264 -0.23684866616803793 -0.5072547881601859 -2.470773381294964 -5.006427486268552 -2.1875364006988933 -0.417116145271485 -0.2588030359586911 -0.12122742770551838 -0.16313642941718193 -0.05928853754940712 -0.12330754352030951 -0.29641731824016804 -0.29632232372921063 -0.5165831543784299 -0.33022342253866926 -0.22660818713450293 -0.10711647377493227 -0.07176441474882453 -0.0359020387229132 -0.11766334440753048 -0.06378364587319812 -0.08052101835405565 -0.0047455214141653825 -0.15878923210519785 -0.14236197078484775 -0.18725680933852137 -0.07805615006924335 -0.14607732023674602 -0.0092702953251225 -0.11589855467684755 -0.17777777777777776 -0.10388437217705511 -0.20051819308324884 -0.09513487475915224 -0.11861421021726364 -0.06077940650697176 -0.1468410661401777 -0.04746440169872596 -0.03053046686172243 -0.021049861860281537
-0.048590864917395525 -0.06115187903046475 -0.10986547085201795 -0.13966480446927373 0.022719119933038386 -0.055093189544015944 -0.05533013648100331 -0.041763911067436425 0.019372336303758234 -0.06136680613668062 -0.08750482563376658 -0.13502007055102783 0.05915016900048285 -0.1841097244532312 -0.04401962017356307 -0.05522827687776142 -0.07665873645255088 -0.04634397528321319 0.06769312450225644 -0.011177867821713008 -0.07616146230007617 -0.11820619059224957 -0.0023923444976076636 -0.11196725258849025 -0.13613231552162847 0.007651109410864575 -0.13669542136695423 0.0038481272447408984 -0.036101083032490974 0.018826937002172337 -0.11823673049736538 -0.07818978793981757 -0.24410673686729684 -0.21013597033374537 -0.1889372280919826 -0.18956726369460059 -0.18027861240098336 -0.15022600372241426 -0.07166482910694598 -0.147725610647945 -0.1254390366281987 -0.27586206896551724 -0.30748049564020197 -1.0631907736665063 -0.7646486749331388 -0.3643973901268004 -0.24688215831000257 -0.17505470459518602 -0.15830783557270187 -0.12998655311519497 -0.2193966591872351 -0.2901915264074289 -1.9503147482014391 -5.113941802033422 -2.9330227140361096 -0.4962243797195254 -0.2961303969142715 -0.13511807046344235 -0.16839889488225232 -0.07481648785996611 -0.12209864603481624 -0.27074337729023223 -0.2740688685874912 -0.5141970890002385 -0.39037564448809225 -0.24975633528265107 -0.1502093080522039 -0.08537490720118782 -0.0576997050903962 -0.12596899224806202 -0.06123230003827018 -0.07696862048549437 2.4286128663675298e-18 -0.157548691229376 -0.17578608566476853 -0.21035992217898833 -0.10323555331738636 -0.1763002140788314 -0.026486558071778566 -0.13907826561221706 -0.18765432098765428 -0.08920505871725384 -0.2196688070294018 -0.12644508670520233 -0.12918379330593072 -0.06912167798832083 -0.1727541954590326 -0.05745690731951038 -0.03689098079124793 -0.03157479279042231
-0.04494655004859086 -0.060040026684456314 -0.08968609865470852 -0.1478119180633147 0.008370202080593091 -0.05392099402180284 -0.05655969506947005 -0.04544896204397493 0.019372336303758234 -0.06276150627615064 -0.09136533264702097 -0.1484004379029315 0.06518590053114438 -0.19646608179908562 -0.06414287511004906 -0.0466372115856652 -0.08723235527359238 -0.0411946446961895 0.05441996283514733 -0.009780634343998883 -0.07743082000507744 -0.11576894954911039 0.013157894736842108 -0.12521069106669874 -0.13994910941475827 0.0025503698036215237 -0.12740544127405443 -0.015392508978963567 -0.025404465837678837 0.004344677769732073 -0.11823673049736536 -0.07226631915649803 -0.22017470384109128 -0.21631644004944378 -0.2113113735239279 -0.18825990325532752 -0.19939907129199672 -0.16219090667375696 -0.07028665931642777 -0.14772561064794498 -0.1254390366281987 -0.2543810062182024 -0.2053694355208812 -1.0091302258529553 -0.8497447118891319 -0.4111781361565924 -0.2672435734283533 -0.17634187154073883 -0.1702806970866037 -0.12699835649185717 -0.2081775118424333 -0.24840394660475912 -1.3522931654676258 -4.896575902769662 -3.6272568433313923 -0.7311518638379481 -0.3235037949483638 -0.1591109988634929 -0.1749769767135903 -0.07763975155279504 -0.1075918762088975 -0.262574396078889 -0.24127430311548367 -0.4963015986638034 -0.4210655536459612 -0.28386939571150094 -0.16252154641713862 -0.0989853996535511 -0.06282856776509808 -0.13565891472868213 -0.05740528128587831 -0.07933688573120187 -0.003559141060624034 -0.14638382334697927 -0.16712057439960387 -0.2237354085603113 -0.4204960342439884 -0.18007807580909205 -0.03310819758972321 -0.13635124079629124 -0.19382716049382714 -0.0948509485094851 -0.21065675340768278 -0.1384874759152216 -0.1456253669994128 -0.0572041473006793 -0.17028627838104637 -0.05995503372470647 -0.031802569647627524 -0.02894356005788712
-0.047376093294460644 -0.05336891260840561 -0.07623318385650224 -0.15595903165735572 -0.005978715771852203 -0.0457156253663111 -0.05778925365793679 -0.046677312369487765 0.019372336303758238 -0.06276150627615064 -0.10037318234461459 -0.14353484977496653 0.07001448575567358 -0.20511553194118376 -0.07797761287888316 -0.04540991654393717 -0.07798043880518106 -0.052780638516992794 0.05707459516856915 -0.018164035210283636 -0.08123889312008123 -0.10236412381184498 0.020334928229665074 -0.11919094630387672 -0.14631043256997453 0.01785258862535067 -0.12873258128732581 -0.0038481272447408966 -0.025404465837678837 0.007241129616220131 -0.11181082123120423 -0.06752754412984244 -0.20581548402536795 -0.21137206427688504 -0.22747047855811062 -0.1764936593018695 -0.21578803605572244 -0.14623770273863335 -0.08544652701212788 -0.13748720198917655 -0.13045659809332663 -0.2283776144714528 -0.135383203304268 -0.9154252763094666 -0.9056649647459276 -0.4653453157700357 -0.2748791040977348 -0.17119320375852748 -0.16762006119462552 -0.11653966831017482 -0.1969583644976315 -0.2077771329077191 -0.9397482014388491 -4.500409021853453 -4.181712288875946 -1.0559750689200527 -0.34714445688689805 -0.15658542745296122 -0.16708327851598473 -0.07340485601355166 -0.0930851063829787 -0.25557241218345195 -0.21082220660576248 -0.4748270102600811 -0.4382519027743677 -0.31676413255360625 -0.17483378478207337 -0.0989853996535511 -0.07436850878317733 -0.13427464008859358 -0.06250797295573415 -0.0734162226169331 -0.008304662474789415 -0.13397841458876072 -0.15969299331517703 -0.23832684824902722 -0.41168324310713833 -0.1825966502959325 -0.03045954178254535 -0.13226070357240252 -0.19135802469135801 -0.08468834688346885 -0.19713867297510418 -0.148121387283237 -0.15619495008807988 -0.04528661661303777 -0.1554787759131293 -0.05121159130652011 -0.013993130644956112 -0.032890409156689907
-0.04616132167152576 -0.0333555703802535 -0.05717488789237668 -0.15595903165735567 -0.0059787157718522044 -0.030477083577540736 -0.04426410918480265 -0.04299226139294927 0.03228722717293039 -0.057182705718270575 -0.09007849697593616 -0.12893808539107166 0.09536455818445196 -0.20140862473742743 -0.08175072317947428 -0.033136966126656855 -0.05418979645783769 -0.061791967044284246 0.06636580833554553 -0.023752969121140142 -0.07743082000507742 -0.09139653911771875 0.04066985645933015 -0.10835540573079701 -0.15139949109414758 0.02167814333078296 -0.13005972130059723 -0.0012827090815802952 -0.025404465837678837 0.014482259232440259 -0.09510345713918521 -0.0473877502665561 -0.17470384109130072 -0.20519159456118663 -0.22995649471721563 -0.1660347757876847 -0.2157880360557225 -0.15022600372241426 -0.07993384785005513 -0.14480035103115402 -0.12293025589563475 -0.220463538722442 -0.05162918770078018 -0.8109082172032677 -0.9384877218575249 -0.5564446633017358 -0.28251463476711625 -0.18921354099626722 -0.16628974324863643 -0.12251606155685044 -0.1757666417352281 -0.18804410911201397 -0.5283273381294965 -3.9581629075610607 -4.588235294117648 -1.5402133525110873 -0.3832275724772925 -0.17931557014774593 -0.16182081305091436 -0.08328627893845283 -0.08341392649903287 -0.23573345781304705 -0.1920824549074725 -0.4175614411834885 -0.44930027007120044 -0.3362573099415204 -0.18714602314700812 -0.10146003464488987 -0.07949737145787922 -0.1356589147286822 -0.057405281285878296 -0.06275902901124927 -0.014236564242496145 -0.11785138320307656 -0.15474127259222584 -0.25535019455252916 -0.400352511645474 -0.19141166099987406 -0.01456760693947821 -0.13771475320425416 -0.18271604938271607 -0.06775067750677506 -0.17798805902895123 -0.14210019267822738 -0.16793893129770993 -0.023835061375283045 -0.13573543928923987 -0.05370971771171622 -2.7755575615628915e-18 -0.034206025522957505
-0.05587949465500486 -0.04892150322437181 -0.03699551569506726 -0.16061452513966484 -0.017936147315556615 -0.03633806118860626 -0.04426410918480265 -0.0442206117184621 0.04003616169443368 -0.06973500697350069 -0.09007849697593617 -0.12772168835908043 0.12312892322549493 -0.19275917459532932 -0.08803924034712615 -0.017182130584192438 -0.05154639175257732 -0.05149330587023687 0.06902044066896736 -0.020958502165711893 -0.06473724295506474 -0.09870826224713625 0.05980861244019139 -0.11196725258849023 -0.16030534351145037 0.002550369803621525 -0.12209688122096882 -0.02437147255002565 -0.026741542987030353 -0.004344677769732079 -0.0912479115794885 -0.054495912806539516 -0.15077180806509513 -0.2064276885043263 -0.23119950279676815 -0.1686494966662309 -0.21032504780114722 -0.15421430470619515 -0.0854465270121279 -0.14187509141436302 -0.11540391369794281 -0.21141888072357268 0.006883891693437352 -0.6703507928880347 -0.9384877218575249 -0.6512372276252616 -0.28760498854670397 -0.1956493757240314 -0.15431688173473462 -0.12550425818018823 -0.16080777860882572 -0.18224027858386538 -0.28214928057553956 -3.248802150286315 -4.817705299941759 -2.1754764473211075 -0.4392186139106632 -0.2096224270741255 -0.16050519668464674 -0.10728402032749858 -0.07616054158607351 -0.24623643365620262 -0.1557741859920356 -0.39489382009067053 -0.4480726737048858 -0.3825536062378167 -0.20192070918492983 -0.11135857461024498 -0.08462623413258108 -0.1508859357696567 -0.06505931879066207 -0.07341622261693312 -0.015422944596037486 -0.09304056568663936 -0.14483783114632337 -0.26629377431906615 -0.39531663099584546 -0.19141166099987408 0.0013243279035889317 -0.14998636487592037 -0.17283950617283947 -0.06097560975609756 -0.14644587135293458 -0.14210019267822738 -0.17498532002348796 -0.013109283756405674 -0.11846001974333661 -0.05121159130652012 0.00890471950133571 -0.0355216418892251
-0.04494655004859087 -0.06448743606849011 -0.032511210762331835 -0.15013966480446927 -0.02271911993303838 -0.03282147462196695 -0.039345874830935684 -0.050362363346026284 0.038744672607516475 -0.07391910739191074 -0.08364431862051216 -0.1386692616470016 0.12312892322549493 -0.18040281724947488 -0.10313168154949062 -0.003681885125184095 -0.05022468939994712 -0.05149330587023687 0.0637111760021237 -0.023752969121140145 -0.04950495049504951 -0.10236412381184498 0.07655502392344497 -0.09390801830002407 -0.15394402035623408 -0.0025503698036215237 -0.11147976111479763 -0.04232939969214981 -0.020056157240272765 -0.015930485155684286 -0.07197018378100502 -0.045018362753228285 -0.13042957999282043 -0.1928306551297899 -0.22374145431945308 -0.16080533403059225 -0.20213056541928434 -0.15953203935123636 -0.07993384785005511 -0.13309931256399005 -0.08655293527345709 -0.2080271339739966 0.03212482790270767 -0.5406054781355117 -0.912958910770727 -0.7583405145882063 -0.3143293458895393 -0.2110953790706655 -0.15830783557270187 -0.13148065142686388 -0.14335577162802293 -0.1787579802669762 -0.18435251798561153 -2.4681547271239923 -4.857309260337798 -2.9306005034160374 -0.5176060719173821 -0.2424548554110367 -0.16313642941718193 -0.11434217955957085 -0.06165377176015474 -0.24390243902439024 -0.13820566877488877 -0.3507516105941303 -0.43088632457647924 -0.402046783625731 -0.2117704998768776 -0.11630784459292254 -0.08975509680728297 -0.1453488372093023 -0.061232300038270196 -0.06986382474837184 -0.02847312848499229 -0.0831162386800645 -0.1349343897004209 -0.27115758754863817 -0.40664736245750976 -0.19393023548671454 -0.011918951132300355 -0.15407690209980912 -0.16790123456790124 -0.08017163504968383 -0.12842176410949646 -0.13728323699421968 -0.1937756899588961 5.551115123125783e-18 -0.12709772951628823 -0.05246065450911817 0.0025442055718102015 -0.03025917642415472
-0.030369290573372204 -0.05225706026239716 -0.02017937219730942 -0.11522346368715083 -0.009565945234963524 -0.004688782088852425 -0.011066027296200655 -0.03316545878884657 0.07619785612811572 -0.05439330543933053 -0.07334963325183373 -0.14231845274297533 0.14365041042974408 -0.166810824169035 -0.09558546094830839 0.0012272950417280323 -0.04229447528416601 -0.047631307929969106 0.08229360233607647 -0.023752969121140145 -0.048235592790048236 -0.09992688276870583 0.07894736842105263 -0.07705273296412232 -0.16412213740458015 0.008926294312675337 -0.11944260119442603 -0.03335043612108774 -0.0227303115389758 -0.002896451846488052 -0.06811463822130831 -0.029617343916597566 -0.11607036017709707 -0.14956736711990112 -0.22374145431945308 -0.13988756700222255 -0.20349631248292815 -0.14490826907737303 -0.07717750826901873 -0.12578616352201258 -0.08153537380832916 -0.1989824759751272 0.060807709958696644 -0.4252763094666026 -0.8667639192803305 -0.8543641511756739 -0.34868923390175616 -0.22267988158064106 -0.1529865637887455 -0.13895114298520844 -0.13712291199202192 -0.1717933836331979 -0.1483812949640288 -1.782166647189436 -4.69889341875364 -3.673738463382476 -0.6258554186885654 -0.2740244980426822 -0.15787396395211156 -0.11857707509881424 -0.06044487427466152 -0.23456646049714086 -0.12415085500117125 -0.3078024337866857 -0.4112447827154432 -0.419103313840156 -0.23023885742427974 -0.11259589210591436 -0.0884728811386075 -0.13565891472868213 -0.04464855211123868 -0.06275902901124927 -0.011863803535413452 -0.08435677955588636 -0.09903441445902453 -0.2650778210116732 -0.38398589953418105 -0.17504092683541117 0.03708118130049 -0.14180529042814288 -0.16543209876543208 -0.07791327913279134 -0.12278923059592203 -0.10838150289017341 -0.2008220786846741 0.0071505184125849105 -0.11846001974333664 -0.04871346490132401 0.017809439002671415 -0.023681094592816733
-0.003644314868804664 -0.04336224149432956 1.0408340855860842e-18 -0.08147113594040968 -0.0035872294631113222 0.008205368655491735 0.01844337882700111 -0.022110305859231048 0.09557019243187395 -0.03905160390516039 -0.06305494788315533 -0.13988565867899283 0.16175760502172862 -0.13839120227356977 -0.09558546094830839 0.015954835542464407 -0.02907745175786413 -0.032183316168898045 0.08760286700292008 -0.012575101299427138 -0.029195227215029197 -0.09383378016085792 0.08971291866028709 -0.051769804960269686 -0.1577608142493639 0.008926294312675337 -0.11546118115461182 -0.04361210877373012 -0.01069661719481214 -0.008689355539464155 -0.05269245598252152 -0.02250918137661415 -0.10290774201268396 -0.11248454882571075 -0.21628340584213798 -0.1176624395345797 -0.19257033597377765 -0.13560223344855088 -0.07442116868798235 -0.13456194237238556 -0.0664826894129453 -0.18089315997738836 0.0849013308857274 -0.32436328688130706 -0.7755895939703378 -0.9282284870121875 -0.3817765334690761 -0.22525421547174673 -0.14101370227484367 -0.13596294636187062 -0.13462976813762154 -0.1567034242600116 -0.12927158273381295 -1.239920532897043 -4.371578334304019 -4.456430540572936 -0.8224461863879557 -0.3068569263795934 -0.1749769767135903 -0.11575381140598533 -0.045938104448742745 -0.19955654101995568 -0.11243851018973998 -0.23979957050823186 -0.38669285538914805 -0.41179337231968816 -0.26225067717311 -0.10146003464488987 -0.09488395948198487 -0.13150609080841638 -0.02678913126674321 -0.04499703966844286 0.0023727607070826904 -0.058305421163627344 -0.0730378806635306 -0.2480544747081712 -0.36887825758529524 -0.15867019267094826 0.05694609985432393 -0.12680665394055085 -0.14938271604938272 -0.07565492321589881 -0.09575306973076489 -0.07707129094412332 -0.20199647680563712 0.011917530687641523 -0.10858835143139192 -0.04621533849612791 0.02416995293219692 -0.02499671095908433
-0.009718172983479106 -0.031131865688236598 0.010089686098654708 -0.053538175046554934 -0.017936147315556622 0.004688782088852419 0.017213820238534367 -0.01228350325512836 0.08394679064961902 -0.039051603905160395 -0.08107064727834255 -0.14353484977496653 0.1484789956542733 -0.1173853947856172 -0.12451263991950696 0.0024545900834560654 -0.027755749405233943 -0.03475798146240988 0.06902044066896734 -0.02794466955428252 -0.05839045443005839 -0.07677309285888376 0.0813397129186603 -0.02528292800385264 -0.18447837150127228 0.007651109410864575 -0.1340411413404114 -0.05387378142637249 -0.026741542987030353 -0.02606806661839247 -0.05783318339545046 -0.018955100106622436 -0.07538590403254757 -0.08776266996291718 -0.2137973896830329 -0.11635507909530658 -0.19120458891013387 -0.13161393246477 -0.07855567805953692 -0.14626298083954953 -0.0852985449071751 -0.17071791972866027 0.10211106011932078 -0.22705430081691494 -0.6892778993435448 -0.9885510279453402 -0.47085772461186054 -0.23941305187282796 -0.1676200611946255 -0.13596294636187062 -0.15457491897282472 -0.13929193267556586 -0.12027877697841727 -0.6953371508706322 -3.8846825859056495 -5.133644971832674 -1.172079134005226 -0.3497916403586311 -0.20786738587028025 -0.11575381140598531 -0.05440038684719535 -0.18205158128136306 -0.09838369641602249 -0.21713194941541397 -0.3682789098944267 -0.4178849902534113 -0.3151933021423295 -0.11878247958426132 -0.12181048852416976 -0.13427464008859358 -0.054853935450950374 -0.04262877442273534 -0.002372760707082688 -0.0657486664185585 -0.07303788066353059 -0.23467898832684825 -0.400352511645474 -0.1599294799143685 0.03443252549331215 -0.12680665394055085 -0.1530864197530864 -0.07226738934056007 -0.08561450940633097 -0.052986512524084775 -0.2196124486200822 -0.01310928375640567 -0.10365251727541953 -0.05870597052210843 0.026714158504007122 -0.0368372582554927
-0.002429543245869775 -0.03446742272626195 0.0011210762331838556 -0.03724394785847299 -0.029893578859261027 -0.02109951939983589 0.022132054592401328 -0.028252057486795233 0.07103189978044686 -0.044630404463040445 -0.07334963325183373 -0.1532660260308965 0.1484789956542733 -0.09885085876683554 -0.12577034335303733 -0.017182130584192438 -0.003965107057890563 -0.05020597322348095 0.08229360233607645 -0.03632807042056727 -0.05712109672505712 -0.08652205703144042 0.08373205741626795 -0.008427642667950878 -0.17938931297709923 -0.007651109410864575 -0.126078301260783 -0.06285274499743458 -0.02139323438962428 -0.030412744388124545 -0.05012209227605706 -0.014216325079966827 -0.08735192054565036 -0.05438813349814586 -0.21628340584213798 -0.13073604392731078 -0.1871073477192024 -0.1422494017548524 -0.09095920617420065 -0.16235190873189995 -0.07651781234320118 -0.16280384397964953 0.10784763653051858 -0.1621816434406535 -0.5725747629467541 -1.0304074849193647 -0.5675744464240264 -0.2664435577294375 -0.17161101503259277 -0.1329747497385328 -0.14958863126402394 -0.12188044109112013 -0.10678956834532374 -0.34825289236882084 -3.2335468841001758 -5.583123576651085 -1.7245240761478164 -0.4154564970324536 -0.23417971319563216 -0.12140033879164314 -0.05440038684719535 -0.168047613490489 -0.10658233778402437 -0.18849916487711763 -0.34004419346918735 -0.4227582846003898 -0.36321103176557495 -0.13734224201930215 -0.14489037056032822 -0.14258028792912514 -0.04847557086363056 -0.04854943753700414 -0.008304662474789417 -0.07691353430095522 -0.06808615994057934 -0.22738326848249027 -0.416719123756767 -0.16748520337488984 0.031783869686134295 -0.1308971911644396 -0.15185185185185182 -0.07565492321589881 -0.0889940295144756 -0.03733140655105973 -0.23722842043452733 -0.03813609820045286 -0.09254689042448175 -0.0749437921558831 0.029258364075817327 -0.04078410735429548
-0.0012147716229348876 -0.03669112741827885 -0.008968609865470854 -0.032588454376163874 -0.03108932201363147 -0.039854647755245574 0.0393458748309357 -0.03193710846333374 0.06069998708510912 -0.05578800557880056 -0.061768112212070514 -0.1654299963508089 0.14002897151134716 -0.08278759421722477 -0.11948182618538547 -0.03436426116838488 0.03304255881575469 -0.05149330587023686 0.10883992567029466 -0.0377253038982814 -0.04950495049504951 -0.08164757494516209 0.09330143540669858 0.014447387430772934 -0.16921119592875317 0.010201479214486098 -0.11546118115461182 -0.03719856336582863 -0.01738200294156973 -0.002896451846488049 -0.05140727412928929 -0.010662243809975123 -0.09213832715089147 -0.03337453646477133 -0.21006836544437543 -0.12812132304876453 -0.1666211417645452 -0.1289550651422494 -0.08958103638368245 -0.15211350007313149 -0.06271951831409935 -0.1582815149802148 0.12276273519963284 -0.122537241710716 -0.42791150012156576 -1.0353317739751324 -0.6439297531178416 -0.29089972969494143 -0.1583078355727019 -0.1374570446735395 -0.14834205933682373 -0.118398142774231 -0.0966726618705036 -0.15659693817926845 -2.4659289458357607 -5.8048663550281665 -2.434988179669031 -0.5000631392852632 -0.26312327325351925 -0.12281197063805757 -0.047147001934235974 -0.16688061617458283 -0.10541110330288124 -0.1765688379861608 -0.2909403388165971 -0.419103313840156 -0.3829106131494705 -0.15219005196733484 -0.14873701756635466 -0.15503875968992248 -0.04592422502870264 -0.05091770278271166 -0.007118282121248073 -0.07567299342513337 -0.03589997524139639 -0.19820038910505836 -0.3965756011582525 -0.14859589472358642 0.05959475566150178 -0.12271611671666212 -0.14444444444444443 -0.07565492321589881 -0.09124704291990537 -0.01926782273603083 -0.23605402231356426 -0.04647836968180193 -0.06663376110562685 -0.06495128653509868 0.029258364075817327 -0.02104986186028154
-0.003644314868804663 -0.0378029797642873 -0.008968609865470854 -0.031424581005586594 -0.025110606241779264 -0.04688782088852421 0.025820730357801545 -0.03807886009089792 0.05553403073744027 -0.05439330543933054 -0.05790760519881612 -0.15448242306288773 0.1521004345726702 -0.07413814407512667 -0.10690479185008175 -0.04909180166912125 0.02246893999471319 -0.05406797116374871 0.10220334483674012 -0.030739136509710774 -0.054582381315054586 -0.08042895442359249 0.0956937799043062 0.018059234288466168 -0.16412213740458015 0.0051007396072430475 -0.12475116124751162 -0.039763981528989224 -0.02941569728573339 -0.00289645184648805 -0.05012209227605706 -0.010662243809975122 -0.07777910733516813 -0.022249690976514212 -0.1901802361715351 -0.12550660217021833 -0.16115815350996993 -0.1223078968359479 -0.09509371554575523 -0.15503875968992248 -0.056447566482689414 -0.14923685698134542 0.13308857273978889 -0.10571840461316676 -0.32579625577437393 -0.9934753170011079 -0.7559175362687707 -0.3320890719526322 -0.17294133297858189 -0.12699835649185715 -0.15208177511842436 -0.11955890887986072 -0.08767985611510794 -0.1273810915040318 -1.7297612114152596 -5.6190818650365575 -3.3731491850192854 -0.7147367091804522 -0.2999605315090119 -0.13692828910220217 -0.0483558994197292 -0.15987863227914575 -0.09604122745373624 -0.15748031496062992 -0.25042965872821016 -0.40082846003898637 -0.4223097759172617 -0.17446176688938383 -0.16412360559046033 -0.15503875968992248 -0.040821533358846786 -0.04499703966844287 0.003559141060624038 -0.06822974817020222 -0.03218618469918297 -0.1811770428015564 -0.07302026941961476 -0.14481803299332577 0.07151370679380215 -0.1118080174529588 -0.14074074074074072 -0.06549232158988257 -0.08110848259547145 -0.009633911368015415 -0.2196124486200822 -0.06912167798832082 -0.07650542941757157 -0.06869847614289284 0.027986261289912228 -0.014471780028943563
-0.003644314868804664 -0.0378029797642873 0.004484304932735426 -0.027932960893854754 -0.00837020208059309 -0.055093189544015944 0.004918234353866968 -0.034393809114359415 0.04778509621593697 -0.046025104602510455 -0.061768112212070514 -0.150833231966914 0.1545147271849348 -0.06301742246385766 -0.10564708841655139 -0.04786450662739322 -0.006608511763150934 -0.028321318228630276 0.09556676400318558 -0.012575101299427136 -0.046966235085046965 -0.08530343650987082 0.11842105263157894 0.021671081146159406 -0.14631043256997456 -0.005100739607243053 -0.13536828135368278 -0.046177526936890714 -0.032089851584436425 -0.005792903692976102 -0.041125819303431434 -0.005923468783319513 -0.05504367596027282 -0.019777503090234856 -0.15661901802361716 -0.12681396260949146 -0.15023217700081942 -0.12097846317468759 -0.07442116868798235 -0.13748720198917655 -0.04641244355243352 -0.14584511023176938 0.1445617255621845 -0.0925036040365209 -0.23462193046438123 -0.9356149205958388 -0.8310002545176889 -0.3951602522847213 -0.17560196887056007 -0.1344688480502017 -0.13836948391922216 -0.12420197330237956 -0.06857014388489209 -0.11218885123290874 -1.104251601630751 -5.307443365695793 -4.195595371407242 -1.0443237782548302 -0.35126956979344814 -0.15527950310559008 -0.044729206963249515 -0.15287664838370868 -0.08901382056687748 -0.13361966117871632 -0.20991897863982323 -0.3654970760233918 -0.4395469096281704 -0.1992081168027716 -0.155148095909732 -0.15365448504983387 -0.024237785431815272 -0.04144464179988159 0.02135484636374422 -0.05458379853616178 -0.025996533795493937 -0.15564202334630348 -0.06043056779554325 -0.13348444780254376 0.08343265792610251 -0.09544586855740386 -0.13580246913580246 -0.06323396567299007 -0.06871690886560775 -0.009633911368015415 -0.20317087492660013 -0.08103920867596234 -0.09624876604146101 -0.06370222333250063 0.024169952932196925 -0.002631232732535195
0.004859086491739555 -0.0378029797642873 0.016816143497757848 -0.02094972067039106 0.0059787157718522044 -0.05743758058844215 -0.013525144473134137 -0.025795356835769563 0.034870205346764806 -0.029288702928870293 -0.06948912623857934 -0.1532660260308965 0.1496861419604056 -0.060546150994686763 -0.09684316438183878 -0.060137457044673534 -0.042294475284166 -0.01673532440782699 0.09822139633660738 -0.0013972334777141242 -0.040619446560040615 -0.08774067755300999 0.1160287081339713 0.022875030098723815 -0.13740458015267173 -0.011476664116296864 -0.15527538155275383 -0.057721908671113396 -0.04947185452600615 -0.011585807385952206 -0.038555455596966964 -0.00947755005331122 -0.041881057795859745 -0.014833127317676142 -0.14170292106898696 -0.13073604392731078 -0.16252390057361377 -0.118319595852167 -0.08131201764057332 -0.11993564428843058 -0.03888610135474159 -0.14245336348219334 0.1560348783845801 -0.08649687650168189 -0.15803549720398732 -0.8555952234396159 -0.8831763807584627 -0.46080576650791605 -0.18757483038446188 -0.14193933960854624 -0.13462976813762154 -0.13116656993615786 -0.044964028776978415 -0.10517704803085193 -0.6243447874199186 -4.838787007071796 -4.811496827174318 -1.3701224902134108 -0.4144191553742928 -0.16939582156973462 -0.0362669245647969 -0.1435406698564593 -0.065589130944015 -0.13719875924600336 -0.17063589491775108 -0.32529239766081874 -0.4543215956660921 -0.22890373669883696 -0.15514809590973203 -0.1564230343300111 -0.016583747927031503 -0.04144464179988159 0.03440503025269902 -0.053343257660339906 -0.02352067343401832 -0.14226653696498054 -0.051617776658693194 -0.1498551819670067 0.07548669050456894 -0.0968093809653668 -0.12839506172839504 -0.06549232158988257 -0.06308437535203335 -0.0012042389210019265 -0.183206106870229 -0.0869979740197831 -0.12462981243830207 -0.05370971771171622 0.015265233430861214 0.007893698197605579
0.019436345966958212 -0.0378029797642873 0.02354260089686099 -0.03026070763500931 0.02630634939614971 -0.06329855819950767 -0.01721382023853436 -0.025795356835769563 0.0503680743897714 -0.029288702928870296 -0.04889975550122249 -0.1484004379029315 0.16055045871559634 -0.05807487952551588 -0.06917368884417055 -0.06872852233676975 -0.03832936822627544 -0.014160659114315138 0.12078577117069285 0.0027944669554282493 -0.017771007870017765 -0.08652205703144042 0.1375598086124402 0.018059234288466168 -0.10050890585241731 -0.00892629431267534 -0.14067684140676842 -0.0564391995895331 -0.03476400588313946 -0.02027516292541636 -0.02313327335818018 -0.0011846937566639044 -0.026325236328826128 -0.00865265760197775 -0.11062771908017403 -0.13204340436658388 -0.1543294181917509 -0.10502525923956393 -0.0523704520396913 -0.11701038467163957 -0.0188158554942298 -0.143583945732052 0.164066085360257 -0.08289283998077848 -0.09482129832239237 -0.7595715868521484 -0.894629676762535 -0.5277384476766637 -0.19023546627644006 -0.14940983116689077 -0.10346546995761655 -0.14393499709808472 -0.029226618705035977 -0.1168633867009466 -0.27722772277227714 -4.214311398777419 -5.195968645016798 -1.829776486930168 -0.46704381002499673 -0.19198193111236592 -0.014506769825918763 -0.13537168864511612 -0.04567814476458186 -0.13361966117871632 -0.11784925116621656 -0.2789961013645224 -0.44077813346466393 -0.2561247216035635 -0.14104372355430184 -0.1564230343300111 0.015308075009567549 -0.035523978685612786 0.0628781587376913 -0.052102716784518055 -0.007427581084426838 -0.13375486381322954 -0.01762558227370011 -0.16496662888804936 0.09402728115481393 -0.09817289337332971 -0.11111111111111109 -0.06210478771454382 -0.05745184183845895 3.4694469519536144e-19 -0.15854374633000587 -0.08938148015731141 -0.13573543928923987 -0.03872095928053959 0.02544205571810202 0.021049861860281543
0.012147716229348883 -0.030020013342228154 0.03811659192825112 -0.033752327746741154 0.04304675355733588 -0.06798734028836009 -0.02705028894626829 -0.034393809114359415 0.06069998708510912 -0.03626220362622037 -0.05533393385664651 -0.14110205571098405 0.17986479961371318 -0.05683924379093044 -0.059112061375927547 -0.07118311242022582 -0.07269362939466031 -0.001287332646755923 0.09423944783647463 0.025150202598854265 -0.02919522721502919 -0.07189861077260543 0.1375598086124402 0.028894774861545867 -0.10432569974554709 0.002550369803621523 -0.16589250165892502 -0.05002565418163161 -0.05214600882470919 -0.01013758146270818 -0.042411001156663665 -0.002369387513327802 -0.032308244585377524 -0.004944375772558714 -0.1155997513983841 -0.12812132304876456 -0.17891286533733952 -0.09173092262696092 -0.06477398015435502 -0.11554775486324412 -0.03888610135474159 -0.13566986998304126 0.18012849931161082 -0.07568476693897165 -0.05956722586919524 -0.6401575772497847 -0.911173326546195 -0.5908096280087528 -0.23413595849408003 -0.14492753623188406 -0.11094490152081775 -0.1334881021474173 -0.019109712230215826 -0.10751431576487087 -0.10599883517763539 -3.4460026369411487 -5.412467338559164 -2.4434903396893546 -0.573608735692672 -0.21174477696216826 -0.026595744680851064 -0.1260357101178667 -0.03865073787772312 -0.12526843235504653 -0.10680088386938376 -0.24853801169590645 -0.45801526717557256 -0.3142786439000248 -0.16668803692781128 -0.17718715393133996 0.014032402092103585 -0.037892243931320305 0.08541938545497688 -0.04962163503287433 0.0049517207229512255 -0.11673151750972763 0.011330731461664351 -0.17000377786173027 0.10462190438352534 -0.08726479410962641 -0.1049382716049383 -0.042908762420957536 -0.052945815027599416 0.010838150289017343 -0.1456253669994128 -0.09891550470742463 -0.1431391905231984 -0.03122658006495128 0.025442055718102024 0.022365478226549138
0.0036443148688046654 -0.03780297976428731 0.032511210762331835 -0.027932960893854754 0.03945952409422456 -0.08674246864376975 -0.046723226361736134 -0.05527576464807763 0.05424254165052304 -0.05299860529986052 -0.056620769527731304 -0.12650529132708915 0.16537904394012554 -0.04077597924131966 -0.06414287511004904 -0.06627393225331368 -0.07533703409992068 0.0025746652935118393 0.10353066100345101 0.03493083694285314 -0.034272658035034265 -0.06946136972946625 0.13875598086124402 0.028894774861545867 -0.10432569974554709 -0.011476664116296864 -0.17650962176509624 -0.06541816316059516 -0.06150554887016981 -0.01882693700217234 -0.041125819303431434 -0.005923468783319509 -0.028718439631446695 -0.00741656365883807 -0.10689869484151648 -0.14511700875931496 -0.18574160065555861 -0.11034299388460515 -0.05926130099228226 -0.12432353371361711 -0.041394882087305566 -0.1288863764838892 0.18586507572280864 -0.0660740028832292 -0.035254072453197186 -0.520743567647421 -0.8908119114278442 -0.6538808083408418 -0.25276040973792735 -0.15090392947855968 -0.10969832959361756 -0.13232733604178756 -0.017985611510791366 -0.10283978029683301 -0.040768782760628994 -2.6884813616205205 -5.443573472688814 -3.183482762975123 -0.6735955795290094 -0.24421230942970076 -0.029013539651837526 -0.12836970474967907 -0.0421644413211525 -0.1133381054640897 -0.09084213110729193 -0.22538986354775825 -0.4493967003201183 -0.38480574115317995 -0.17566354660853956 -0.19518272425249167 0.005102691669855849 -0.03433984606275903 0.08186024439435283 -0.03969730802629946 -0.007427581084426838 -0.10335603112840468 0.020143522598514412 -0.18007807580909208 0.09800026486558072 -0.08453776929370059 -0.10246913580246915 -0.05081300813008131 -0.055198828433029166 0.006021194605009636 -0.1432765707574868 -0.11560004767012275 -0.15424481737413623 -0.05121159130652011 0.020353644574481612 0.011840547296408366
-0.00728862973760933 -0.044474093840338 0.030269058295964123 -0.02444134078212291 0.04304675355733588 -0.09260344625483527 -0.06516660518873725 -0.07001596855423167 0.05295105256360584 -0.07531380753138076 -0.06691545489640972 -0.11920690913514172 0.15330758087880253 -0.032126529099221555 -0.0666582819771098 -0.07977417771232204 -0.08326724821570182 -0.014160659114315138 0.11813113883727103 0.019561268687997763 -0.034272658035034265 -0.0670241286863271 0.14354066985645933 0.039730315434625574 -0.0916030534351145 -0.006375924509053814 -0.17120106171201063 -0.06670087224217548 -0.06150554887016981 -0.020275162925416368 -0.029559182624341346 -0.0035540812699917067 -0.01794902476965418 0.004944375772558717 -0.09073958980733374 -0.1477317296378612 -0.18027861240098336 -0.11034299388460515 -0.055126791620727686 -0.13456194237238556 -0.035122930255895635 -0.12662521198417181 0.19045433685176685 -0.05526189332051897 -0.012156576707999026 -0.40625384710082485 -0.8488164927462458 -0.7143776547818252 -0.2780364507117201 -0.16435081428357984 -0.11468461730241834 -0.12304120719674982 -0.02697841726618705 -0.09582797709477621 -0.03610949330227141 -1.84106436533621 -5.336568371282818 -4.0118701856294985 -0.818313379818445 -0.2724449463579898 -0.031431334622823985 -0.13887268059283464 -0.03396579995315063 -0.11691720353137676 -0.07120058924625584 -0.19493177387914226 -0.42354099975375525 -0.44914625092798816 -0.1923323503013207 -0.20625692137320045 -0.0038270187523918864 -0.03433984606275902 0.07474196227310477 -0.03473514452301203 -0.014855162168853676 -0.09970817120622567 0.018884552436107257 -0.19393023548671454 0.08343265792610251 -0.09817289337332971 -0.11481481481481479 -0.04065040650406504 -0.06759040216289286 0.01204238921001927 -0.15149735760422783 -0.11083303539506614 -0.16905231984205332 -0.0462153384961279 0.020353644574481616 0.017103012761478752
-0.015792031098153546 -0.03891483211029575 0.019058295964125564 -0.008147113594040972 0.044242496711706325 -0.06915953581057319 -0.08115086683880487 -0.0773860705073087 0.05165956347668862 -0.07252440725244072 -0.07334963325183373 -0.10217735068726433 0.14485755673587639 -0.019770171753367108 -0.05911206137592756 -0.04786450662739322 -0.09648427174200368 -0.009011328527291453 0.12874966817095831 0.03353360346513902 -0.026656511805026657 -0.06336826712161833 0.1519138755980861 0.039730315434625574 -0.07124681933842239 0.01147666411629686 -0.1619110816191108 -0.05002565418163161 -0.05482016312341222 1.3877787807814458e-18 -0.023133273358180183 0.008292856296647319 -0.01914562642096446 0.0173053152039555 -0.08576755748912367 -0.11635507909530658 -0.19257033597377765 -0.10236639191704336 -0.06201764057331862 -0.1257861635220126 -0.030105368790767695 -0.10853589598643303 0.1973382285452042 -0.04084574723690533 0.020666180403598345 -0.2966884156099963 -0.7750063629422245 -0.7349723259106706 -0.28734867633364375 -0.16883310921858657 -0.12216404886561953 -0.1137550783517121 -0.04608812949640288 -0.09115344162673836 -0.047757716948165406 -1.0919333573055259 -5.091452034341172 -4.809950751357493 -0.9656624128404158 -0.30350084697910784 -0.019342359767891684 -0.1330376940133038 -0.021082220660576252 -0.1014077785731329 -0.040510680088386944 -0.15229044834307992 -0.39152918000492487 -0.48502845830240043 -0.20771893832542632 -0.2104097452934662 0.01275672917463962 -0.013025458851391359 0.08423300510143553 -0.018608113137327874 0.009903441445902453 -0.08633268482490272 0.056653657308321795 -0.1662259161314696 0.10064892067275857 -0.07499318243796019 -0.11728395061728394 -0.029358626919602532 -0.0709699222710375 0.01204238921001927 -0.14679976512037582 -0.07865570253843404 -0.1813919052319842 -0.0437172120909318 0.017809439002671415 0.02894356005788712
-0.021865889212827984 -0.022237046920169003 0.02914798206278027 -6.938893903907229e-19 0.051416955637928974 -0.04219903879967178 -0.08975777695807205 -0.0847561724603857 0.06586594343277799 -0.06694560669456068 -0.07463646892291854 -0.08514779223938693 0.15210043457267022 -0.016063264549610774 -0.05282354420827569 -0.02945508100147275 -0.1163098070314565 -0.016735324407826983 0.11945845500398196 0.04471147128685203 -0.03173394262503173 -0.04630757981964416 0.15191387559808614 0.036118468576932336 -0.06870229007633587 0.03187962254526906 -0.1712010617120106 -0.050025654181631594 -0.05348308597406071 -0.001448225923244025 -0.02313327335818018 0.013031631323302924 -0.011966016513102787 0.01112484548825711 -0.08079552517091361 -0.09412995162766373 -0.19939907129199674 -0.1223078968359479 -0.06753031973539139 -0.1228609039052216 -0.03386853988961366 -0.10288298473713961 0.19963285910968334 -0.03964440172993753 0.030391441769997564 -0.22774836882925026 -0.6833799949096463 -0.7465568284206462 -0.3192763070373819 -0.18227999402360673 -0.12465719272001993 -0.1056297156123041 -0.05283273381294965 -0.07596120135561528 -0.0570762958648806 -0.5561548603619799 -4.587532661440837 -5.414825104179821 -1.1590580186817525 -0.32185206098249575 -0.019342359767891684 -0.12136772085424204 -0.003513703443429372 -0.09663564781675019 -0.025779523692609867 -0.12548732943469781 -0.34843634572765325 -0.5320465231378372 -0.2295166046929093 -0.22009966777408638 0.007654037504783773 0.005920663114268798 0.09016490686914226 -0.006202704379109289 0.02104481307254271 -0.0887645914396887 0.08686894120609341 -0.15237375645384713 0.10859488809429214 -0.06681210799018271 -0.11604938271604937 -0.01693766937669377 -0.06533738875746309 0.016859344894026976 -0.13740458015267176 -0.0572041473006793 -0.1937314906219151 -0.05870597052210842 0.019081541788576517 0.031574792790422315
-0.025510204081632654 -0.01445408049810985 0.040358744394618826 0.015130353817504655 0.05859141456415162 -0.021099519399835894 -0.094676011311939 -0.09089792408794987 0.08523827973653622 -0.0502092050209205 -0.07978381160725775 -0.0814986011434132 0.15692901979719945 -0.016063264549610778 -0.04653502704062383 -0.018409425625920472 -0.1321702352630188 -0.0360453141091658 0.11547650650384922 0.04471147128685203 -0.03935008885503934 -0.04630757981964416 0.14593301435406697 0.022875030098723815 -0.06997455470737912 0.02677888293802601 -0.18181818181818182 -0.07183170856849666 -0.05615724027276374 -0.002896451846488056 -0.028274000771109108 0.011846937566639026 -0.011966016513102789 0.014833127317676142 -0.07830950901180858 -0.08628578899202509 -0.20759355367385962 -0.14357883541611274 -0.05788313120176406 -0.13163668275559454 -0.03512293025589565 -0.09157716223855286 0.19389628269848555 -0.02162421912542048 0.040116703136396786 -0.16865690016003942 -0.5866632730974802 -0.7195263225640367 -0.36184648130903285 -0.1598685193485731 -0.13338319621042136 -0.07893209518282066 -0.06407374100719425 -0.05492579174944491 -0.05707629586488061 -0.23133165527987534 -3.884534030110738 -5.7873468872332365 -1.402447046441258 -0.344438170525127 -0.024177949709864605 -0.12020072353833586 0.00234246896228625 -0.09186351706036747 -0.01350356002946231 -0.10599415204678361 -0.30288106377739477 -0.5518436030685474 -0.2525964867290678 -0.2173311184939092 0.020410766679423396 0.013025458851391355 0.10440147111163842 -0.0037216226274655742 0.03466204506065858 -0.09849221789883268 0.11078937429182929 -0.13222516055912353 0.10991921599788108 -0.0545404963185165 -0.11111111111111109 -0.01016260162601626 -0.05745184183845894 0.03251445086705203 -0.13388138578978276 -0.044094863544273624 -0.20853899308983218 -0.08493629777666752 0.02544205571810202 0.02762794369161952
-0.01822157434402332 0.0022237046920169008 0.04932735426008968 0.024441340782122907 0.0669616166447447 -0.005860977611065528 -0.08360998401573835 -0.08721287311141138 0.06974041069352963 -0.05299860529986052 -0.06820229056749452 -0.07055102785549203 0.16779333655239018 -0.0074138144075126654 -0.033957992705320086 -0.003681885125184094 -0.12688342585249798 -0.037332646755921725 0.09954871250331829 0.04890317171999441 -0.02792586951002793 -0.038995856690226656 0.15311004784688995 0.030098723814110283 -0.05979643765903307 0.03442999234889059 -0.17916390179163905 -0.06541816316059518 -0.07086508891563044 -0.001448225923244028 -0.023133273358180183 0.02606326264660585 -0.019145626420964457 0.0173053152039555 -0.06463642013673089 -0.07844162635638645 -0.1939360830374215 -0.14756713639989366 -0.06477398015435502 -0.12432353371361708 -0.01630707476166583 -0.08705483323911814 0.20536943552088113 -0.012013455069678044 0.057135910527595424 -0.14280438261725967 -0.4606770170526852 -0.6706139786330287 -0.3738193428229346 -0.16883310921858657 -0.12341062079281975 -0.05803830528148578 -0.0629496402877698 -0.04090218534533132 -0.048922539312754816 -0.15342203044468422 -2.9214881174567626 -5.639600959717135 -1.6655703196947769 -0.3627893845285149 -0.01934235976789168 -0.11086474501108648 0.009369875849144999 -0.0894774516821761 0.0012275963663147577 -0.08528265107212477 -0.24870721497168194 -0.5419450631031922 -0.2820874471086037 -0.24224806201550386 0.02934047710167113 0.014209591474245114 0.11863803535413456 -0.004962163503287437 0.03342411487992077 -0.09727626459143969 0.10701246380460785 -0.1208915753683415 0.10197324857634751 -0.053176983910553574 -0.10493827160493827 1.0408340855860842e-18 -0.050692801622169645 0.0313102119460501 -0.12683499706400472 -0.03336908592539626 -0.20236920039486672 -0.09492880339745191 0.00890471950133571 0.019734245494013945
-0.015792031098153546 -0.0022237046920168977 0.030269058295964123 0.015130353817504655 0.059787157718522055 -0.008205368655491738 -0.06762572236567072 -0.10072472669205257 0.06457445434586077 -0.0711297071129707 -0.05919444086990091 -0.07541661598345699 0.1762433606953163 -0.011120721611268999 -0.01509244120236448 -0.004909180166912125 -0.09780597409463387 -0.06694129763130793 0.10751260950358377 0.0321363699874249 -0.030464584920030468 -0.030465513039239576 0.13516746411483255 0.037322417529496756 -0.0648854961832061 0.04718184136699822 -0.17518248175182483 -0.06541816316059519 -0.07888755181173954 -2.2551405187698493e-18 -0.028274000771109115 0.02724795640326975 -0.044274261098480316 0.024721878862793572 -0.06836544437538843 -0.06275330108510917 -0.18983884184649008 -0.15953203935123636 -0.07442116868798236 -0.1433377212227585 -0.016307074761665825 -0.0836630864895421 0.20536943552088113 -0.013214800576645844 0.07050814490639436 -0.12064508186630556 -0.35505217612624074 -0.620414467756468 -0.3751496607689237 -0.17630360077693114 -0.10346546995761656 -0.039466047591410335 -0.056205035971223026 -0.03856491761131238 -0.030285381479324414 -0.11626513244636225 -2.039318153539878 -5.365576461674453 -1.7524009998684384 -0.40513833992094855 -0.022969052224371376 -0.1096977476951803 -0.003513703443429375 -0.09782868050584587 -0.009820770930518044 -0.074317738791423 -0.22038906673233197 -0.5246226181638207 -0.3167072701628414 -0.2643964562569213 0.01658374792703151 0.014209591474245113 0.10321509075809705 -0.011164867882396729 0.02847239415696955 -0.10457198443579765 0.08938688153090772 -0.1322251605591235 0.09137862534763608 -0.0654485955822198 -0.1 0.0011291779584462521 -0.04618677481131013 0.02649325626204239 -0.11626541397533763 -0.03932785126921701 -0.17522211253701875 -0.12240819385460903 0.02035364457448162 0.001315616366267597
-0.0206511175898931 -0.006671114076050701 0.016816143497757848 0.01629422718808194 0.05141695563792896 -0.003516586566639314 -0.06147792942333702 -0.10563812799410391 0.06328296525894357 -0.08786610878661087 -0.06820229056749454 -0.08028220411142196 0.17141477547078704 -0.009885085876683552 -0.013834737768834104 -0.0012272950417280299 -0.07798043880518107 -0.0939752832131823 0.09423944783647464 0.01257510129942713 -0.0456968773800457 -0.0365586156470875 0.12918660287081338 0.03130267276667469 -0.059796437659033086 0.05355776587605202 -0.16456536164565364 -0.06028732683427399 -0.0762133975130365 0.001448225923244025 -0.026988818917876883 0.02606326264660585 -0.062223285868134505 0.02348578491965389 -0.06712243629583592 -0.05098705713165119 -0.17754711827369574 -0.16219090667375696 -0.09509371554575523 -0.15065087026473598 -0.02007024586051179 -0.08027133973996609 0.1984855438274438 -0.007208073041806826 0.07780209093119377 -0.09725470885140955 -0.271061338763044 -0.5624919552065903 -0.36583743514700007 -0.18526819064694458 -0.10595861381201695 -0.023215322112594312 -0.07081834532374102 -0.03272174827626505 -0.02562609202096681 -0.0695193575452475 -1.366181410974244 -5.067559035231721 -1.7589790816997766 -0.42631281761716544 -0.02538684719535783 -0.12020072353833586 -0.01991098617943312 -0.09186351706036747 -0.007365578197888531 -0.07066276803118908 -0.18591479931051466 -0.4961643157634249 -0.3333760738556225 -0.26993355481727577 0.007654037504783773 0.013025458851391353 0.10321509075809705 -0.009924327006574871 0.03589997524139639 -0.09849221789883268 0.07050232909480046 -0.12215086261176174 0.09137862534763608 -0.06272157076629398 -0.10987654320987654 -0.01129177958446251 -0.0540723217303143 0.018063583815028907 -0.11861421021726366 -0.04767012275056607 -0.16041461006910168 -0.14738945790657007 0.013993130644956114 -0.019734245494013945
-0.024295432458697766 -0.005559261730042252 0.011210762331838564 0.01978584729981378 0.03945952409422456 -0.0035165865666393153 -0.07377351530800443 -0.11300822994718092 0.036161694433682036 -0.08786610878661086 -0.08493115429159696 -0.07298382191947451 0.1569290197971994 -0.0074138144075126654 -0.026411772104137848 0.001227295041728033 -0.09119746233148293 -0.10169927909371783 0.06769312450225644 0.002794466955428246 -0.0621985275450622 -0.035339995125517915 0.11124401913875596 0.03852636648206116 -0.07633587786259542 0.052282580974241266 -0.17385534173855338 -0.0564391995895331 -0.09493247760395776 0.010137581462708184 -0.0398406374501992 0.024878568889941943 -0.0789757089864784 0.029666254635352284 -0.08203853325046613 -0.03268401098182769 -0.18847309478284624 -0.17415580962509972 -0.13230429988974643 -0.15065087026473598 -0.03637732062217762 -0.07009609949123799 0.18586507572280864 0.008409418548774628 0.057135910527595424 -0.07140219130862982 -0.24942733519979637 -0.4955592740378427 -0.38180125049886915 -0.18676228895861346 -0.12715033657442038 -0.01392919326755659 -0.07643884892086332 -0.014023606404113589 -0.048922539312754795 -0.04195133644971832 -0.9145203434117208 -4.616744538451824 -1.7392448362057624 -0.41078486730660646 -0.03868471953578337 -0.12136772085424204 -0.037479503396579995 -0.07874015748031496 -0.0417382764547017 -0.06335282651072124 -0.19576459000246246 -0.47018064835436774 -0.36414924990383385 -0.26993355481727577 -0.0076540375047837745 0.015393724097098872 0.08541938545497688 0.004962163503287427 0.01733102253032929 -0.09727626459143969 0.03147425406017877 -0.11207656466439994 0.06356773937226858 -0.06135805835833106 -0.1296296296296296 -0.010162601626016258 -0.06984341556832263 0.01926782273603083 -0.13270698766881975 -0.05005362888809437 -0.1616485686080948 -0.15613290032475644 1.3877787807814458e-18 -0.02236547822654914
-0.026724975704567545 -0.004447409384033799 0.005605381165919283 0.012802607076350092 0.022719119933038386 -0.0070331731332786305 -0.08606910119267183 -0.12160668222577078 0.015497869043006578 -0.09205020920502092 -0.08621798996268178 -0.07663301301544825 0.14727184934814097 -0.019770171753367108 -0.023896365237077093 -0.01718213058419244 -0.07798043880518109 -0.131307929969104 0.07831165383594374 -0.027944669554282524 -0.062198527545062186 -0.05118206190592249 0.10526315789473686 0.01444738743077294 -0.0737913486005089 0.042081101759755164 -0.15660252156602522 -0.06028732683427399 -0.09225832330525471 0.002896451846488051 -0.03727027374373474 0.017770406349958533 -0.07179609907861673 0.01606922126081582 -0.062150403977625855 -0.04052817361746633 -0.17344987708276427 -0.19941504918904546 -0.13781697905181917 -0.17259031739066838 -0.025087807325639738 -0.07009609949123799 0.1893070215695273 -0.0012013455069678047 0.057135910527595424 -0.07017111904468792 -0.19979638584881648 -0.4286265928690951 -0.3525342556871092 -0.19871507545196473 -0.11717776115681874 -0.01392919326755659 -0.06744604316546765 -0.01986677573916092 -0.044263249854397196 -0.031163849934076466 -0.5897723030981709 -4.005556257103169 -1.633995526904355 -0.40231507622811974 -0.04231141199226306 -0.12020072353833586 -0.037479503396579995 -0.08351228823669768 -0.03314510189049841 -0.060916179337231965 -0.1551342033981778 -0.4281118535016084 -0.3320938581869471 -0.2740863787375415 -0.0038270187523918872 0.014209591474245114 0.07948748368727014 -0.007443245254931152 0.014855162168853676 -0.11673151750972763 0.02643837341055017 -0.1259287243420224 0.07681101840815786 -0.08317425688573767 -0.14074074074074072 -0.028229448961156277 -0.07885546919004169 -0.0012042389210019252 -0.13975337639459778 -0.06316291264450005 -0.14930898321816388 -0.17861603797152137 0.003816308357715305 -0.03946849098802789
-0.02186588921282799 0.010006671114076052 0.005605381165919283 0.012802607076350092 0.021523376778667946 0.0023443910444262096 -0.07623263248493792 -0.10809482864512958 0.01549786904300659 -0.09205020920502091 -0.08364431862051216 -0.06568543972752705 0.14847899565427328 -0.012356357345854444 -0.0238963652370771 -0.003681885125184095 -0.07401533174729051 -0.11714727085478886 0.06636580833554553 -0.02235573564342602 -0.05585173902005586 -0.0365586156470875 0.11124401913875599 0.02648687695641705 -0.06615776081424937 0.05610813567967354 -0.13802256138022562 -0.0525910723447922 -0.08557293755849713 -0.0028964518464880532 -0.041125819303431434 0.016585712593294635 -0.07059949742730647 0.012360939431396788 -0.05469235550031074 -0.04183553405673944 -0.15706091231903854 -0.20074448285030577 -0.13643880926130098 -0.18867924528301885 -0.018815855494229806 -0.059920859242509894 0.18815970628728773 0.003604036520903412 0.06199854121079503 -0.05416717961344332 -0.17179944006108422 -0.34624790835371344 -0.33923107622721826 -0.1882563872702824 -0.10346546995761656 0.011607661056297158 -0.04833633093525182 -0.011686338670094661 -0.04426324985439721 0.002397219225698191 -0.41184521587657086 -3.244096476827882 -1.5313774503354822 -0.3698475437605872 -0.043520309477756286 -0.10386276111564943 -0.03513703443429374 -0.07754712479121928 -0.030689909157868893 -0.04142300194931773 -0.12804727899532137 -0.3575847562484533 -0.31029619181946405 -0.2616279069767442 0.005102691669855849 0.027235050325636466 0.07830110333372879 -0.0012405408758218606 0.022282743253280515 -0.11429961089494164 0.022661462923328705 -0.11207656466439994 0.07548669050456894 -0.08181074447777474 -0.14320987654320985 0.006775067750677507 -0.08110848259547146 0.02408477842003854 -0.1432765707574868 -0.022643308306518894 -0.15054294175715696 -0.14489133150137395 -0.001272102785905099 -0.019734245494013945
-0.012147716229348885 0.007782966422059151 0.008968609865470854 6.938893903907229e-19 0.025110606241779264 0.008205368655491737 -0.06762572236567073 -0.10440977766859108 0.012914890869172153 -0.07810320781032078 -0.07334963325183373 -0.07663301301544825 0.15210043457267017 -0.027183986160879775 -0.016350144635894855 0.0036818851251840938 -0.0740153317472905 -0.11585993820803293 0.06105654366870189 -0.012575101299427136 -0.05077430820005078 -0.04143309773336583 0.11363636363636365 0.00963159162051529 -0.07251908396946564 0.054832950777862786 -0.14200398142003984 -0.04874294510005131 -0.08557293755849713 -6.938893903907229e-19 -0.04883691042282483 0.016585712593294635 -0.07538590403254758 -0.006180469715698393 -0.05469235550031076 -0.03791345273892012 -0.14750068287353185 -0.19941504918904546 -0.1336824696802646 -0.1725903173906684 -0.008780732563973907 -0.06896551724137931 0.1858650757228086 -0.014416146083613648 0.05105762217359592 -0.06647790225286224 -0.17434461695087808 -0.3037713991504698 -0.32060662498337106 -0.1927386822052891 -0.07978060334081277 0.009286128845037728 -0.014613309352517988 -0.023372677340189316 -0.022131624927198605 0.003595828838547286 -0.3011073783750155 -2.3891905543629246 -1.3669254045520325 -0.3373800112930548 -0.0398936170212766 -0.10152876648383709 -0.03162333099086437 -0.08470532092579337 -0.03682789098944267 -0.03654970760233918 -0.12312238364934744 -0.28953229398663693 -0.2923451724580074 -0.24640088593576964 0.021686439596887357 0.010657193605683835 0.08897852651560091 -0.023570276640615305 0.03218618469918297 -0.13132295719844359 0.015107641948885805 -0.12844729882886288 0.07813534631174679 -0.0968093809653668 -0.13950617283950612 -0.0022583559168925017 -0.07998197589275656 0.012042389210019266 -0.1444509688784498 -0.02860207365033965 -0.15301085883514315 -0.1648763427429428 -0.01017682228724081 -0.032890409156689907
-0.01457725947521866 0.0011118523460084489 0.005605381165919285 -0.01047486033519553 0.023914863087408825 0.0 -0.06639616377720398 -0.09703967571551406 0.005165956347668863 -0.08507670850767084 -0.06691545489640974 -0.08879698333536065 0.15451472718493478 -0.04324725071049054 -0.012577034335303735 -0.012272950417280316 -0.06476341527887919 -0.12100926879505665 0.053092646668436425 -0.02515020259885427 -0.04442751967504443 -0.054837923470631246 0.11244019138755983 0.003611846857693235 -0.08015267175572519 0.039530731956133644 -0.1486396814863968 -0.06285274499743457 -0.10696617194812141 -0.020275162925416364 -0.06040354710191492 -0.0011846937566639016 -0.08854852219696065 -0.02595797280593325 -0.05966438781852083 -0.05883121976728983 -0.15296367112810708 -0.20606221749534698 -0.14195148842337377 -0.19599239432499635 -0.005017561465127947 -0.08479366873940078 0.18012849931161085 -0.024026910139356077 0.0461949914903963 -0.0750954081004555 -0.15525579027742428 -0.2625820568927789 -0.291339630171611 -0.18975048558195132 -0.05484916479680877 0.0034822983168891486 0.004496402877697844 -0.03973355147832184 -0.005824111822947 -0.001198609612849095 -0.18663680477790218 -1.5431241318348277 -1.2037889751348505 -0.30067758328627897 -0.05198259187620889 -0.11669973159061735 -0.05036308268915436 -0.10260081126222857 -0.044193469187331205 -0.056042884990253394 -0.10957892144791925 -0.24498886414253898 -0.26798307475317346 -0.2505537098560354 0.014032402092103585 0.0023682652457075195 0.07236920156602207 -0.021089194888971586 0.02723446397623174 -0.14105058365758755 0.006294850812035754 -0.1473366074801662 0.07018937889021322 -0.11044450504499592 -0.14444444444444443 -0.01242095754290876 -0.08786752281176073 0.004816955684007706 -0.15032295948326485 -0.047670122750566084 -0.15424481737413626 -0.17361978516112914 -0.02544205571810202 -0.04473095645309828
