-0.04253250698748329 -0.021127543645057263 -0.04146587470581643 -0.052380398091025494 -0.08005735452264309 -0.043371234321884895 -0.045499262174126906 -0.07366482504604051 -0.01807384456493674 -0.11705685618729096 -0.02446877012234385 -0.08398247322297955 -0.04942140790742527 -0.08773013715556656 -0.01132787916928886 -0.04787625828627547 0.01587511575605239 -0.061768112212070514 0.029177718832891247 -0.04049713727133082 -0.10788171087701484 -0.15225334957369063 -0.16238805970149256 -0.17908653846153844 -0.0980142566191446 -0.11716760061130922 -0.11939506500397985 -0.2036894696387394 -0.12156024579214533 -0.1822389354932022 -0.12988683127572015 -0.1504561070963156 -0.15202298300215467 0.029688273132112808 -0.07334659373446047 -0.0196078431372549 -0.10922992900054615 -0.06648052120728626 -0.002758620689655172 -0.017577266735022697 -0.3567391031277478 -1.1617647058823528 -0.44205222171323866 -0.28917686585073193 -0.1384671444188024 -0.06404729646508191 -0.052275914828509504 -0.05803456280629352 -0.12653169952051146 -0.13303437967115098 -0.30046128911607034 -1.461351257387878 -0.6164383561643836 -0.10625875758991125 -0.0442632498543972 -0.02156721782890007 0.10717846460618144 -3.4694469519536144e-19 0.018442892899486224 -0.09174311926605505 -0.1075788710262299 -0.15772870662460567 -0.1218369259606373 -0.037037037037037035 -0.052773686794305344 -0.018277080541001585 -0.06399212404627122 -0.012368583797155224 -0.04355065966440374 -0.08033240997229918 -0.08544828465756919 -0.17043437093147118 -0.08890469416785207 -0.2081010776662951 -0.05691660480079188 -0.0498965559206523 -0.11317907444668007 -0.10206653225806453 -0.15858332232060263 -0.09408235614944097 -0.06918705213738571 -0.045151823004853806 -0.04959422903516682 -0.026483688455519443 -0.014111006585136407 0.009534024550113217 0.008645177226133133 -0.02623688155922039 -0.02797202797202797 -0.030247238295633878
-0.038886863531413296 -0.032247303458245294 -0.04482797265493668 -0.06052846001629612 -0.06691360975026886 -0.048060016410737316 -0.031972454500737824 -0.07734806629834254 -0.007745933384972888 -0.11845039018952061 -0.01931745009658725 -0.08276533592989291 -0.0506268081002893 -0.08402322995181023 -0.0012586532410320942 -0.04664866191996071 0.022489747321074217 -0.06948912623857934 0.04376657824933687 -0.04329004329004329 -0.11803528366543976 -0.16077953714981733 -0.17791044776119405 -0.18870192307692307 -0.10819755600814665 -0.11844116148751911 -0.12204828867073496 -0.19984627209838582 -0.12690355329949238 -0.17645357246167193 -0.14017489711934156 -0.18244283852624096 -0.18434282978214028 0.004948045522018796 -0.09945300845350571 -0.04575163398692811 -0.12151829601310762 -0.08110623587288923 0.001379310344827586 -0.007323861139592785 -0.395678934807185 -1.5294117647058825 -0.5874942739349519 -0.3215742740580753 -0.1530426333049921 -0.07636408424682842 -0.06120107101874282 -0.07351044622130513 -0.13052743740010656 -0.14648729446935724 -0.34409674604164076 -2.001390659404334 -0.9016393442622951 -0.1447921531994395 -0.0687245195107746 -0.023963575365444523 0.09346959122632102 0.002531325148715352 -0.003952048478461331 -0.09456598447424136 -0.11724888190499214 -0.19862133426802195 -0.1499531396438613 -0.07168458781362007 -0.05768286696121747 -0.03655416108200317 -0.07137583066699484 -0.03339517625231911 -0.04098885615473293 -0.09279778393351802 -0.0803468945287591 -0.1858208071961179 -0.10075865339023234 -0.20686238077542426 -0.04825538233110616 -0.051113545089448695 -0.10437625754527162 -0.1045866935483871 -0.14272499008854236 -0.08317425688573765 -0.08277736595008647 -0.06547014335703802 -0.07100991884580703 -0.02527988443481401 -0.02116650987770461 0.013109283756405679 -0.0012350253180190202 -0.021239380309845075 -0.040686586141131596 -0.02367175170962651
-0.031595576619273306 -0.04225508729011453 -0.035862378123949344 -0.0558724246304272 -0.05496475086629227 -0.048060016410737316 -0.017215937038858826 -0.07980356046654388 0.012909888974954814 -0.11566332218506133 -0.02446877012234385 -0.09980525803310612 -0.04339440694310512 -0.08649450142098111 -0.007551919446192573 -0.04787625828627547 0.019843894695065485 -0.06305494788315533 0.045092838196286476 -0.033514872224549644 -0.1193044802639929 -0.17904993909866018 -0.1838805970149254 -0.20432692307692304 -0.10692464358452136 -0.12990320937340807 -0.1087821703369594 -0.207532667179093 -0.11755276516163504 -0.1778999132195545 -0.1478909465020576 -0.1990285511195356 -0.2058893943021307 -0.009896091044037611 -0.1218299353555445 -0.06405228758169934 -0.1365374112506827 -0.08908389841776358 -0.011034482758620689 -0.007323861139592788 -0.4145207888456223 -1.8574660633484164 -0.7489693082913422 -0.35037197024238054 -0.17004737033888012 -0.08621751447222563 -0.05482595945429045 -0.06706216146505031 -0.12386787426744805 -0.12855007473841557 -0.37775838424136643 -2.4997102792907637 -1.2418594206153155 -0.19383465670247546 -0.10366919044845661 -0.041936256889527915 0.07228315054835492 -0.0037969877230730267 -0.03161638782769069 -0.10021171489061398 -0.11845763326483742 -0.22198855006425983 -0.17104029990627928 -0.09199522102747908 -0.056455571919489446 -0.05483124162300475 -0.06399212404627123 -0.0494743351886209 -0.03202254387088511 -0.10941828254847645 -0.08162224206096161 -0.20002367144040717 -0.10194404931247036 -0.21305586522977826 -0.045780747339767384 -0.0498965559206523 -0.0943158953722334 -0.09450604838709678 -0.13479582397251222 -0.0654485955822198 -0.08277736595008649 -0.08917485043458628 -0.06086564472497745 -0.024076080414108584 -0.01881467544684854 0.013109283756405679 0.0037050759540570564 -0.01124437781109445 -0.03305785123966942 -0.01972645975802209
-0.03281079110462998 -0.05893472700989658 -0.030258881542082262 -0.058200442323361655 -0.045405663759111 -0.05274879849958973 0.0012297097884899175 -0.09576427255985268 0.03356571133488252 -0.1282051282051282 -0.01416613007083065 -0.10954235637779941 -0.04339440694310511 -0.09390831582849377 -0.010069225928256764 -0.05278664375153449 0.029104378886096044 -0.07206279758074893 0.05172413793103449 -0.03770423125261835 -0.10915090747556797 -0.20219244823386115 -0.1791044776119403 -0.22235576923076922 -0.10819755600814665 -0.14391237901171677 -0.10347572300344918 -0.20881373302587752 -0.11087363077745123 -0.17934625397743706 -0.13631687242798352 -0.21798365122615806 -0.21067751975101748 -0.032162295893122216 -0.1268025857782198 -0.07712418300653595 -0.1256144183506281 -0.09307272969020078 0.011034482758620689 -0.0014647722279185593 -0.4321065192814973 -2.1040723981900458 -0.9608337150710031 -0.39716822654187667 -0.1979837240374104 -0.11454612637024261 -0.06630116027030472 -0.08898632963631674 -0.13985082578582847 -0.1539611360239163 -0.39895274903378636 -2.9203847491018657 -1.67976644958455 -0.27440448388603456 -0.1269656377402446 -0.06829618979151689 0.07103688933200399 -0.012656625743576764 -0.03688578579897246 -0.11009174311926606 -0.12329263870421855 -0.2430190442808739 -0.20384254920337397 -0.1158900836320191 -0.0625920471281296 -0.06457901791153894 -0.06153088850603002 -0.058132343846629554 -0.0320225438708851 -0.11772853185595569 -0.09692641244739192 -0.21541010770505387 -0.12802275960170698 -0.23163631859284034 -0.06186587478346943 -0.06936838262139466 -0.09808853118712273 -0.11088709677419357 -0.14140346240253734 -0.08453776929370058 -0.07907091672844083 -0.10723557963652781 -0.05861136158701533 -0.03129890453834116 -0.015286923800564437 0.007150518412584912 0.01976040508830431 -0.009995002498750622 -0.016528925619834704 -0.014466070489216202
-0.043747721472839965 -0.07895029467363505 -0.03474167880757593 -0.069840530788034 -0.05257497908949695 -0.06329855819950768 -0.001229709788489917 -0.10681399631675874 0.02581977794990963 -0.13517279821627648 -0.032195750160978746 -0.12293086660175268 -0.04580520732883317 -0.09637958729766465 -0.022655758338577726 -0.05769702921679352 0.014552189443048019 -0.07077596190966415 0.04376657824933688 -0.02653260717776847 -0.12057367686254601 -0.2289890377588307 -0.16119402985074627 -0.234375 -0.11838085539714867 -0.15155374426897605 -0.11541522950384717 -0.21265693056623108 -0.11087363077745124 -0.1880242985247324 -0.1388888888888889 -0.22746120127946928 -0.22025377064879098 -0.05319148936170213 -0.15290900049726505 -0.08366013071895424 -0.14199890770071 -0.09307272969020076 0.004137931034482759 0.019042038962941262 -0.44969224971737215 -2.274886877828054 -1.2207970682546954 -0.44876409887209023 -0.23077857403133728 -0.141643059490085 -0.09307662884100472 -0.11348981171008513 -0.15316995205114545 -0.17488789237668162 -0.4139134771225533 -3.2390775292617917 -2.2434313945654614 -0.36314806165343294 -0.163075131042516 -0.09825065899832255 0.04611166500498504 -0.043032527528160995 -0.06850217362666315 -0.14820042342978124 -0.13658890366251664 -0.2698913424465475 -0.24250234301780696 -0.14097968936678612 -0.08345606283750615 -0.08285609845254052 -0.07875953728771842 -0.07915893630179345 -0.05123607019341616 -0.13434903047091412 -0.11095523530161969 -0.22961297194934316 -0.13039355144618303 -0.2514554688467732 -0.07052709725315516 -0.07667031763417306 -0.10186116700201206 -0.1209677419354839 -0.14140346240253734 -0.09817289337332971 -0.09266123054114159 -0.13206908228919742 -0.03606853020739405 -0.024076080414108587 -0.021166509877704607 0.004767012275056609 0.006175126590095096 -0.021239380309845075 -0.03178639542275905 -0.03287743293003682
-0.04496293595819663 -0.0934059824307795 -0.035862378123949344 -0.07100453963450122 -0.051380093201099285 -0.0679873402883601 0.0024594195769798315 -0.11540822590546347 0.032274722437387035 -0.13935340022296544 -0.04764971023824856 -0.14849074975657256 -0.04701060752169721 -0.09020140862473744 -0.0302076777847703 -0.07611097471151486 0.005291705252017465 -0.08364431862051216 0.038461538461538464 -0.034911325233905874 -0.14341921563650212 -0.24725943970767358 -0.15402985074626868 -0.24038461538461536 -0.13747454175152748 -0.1642893530310749 -0.14725391350490843 -0.21393799641301564 -0.12423189954581888 -0.18079259473531964 -0.154320987654321 -0.24286222011609998 -0.24658846061766818 -0.07174666006927263 -0.18150174042764794 -0.10326797385620916 -0.15565264882577828 -0.11833532774896953 0.005517241379310344 0.013182950051267026 -0.45220449692249715 -2.3585972850678734 -1.5048098946404032 -0.5003599712023038 -0.25021255921292357 -0.16997167138810196 -0.09690169577967614 -0.1341243229301006 -0.15316995205114545 -0.19581464872944693 -0.42264056850766735 -3.41754548615135 -2.912643161913317 -0.48808967772069123 -0.19569015725101924 -0.12101605559549485 0.027417746759720828 -0.05315782812302241 -0.08957976551179028 -0.16090331686661963 -0.15351142270035054 -0.2827433111344783 -0.2846766635426429 -0.16248506571087212 -0.11904761904761904 -0.09382234677714146 -0.11321683485109527 -0.09152752009894867 -0.08069681055463045 -0.13434903047091415 -0.1275347532202525 -0.2390815481122027 -0.1517306780464675 -0.2576489533011272 -0.08166295471417966 -0.08032128514056225 -0.10437625754527162 -0.12348790322580645 -0.14404651777454738 -0.10089991818925552 -0.10872251050160613 -0.1591601760921097 -0.031559963931469794 -0.028891296496930303 -0.03174976481655691 -0.009534024550113217 -0.004940101272076078 -0.03373313343328336 -0.04068658614113159 -0.044713308784850074
-0.0425325069874833 -0.0989658623373735 -0.03810377675669618 -0.06169246886276335 -0.0597442944198829 -0.0679873402883601 -0.008607968519429415 -0.10681399631675874 0.02711076684740511 -0.12541806020066892 -0.04764971023824855 -0.14240506329113925 -0.05183220829315331 -0.08031632274805388 -0.03775959723096287 -0.07365578197888534 -0.005291705252017465 -0.08107064727834255 0.033156498673740056 -0.03491132523390588 -0.15103439522782078 -0.25213154689403167 -0.15164179104477613 -0.24038461538461536 -0.13492871690427696 -0.17957208354559348 -0.148580525338286 -0.21265693056623108 -0.1228960726689821 -0.17645357246167198 -0.15174897119341563 -0.25115507641274726 -0.26334689968877184 -0.08411677387431965 -0.20139234211834908 -0.12287581699346406 -0.17340251228836703 -0.1276426007179896 0.005517241379310344 0.02050681119085982 -0.45974123853787213 -2.3959276018099547 -1.7968392120934493 -0.5795536357091432 -0.27936353698530303 -0.18352013794802313 -0.10710187428279996 -0.1431519215888574 -0.15716568993074054 -0.2077727952167414 -0.41765365914474506 -3.490555104878896 -3.5784864136537164 -0.6877627276973376 -0.2224810716365754 -0.16055595494847832 0.02243270189431705 -0.07340842931274523 -0.08826241601896982 -0.17501764290755117 -0.15109391998065996 -0.2920901974529735 -0.3116213683223993 -0.17562724014336914 -0.13500245459008348 -0.08529304252467404 -0.12429239478218065 -0.07050092764378478 -0.08325861406430127 -0.10526315789473686 -0.13008544828465757 -0.23671440407148783 -0.1517306780464675 -0.2613650439737396 -0.09279881217520415 -0.06693440428380187 -0.1119215291750503 -0.10962701612903225 -0.14536804546055243 -0.08453776929370058 -0.10748702742772424 -0.1614177672423524 -0.030432822362488732 -0.013241844227759722 -0.022342427093132642 -0.008342271481349065 -0.008645177226133139 -0.02248875562218891 -0.054672600127145574 -0.03682272488164124
-0.04496293595819663 -0.09785388635605471 -0.0593970637677911 -0.05121638924455826 -0.06213406619667822 -0.052748798499589744 -0.0036891293654697467 -0.09085328422344996 0.019364833462432222 -0.11148272017837235 -0.0463618802318094 -0.14118792599805258 -0.07232401157184185 -0.077845051278883 -0.042794210195091255 -0.07856616744414435 -0.003968778939013099 -0.08750482563376658 0.03978779840848807 -0.032118419215193414 -0.1446884122350552 -0.25943970767356883 -0.16597014925373138 -0.2512019230769231 -0.140020366598778 -0.18848700967906265 -0.14990713717166357 -0.20881373302587752 -0.12690355329949238 -0.1750072317037894 -0.14146090534979425 -0.23693875133278045 -0.2801053387598755 -0.07422068283028205 -0.22501243162605672 -0.12026143790849672 -0.1979792463134899 -0.12365376944555247 -0.011034482758620689 0.030760216786289735 -0.43713101369174734 -2.3552036199095023 -1.9674759505267978 -0.7595392368610512 -0.32430462771772134 -0.20322699839881758 -0.12495218666326664 -0.15604849110136704 -0.16249334043686733 -0.2182361733931241 -0.3952125670115945 -3.4615830339552667 -3.9916909948349435 -1.23190098085007 -0.28538147932440305 -0.1965013179966451 0.004985044865403789 -0.08859638020503734 -0.09748386246871295 -0.1806633733239238 -0.1547201740601958 -0.2827433111344783 -0.33973758200562326 -0.2019115890083632 -0.16200294550810015 -0.08894845863287436 -0.13413733694314547 -0.06307977736549164 -0.09094402459331369 -0.10387811634349031 -0.12498405815584746 -0.23671440407148783 -0.15765765765765766 -0.28118419422767243 -0.09651076466221231 -0.07058537179019107 -0.10689134808853118 -0.10836693548387097 -0.14008193471653232 -0.08726479410962638 -0.09883864591055103 -0.17609210971892988 -0.04959422903516682 -0.021668472372697724 -0.022342427093132642 -0.022643308306518888 -0.0024700506360380405 -0.037481259370314844 -0.04958677685950412 -0.038137822198842715
-0.040102078016769974 -0.135661069720894 -0.08069035077888602 -0.06169246886276335 -0.045405663759111 -0.037510256710819374 0.02090506640432858 -0.07120933087783915 0.05034856700232378 -0.08639910813823858 -0.04249839021249195 -0.17891918208373905 -0.08678881388621021 -0.09267268009390832 -0.03146633102580239 -0.07856616744414437 0.02116682100806985 -0.08235748294942738 0.062334217506631304 -0.02653260717776847 -0.14088082243939587 -0.266747868453106 -0.1838805970149254 -0.2391826923076923 -0.14638492871690428 -0.17957208354559345 -0.1512337490050411 -0.18191135024340252 -0.13091103393000267 -0.15041943881978592 -0.13117283950617284 -0.2393081388461083 -0.29446971510653575 -0.09648688767936667 -0.22998508204873197 -0.14379084967320263 -0.1993446204259967 -0.1316314319904268 -0.016551724137931035 0.021971583418778383 -0.38939831679437253 -2.2160633484162893 -2.0464956481905636 -0.9479241660667146 -0.363172598080894 -0.20569035595516688 -0.12367716435037615 -0.14057260768635543 -0.15183803942461374 -0.20179372197309417 -0.35781074678967706 -3.2923861397612706 -4.239838311250843 -1.8554413825315272 -0.3576004659289459 -0.22405942966690634 -0.0012462612163509483 -0.07720541703581825 -0.08957976551179027 -0.17219477769936486 -0.1317538982231355 -0.27690150718541884 -0.3444236176194939 -0.2497013142174432 -0.16445753559155624 -0.10966248324600951 -0.11936992370169827 -0.06802721088435373 -0.07685410529012424 -0.10941828254847645 -0.11605662543042979 -0.24026512013256007 -0.15528686581318157 -0.3034807382633469 -0.09156149467953476 -0.07301935012778386 -0.09180080482897383 -0.09576612903225808 -0.121580547112462 -0.08044723206981183 -0.09513219668890535 -0.218986341573541 -0.08002705139765555 -0.026483688455519443 -0.025870178739416744 -0.025026814444047196 0.0024700506360380383 -0.028735632183908046 -0.04450095359186269 -0.024986849026827986
-0.029165147648559975 -0.1367730457022128 -0.10198363778998094 -0.06751251309509952 -0.03584657665192974 -0.04923221193295042 0.027053615346778158 -0.08717004297114793 0.05293054479731474 -0.10312151616499443 -0.025756600128782996 -0.18257059396299904 -0.0976374156219865 -0.11244285184727543 -0.015103838892385143 -0.0834765529094034 0.03307315782510915 -0.07463646892291856 0.07559681697612733 -0.030721966205837177 -0.12057367686254601 -0.2496954933008526 -0.17910447761194032 -0.22836538461538464 -0.12219959266802442 -0.17447784004075392 -0.12735473600424513 -0.15757109915449652 -0.10018701576275715 -0.127277986693665 -0.10159465020576133 -0.217983651226158 -0.2920756523820924 -0.10514596734289956 -0.2200397812033814 -0.16209150326797386 -0.1925177498634626 -0.1462571466560298 -0.011034482758620689 -0.0014647722279185593 -0.33412887828162297 -1.8744343891402715 -2.004122766834631 -1.1507079433645309 -0.4044698165917648 -0.22170218007143733 -0.11475200816014279 -0.1328346659788496 -0.13185935002663823 -0.1943198804185351 -0.2992145617753398 -2.7871132228531694 -4.2140130249270165 -2.459131247080803 -0.4333139196272568 -0.25521207764198417 0.014955134596211367 -0.07593975446146056 -0.06850217362666315 -0.16654904728299225 -0.11120512510576577 -0.25587101296880477 -0.3444236176194939 -0.2807646356033453 -0.1828669612174767 -0.123065675642744 -0.1304454836327837 -0.0717377860235003 -0.07941590879979506 -0.1218836565096953 -0.09054967478637929 -0.231980115990058 -0.13750592697961114 -0.3307320698625046 -0.0754763672358327 -0.08153827430935864 -0.06161971830985916 -0.09576612903225808 -0.0898638826483415 -0.08453776929370058 -0.08030639980232271 -0.23591827520036118 -0.09806131650135255 -0.03370651257975202 -0.008231420507996235 -0.03694434513168872 0.022230455724342346 -0.031234382808595702 -0.02797202797202798 -0.027617043661230932
0.008506501397496658 -0.135661069720894 -0.07844895214613919 -0.06634850424863228 -0.003584657665192974 -0.05509318954401595 0.05779636005902607 -0.09944751381215469 0.08520526723470179 -0.11705685618729098 -0.010302640051513202 -0.17891918208373905 -0.08799421407907423 -0.11862103052020265 -0.0012586532410320931 -0.0969801129388657 0.03968778939013097 -0.08235748294942738 0.07294429708222813 -0.04887585532746823 -0.09899733468714303 -0.24482338611449453 -0.15402985074626865 -0.21995192307692307 -0.10310590631364562 -0.18211920529801323 -0.12337490050411251 -0.14860363822700487 -0.0801496126102057 -0.12004628290425223 -0.06815843621399177 -0.19428977609287998 -0.25855877423988505 -0.09153884215734785 -0.20387866732968676 -0.16993464052287582 -0.1788640087383943 -0.14359792580773834 -0.001379310344827586 -0.011718177823348472 -0.2776033161663108 -1.5169683257918556 -1.9067796610169492 -1.3510919126469882 -0.4506255313980323 -0.24140904052223178 -0.10710187428279996 -0.13154500902759864 -0.11321257325519445 -0.18834080717488788 -0.2456052861239247 -2.2493915865106042 -4.0253761509095 -3.1317141522652965 -0.5730926033779848 -0.28756290438533433 0.011216350947158527 -0.08479939248196429 -0.06191542616256094 -0.17360621030345802 -0.07856883838994318 -0.23717724033181448 -0.3127928772258669 -0.2939068100358423 -0.19145802650957294 -0.13768734007554526 -0.12306177701206004 -0.07421150278293134 -0.07557320353528883 -0.12326869806094184 -0.06504272414232878 -0.22369511184755592 -0.11735419630156471 -0.33197076675337545 -0.06434050977480822 -0.09370816599732261 -0.04778672032193158 -0.09702620967741936 -0.07532707810228625 -0.08999181892555222 -0.06548060291574005 -0.2381758663506039 -0.09806131650135255 -0.03611412062116288 0.003527751646284101 -0.047670122750566084 0.02964060763245646 -0.04122938530734632 -0.015257469802924344 -0.03945291951604418
-0.003645643456069994 -0.13121316579561879 -0.08181105009525944 -0.07216854848096846 -0.01672840243756721 -0.058609776110655265 0.046728971962616814 -0.10681399631675874 0.07745933384972889 -0.12263099219620961 -0.019317450096587252 -0.18135345666991237 -0.0904050144648023 -0.12479920919312988 -0.013845185651353047 -0.11416646206727228 0.030427305199100408 -0.0900784969759362 0.0596816976127321 -0.05725457338360564 -0.09518974489148367 -0.2387332521315469 -0.1373134328358209 -0.21875 -0.10056008146639513 -0.1986754966887417 -0.1339877951711329 -0.16781962592877275 -0.0908362276248998 -0.13306334972519523 -0.05915637860082305 -0.17888875725624923 -0.22623892745989943 -0.09524987629886196 -0.19890601690701143 -0.1830065359477124 -0.18159475696340793 -0.15024597792846694 -0.006896551724137931 -0.030760216786289735 -0.24871247330737348 -1.16289592760181 -1.7865322950068712 -1.5526757859371252 -0.5356492165674723 -0.2783594038674714 -0.12622720897615708 -0.1457312354913593 -0.13052743740010656 -0.1943198804185351 -0.22067073930931302 -1.72325877853749 -3.783965865708511 -3.8346567024754785 -0.8107163657542225 -0.3402827701893122 -0.013708873379860414 -0.10884698139476015 -0.07245422210512449 -0.19054340155257588 -0.07373383295056206 -0.21614674611520038 -0.2940487347703843 -0.31182795698924737 -0.21968581246931765 -0.1535274765444133 -0.12552301255230125 -0.08410636982065553 -0.07813500704495964 -0.128808864265928 -0.07779619946435404 -0.22487868386791338 -0.10787102892366052 -0.3530286138981791 -0.10146003464488988 -0.11926493854204698 -0.0704225352112676 -0.11970766129032259 -0.10440068719439673 -0.11317152986092174 -0.06918705213738571 -0.22350152387402641 -0.09129846708746618 -0.04333694474539545 0.0035277516462841017 -0.056012394231915154 0.02964060763245646 -0.05122438780609695 -0.007628734901462174 -0.04602840610205155
-0.008506501397496657 -0.11898143000111198 -0.08853524599349995 -0.07915260155977186 -0.020313060102760183 -0.07384831789942563 0.04058042302016724 -0.13014119091467155 0.06584043377226956 -0.14492753623188406 -0.023180940115904703 -0.1837877312560857 -0.1096914175506268 -0.13715556653898434 -0.012586532410320955 -0.12644242573041983 0.026458526260087312 -0.11581521039763223 0.05702917771883289 -0.07820136852394917 -0.10280492448280236 -0.23142509135200973 -0.14089552238805966 -0.20432692307692307 -0.10947046843177191 -0.19867549668874174 -0.148580525338286 -0.17294388931591081 -0.10820197702377769 -0.14029505351460803 -0.05787037037037037 -0.1587489633929629 -0.2178597079243476 -0.08659079663532904 -0.195176529090005 -0.18169934640522872 -0.1843255051884216 -0.15689403004919558 -0.002758620689655172 -0.0322249890142083 -0.23112674287149854 -0.8404977375565611 -1.6582684379294548 -1.6930645548356131 -0.6388922628446495 -0.31038305210001227 -0.14535254366951422 -0.16507608976012383 -0.13851891315929674 -0.21375186846038866 -0.20571001122054605 -1.2388457526944021 -3.488659330788232 -4.478047641289116 -1.1508444962143272 -0.3774263120057513 -0.01620139581256231 -0.11770661941526388 -0.06981952311948361 -0.20324629498941427 -0.07494258431040735 -0.18576936558009113 -0.28819119025304596 -0.31899641577060933 -0.2687776141384389 -0.16327525283294747 -0.14644351464435146 -0.08658008658008658 -0.0947867298578199 -0.13157894736842107 -0.08799897972197425 -0.22369511184755592 -0.11853959222380275 -0.35178991700730833 -0.12620638455827765 -0.13873676524278933 -0.07796780684104627 -0.1423891129032258 -0.10704374256640677 -0.13771475320425414 -0.0790709167284408 -0.20656959024720623 -0.11158701532912534 -0.05537498495244973 -0.0023518344308560684 -0.06316291264450005 0.024700506360380382 -0.07121439280359819 -0.02288620470438652 -0.060494476591267755
-0.0060760724267833275 -0.0922940064494607 -0.09525944189174045 -0.07566057502037016 -0.029872147209941448 -0.07384831789942561 0.02828332513526808 -0.12400245549416819 0.0490575781048283 -0.13377926421404682 -0.0206052801030264 -0.18135345666991237 -0.1096914175506268 -0.15074755961942418 -0.003775959723096283 -0.13258040756199363 0.023812673634078584 -0.11581521039763223 0.059681697612732086 -0.07680491551459294 -0.10788171087701484 -0.20950060901339831 -0.1516417910447761 -0.2079326923076923 -0.11583503054989816 -0.1872134488028528 -0.1512337490050411 -0.1626953625416346 -0.12022441891530855 -0.12583164593578247 -0.060442386831275716 -0.13268570074635705 -0.21187455111323916 -0.08782780801583374 -0.19766285430134264 -0.18300653594771238 -0.19115237575095573 -0.16354208216992422 -0.001379310344827586 -0.03661930569796397 -0.19972365280743626 -0.6018099547511311 -1.4590013742556114 -1.7842572594192465 -0.7433499331956759 -0.3374799852198547 -0.1466275659824047 -0.17539334537013157 -0.13319126265316994 -0.21674140508221224 -0.18451564642812618 -0.8158535172094099 -3.07320907253537 -4.977814105558149 -1.6132789749563194 -0.4073807812125569 -0.031156530408773676 -0.1050499936716871 -0.07640627058358583 -0.19054340155257588 -0.06164631935210929 -0.1588970674144176 -0.2624179943767573 -0.32377538829151736 -0.310505645557192 -0.18033386133788226 -0.16244154565591928 -0.09523809523809525 -0.10887664916100934 -0.1329639889196676 -0.06376737661012626 -0.21185939164398154 -0.09009009009009009 -0.3418803418803419 -0.12991833704528583 -0.13143483023001096 -0.07042253521126761 -0.1297883064516129 -0.09911457645037663 -0.12135260430869918 -0.07536446750679515 -0.18963765662038606 -0.1160955816050496 -0.0662092211387986 -0.003527751646284104 -0.0619711595757359 0.009880202544152153 -0.061219390304847576 -0.04195804195804197 -0.05523408732246186
0.001215214485356666 -0.06560658289780939 -0.09077664462624678 -0.0838086369456408 -0.02389771776795316 -0.07384831789942561 0.027053615346778165 -0.1227747084100675 0.042602633617350893 -0.13935340022296544 -0.00901481004507405 -0.14727361246348586 -0.08919961427193827 -0.15816137402693684 0.0075519194461925775 -0.11662165479990179 0.026458526260087312 -0.08879166130485136 0.058355437665782495 -0.0600474794023181 -0.09899733468714303 -0.17417783191230204 -0.1516417910447761 -0.20793269230769235 -0.10310590631364562 -0.16938359653591445 -0.14725391350490843 -0.12938765052523699 -0.11888859203847182 -0.0940121492623662 -0.048868312757201646 -0.11609998815306244 -0.20110126885324395 -0.09401286491835725 -0.195176529090005 -0.19346405228758168 -0.20070999453850352 -0.159553250897487 -0.011034482758620689 -0.042478394609638204 -0.1746011807561864 -0.4230769230769232 -1.2139257901969767 -1.8190544756419489 -0.8465929794728531 -0.3497967730016012 -0.14535254366951422 -0.15346917719886513 -0.12120404901438464 -0.20478325859491778 -0.1757885550430121 -0.48093637733225175 -2.525263867055918 -5.303596450256888 -2.066394874781596 -0.4349388928828182 -0.04112662013958125 -0.06708011644095685 -0.06850217362666315 -0.16372618207480594 -0.049558805753656475 -0.12384624372006078 -0.2307872539831303 -0.32735961768219835 -0.3448699067255768 -0.1803338613378823 -0.1673640167364017 -0.0766852195423624 -0.11528115793518637 -0.11634349030470917 -0.0459125111592909 -0.19055509527754763 -0.06756756756756757 -0.315867707172055 -0.13486760702796335 -0.1156139710356578 -0.06413480885311872 -0.10458669354838708 -0.09382846570635654 -0.10771748022907009 -0.0704225352112676 -0.14787222034089625 -0.12060414788097387 -0.07945106536655833 0.003527751646284101 -0.04767012275056608 0.016055329134247252 -0.024987506246876567 -0.03560076287349014 -0.027617043661230932
0.004860857941426663 -0.045591015234070935 -0.0930180432589936 -0.09195669887091143 -0.020313060102760183 -0.05626538506622906 0.023364485981308414 -0.11172498465316145 0.030983733539891554 -0.13377926421404682 0.0077269800386349004 -0.11075949367088608 -0.07594021215043395 -0.17669591004571855 0.01636249213341725 -0.10066290203780999 0.029104378886096037 -0.06948912623857934 0.059681697612732086 -0.044686496299399525 -0.09138215509582436 -0.15103532277710108 -0.1492537313432836 -0.20793269230769235 -0.09164969450101833 -0.16174223127865514 -0.14194746617139825 -0.13323084806559055 -0.12022441891530859 -0.10269019380966156 -0.030864197530864203 -0.09714488804643999 -0.17716064160881012 -0.10761999010390895 -0.1777722526106415 -0.19607843137254902 -0.1979792463134899 -0.1462571466560298 -0.013793103448275862 -0.0322249890142083 -0.15073483230749907 -0.33371040723981904 -0.9218964727439303 -1.8190544756419489 -0.9680553868577674 -0.3744303485650942 -0.1530026775468571 -0.15604849110136704 -0.12653169952051144 -0.2062780269058296 -0.1683081909986286 -0.30594506895352885 -1.8605434538513368 -5.4600653900046705 -2.6651135701805475 -0.5140186915887851 -0.07103688933200399 -0.08606505505632199 -0.08562771703332894 -0.18489767113620326 -0.03868004351504896 -0.10398411029325857 -0.19564198687910028 -0.3393070489844684 -0.3743249877270496 -0.19617399780675032 -0.1685946345065223 -0.08039579468150897 -0.11271935442551557 -0.12049861495844878 -0.03443438336946818 -0.17280151497218604 -0.050972024656235196 -0.29852595069986376 -0.1509527344716654 -0.10952902519167577 -0.07293762575452717 -0.09828629032258066 -0.11232985331042684 -0.10089991818925555 -0.06671608598962195 -0.11287955751213456 -0.11722272317403068 -0.08426628144938005 0.008231420507996237 -0.029793826719103793 0.013585278498209208 -0.0037481259370314864 -0.03560076287349014 -0.015781167806417678
0.004860857941426663 -0.044479039252752144 -0.08965594530987335 -0.11640088464672331 -0.01792328832596487 -0.0656429492439339 0.024594195769798332 -0.11786372007366482 0.032274722437387035 -0.14910813823857302 0.0180296200901481 -0.1131937682570594 -0.055448408871745423 -0.19523044606450018 0.031466331025802395 -0.11048367296832803 0.04762534726815716 -0.06820229056749454 0.07692307692307691 -0.04329004329004329 -0.07995938570884631 -0.1437271619975639 -0.1444776119402985 -0.22836538461538464 -0.09037678207739307 -0.16046867040244528 -0.14327407800477582 -0.1229823212913144 -0.11488111140796153 -0.09545849002024878 -0.01929012345679012 -0.09003672550645657 -0.15322001436437632 -0.11999010390895597 -0.17155643958229735 -0.20261437908496732 -0.18978700163844894 -0.14093870495944688 -0.005517241379310344 -0.04540793906547532 -0.12938073106393672 -0.3031674208144797 -0.6172698121850663 -1.7998560115190787 -1.1077371553504192 -0.4261608572484296 -0.16192783373709035 -0.16765540366262574 -0.12120404901438464 -0.2062780269058296 -0.15210073556913103 -0.23061768455209183 -1.1868403323602066 -5.428538066324147 -3.3570180547466513 -0.6086748142822909 -0.08848454636091722 -0.08859638020503734 -0.0816756685548676 -0.18489767113620326 -0.026592529916596157 -0.10164738871363477 -0.1640112464854733 -0.36200716845878134 -0.40378006872852235 -0.24247593517728766 -0.1685946345065223 -0.11008039579468151 -0.10887664916100936 -0.15650969529085876 -0.035709730901670705 -0.1775358030536158 -0.05215742057847321 -0.3084355258268302 -0.1658005444196981 -0.13143483023001096 -0.07545271629778671 -0.1033266129032258 -0.11232985331042686 -0.109080992637033 -0.06424511984185817 -0.10272039733604243 -0.11496844003606854 -0.11676899000842664 0.008231420507996237 -0.03336908592539626 0.01852537977028528 0.00249875062468765 -0.020343293070565795 -0.01709626512361915
-0.003645643456069997 -0.036695207383520514 -0.07172475624789867 -0.12454894657199393 -0.03226191898673676 -0.07267612237721252 0.03074274471224791 -0.12031921424186617 0.049057578104828296 -0.15468227424749165 0.007726980038634902 -0.11684518013631937 -0.0349566055930569 -0.20511553194118376 0.02013845185651353 -0.12275963663147557 0.04233364201613969 -0.06948912623857934 0.0663129973474801 -0.05865102639296188 -0.0863053687016119 -0.13398294762484775 -0.12895522388059705 -0.21995192307692304 -0.09928716904276985 -0.1566479877738156 -0.13929424250464312 -0.13323084806559057 -0.11621693828479829 -0.10269019380966156 -0.0205761316872428 -0.08529795047980097 -0.13047641848216424 -0.11627906976744184 -0.17155643958229735 -0.21307189542483665 -0.17613326051338069 -0.14625714665602976 0.013793103448275862 -0.052731800205068124 -0.1281246074613742 -0.2884615384615385 -0.43289051763628034 -1.6366690664746824 -1.2146240738491436 -0.4803547234881143 -0.1721280122402142 -0.16894506061387674 -0.12919552477357485 -0.21225710014947685 -0.14212691684328638 -0.21902885618263998 -0.7489333033909723 -4.934609995329286 -4.016307513104252 -0.7872034507548527 -0.11216350947158524 -0.10251866852297176 -0.08035831906204716 -0.1961891319689485 -0.01450501631814336 -0.08879542002570393 -0.1358950328022493 -0.33691756272401435 -0.4185076092292587 -0.2692823199707567 -0.17474772335712527 -0.12615955473098328 -0.11271935442551555 -0.16343490304709143 -0.043361816094885854 -0.17043437093147118 -0.04385964912280702 -0.29357116313638054 -0.15837663944568176 -0.14482171108677133 -0.06664989939637826 -0.10962701612903228 -0.10175763182238669 -0.11726206708481049 -0.0716580182851495 -0.09933401061067838 -0.09918845807033363 -0.12399181413265921 -0.014111006585136407 -0.0321773328566321 0.016055329134247252 0.003748125937031485 -0.02797202797202797 -0.02367175170962652
-0.006076072426783326 -0.032247303458245294 -0.04819007060405694 -0.11640088464672331 -0.05496475086629227 -0.08088149103270426 0.01229709788489916 -0.13136893799877225 0.030983733539891554 -0.1755852842809365 -0.00901481004507405 -0.12049659201557934 -0.03857280617164899 -0.20264426047201284 -0.02643171806167401 -0.13994598575988218 -0.003968778939013098 -0.1029468536867842 0.011936339522546418 -0.0837871805613741 -0.08249777890595253 -0.1364190012180268 -0.1026865671641791 -0.22475961538461536 -0.11201629327902238 -0.163015792154865 -0.14725391350490846 -0.153727901614143 -0.11621693828479829 -0.11715360138848714 -0.027006172839506175 -0.08055917545314537 -0.11252094804883887 -0.11627906976744184 -0.18647439085032325 -0.22091503267973858 -0.1870562534134353 -0.15423480920090415 -0.002758620689655172 -0.054196572432986666 -0.11807561864087426 -0.28054298642533937 -0.30806229958772335 -1.44588432925366 -1.2972185108708856 -0.5616455228476414 -0.20527859237536653 -0.20247614134640185 -0.14917421417155036 -0.23916292974588935 -0.14337364418401694 -0.2109166763240237 -0.4671008309005165 -4.334423166744513 -4.546301688992429 -1.043613707165109 -0.16326021934197407 -0.1493481837742058 -0.08562771703332893 -0.22582921665490474 -0.02538377855675088 -0.07944853370720878 -0.13120899718837864 -0.3094384707287933 -0.4577810505645557 -0.29365176069209215 -0.22274181639182872 -0.13976499690785404 -0.14602280005123608 -0.17313019390581721 -0.05866598648131616 -0.16688365487039886 -0.04504504504504504 -0.27622940666418927 -0.18064835436773072 -0.1618595594499209 -0.10437625754527162 -0.1323084677419355 -0.13083124091449716 -0.13771475320425416 -0.07536446750679515 -0.09820521503555704 -0.08340847610459874 -0.1276032261947755 -0.03998118532455315 -0.030985579787867944 0.0024700506360380388 -0.016241879060469765 -0.03941513032422124 -0.038137822198842715
-0.008506501397496657 -0.02779939953297008 -0.02689678359296201 -0.1117448492608544 -0.08125224041104075 -0.07970929551049113 -0.002459419576979835 -0.14610190300798037 0.016782855667441258 -0.18534002229654406 -0.01159047005795235 -0.10832521908471274 -0.021697203471552552 -0.18781663165698753 -0.05286343612334802 -0.13749079302725264 -0.014552189443048025 -0.11066786771329302 0.002652519893899205 -0.0837871805613741 -0.09518974489148369 -0.13276492082825825 -0.10865671641791044 -0.22596153846153846 -0.14893075356415478 -0.17193071828833417 -0.1830724330061024 -0.18063028439661796 -0.15228426395939088 -0.1388487127567255 -0.0411522633744856 -0.07226631915649805 -0.09576250897773521 -0.10390895596239487 -0.2038786673296867 -0.22483660130718955 -0.19524849808847625 -0.16221247174577852 -0.011034482758620689 -0.05273180020506811 -0.11053887702549932 -0.2635746606334841 -0.23362345396243703 -1.2371010319174467 -1.3190817442001703 -0.6466313585416923 -0.22695397169450465 -0.22182099561516636 -0.15583377730420883 -0.2556053811659193 -0.15958109961351455 -0.2016456136284622 -0.32450033685156077 -3.716721158337225 -4.880605707629587 -1.3958782650371435 -0.24551345962113658 -0.1936463738767245 -0.11856145435384007 -0.24982357092448834 -0.0241750271969056 -0.06659656501927795 -0.09606373008434865 -0.27718040621266427 -0.46146293568973984 -0.32289508955769464 -0.23750922963327586 -0.14842300556586271 -0.16011271935442553 -0.1662049861495845 -0.06886876673893635 -0.1514972186057522 -0.048601232811759126 -0.25269416573764397 -0.19302152932442462 -0.17402945113788487 -0.13204225352112675 -0.1423891129032258 -0.15197568389057753 -0.14589582765203163 -0.07907091672844084 -0.09256123715995032 -0.07326420198376916 -0.13121463825689178 -0.07408278457196613 -0.02621856751281134 -0.013585278498209211 -0.02998500749625188 -0.04831532104259378 -0.048658600736454505
-0.025519504192489974 -0.034471255420882904 -0.02577608427658859 -0.11872890233965779 -0.11470904528617516 -0.08322588207713047 -0.02828332513526808 -0.16083486801718846 0.0 -0.18952062430323302 0.0012878300064391502 -0.11927945472249268 -0.004821600771456119 -0.18781663165698753 -0.06167400881057268 -0.13135281119567885 -0.005291705252017461 -0.11838888173980185 0.015915119363395226 -0.0795978215333054 -0.10661251427846172 -0.13032886723507917 -0.11582089552238806 -0.21995192307692304 -0.16547861507128309 -0.17065715741212428 -0.1976651631732555 -0.18447348193697155 -0.16564253272775847 -0.13017066820943018 -0.05401234567901235 -0.07345101291316194 -0.10174766578884367 -0.09772389905987136 -0.21631029338637492 -0.211764705882353 -0.20890223921354453 -0.1675309134423614 -0.008275862068965517 -0.042478394609638204 -0.1143072478331868 -0.252262443438914 -0.19812185066422355 -1.0019198464122872 -1.292360014575489 -0.74393398201749 -0.24607930638786177 -0.22568996646891928 -0.15450186467767715 -0.24813153961136028 -0.15708764493205338 -0.19585119944373627 -0.26049854030990344 -3.0161139654367117 -4.952824694234129 -1.9206805655403787 -0.30533399800598204 -0.2126313124920896 -0.11197470688973783 -0.2470007057163021 -0.0362625407953584 -0.05491295712115901 -0.09489222118088098 -0.2580645161290323 -0.4614629356897398 -0.35335689045936397 -0.26458282057592913 -0.15089672232529375 -0.15883181759959014 -0.16066481994459836 -0.07397015686774645 -0.1609657947686117 -0.05452821242294927 -0.2564102564102564 -0.18559762435040827 -0.19715224534501644 -0.1458752515090543 -0.16003024193548387 -0.1585833223206026 -0.15544041450777202 -0.08030639980232271 -0.09256123715995032 -0.05861136158701533 -0.13001083423618637 -0.0905456255879586 -0.008342271481349065 -0.01605532913424725 -0.02623688155922039 -0.04831532104259377 -0.0341925302472383
-0.020658646251063312 -0.016679639719782056 -0.029138182225708843 -0.10243277848911654 -0.13143744772374238 -0.06798734028836009 -0.039350713231677326 -0.14241866175567833 -0.00903692228246837 -0.1741917502787068 -0.0012878300064391502 -0.11075949367088607 -0.007232401157184184 -0.1841097244532312 -0.08181246066708622 -0.11048367296832799 -0.013229263130043656 -0.10938103204220821 0.010610079575596816 -0.071219103477168 -0.10915090747556797 -0.1278928136419001 -0.11343283582089554 -0.21754807692307687 -0.16675152749490835 -0.15282730514518594 -0.18439904483947994 -0.16013323084806558 -0.15228426395939085 -0.11426091987272202 -0.05015432098765432 -0.050941831536547785 -0.10773282259995212 -0.06432459178624443 -0.2200397812033814 -0.18169934640522872 -0.21299836155106502 -0.14891636750432125 -0.005517241379310344 -0.021971583418778383 -0.10928275342293683 -0.21606334841628963 -0.17979844251030694 -0.7715382769378449 -1.2522774201384672 -0.8326148540460648 -0.2588295295167665 -0.20118648439515088 -0.14118273841236015 -0.2197309417040359 -0.15085400822840048 -0.17383242554177775 -0.23691893105771392 -2.282811770200841 -4.949330227140362 -2.571291636712197 -0.3639082751744766 -0.2138969750664473 -0.10538795942563561 -0.2230063514467185 -0.022966275837060318 -0.03505082369435682 -0.09957825679475164 -0.21146953405017918 -0.4626902307314678 -0.36919702692823203 -0.2904257937484617 -0.13358070500927643 -0.16651722812860256 -0.13850415512465372 -0.06376737661012626 -0.1313764942596757 -0.05571360834518729 -0.23906849993806514 -0.16703786191536746 -0.18133138615066327 -0.13707243460764587 -0.13482862903225806 -0.14404651777454736 -0.14044177802017999 -0.0716580182851495 -0.0891748504345863 -0.05522993688007213 -0.13121463825689178 -0.09172154280338664 0.0035752592062924596 -0.007410151908114117 -0.028735632183908046 -0.04322949777495232 -0.03156233561283535
-0.010936930368209988 -0.014455687757144444 -0.02689678359296201 -0.09661273425678034 -0.13143744772374238 -0.05743758058844214 -0.019675356615838666 -0.1190914671577655 0.007745933384972889 -0.15746934225195097 -0.0025756600128782996 -0.09250243427458618 -0.007232401157184184 -0.16186828123069322 -0.09691629955947137 -0.08838693837466241 -0.007937557878026196 -0.07721014026508814 0.007957559681697613 -0.04887585532746823 -0.10788171087701486 -0.1218026796589525 -0.11104477611940297 -0.21995192307692307 -0.16675152749490835 -0.1541008660213958 -0.1923587158397453 -0.15244683576735843 -0.14694095645204383 -0.10558287532542665 -0.037294238683127576 -0.0497571377798839 -0.09935360306440028 -0.06061355764473032 -0.2150671307807061 -0.17124183006535945 -0.2075368651010377 -0.13429065283871827 -0.006896551724137931 -0.02343635564669694 -0.10048988820499938 -0.19570135746606337 -0.15803939532753092 -0.5927525797936165 -1.1563221183043848 -0.9176006897401157 -0.28305495346168563 -0.17926231622388442 -0.14251465103889185 -0.1943198804185351 -0.14462037152474755 -0.15876694866149035 -0.21670783741298 -1.5927136851938344 -4.683750728013979 -3.3453151210160557 -0.4897806580259223 -0.2354132388305278 -0.13173494928204452 -0.21030345800988 -0.009670010878762235 -0.039724266853604404 -0.08903467666354264 -0.1816009557945042 -0.41850760922925867 -0.3947849396856343 -0.2928870292887029 -0.13358070500927646 -0.1485846035609069 -0.12880886426592797 -0.05866598648131616 -0.115990057995029 -0.05689900426742532 -0.23535240926545273 -0.1521900519673348 -0.1691614944626993 -0.13707243460764587 -0.10836693548387097 -0.1387604070305273 -0.12271611671666212 -0.06795156906350383 -0.091432441584829 -0.04959422903516682 -0.11917659804983749 -0.0976011288805268 0.010725777618877372 -0.0024700506360380375 -0.01249375312343828 -0.02924348378893834 -0.023671751709626508
-0.007291286912139991 -0.011119759813188034 -0.032500280174829095 -0.09777674310324759 -0.13741187716573067 -0.062126362677294565 -0.014756517461879 -0.10190300798035605 0.0051639555899819275 -0.14910813823857302 0.005151320025756601 -0.08398247322297955 0.0024108003857280617 -0.12356357345854443 -0.10446821900566391 -0.07611097471151484 0.0 -0.05404709818556171 -0.010610079575596818 -0.03491132523390588 -0.11042010407412109 -0.11936662606577346 -0.11223880597014926 -0.21634615384615383 -0.17438900203665986 -0.16428935303107486 -0.2016449986733882 -0.153727901614143 -0.1509484370825541 -0.11281457911483946 -0.03215020576131687 -0.0462030565098922 -0.09695954033995689 -0.037110341415141024 -0.2175534559920438 -0.16732026143790849 -0.21163298743855816 -0.11700571732482383 -0.028965517241379312 -0.013182950051267028 -0.10677050621781184 -0.1855203619909502 -0.15116811726981222 -0.45236381089512834 -1.0518644479533585 -0.9865747013178963 -0.3327808236644142 -0.15862780500386894 -0.15183803942461377 -0.16591928251121074 -0.1408801895025558 -0.14949588596592886 -0.20884796766225017 -1.0310602522185892 -4.23529411764706 -4.09058231488138 -0.6742273180458624 -0.27971142893304646 -0.16466868660255568 -0.21736062103034587 -0.008461259518916957 -0.0397242668536044 -0.08552014995313964 -0.14934289127837516 -0.38659793814432997 -0.4069696600463019 -0.3138075313807531 -0.13234384662956092 -0.15498911233508395 -0.12326869806094183 -0.06376737661012626 -0.10888862587288436 -0.05926979611190138 -0.22668153102935715 -0.14724078198465723 -0.1630765486187173 -0.14839034205231388 -0.10332661290322583 -0.15329721157658255 -0.11998909190073628 -0.06300963676797627 -0.08578846370922225 -0.05297565374211001 -0.10954616588419408 -0.11053621825023516 0.0023835061375283074 0.0024700506360380383 -0.0037481259370314825 -0.03178639542275906 -0.017096265123619142
-0.01579778830963665 -0.011119759813188034 -0.03922447607306959 -0.07682458386683738 -0.15175050782650257 -0.060954167155081465 -0.01598622725036892 -0.08717004297114793 -0.006454944487477407 -0.13099219620958752 -0.007726980038634898 -0.09858812074001946 -0.012054001928640309 -0.11862103052020265 -0.11579609817495277 -0.10802848023569848 0.0026458526260087316 -0.07849697593617294 -0.021220159151193633 -0.055858120374249406 -0.11422769386978045 -0.13276492082825822 -0.10865671641791044 -0.21874999999999994 -0.18075356415478616 -0.19485481406011207 -0.21491111700716373 -0.1870356136305406 -0.15629174458990114 -0.14318773503037313 -0.034722222222222224 -0.04146428148323659 -0.09217141489107014 -0.011133102424542305 -0.2076081551466932 -0.16601307189542483 -0.1938831239759694 -0.12764260071798963 -0.03310344827586207 -0.02343635564669694 -0.11179500062806183 -0.18665158371040724 -0.14086120018323406 -0.3719702423806096 -0.9352605368638406 -1.0567803916738516 -0.3978069616218284 -0.19344854268764508 -0.15716568993074054 -0.17339312406576976 -0.14212691684328638 -0.15181365163981925 -0.19088255108915336 -0.6106959364782811 -3.762376237623763 -4.666906302420321 -0.9882851445663012 -0.37083913428679915 -0.20814121986563036 -0.24558927311220896 -0.007252508159071677 -0.036219184484168714 -0.07614807872539832 -0.12066905615292714 -0.35346097201767307 -0.42280979651517 -0.34088112232340634 -0.14471243042671614 -0.1562700140899193 -0.1329639889196676 -0.08927432725417676 -0.1124393419339567 -0.06164058795637743 -0.22792022792022792 -0.14847809948032664 -0.1582085919435317 -0.17982897384305835 -0.11088709677419355 -0.17708470992467293 -0.11726206708481046 -0.061774153694094405 -0.09594762388531437 -0.04959422903516682 -0.10473094980137236 -0.12111947318908747 -0.030985579787867958 0.011115227862171173 -0.026236881559220382 -0.03560076287349015 -0.038137822198842715
-0.008506501397496658 -0.01890359168241966 -0.03474167880757593 -0.06751251309509952 -0.14936073604970726 -0.08205368655491736 -0.007378258730939498 -0.09208103130755062 -0.002581977794990961 -0.14214046822742477 -0.014166130070830651 -0.1034566699123661 -0.01808100289296046 -0.100086494501421 -0.12208936438011327 -0.12275963663147557 0.003968778939013097 -0.08107064727834254 -0.033156498673740056 -0.06284038542103058 -0.1028049244828024 -0.13763702801461633 -0.1134328358208955 -0.21874999999999994 -0.1782077393075356 -0.21013754457463066 -0.21623772884054127 -0.1908788111708942 -0.15228426395939085 -0.1518657795776685 -0.030864197530864196 -0.04264897523990049 -0.08020110126885324 0.012370113805047007 -0.19890601690701143 -0.17254901960784313 -0.18569087930092845 -0.12631299029384388 -0.04689655172413793 -0.043943166837556766 -0.1143072478331868 -0.18665158371040722 -0.12711864406779663 -0.3227741780657548 -0.7931495202234908 -1.0888040399063923 -0.501083768965957 -0.21150374000515865 -0.16515716568993072 -0.1733931240657698 -0.13714000748036406 -0.1402248232703674 -0.16505726476532676 -0.3234469873890706 -3.128712871287129 -5.031152647975078 -1.4830508474576274 -0.44551322617390204 -0.23185351073639837 -0.24982357092448834 -0.0036262540795358386 -0.0385559060637925 -0.06560449859418932 -0.10035842293906812 -0.31664212076583215 -0.4423053490922384 -0.38395274427762743 -0.16821273964131106 -0.16779812988343795 -0.14958448753462603 -0.09182502231858182 -0.115990057995029 -0.06638217164532954 -0.2303976217019695 -0.12620638455827765 -0.14117074358038212 -0.18737424547283701 -0.09702620967741936 -0.15858332232060263 -0.11317152986092174 -0.06424511984185817 -0.09594762388531439 -0.05297565374211001 -0.09269290959431806 -0.12699905926622762 -0.0572041473006793 0.020995430406323328 -0.029985007496251864 -0.027972027972027975 -0.0433982114676486
0.01579778830963665 -0.008895807850550424 -0.024655384960215177 -0.052380398091025494 -0.1338272195005377 -0.09494783729926151 0.014756517461878999 -0.08717004297114792 0.005163955589981927 -0.1407469342251951 0.0025756600128782974 -0.10589094449853942 -0.013259402121504334 -0.09514395156307923 -0.10195091252359975 -0.1362631966609379 0.02513559994708295 -0.08364431862051215 -0.02917771883289124 -0.06563329143974306 -0.10661251427846177 -0.1376370280146163 -0.10626865671641787 -0.2115384615384615 -0.17438900203665988 -0.2266938359653592 -0.21623772884054127 -0.21009479887266208 -0.1509484370825541 -0.1750072317037894 -0.023148148148148147 -0.03672550645658097 -0.06823078764663634 0.028451261751608115 -0.1790154152163103 -0.18169934640522875 -0.17067176406335335 -0.1276426007179896 -0.05517241379310345 -0.05712611688882378 -0.10048988820499938 -0.1753393665158371 -0.1271186440677966 -0.27117830573554114 -0.6194582776630633 -1.1072792215790122 -0.6132857325003188 -0.22697962342017025 -0.17048481619605754 -0.17189835575485798 -0.13589328013963348 -0.12863599490091554 -0.14933752526386707 -0.15997197571228397 -2.394874781595807 -5.367840881859573 -2.1585244267198407 -0.5214529806353626 -0.2661045975497299 -0.25405786873676783 0.00967001087876224 -0.030377380535109244 -0.04334582942830366 -0.08482676224611709 -0.2601865488463427 -0.4544900694529061 -0.40979571745015997 -0.191713048855906 -0.1626745228640963 -0.1592797783933518 -0.06631807167453133 -0.11480648597467155 -0.04385964912280703 -0.21429456212064904 -0.08661222469685721 -0.1143969818668614 -0.176056338028169 -0.08064516129032258 -0.13611735165851724 -0.0981728933733297 -0.05683222139856684 -0.10497798848628512 -0.033814247069431924 -0.08306247742867462 -0.1187676387582314 -0.07984745560719819 0.028405582314437443 -0.04622688655672164 -0.030514939605848702 -0.052603892688058915
0.023089075221776646 -0.014455687757144444 -0.02465538496021518 -0.053544406937492725 -0.11829370295136817 -0.10901418356581878 -0.011067388096409246 -0.0933087783916513 -0.003872966692486446 -0.149108138238573 0.0038634900193174476 -0.10223953261927947 -0.019286403085824487 -0.08155195848263933 -0.08432976714915041 -0.13135281119567885 0.011906336817039296 -0.08107064727834254 -0.025198938992042435 -0.05865102639296188 -0.1040741210813555 -0.1376370280146163 -0.10985074626865672 -0.20312499999999994 -0.16038696537678204 -0.23433520122261844 -0.2321570708410719 -0.20881373302587755 -0.14827678332888056 -0.18079259473531964 -0.015432098765432101 -0.03080203767326146 -0.06463969355997126 0.033399307273626916 -0.1516658378915962 -0.17124183006535948 -0.1774986346258875 -0.12099454859726103 -0.059310344827586195 -0.061520433572579455 -0.09295314658962443 -0.17307692307692307 -0.12368300503893725 -0.2435805135589153 -0.4627717721365238 -1.0715605370119472 -0.7216626290960092 -0.27082795976270313 -0.17714437932871605 -0.16591928251121077 -0.13714000748036403 -0.12863599490091554 -0.1549517179429598 -0.1132648295189164 -1.6622015142690738 -5.251617541337167 -3.062063808574277 -0.7315529679787369 -0.3095771308128047 -0.27522935779816515 0.01087876223860752 -0.03388246290454493 -0.04100281162136833 -0.07765830346475507 -0.2258222876779578 -0.44717923723650543 -0.44548363278365744 -0.22263450834879409 -0.16779812988343795 -0.1772853185595568 -0.05356459635250606 -0.11835720203574389 -0.04267425320056899 -0.20562368388455346 -0.08166295471417966 -0.10101010101010102 -0.17354124748490946 -0.07056451612903225 -0.13743887934452226 -0.08862830651758932 -0.055596738324684945 -0.09820521503555706 -0.03832281334535618 -0.07102443722162034 -0.1011288805268109 -0.08580622095101895 0.0012350253180190174 -0.04622688655672163 -0.03178639542275906 -0.05128879537085744
0.02187386073641998 -0.01334371177582564 -0.03250028017482909 -0.052380398091025494 -0.10873461584418691 -0.10549759699917946 -0.02828332513526808 -0.07857581338244321 -0.005163955589981925 -0.12681159420289853 0.005151320025756595 -0.0827653359298929 -0.013259402121504338 -0.06548869393302856 -0.056639395846444306 -0.10557328750306898 0.011906336817039296 -0.04632608415905289 -0.0026525198938992045 -0.02513615416841223 -0.10661251427846172 -0.146163215590743 -0.11582089552238806 -0.21033653846153846 -0.1438391038696538 -0.23560876209882836 -0.2427699655080923 -0.21137586471944658 -0.15228426395939085 -0.17934625397743703 -0.006430041152263375 -0.035540812699917074 -0.05147234857553268 0.03711034141514102 -0.11312779711586274 -0.14640522875816991 -0.17476788640087385 -0.1050392235075123 -0.04275862068965517 -0.04833748352131244 -0.09169702298706194 -0.15950226244343893 -0.12368300503893725 -0.22438204943604512 -0.33645086845621275 -0.9988914890996428 -0.8198393471885759 -0.3120969822027341 -0.17980820458177943 -0.15695067264573992 -0.13589328013963348 -0.13211264341175108 -0.1448461711205929 -0.09691732835123774 -1.04834012813046 -5.022765396597172 -3.7774177467597214 -1.016327047209214 -0.3714925569753656 -0.2851093860268173 0.019340021757524476 -0.025703937375861664 -0.021087160262417998 -0.06332138590203108 -0.17304860088365243 -0.4179359083709029 -0.4516367216342604 -0.24366110080395798 -0.16267452286409628 -0.1634349030470914 -0.03953577349827829 -0.09823647768966744 -0.037932669511616876 -0.1870432305214914 -0.06434050977480822 -0.06084945843981989 -0.13958752515090542 -0.04158266129032258 -0.12686665785648207 -0.05181347150259068 -0.05312577217692118 -0.09481882831019303 -0.030432822362488725 -0.06380161309738776 -0.0764346190028222 -0.08342271481349064 -0.006175126590095098 -0.032483758120939524 -0.015257469802924348 -0.03419253024723829
0.03038036213391664 -0.005559879906594016 -0.029138182225708846 -0.027936212315213593 -0.07647269685745012 -0.07853709998827804 -0.030742744712247916 -0.046654389195825666 -1.0408340855860842e-18 -0.1031215161649944 -0.002575660012878303 -0.0766796494644596 -0.025313404050144643 -0.0642530581984431 -0.046570169918187534 -0.11539405843358704 -0.011906336817039283 -0.0514734268433921 -0.010610079575596818 -0.039100684261974585 -0.10280492448280239 -0.14372716199756394 -0.1026865671641791 -0.21033653846153846 -0.11965376782077394 -0.22542027508914925 -0.23348368267444944 -0.18831667947732514 -0.14026182206786003 -0.16343650564072892 0.006430041152263375 -0.03198673142992537 -0.03710797222887239 0.05937654626422564 -0.07334659373446045 -0.11503267973856209 -0.1774986346258875 -0.0837654567211807 -0.049655172413793094 -0.04394316683755676 -0.08918477578193695 -0.14705882352941174 -0.11795693999083831 -0.21238300935925128 -0.2514271832867727 -0.9102106170710679 -0.8963406859620043 -0.3843177714727882 -0.20245071923281835 -0.16143497757847533 -0.13339982545817228 -0.13443040908564147 -0.13923197844150012 -0.08874357776739841 -0.6080372743156669 -4.678888090103043 -4.476570289132602 -1.4289330464498164 -0.4189171387169016 -0.2935779816513762 0.016922519037833917 -0.015188690267554622 -0.01991565135895033 -0.03464755077658303 -0.14604810996563572 -0.36188619471183137 -0.47871031257691354 -0.25602968460111314 -0.17420263865761493 -0.1551246537396122 -0.033159035837265656 -0.08758432950645048 -0.02844950213371265 -0.17094017094017094 -0.054441969809453115 -0.030424729219909945 -0.11569416498993963 -0.03276209677419355 -0.12290207479846704 -0.04363239705481319 -0.05312577217692118 -0.08127328140873687 -0.0281785392245266 -0.05296737691103889 -0.056444026340545614 -0.07746394946966988 -0.028405582314437443 -0.0049975012493753135 -0.01780038143674507 -0.013150973172014729
0.041317292502126624 0.004447903925275214 -0.029138182225708846 -0.012804097311139562 -0.0513800932010993 -0.05978197163286837 -0.033202164289227745 -0.019643953345610803 0.011618900077459332 -0.08361204013377925 -0.007726980038634904 -0.05963972736124634 -0.03736740597878495 -0.077845051278883 -0.03650094398993078 -0.11907684753253131 -0.027781452573091676 -0.030884056106035257 -0.018567639257294426 -0.03630777824326211 -0.08630536870161187 -0.14738124238733252 -0.08358208955223881 -0.21995192307692307 -0.08910386965376783 -0.22032603158430972 -0.22552401167418412 -0.17934921854983346 -0.13091103393000267 -0.15909748336708124 0.014146090534979425 -0.027247956403269758 -0.026334689968877185 0.04824344383968333 -0.05096966683242167 -0.11241830065359477 -0.17340251228836698 -0.07046935247972344 -0.04827586206896552 -0.04247839460963819 -0.07285516894862455 -0.13348416289592763 -0.10535959688502064 -0.21358291336693064 -0.1919106036681647 -0.7907377755881265 -0.9282162437842663 -0.4591178746453443 -0.22908897176345233 -0.16591928251121074 -0.12093255205086648 -0.1402248232703674 -0.12575791601167752 -0.08874357776739841 -0.34478741991846246 -4.152887610831536 -4.943918245264208 -2.002278192633844 -0.49268871031484657 -0.3232180663373324 0.030218783996132002 -0.012851968687930832 -0.0070290534208060015 -0.03345280764635603 -0.11782032400589101 -0.3204581454855611 -0.47747969480679303 -0.28447742733457015 -0.18188804918662738 -0.15512465373961218 -0.014028822854227779 -0.05681145697715708 -0.014224751066856325 -0.14368883934101326 -0.04330611234842862 0.018254837531945966 -0.07545271629778671 -0.0012600806451612905 -0.10836527025241179 -0.014998636487592037 -0.04447739065974796 -0.07788689468337284 -0.028178539224526594 -0.05417118093174431 -0.036453433678269045 -0.08818972708854725 -0.04446091144868469 0.009995002498750625 -0.021614748887476158 -0.006575486586007364
0.03767164904605663 -0.0033359279439564085 -0.024655384960215174 -0.005820044232336165 -0.045405663759111 -0.06447075372172079 -0.04918839153959666 -0.02578268876611418 0.009036922282468371 -0.08639910813823856 -0.00128783000643915 -0.06450827653359299 -0.033751205400192864 -0.06919560113678488 -0.018879798615481436 -0.12030444389884606 -0.04762534726815716 -0.019302535066272036 -0.018567639257294426 -0.025136154168412233 -0.07615179591318696 -0.14494518879415347 -0.09074626865671642 -0.19951923076923075 -0.08910386965376782 -0.21268466632705038 -0.2533828601751128 -0.180630284396618 -0.1589633983435747 -0.15475846109343358 0.009002057613168723 -0.03317142518658926 -0.026334689968877185 0.03834735279564572 -0.04351069119840875 -0.12026143790849672 -0.1843255051884216 -0.07046935247972344 -0.053793103448275856 -0.045407939065475314 -0.061550056525562113 -0.15497737556561086 -0.09848831882730189 -0.21358291336693064 -0.1421110166403498 -0.6700332553270106 -0.9537166900420757 -0.5687387155016765 -0.270378263185935 -0.1898355754857997 -0.11594564268794413 -0.13674817475953183 -0.12688075454749606 -0.07706679121905652 -0.0978450786255096 -3.463934819075006 -5.219341974077767 -2.7110492342741423 -0.5980766697404821 -0.3542695836273818 0.016922519037833917 -0.014020329477742727 0.002343017806935333 -0.02508960573476703 -0.1006381934216986 -0.2839039844035579 -0.48486340142751666 -0.33147804576376 -0.20878698603817086 -0.16759002770083103 -0.011478127789822726 -0.0662800331400166 -0.020151730678046466 -0.13254056732317604 -0.04949269982677555 0.034075696726299134 -0.0704225352112676 -0.005040322580645161 -0.12290207479846704 0.001363512407962912 -0.04941932295527551 -0.07111412123264477 -0.03606853020739405 -0.04333694474539545 -0.043508936970837256 -0.08818972708854725 -0.07904162035321724 0.043728135932033986 -0.034329307056579786 0.013150973172014727
0.03281079110462996 0.007783831869231624 -0.03362097949120251 0.005820044232336163 -0.04421077787071334 -0.05392099402180285 -0.07870142646335464 -0.01964395334561081 -0.006454944487477408 -0.07664437012263098 0.0025756600128783004 -0.06085686465433301 -0.022902603664416588 -0.06548869393302856 -0.012586532410320955 -0.1252148293641051 -0.06482338933721392 -0.018015699395187233 -0.022546419098143235 -0.020946795140343526 -0.06726741972331515 -0.1364190012180268 -0.07999999999999999 -0.19110576923076922 -0.08655804480651733 -0.20376974019358127 -0.2480764128416025 -0.18959774532410964 -0.14827678332888058 -0.15620480185131616 0.0102880658436214 -0.02250918137661415 -0.026334689968877185 0.05937654626422563 -0.038538040775733466 -0.11895424836601307 -0.19388312397596943 -0.07844701502459779 -0.0593103448275862 -0.04687271129339386 -0.06155005652556213 -0.15610859728506787 -0.09161704076958313 -0.199184065274778 -0.11781853516336693 -0.5444020199531963 -0.9333163330358282 -0.674490585504256 -0.2903569525839105 -0.21375186846038866 -0.11095873332502179 -0.12979487773786072 -0.12238940040422186 -0.06071929005137786 -0.0034944670937682 -2.6503714354181644 -5.269192422731805 -3.53499557018099 -0.7047819786589382 -0.3853211009174312 0.01934002175752448 -0.0023367215796237864 0.004686035613870667 -0.01672640382317802 -0.09572901325478647 -0.2400389911051541 -0.4836327836573961 -0.36487322201607914 -0.24080952990905596 -0.17174515235457063 -0.00765208519321515 -0.067463605160374 -0.016595542911332382 -0.132540567323176 -0.05444196980945311 0.04016064257028113 -0.06916498993963782 -0.020161290322580645 -0.13479582397251222 -0.004090537223888737 -0.04447739065974796 -0.057568574331188616 -0.0315599639314698 -0.030095100517635733 -0.04703668861712135 -0.07984745560719818 -0.10374212671359764 0.04497751124437781 -0.03814367450731086 0.019726459758022095
0.027949933163203305 0.004447903925275212 -0.030258881542082262 0.01629612385054126 -0.04421077787071335 -0.045715625366311116 -0.09345794392523363 -0.03806015960712093 -0.003872966692486446 -0.08779264214046821 0.009014810045074048 -0.0584225900681597 -0.013259402121504343 -0.07166687260595578 0.007551919446192576 -0.12275963663147556 -0.06482338933721392 -0.029597220434950455 -1.3877787807814458e-18 -0.02932551319648094 -0.04822947074501841 -0.1364190012180268 -0.05253731343283582 -0.17548076923076922 -0.05728105906313645 -0.19485481406011204 -0.23215707084107193 -0.2036894696387394 -0.1429334758215335 -0.1619901648828464 0.0025720164609053463 -0.01658571259329463 -0.014364376346660282 0.07050964868876794 -0.028592739930382895 -0.10718954248366012 -0.18978700163844894 -0.08642467756947214 -0.060689655172413794 -0.049802255749230986 -0.04773269689737471 -0.14932126696832576 -0.07901969766376546 -0.18838492920566355 -0.08745293331713835 -0.4384776450301763 -0.8912405967104423 -0.7789527985555843 -0.31299946723494937 -0.23766816143497754 -0.11469891534721355 -0.14138370610731257 -0.12014372333258479 -0.05371321812237273 0.025626092020966808 -1.8739515935777618 -5.17073778664008 -4.2500949246930775 -0.8483730733763668 -0.4191954834156669 0.02175752447721504 0.0 0.02343017806935333 -0.015531660692951019 -0.07118311242022582 -0.20835871816741808 -0.459020428254984 -0.4032158317872604 -0.2497758421929038 -0.18698060941828257 0.0012753475322025269 -0.06509646111965914 -0.010668563300142247 -0.14245014245014245 -0.03959415986142044 0.026773761713520756 -0.04401408450704225 -0.028981854838709676 -0.11893749174045196 -0.01908917371148077 -0.040770941438102296 -0.05869736990630996 -0.016907123534715955 -0.025279884434814014 -0.03292568203198494 -0.0691216779883208 -0.10868222798567373 0.013743128435782109 -0.027972027972027975 0.014466070489216202
0.04010207801676997 0.0011119759813188023 -0.028017482909335423 0.010476079618205097 -0.027482375433146133 -0.04102684327745867 -0.09468765371372356 -0.06629834254143648 0.009036922282468374 -0.1031215161649944 0.025756600128782996 -0.06085686465433301 -0.008437801350048218 -0.07908068701346845 0.02769037130270611 -0.11171126933464279 -0.05556290514618336 -0.05404709818556171 0.021220159151193633 -0.04049713727133082 -0.0406142911536997 -0.13398294762484775 -0.05492537313432836 -0.17067307692307693 -0.045824847250509164 -0.17702496179317367 -0.2295038471743168 -0.19728414040481682 -0.14560512957520705 -0.15041943881978595 0.0051440329218107 -0.015401018836630734 -0.011970313622216901 0.07298367144977735 -0.013674788662357034 -0.08496732026143791 -0.18978700163844892 -0.09839117138678369 -0.05241379310344827 -0.04687271129339387 -0.030146966461499815 -0.14479638009049772 -0.06985799358680715 -0.18838492920566358 -0.06073120369245718 -0.35472348811429977 -0.8223893918143567 -0.8215114779468662 -0.36228023441662227 -0.25411061285500747 -0.10098491459917716 -0.14833700312898368 -0.13361778576240738 -0.05488089677720692 0.04076878276062901 -1.2580877066858376 -4.900299102691925 -4.924693076825719 -1.0393887498353314 -0.429075511644319 0.033845038075667834 -0.009346886318495153 0.018744142455482664 -0.011947431302270014 -0.04909180166912124 -0.1852077494821494 -0.41471818853064235 -0.44650587507730366 -0.26770846676059945 -0.20083102493074795 0.02678229817625303 -0.06154574505858682 -0.009483167377904219 -0.14740493001362567 -0.023509032417718387 0.014603870025556775 -0.012575452716297786 -0.03276209677419355 -0.11100832562442184 -0.03408781019907281 -0.034593526068692856 -0.054182187605824585 -0.01577998196573489 -0.021668472372697728 -0.023518344308560677 -0.046478369681801926 -0.12844263307397802 -0.0024987506246876567 -0.02924348378893833 0.026301946344029457
0.03767164904605663 0.00333592794395641 -0.03586237812394934 0.010476079618205096 -0.03823634842872505 -0.02813269253311451 -0.10698475159862272 -0.09208103130755066 0.0038729666924864473 -0.11008918617614268 0.020605280103026397 -0.054771178188899705 -0.010848601735776276 -0.07660941554429757 0.023914411579609822 -0.09206972747360667 -0.05291705252017463 -0.07206279758074893 0.030503978779840853 -0.034911325233905874 -0.0558446503363371 -0.1315468940316687 -0.05134328358208955 -0.17067307692307693 -0.05091649694501018 -0.16046867040244522 -0.23481029450782698 -0.19087881117089417 -0.1536200908362276 -0.1417413942724906 0.010288065843621397 -0.0047387750266556046 -0.021546564519990423 0.07916872835230085 -0.013674788662357037 -0.05620915032679737 -0.1979792463134899 -0.11700571732482383 -0.044137931034482755 -0.039548850153801086 -0.023866348448687354 -0.13574660633484165 -0.07214841960604673 -0.17998560115190784 -0.05587270739706061 -0.2808227614238207 -0.7127374729057759 -0.8344080474593758 -0.4062333510921684 -0.27204783258594917 -0.09973818725844658 -0.1402248232703674 -0.1437233325847743 -0.0583839327417095 0.0430984274898078 -0.8039779535106637 -4.413010967098705 -5.306923174281737 -1.287050454485575 -0.45306986591390264 0.041097546234739504 -0.008178525528683256 0.008200562324273668 0.002389486260453999 -0.03559155621011291 -0.14743511636407947 -0.36303224218557717 -0.45763760049474345 -0.29076469834763674 -0.20637119113573404 0.036985078433873234 -0.05562788495679962 -0.008297771455666191 -0.14740493001362567 -0.01979707993071022 0.007301935012778388 0.012575452716297786 -0.034022177419354836 -0.11761596405444694 -0.04772293427870193 -0.042006424511984185 -0.050795800880460554 -0.02366997294860234 -0.022872276393403158 -0.029397930385700842 -0.023835061375283052 -0.14079288625416825 -0.029985007496251874 -0.03305785123966942 0.02235665439242504
0.021873860736419976 0.00667185588791282 -0.04034517538944301 0.005820044232336163 -0.052574979089496945 -0.0023443910444262126 -0.1254303984259715 -0.09821976672805402 -0.019364833462432222 -0.09615384615384616 -0.0012878300064391513 -0.04625121713729309 -0.02169720347155256 -0.06919560113678488 0.00881057268722467 -0.06997299287994108 -0.07672972615425322 -0.08107064727834254 0.005305039787798405 -0.023739701159056 -0.06092143673054956 -0.13032886723507917 -0.06208955223880597 -0.16826923076923078 -0.05728105906313645 -0.13881813550687722 -0.24542318917484743 -0.19087881117089417 -0.17365749398877908 -0.12872432745154758 0.016718106995884774 0.00592346878331951 -0.016758439071103665 0.08411677387431965 -0.0074589756340129295 -0.03137254901960784 -0.204806116876024 -0.13163143199042682 -0.04137931034482758 -0.024901127874615497 -0.041452078884562246 -0.1176470588235294 -0.07100320659642695 -0.16438684905207585 -0.053443459249362335 -0.19706860450794433 -0.5928853754940713 -0.8111942223368585 -0.45151838039424613 -0.273542600896861 -0.09724473257698542 -0.12979487773786072 -0.136986301369863 -0.06539000467071462 0.0477577169481654 -0.35346273664030675 -3.732552342971087 -5.434755094291862 -1.4780661309445395 -0.48412138320395204 0.0423062975945848 0.0 0.014058106841611998 0.011947431302270014 -0.03559155621011291 -0.10235165102960886 -0.31873000246123556 -0.4440321583178727 -0.3215063404636864 -0.19806094182825484 0.015304170386430302 -0.04852645283465499 -0.02252252252252252 -0.15607580824972128 -0.04206879485275922 -0.003650967506389196 0.0 -0.03276209677419355 -0.1506541562045725 -0.0545404963185165 -0.040770941438102296 -0.03950784512924709 -0.02254283137962128 -0.01926086433128687 -0.028222013170272814 -2.0816681711721684e-18 -0.1383228356181302 -0.041229385307346336 -0.03941513032422123 0.0341925302472383
0.024304289707133307 0.016679639719782053 -0.03362097949120251 0.023280176929344663 -0.05018520731270164 0.016410737310983477 -0.10083620265617314 -0.10313075506445672 -0.02581977794990963 -0.09615384615384617 0.019317450096587252 -0.04746835443037974 -0.003616200578592091 -0.07043123687137033 0.018879798615481433 -0.05892462558310827 -0.05027119989416591 -0.08235748294942735 -0.001326259946949604 -0.020946795140343533 -0.04569107754791217 -0.12545676004872106 -0.04776119402985075 -0.15865384615384617 -0.052189409368635434 -0.11589403973509933 -0.2295038471743168 -0.18447348193697155 -0.18434410900347314 -0.11859994214636968 0.029578189300411523 0.021324487619950244 -0.005985156811108454 0.10390895596239487 -0.001243162605668821 -0.01568627450980392 -0.18978700163844892 -0.13960909453530118 -0.04827586206896552 -0.030760216786289728 -0.02135410124356237 -0.10859728506787332 -0.0538250114521301 -0.1511879049676026 -0.04372646665856917 -0.1465697746027836 -0.4577330103276808 -0.7621872581893218 -0.4555141182738412 -0.2645739910313901 -0.07979054980675726 -0.1008228068142311 -0.12463507747585896 -0.04086875291919663 0.052417006406523005 -0.2588066139468009 -2.80284147557328 -5.23984305784078 -1.491239625872744 -0.45589273112208895 0.05076755711350176 0.00817852552868326 0.024601686972820995 0.022700119474313024 -0.024545900834560628 -0.08163762641647374 -0.27073590942653214 -0.4242424242424243 -0.31894453695401564 -0.19529085872576174 0.015304170386430302 -0.035507160610723155 -0.007112375533428167 -0.14616623312275487 -0.04454342984409799 0.010952902519167581 -0.01131790744466801 -0.03024193548387097 -0.17047707149464783 -0.04635942187073902 -0.024709661477637757 -0.04289423185461113 -0.007889990982867447 -0.010834236186348862 -0.017638758231420505 0.013109283756405674 -0.11485735457576882 -0.04622688655672165 -0.0470438652256834 0.03287743293003682
0.0279499331632033 0.020015567663738465 -0.03137958085845567 0.03259224770108253 -0.05018520731270164 0.019927323877622787 -0.08484997540580422 -0.1055862492326581 -0.036147689129873484 -0.09894091415830547 0.020605280103026404 -0.04503407984420643 -0.0048216007714561235 -0.07043123687137033 0.01762114537444934 -0.061379818315737786 -0.031750231512104786 -0.09393900398919057 -0.006631299734748011 -0.0279290601871247 -0.04188348775225282 -0.10475030450669913 -0.048955223880597025 -0.14062499999999997 -0.04455193482688391 -0.10570555272542029 -0.21093128150703105 -0.17934921854983346 -0.18434410900347317 -0.12004628290425223 0.0360082304526749 0.03672550645658097 -0.007182188173330141 0.11627906976744187 -0.004972650422675284 -0.010457516339869284 -0.1788640087383943 -0.1422683153835926 -0.05241379310344827 -0.017577266735022707 -0.02889084285893732 -0.09162895927601811 -0.06527714154832799 -0.13318934485241182 -0.052228835175513175 -0.11085109003571869 -0.3442560244804284 -0.6925457828217695 -0.4688332445391582 -0.24215246636771298 -0.059842912355067945 -0.06953297021671109 -0.10891533797439927 0.0011676786548341894 0.05824111822947 -0.19170860292355618 -2.042622133599202 -4.939881027718011 -1.453036490580951 -0.42484121383203954 0.060437567992263984 0.008178525528683256 0.021087160262417994 0.02031063321385902 -0.030682376043200787 -0.07432679420007311 -0.2288949052424317 -0.39455782312925175 -0.307416421160497 -0.19806094182825482 0.014028822854227777 -0.042608592732867795 -0.010668563300142247 -0.1585532020314629 -0.051967334818114316 -0.006084945843981988 -0.027665995975855135 -0.040322580645161296 -0.1757631822386679 -0.06272157076629396 -0.023474178403755867 -0.023704707077548258 -0.004508566275924258 0.008426628144938008 -0.014111006585136402 0.04051960433798117 -0.09509694948746451 -0.027486256871564217 -0.05594405594405595 0.05128879537085744
0.02916514764855997 0.02223951962637607 -0.030258881542082255 0.023280176929344663 -0.05735452264308759 0.008205368655491738 -0.07870142646335465 -0.11786372007366483 -0.049057578104828296 -0.09754738015607581 0.02189311010946555 -0.04381694255111977 -3.4694469519536144e-19 -0.07166687260595578 0.02769037130270611 -0.04296587282101645 -0.0026458526260087238 -0.08107064727834255 0.005305039787798405 -0.013964530093562355 -0.034268308160934124 -0.09622411693057248 -0.05134328358208956 -0.12980769230769232 -0.03818737270875764 -0.09806418746816097 -0.20031838684001063 -0.18319241609018705 -0.18968741651082022 -0.12004628290425223 0.03986625514403292 0.03672550645658097 -0.017955470433325356 0.09772389905987136 -0.014917951268025855 -0.01045751633986928 -0.17476788640087385 -0.14492753623188406 -0.05517241379310345 -0.0014647722279185608 -0.023866348448687354 -0.09389140271493213 -0.05382501145213009 -0.1175905927525798 -0.041297218510870884 -0.09607094469762285 -0.2422542394491903 -0.6254836213567192 -0.44885455514118267 -0.2346786248131539 -0.033661638199725716 -0.04171978213002666 -0.0909499214013025 0.026856609061186358 0.06639487478159581 -0.15216870357057272 -1.2886340977068793 -4.503227439564612 -1.408246607825056 -0.4008468595624558 0.06406382207179982 0.0011683607898118939 0.017572633552014993 0.007168458781362008 -0.029455081001472753 -0.09016693066894114 -0.19812946098941667 -0.37600494743351887 -0.3099782246701678 -0.20221606648199444 0.017854865450835353 -0.05089359687536986 -0.007112375533428167 -0.1585532020314629 -0.05320465231378372 -0.01095290251916758 -0.04527162977867204 -0.040322580645161296 -0.18237082066869303 -0.06135805835833106 -0.024709661477637757 -0.024833502652669603 -0.012398557258791701 0.016853256289876013 -0.012935089369708368 0.044094863544273624 -0.07286649376312215 -0.04122938530734632 -0.05975842339478703 0.04208311415044714
0.020658646251063315 0.0311353274769265 -0.029138182225708836 0.0279362123152136 -0.06213406619667823 0.0035165865666393153 -0.06394490900147565 -0.12891344383057093 -0.05809450038729667 -0.10033444816053512 0.009014810045074052 -0.03773125608568646 0.0012054001928640304 -0.05683924379093044 0.017621145374449337 -0.025779523692609874 0.010583410504034926 -0.07849697593617296 0.003978779840848804 -0.006982265046781175 -0.02792232516816855 -0.08404384896467723 -0.039402985074626876 -0.11778846153846154 -0.030549898167006113 -0.09042282221090167 -0.18439904483947997 -0.18063028439661802 -0.18167245524979964 -0.12293896442001735 0.03986625514403293 0.04146428148323659 -0.008379219535551834 0.11380504700643249 -0.011188463451019398 -0.005228758169934644 -0.1679410158383397 -0.1475867570801755 -0.06758620689655173 -0.002929544455837114 -0.02763471925637483 -0.09615384615384617 -0.04809894640403115 -0.11879049676025917 -0.034009474067776026 -0.08621751447222564 -0.17722810149177612 -0.5313386639153985 -0.4128929142248269 -0.22571001494768309 -0.017454182770228154 -0.020859891065013337 -0.0729845048282057 0.051377860812704346 0.07454863133372161 -0.11981787682722263 -0.7402791625124626 -3.9184913302113658 -1.3226188907917271 -0.3669724770642201 0.07615133567025263 0.0058418039490594695 0.029287722586691663 0.025089605734767022 -0.0196367206676485 -0.08041915438040696 -0.15628845680531628 -0.3339517625231911 -0.29076469834763674 -0.19390581717451522 0.0038260425966075767 -0.05562788495679962 -0.007112375533428164 -0.16226929270407528 -0.0643405097748082 -0.024339783375927952 -0.0704225352112676 -0.04914314516129033 -0.1916215144707282 -0.07499318243796019 -0.019767729182110207 -0.011287955751213455 -0.004508566275924257 0.027687492476224873 -0.01646284101599247 0.05243713502562268 -0.05310608867481783 -0.047476261869065464 -0.05340114431023522 0.03156233561283535
0.0315955766192733 0.035583231402201716 -0.030258881542082262 0.018624141543475733 -0.06093918030828056 -0.003516586566639314 -0.05164781111657648 -0.1301411909146716 -0.05938548928479215 -0.10869565217391305 0.015453960077269801 -0.027994157740993175 0.008437801350048216 -0.05189670085258866 0.01510383889238515 -0.02086913822735085 0.03175023151210478 -0.08107064727834255 0.001326259946949599 -0.009775171065493648 -0.01903794897829674 -0.07917174177831912 -0.015522388059701492 -0.12500000000000003 -0.008910386965376785 -0.10061130922058074 -0.14460068983815336 -0.1870356136305406 -0.14827678332888056 -0.13017066820943013 0.05915637860082305 0.04146428148323659 0.013167344984438589 0.11875309252845127 0.011188463451019391 -0.0013071895424836603 -0.14199890770071 -0.1515755883526127 -0.056551724137931025 -0.0014647722279185565 -0.02889084285893732 -0.08484162895927601 -0.04924415941365094 -0.11519078473722102 -0.040082594437021744 -0.0689740115777805 -0.13005227591482854 -0.41526953830281155 -0.3729355354288758 -0.20627802690582958 0.00623363670365291 -0.013906594043342223 -0.031439479002919386 0.061886968706212055 0.093185789167152 -0.10424155283968366 -0.37637088733798607 -3.2008606505505632 -1.1961533394809645 -0.3429781227946365 0.09670010878762236 0.0070101647388713636 0.053889409559512644 0.01911589008363202 0.0036818851251840938 -0.07920068234434019 -0.11321683485109527 -0.28571428571428575 -0.25105674394773914 -0.18559556786703602 0.010202780257620201 -0.0520771688957273 -0.0023707918444760556 -0.1573145051405921 -0.06186587478346944 -0.024339783375927945 -0.08299798792756538 -0.04410282258064517 -0.18501387604070305 -0.08453776929370058 0.0037064492216456633 -0.0045151823004853835 0.02705139765554554 0.03370651257975202 0.0023518344308560667 0.04886187581933023 -0.019760405088304307 -0.07871064467766116 -0.040686586141131596 0.003945291951604419
0.03402600558998663 0.03447125542088291 -0.02129328701109492 0.013968106157606797 -0.05018520731270163 -0.008205368655491735 -0.030742744712247905 -0.13136893799877228 -0.05422153369481022 -0.10590858416945374 0.005151320025756602 -0.02312560856864654 -0.012054001928640309 -0.05066106511800321 0.008810572687224672 -0.012275963663147555 0.03307315782510914 -0.08493115429159696 -0.011936339522546422 -0.019550342130987292 -0.02030714557684985 -0.06699147381242386 -0.007164179104477609 -0.11658653846153848 0.008910386965376783 -0.0891492613346918 -0.13398779517113293 -0.16781962592877278 -0.15228426395939085 -0.12727798669366502 0.051440329218107005 0.04264897523990048 0.013167344984438589 0.11256803562592776 0.017404276479363497 0.0013071895424836618 -0.1324412889131622 -0.14758675708017552 -0.05655172413793104 0.0014647722279185558 -0.02261022484612486 -0.07692307692307691 -0.049244159413650936 -0.11999040076793857 -0.041297218510870884 -0.05788890257420863 -0.10200178503123805 -0.3030693835439774 -0.33431006925945655 -0.19282511210762332 0.012467273407305825 -0.005794414184725929 -0.0157197395014597 0.053713218122372716 0.10599883517763542 -0.09825065899832251 -0.19441674975074774 -2.3452727502847743 -1.0578316427348178 -0.3133380381086803 0.09790886014746766 0.010515247108307046 0.06677600749765698 0.02270011947431302 0.014727540500736377 -0.0609236018033386 -0.09352695052916564 -0.22881880024737167 -0.22543870885103115 -0.16620498614958448 0.010202780257620201 -0.04497573677358267 -0.0059269796111901365 -0.14988232379536728 -0.05196733481811433 -0.017037848363149564 -0.07922535211267605 -0.028981854838709676 -0.17179859918065285 -0.07362967002999728 -0.007412898443291327 -0.001128795575121347 0.009017132551848512 0.028891296496930303 0.001175917215428035 0.04051960433798118 -0.014820303816228234 -0.08620689655172412 -0.06102987921169739 -0.007890583903208839
0.053469437355693275 0.035583231402201716 -0.0067241958982405 0.013968106157606797 -0.02509260365635082 -0.0011721955222131048 -0.001229709788489916 -0.11295273173726214 -0.02969274464239608 -0.09894091415830546 0.0038634900193174502 -0.021908471275559883 -0.0156702025072324 -0.059310515260101324 -0.006293266205160478 -0.015958752762091823 0.018520968382061118 -0.08364431862051216 -0.030503978779840853 -0.020946795140343526 -0.02792232516816855 -0.05846528623629719 -0.013134328358208953 -0.11418269230769232 -1.3877787807814458e-18 -0.08787570045848192 -0.13133457150437783 -0.1447604406866513 -0.14827678332888056 -0.12727798669366502 0.07330246913580246 0.040279587726572676 0.013167344984438589 0.09772389905987136 0.026106414719045252 -0.0026143790849673205 -0.1215182960131076 -0.14492753623188406 -0.03724137931034483 0.002929544455837116 -0.026378595653812335 -0.06787330316742081 -0.05153458543289052 -0.13438924886009118 -0.0473703388801166 -0.05049882990516073 -0.08415147265077139 -0.18055197317513538 -0.29568460309003725 -0.17787742899850525 0.033661638199725716 0.004635531347780739 0.0056141926790927495 0.05254553946753854 0.11531741409435062 -0.08866522885214473 -0.08848454636091724 -1.587140868244526 -0.8773547622184166 -0.2780522230063514 0.09790886014746766 0.023367215796237878 0.06677600749765698 0.02508960573476703 0.014727540500736377 -0.048738881442670884 -0.08122077282795964 -0.16326530612244897 -0.19982067375432305 -0.14265927977839335 0.002550695064405052 -0.04615930879394012 -0.007112375533428164 -0.14368883934101326 -0.06062855728780005 -0.008518924181574784 -0.09683098591549295 -0.016381048387096774 -0.1757631822386679 -0.05999454595036814 -0.001235483073881888 -0.002257591150242691 0.010144274120829577 0.025279884434814014 0.0011759172154280344 0.03098557978786796 -0.008645177226133137 -0.06871564217891055 -0.06611570247933884 -0.01709626512361915
