-0.06558173427252853 0.013340744858254584 0.049338416685355456 0.07572227399813607 -8.673617379884035e-19 0.0973835503930541 0.041820418204182044 0.07127934128057024 0.11626404857253587 0.05999720943211943 0.03606853020739405 -0.04744525547445255 0.04701627486437614 -0.25403872240720193 0.0768649193548387 -0.09828009828009827 0.10459420097974312 -0.04374115528110126 0.046419098143236075 -0.023736386484222285 -0.052063492063492055 -0.11936662606577346 -0.015531660692951015 -0.09022013713460844 -0.03946530872056015 -0.12608252674477843 0.003984592907424621 -0.11143845267068016 0.03878560920155143 -0.09114583333333334 -0.14138817480719792 -0.04028913378362365 -0.11847774054571565 0.008649450142098109 -0.058370591157476406 0.0796968905147635 0.0040955631399317415 0.09841734273174622 -0.03583735354927636 0.08939038686987104 -0.3188405797101449 -0.8255840326604673 -0.25591002983704386 -0.2786117449261438 -0.031641718388706344 -0.08017762427531763 0.02553626149131768 -0.04768041237113402 -0.04666666666666667 0.046483730694257014 -0.420042378162782 -1.660120147874307 -0.5051071949713772 -0.2261072261072261 -0.06286379511059373 -0.03250270855904659 0.05661801711122296 0.015306122448979595 0.062193992324996686 -0.007081149978756552 -0.11946422106914448 -0.32987527683879236 -0.09369875849144998 -0.05254358729400525 -0.04539877300613497 -0.0024372410431391647 -0.007390072669047912 -0.05933250927070457 -0.020486555697823303 0.08054436883766143 -0.0548469387755102 -0.2165424210152645 -0.01896408676069693 -0.14243249938072827 0.017320301868118275 -0.10441962117532784 0.07166205682675382 -0.09175465057817997 0.02246597066208538 -0.04631521591063888 -0.061766522544780725 -0.011277771512349169 0.05185435689324767 -0.1526809329165665 0.044684854186265284 -0.11421772754312909 0.07906114885731932 -0.08732534930139721 0.10180707559175364 -0.08406672796532247
-0.07043964051493806 0.0011117287381878838 0.06952231442027361 0.07455731593662629 -0.003586371787208608 0.10442332512026282 0.02952029520295203 0.08111097456064889 0.10205399819144814 0.06836891307381052 0.025763235862424315 -0.0705596107055961 0.05183845690174804 -0.26760389690467384 0.06174395161290321 -0.10442260442260443 0.09267840593141798 -0.04760066898237489 0.030503978779840846 -0.0349064507120916 -0.06984126984126984 -0.14250913520097444 -0.01553166069295101 -0.10104655359076146 -0.05983450031826861 -0.12862964849719816 -0.0159383716296985 -0.11784296144485717 0.017386652400695465 -0.09693287037037038 -0.1529562982005141 -0.05924872615238772 -0.11847774054571565 -0.011120721611268999 -0.07451564828614009 0.06532532009406845 -0.0013651877133105807 0.09309748636786806 -0.042729152308752585 0.08499413833528721 -0.354127284183995 -1.0161034248128828 -0.3660775763139775 -0.3314519034466194 -0.06450042594620908 -0.10484766251387687 0.0076608784473953025 -0.06701030927835051 -0.07333333333333333 0.020992652571599945 -0.48360962233578453 -2.1638170055452868 -0.8182736558536312 -0.29370629370629364 -0.10360884749708965 -0.046948356807511735 0.030196275792652234 0.006377551020408169 0.033081910811168444 -0.01982721994051834 -0.1375648606250754 -0.35318801725142795 -0.11829468259545561 -0.07523286362550752 -0.051533742331288344 -0.017060687301974166 -0.014780145338095824 -0.06427688504326329 -0.03329065300896286 0.08193306485210386 -0.0663265306122449 -0.22127558868772926 -0.03318715183121963 -0.15977210800099084 -0.002474328838302612 -0.11656143759106363 0.049031933618305254 -0.10180995475113122 -0.005286110744020083 -0.058575126004631516 -0.08029647930821494 -0.045111086049396655 0.05410889414947582 -0.16710747775907672 0.03762935089369708 -0.13444378346222485 0.07041383570105003 -0.11102794411177644 0.09035377958768134 -0.09194798371207145
-0.07286859363614281 -0.033351862145636464 0.07512895267997308 0.058247903075489285 -0.003586371787208608 0.07861081778716414 0.01968019680196802 0.05161607472041292 0.09430306161994575 0.04464908608901911 0.012881617931212157 -0.11070559610705596 0.04942736588306208 -0.2861018621284992 0.05544354838709677 -0.11916461916461918 0.09003045147623459 -0.07075775119001673 0.030503978779840846 -0.04328399888299358 -0.06603174603174604 -0.1571254567600487 -0.029868578255675026 -0.09022013713460844 -0.07511139401654997 -0.13499745287824758 -0.026563952716164164 -0.1255283719738696 0.009362043600374481 -0.10127314814814817 -0.14910025706940871 -0.09005806375162934 -0.1328386787936812 -0.03954034350673422 -0.09438648782911079 0.03396916644891559 -0.015017064846416382 0.0691581327304163 -0.049620951068228815 0.06594372801875732 -0.3629489603024575 -1.1329099569063281 -0.5152627955014919 -0.3746847604179176 -0.08884020932213704 -0.11964968545701245 0.0012768130745658885 -0.07474226804123711 -0.07599999999999998 0.008996851102114258 -0.4985666209647264 -2.5196395563770793 -1.287462116960377 -0.3776223776223776 -0.1362048894062864 -0.06982063320091489 0.01635631605435329 -0.02295918367346939 0.018525870054254334 -0.036821979889534055 -0.1291178954989743 -0.38815712787038115 -0.15226048254860625 -0.11941724385001193 -0.06625766871165643 -0.043870338776504994 -0.016011824116270477 -0.09147095179233622 -0.03329065300896287 0.0611026246354673 -0.07653061224489796 -0.23902496745947222 -0.0651890482398957 -0.1833044339856329 -0.012371644191513053 -0.1408450704225352 0.04023133014835303 -0.1244343891402715 -0.015858332232060263 -0.07628388502928755 -0.0840024706609018 -0.07330551483026955 0.049599819637019496 -0.17432075018033183 0.030573847601128877 -0.14039262343842948 0.05806053119209389 -0.11976047904191618 0.08017307202850597 -0.09588861158544595
-0.06801068739373331 -0.05447470817120623 0.08185691859161245 0.05125815470643057 -0.0035863717872086074 0.06335797254487857 0.015990159901599015 0.036868624800294944 0.0878439478103604 0.026510394865355093 0.014169779724333375 -0.1386861313868613 0.053044002411091015 -0.28116907140214575 0.04914314516129033 -0.12776412776412777 0.07811465642790942 -0.07204425575710795 0.022546419098143238 -0.0502652890254119 -0.06476190476190476 -0.17661388550548113 -0.03823178016726404 -0.092626007458198 -0.08656906429026098 -0.1324503311258278 -0.043830521981670874 -0.126809273728705 1.5612511283791264e-18 -0.09548611111111112 -0.13881748071979433 -0.1220523758739187 -0.13882240306366683 -0.059310515260101324 -0.10307998012916046 0.013065064018813691 -0.016382252559726963 0.04787870727490357 -0.04686423156443832 0.04542790152403281 -0.3629489603024575 -1.2032206849625766 -0.6919899013082397 -0.4287258316320403 -0.10222709017889742 -0.14308622178364377 -0.0025536261491317636 -0.0902061855670103 -0.07866666666666666 -0.005997900734742839 -0.5172628692509036 -2.710258780036969 -1.93287686609047 -0.5186480186480187 -0.1781140861466822 -0.09871192969784519 -0.0050327126321087065 -0.04336734693877551 0.002646552864893479 -0.05523296983430109 -0.13032460480270305 -0.41729805338617554 -0.18505504802061373 -0.15763076188201577 -0.06871165644171778 -0.07433585181574458 -0.016011824116270477 -0.11495673671199014 -0.02816901408450704 0.037494792389945845 -0.07908163265306123 -0.2579576381493314 -0.09719094464857178 -0.19197423829576415 -0.03216627489793393 -0.14813016027197667 0.028916268544128744 -0.13197586726998492 -0.017179859918065286 -0.0885437951232802 -0.09141445336627549 -0.0981166121574377 0.049599819637019496 -0.17552296225054104 0.02939793038570085 -0.13801308744794766 0.0506485484867202 -0.1122754491017964 0.06999236446933062 -0.09457506896098779
-0.06679621083313092 -0.07115063924402446 0.06503700381251402 0.04776328052190121 -0.020322773460848775 0.05749149360553796 -0.0012300123001230013 0.024579083200196628 0.07621754295310683 0.011162271522254776 0.0025763235862424306 -0.1411192214111922 0.03134418324291742 -0.261437908496732 0.02016129032258064 -0.1203931203931204 0.05163511187607572 -0.06561173292165187 0.003978779840848806 -0.057246579167830214 -0.06730158730158729 -0.18757612667478685 -0.054958183990442055 -0.09743774810537713 -0.10057288351368554 -0.13245033112582782 -0.06109709124717758 -0.12937107723837582 -0.009362043600374481 -0.09982638888888888 -0.13624678663239073 -0.13153217205830076 -0.16634753470560076 -0.07043123687137032 -0.1279185295578738 0.005226025607525478 -0.032764505119453925 0.042558850911025396 -0.06616126809097175 0.033704572098475966 -0.3654694391934467 -1.2247675209798141 -0.9134725728712418 -0.48997237900804613 -0.14482171108677133 -0.14431972369557172 -0.03319713993871297 -0.09020618556701031 -0.08933333333333333 -0.01649422702054281 -0.5234949520129628 -2.77148798521257 -2.7141093276462005 -0.7400932400932401 -0.21420256111757857 -0.1227880101119538 -0.016356316054353292 -0.05102040816326531 -0.006616382162233691 -0.06797903979606287 -0.1327380234101605 -0.4359482457162839 -0.22604825486062313 -0.18987341772151897 -0.09693251533742331 -0.08286619546673166 -0.032023648232540954 -0.12608158220024723 -0.04353393085787453 0.022219136231079014 -0.07908163265306124 -0.2662406815761448 -0.12089605309944293 -0.21055239038890267 -0.06062105653841395 -0.14813016027197667 0.0062861453356801615 -0.13826043237807945 -0.02775208140610546 -0.10352812968260454 -0.09388511426806673 -0.11503326942596144 0.04959981963701951 -0.16470305361865836 0.02351834430856068 -0.13920285544318858 0.030883261272390362 -0.1097804391217565 0.06617459913463986 -0.09851569683436227
-0.06315278115132378 -0.08004446914952751 0.05158107198923525 0.05591798695246971 -0.017931858936043037 0.05866478939340607 -0.008610086100861008 0.022121174880176963 0.06329931533393618 0.008371703641691087 0.01030529434496973 -0.1557177615571776 0.02049427365883062 -0.2565051177703786 0.023941532258064512 -0.13513513513513514 0.041043294055342246 -0.08362279686092886 -0.0026525198938992045 -0.07819044959508517 -0.05587301587301587 -0.1961023142509135 -0.06451612903225806 -0.08540839648742934 -0.09548058561425844 -0.1260825267447784 -0.06640988179041042 -0.13449468425771743 -0.012036913200481477 -0.10416666666666667 -0.12982005141388173 -0.13864201919658728 -0.17831498324557207 -0.07660941554429754 -0.13785394932935918 -3.469446951953614e-18 -0.05597269624573379 0.03723899454714723 -0.09786354238456238 0.023446658851113723 -0.3415248897290485 -1.2349739169879794 -1.0901996786779895 -0.5512189263840519 -0.1618595594499209 -0.15912174663870732 -0.03447395301327886 -0.1134020618556701 -0.092 -0.04198530514319988 -0.5110307864888445 -2.814232902033272 -3.4380963071051744 -0.951048951048951 -0.25261932479627475 -0.1408450704225352 -0.017614494212380476 -0.058673469387755105 -0.009262935027127172 -0.08214133975357599 -0.11343067455050078 -0.4277887865718616 -0.2483017100023425 -0.2221160735610222 -0.10920245398773006 -0.08895929807457957 -0.04310875723611282 -0.1273176761433869 -0.060179257362355965 0.022219136231079017 -0.06887755102040817 -0.26742397349426106 -0.12089605309944293 -0.2316076294277929 -0.05567239886180873 -0.1651287032540068 0.008800603469952229 -0.1558572146807441 -0.02510902603409541 -0.11715025200926306 -0.09017912291537987 -0.120672155182136 0.028181715702852002 -0.1454676604953114 0.025870178739416744 -0.14277215942891136 0.030883261272390366 -0.12724550898203596 0.06490201068974293 -0.11033758045448575
-0.05222249210590235 -0.09560867148415786 0.04036779546983628 0.06174277726001863 -0.005977286312014345 0.056318197817669835 0.00984009840098401 0.014747449920117972 0.08267665676269216 0.013952839402818476 0.010305294344969728 -0.15936739659367394 -0.002411091018685954 -0.2528055247256135 0.027721774193548387 -0.1375921375921376 0.03177545346220044 -0.09134182426347615 0.0039787798408488055 -0.08796425579447083 -0.06349206349206349 -0.194884287454324 -0.08124253285543609 -0.07578491519307111 -0.09548058561425843 -0.1273560876209883 -0.062425288882985784 -0.12552837197386962 -0.008024608800320984 -0.09548611111111112 -0.10668380462724936 -0.14456689181182605 -0.1938726663475347 -0.06672432966761399 -0.13537009438648784 -0.009145544813169587 -0.053242320819112635 0.02260938954648225 -0.0827015851137147 0.023446658851113716 -0.2948960302457467 -1.1975504649580404 -1.2129905898554052 -0.6340819022457067 -0.17402945113788487 -0.1566547428148514 -0.016598569969356488 -0.1056701030927835 -0.06666666666666667 -0.034487929224771334 -0.4898417050978437 -2.804990757855823 -3.9600404085755967 -1.3368298368298368 -0.3154831199068685 -0.18538581918863611 -0.020130850528434826 -0.10076530612244898 -0.00793965859468043 -0.10196855969409431 -0.10015687220948473 -0.4231262384893344 -0.26469899273834624 -0.2448053498925245 -0.11411042944785274 -0.0938337801608579 -0.03202364823254096 -0.1273176761433869 -0.046094750320102434 0.029162616303291207 -0.04464285714285715 -0.2709738492486097 -0.10193196633874602 -0.25266286846668323 -0.04206359025114438 -0.17119961146187468 0.030173497611264775 -0.1596279537456008 -5.551115123125783e-18 -0.12123688870726061 -0.09141445336627549 -0.1330777038457201 -0.010145417653026716 -0.1286366915123828 0.028222013170272814 -0.14634146341463414 0.032118591723285975 -0.14096806387225552 0.07635530669381521 -0.1195323788256929
-0.049793538984697586 -0.11006114508060032 0.010091948867459063 0.06057781919850885 -0.014345487148834426 0.057491493605537944 0.017220172201722016 0.007373724960058982 0.08009301123885804 0.009766987581972935 0.0012881617931212162 -0.1800486618004866 -0.03254972875226039 -0.2589715131335553 0.020161290322580645 -0.16093366093366096 0.03442340791738381 -0.10549337450147948 -0.0026525198938992063 -0.10332309410779113 -0.06095238095238096 -0.19366626065773448 -0.10394265232974909 -0.07578491519307111 -0.09548058561425844 -0.1337238920020377 -0.05312790543232833 -0.1280901754835404 -0.005349739200213989 -0.10850694444444445 -0.10411311053984576 -0.14219694276573056 -0.21062709430349452 -0.07908068701346845 -0.14778936910084453 -0.028743140841390125 -0.058703071672354945 0.0093097486367868 -0.09097174362508617 0.007327080890973038 -0.24826717076244487 -1.1442503969154005 -1.2726646775304107 -0.7637804731596013 -0.19836923451381283 -0.1763907734056988 -0.0076608784473953 -0.1134020618556701 -0.06933333333333333 -0.050982156245314145 -0.4387386264489592 -2.70101663585952 -4.258614883825345 -1.8694638694638694 -0.37601862630966243 -0.22149993980979893 -0.01887267237040765 -0.11989795918367349 -0.014556040756914124 -0.11896331964311005 -0.09653674429829853 -0.4184636904068074 -0.2881236823612087 -0.28779555767852877 -0.14846625766871163 -0.1157689495491104 -0.039413720901588865 -0.1446229913473424 -0.061459667093469915 0.01944174420219414 -0.029336734693877552 -0.28044018459353925 -0.09482043380348466 -0.291057716125836 -0.03835209699369046 -0.20398251578436133 0.04526024641689717 -0.18602312719959777 0.0039645830580150605 -0.14167007219724836 -0.08647313156269303 -0.1556332468704184 -0.04509074512456319 -0.12503005530175523 0.03527751646284102 -0.1618084473527662 0.04817788758492897 -0.1434630738522954 0.08017307202850597 -0.12610009194798372
-0.06072382803011902 -0.12229016120066702 -0.017941242431038347 0.061742777260018644 -0.02630005977286312 0.042238648363252376 0.0012300123001230013 -0.0036868624800294966 0.0736338974292727 0.009766987581972935 -0.014169779724333375 -0.19099756690997566 -0.057866184448462935 -0.2626711061783204 0.01512096774193548 -0.17076167076167076 0.029127499007017076 -0.10806638363566193 0.007957559681697613 -0.10751186819324213 -0.060952380952380945 -0.1961023142509135 -0.1135005973715651 -0.08300252616383977 -0.10184595798854235 -0.1337238920020377 -0.055784300703944745 -0.11528115793518638 0.0013374348000534998 -0.10127314814814814 -0.09768637532133677 -0.1433819172887783 -0.22020105313547153 -0.09514395156307921 -0.15772478887232985 -0.0378886856545597 -0.06279863481228669 0.003989892272908628 -0.0827015851137147 0.011723329425556855 -0.19659735349716448 -1.0841460648673171 -1.2875831994491622 -0.9307073375765583 -0.24461482292807596 -0.19982730973233012 -0.008937691521961185 -0.11855670103092783 -0.04666666666666667 -0.052481631428999864 -0.39137479745731024 -2.595887245841036 -4.356268941519811 -2.56993006993007 -0.5017462165308498 -0.2600216684723727 -0.03145445395067941 -0.125 -0.015879317189360864 -0.1132983996601048 -0.10136358151321345 -0.3928196759529083 -0.29280862028578125 -0.32839742058753285 -0.18404907975460122 -0.13282963685108456 -0.060352260130557944 -0.1508034610630408 -0.08322663252240717 0.026385224274406337 -0.03443877551020408 -0.23547509170512365 -0.09719094464857178 -0.2898191726529601 -0.05814672770011133 -0.19912578921806706 0.02765903947699271 -0.17345399698340874 1.3877787807814458e-18 -0.13077237433592154 -0.10376775787523163 -0.20863877297845948 -0.07665426671175742 -0.1262322673719644 0.022342427093132642 -0.16537775133848898 0.03953057442865966 -0.14471057884231536 0.08780860269788751 -0.12478654932352555
-0.07165411707554045 -0.15230683713173984 -0.050459744337295366 0.06290773532152842 -0.033472803347280325 0.035198873636043654 -0.004920049200492005 -0.008602679120068823 0.07234207466735564 0.005581135761127387 -0.016746103310575806 -0.22627737226277372 -0.0699216395418927 -0.25527192008879024 0.018901209677419352 -0.1793611793611794 0.038395339600158875 -0.11063939276984433 0.01458885941644562 -0.10890812622172578 -0.05333333333333332 -0.2143727161997564 -0.10035842293906809 -0.07819078551666066 -0.09420751113940166 -0.15155374426897608 -0.06109709124717758 -0.1229665684641988 -0.00534973920021399 -0.10561342592592593 -0.08868894601542418 -0.15286171347316035 -0.2190043082814744 -0.1062646731743482 -0.16517635370094388 -0.049647243271492024 -0.0750853242320819 -0.0026599281819390886 -0.09510682288077191 -1.0408340855860842e-18 -0.14114681789540012 -0.8539351326831481 -1.2669267844847372 -1.085625075057043 -0.30911524887428504 -0.21586283458739364 -0.017875383043922367 -0.10309278350515463 -0.057333333333333326 -0.03748687959214276 -0.32282188707466036 -2.077171903881701 -4.286676394657089 -3.341491841491842 -0.6717112922002328 -0.28289394486577585 -0.0377453447408153 -0.10969387755102042 -0.017202593621807594 -0.10196855969409432 -0.08205623265355375 -0.3496911061895326 -0.27758257203092057 -0.35228086935753516 -0.19877300613496934 -0.14623446258835 -0.06527897524325656 -0.15574783683559948 -0.08962868117797697 0.015275656158866825 -0.03826530612244898 -0.17867707963554608 -0.10193196633874599 -0.2873420857072083 -0.06804404305332178 -0.20276833414278778 0.03771687201408097 -0.16591251885369532 0.007929166116030128 -0.12804794987058984 -0.1012970969734404 -0.2537498590278561 -0.08454514710855597 -0.10699687424861745 0.03292568203198495 -0.16537775133848898 0.032118591723285975 -0.14595808383233533 0.08908119114278443 -0.12347300669906738
-0.06922516395433567 -0.13340744858254586 -0.06503700381251401 0.058247903075489285 -0.03586371787208607 0.04927842309046111 -0.008610086100861008 -0.006144770800049161 0.07492572019118977 0.005581135761127389 -0.006440808965606079 -0.22019464720194648 -0.07956600361663653 -0.26390430385990876 0.03276209677419355 -0.17813267813267813 0.045015225738117295 -0.12093142930657405 0.017241379310344827 -0.10751186819324214 -0.04444444444444444 -0.20706455542021923 -0.0979689366786141 -0.07337904486948153 -0.09420751113940165 -0.15537442689760572 -0.06906627706202684 -0.14089919303189444 -0.010699478400427977 -0.11140046296296295 -0.07583547557840617 -0.13508709562744403 -0.21780756342747726 -0.11614975905103175 -0.1626924987580725 -0.057486281682780235 -0.07235494880546076 -0.015959569091634526 -0.08132322536181945 -0.005861664712778429 -0.0781348456206679 -0.5840326604672261 -1.2313518476015606 -1.251351026780353 -0.36874771814530855 -0.22449734797088933 -0.025536261491317668 -0.10953608247422679 -0.06799999999999999 -0.031488978857399916 -0.25052972703477505 -1.3805452865064693 -4.185654955662814 -4.107226107226107 -0.840512223515716 -0.314192849404117 -0.05284348263714143 -0.11607142857142858 -0.023818975784041286 -0.10904970967285088 -0.07360926752745264 -0.3170532696118428 -0.28343874443663625 -0.3689992834965369 -0.2294478527607362 -0.15476480623933705 -0.06774233279960587 -0.16316440049443753 -0.09090909090909091 0.009720872101097072 -0.028061224489795922 -0.15974440894568692 -0.09956145549365887 -0.2774337379242011 -0.08165285166398614 -0.1954832442933463 0.03268795574553683 -0.16716943187531422 0.013215276860050218 -0.1348590110339191 -0.09759110562075354 -0.2503665275741513 -0.09243602750535453 -0.1033902380379899 0.03998118532455315 -0.1606186793575253 0.02347127856701668 -0.15469061876247506 0.08017307202850599 -0.11821883620123472
-0.0801554529997571 -0.12784880489160644 -0.08970621215519174 0.036113699906803354 -0.04423191870890615 0.03871876099964801 -0.01968019680196802 -0.027036991520216297 0.06975842914352151 -0.012557555462536627 -0.0025763235862424306 -0.20316301703163017 -0.09403254972875227 -0.2688370945862622 0.03024193548387097 -0.18181818181818182 0.02780352177942539 -0.12350443844075647 0.007957559681697613 -0.1075118681932421 -0.03809523809523809 -0.1863580998781973 -0.10633213859020312 -0.07458198003127632 -0.09929980903882878 -0.17447784004075395 -0.06773807942621862 -0.13961829127705908 0.0013374348000534963 -0.11574074074074074 -0.07326478149100259 -0.12086740135087097 -0.22020105313547153 -0.1272704806623008 -0.17386984600099353 -0.06663182649594981 -0.09829351535836178 -0.02925921000132996 -0.09235010337698141 -0.011723329425556851 -0.04662885948330183 -0.39691540031753236 -1.132660087215974 -1.283775669508827 -0.4782767433369843 -0.25286789194523246 -0.03702757916241062 -0.10953608247422679 -0.06666666666666668 -0.026990553306342785 -0.2156300635672442 -0.8895563770794824 -3.883713099113257 -4.519813519813519 -1.3818393480791618 -0.39484771879138075 -0.07800704579768496 -0.125 -0.029112081513828235 -0.11754708964735874 -0.07360926752745264 -0.3018999883436298 -0.2822675099554931 -0.3869118700740387 -0.28957055214723926 -0.17426273458445038 -0.0874491932504003 -0.17428924598269466 -0.10115236875800257 -0.009720872101097067 -0.034438775510204085 -0.15501124127322213 -0.09363517838094108 -0.2712410205598216 -0.10268464678955831 -0.20762506070908207 0.021372894141312552 -0.16968325791855202 0.007929166116030131 -0.14439449666258003 -0.09141445336627547 -0.2244276530957483 -0.10370871378649534 -0.10819908631882665 0.03410159924741298 -0.1618084473527662 0.0061766522544780735 -0.1509481037924152 0.06999236446933063 -0.12347300669906738
-0.0752975467573476 -0.10339077265147303 -0.08970621215519174 0.03494874184529358 -0.034668260609683206 0.05514490202980171 -0.01845018450184502 -0.020892220720167137 0.07492572019118977 -0.0027905678805636943 -0.007728970758727296 -0.17883211678832117 -0.09403254972875227 -0.27130348994943887 0.018901209677419362 -0.1830466830466831 0.0052959089103667405 -0.12221793387366527 -0.006631299734748013 -0.10471935213627478 -0.04190476190476191 -0.17295980511571252 -0.1027479091995221 -0.09142307229640323 -0.10566518141311268 -0.184666327050433 -0.07969185814849249 -0.14346099654156524 -0.018724087200748966 -0.11429398148148148 -0.060411311053984576 -0.08768811470553384 -0.19506941120153184 -0.11614975905103175 -0.1676602086438152 -0.05748628168278025 -0.10102389078498293 -0.03457906636520813 -0.08407994486560993 -0.0029308323563892124 -0.02772526780088217 -0.2733046042186437 -0.982327289419325 -1.3017893599135344 -0.5853717901910673 -0.28863944739114344 -0.051072522982635336 -0.12242268041237114 -0.07733333333333334 -0.029989503673714203 -0.18820889941418426 -0.5429759704251387 -3.4156470984397806 -4.801864801864801 -2.029103608847497 -0.48392921632358255 -0.09939607448414696 -0.13392857142857145 -0.041021569405848876 -0.11896331964311005 -0.07360926752745264 -0.2762559738897307 -0.25181541344577185 -0.37735849056603776 -0.3349693251533742 -0.18523031927857664 -0.10592437492302009 -0.17552533992583436 -0.11011523687580027 -0.006943480072212191 -0.031887755102040824 -0.1455449059282925 -0.06637430366243927 -0.25266286846668323 -0.1150562909810714 -0.2100534239922292 0.007543374402816197 -0.1659125188536953 -0.003964583058015064 -0.1430322844299142 -0.08276714021000617 -0.20525544152475472 -0.1115995941832939 -0.12262563116133687 0.030573847601128877 -0.16418798334324808 0.006176652254478077 -0.15094810379241513 0.062356833799949093 -0.11690529357677655
-0.08501335924216663 -0.09116175653140635 -0.10204081632653064 0.020969245107176147 -0.041841004184100423 0.050451718878329235 -0.023370233702337023 -0.023350129040186803 0.07105025190543858 -0.0013952839402818482 -0.005152647172484865 -0.1630170316301703 -0.10608800482218202 -0.295967443581206 0.008820564516129035 -0.19041769041769044 0.003971931682775057 -0.12736395214203008 -0.01591511936339523 -0.10471935213627478 -0.03809523809523809 -0.15347137637028013 -0.09916367980884111 -0.10224948875255624 -0.10948440483768303 -0.19612837493632196 -0.06906627706202682 -0.14089919303189444 -0.013374348000534974 -0.12008101851851853 -0.05784061696658096 -0.06635857329067425 -0.18788894207754908 -0.13221302360064252 -0.1825633383010432 -0.07185785210347531 -0.11467576791808873 -0.04787870727490357 -0.08683666436940042 0.0014654161781946062 -0.007561436672967865 -0.2041279201633023 -0.8021574477851733 -1.3101957487690645 -0.7180236095898748 -0.32071049710127053 -0.060010214504596524 -0.125 -0.08533333333333334 -0.02549107812265707 -0.16452698491835974 -0.3558225508317929 -2.7691098888764167 -5.024475524475524 -2.7636786961583235 -0.5645840857108463 -0.10820332159033719 -0.13903061224489796 -0.046314675135635835 -0.12179577963461266 -0.06636901170508024 -0.25410887049772696 -0.2201920824549075 -0.37616431812753764 -0.39018404907975457 -0.19376066292956373 -0.12439955659563988 -0.17181705809641531 -0.12548015364916773 0.0 -0.01785714285714286 -0.1372618625014791 -0.046224961479198766 -0.2439930641565519 -0.12371644191513054 -0.2270519669742593 0.010057832537088262 -0.16339869281045746 -0.0013215276860050228 -0.14439449666258003 -0.08153180975911056 -0.17931656704635163 -0.12625408634877694 -0.13344553979321955 0.018814675446848544 -0.16775728732897083 0.0 -0.15094810379241513 0.05726648002036142 -0.1221594640746092
-0.07894097643915472 -0.08004446914952752 -0.09531285041489125 0.010484622553588065 -0.03705917513448894 0.0434119441511205 -0.01845018450184502 -0.02457908320019663 0.07234207466735565 -0.008371703641691085 0.005152647172484865 -0.1557177615571776 -0.09041591320072333 -0.3119990134418547 0.020161290322580648 -0.19164619164619165 0.014563749503508541 -0.12993696127621251 -0.009283819628647215 -0.10611561016475846 -0.030476190476190473 -0.14494518879415347 -0.08602150537634408 -0.1046553590761458 -0.09802673456397198 -0.1986754966887417 -0.05312790543232833 -0.13577558601255282 -1.3877787807814458e-18 -0.10561342592592596 -0.05269922879177378 -0.05332385353714895 -0.16993776926759216 -0.1433337452119115 -0.18380526577247885 -0.08753592892605173 -0.12423208191126278 -0.054528527729751294 -0.09097174362508616 0.001465416178194605 0.0037807183364839307 -0.17010660013608525 -0.589855405095249 -1.2813738441215325 -0.8555433856638676 -0.35648205254718146 -0.08043922369765066 -0.12757731958762886 -0.10133333333333332 -0.017993702204228516 -0.14209148697494703 -0.2922828096118299 -1.987877427320687 -5.034965034965035 -3.569266589057044 -0.6632960154086914 -0.12707599396074484 -0.149234693877551 -0.04631467513563584 -0.11613085965160744 -0.04464824423796308 -0.23895558922951393 -0.17685640665261187 -0.36780511105803676 -0.4122699386503067 -0.2120399707531075 -0.12439955659563984 -0.17552533992583436 -0.12163892445582584 -0.0013886960144424392 -0.011479591836734694 -0.12542894332031712 -0.02726087471850184 -0.22789199900916524 -0.12866509959173575 -0.24405050995628946 0.00880060346995222 -0.1633986928104575 -0.0013215276860050237 -0.1484811333605776 -0.0679431747992588 -0.16465546408029771 -0.11836320595197838 -0.14787208463572976 0.03174976481655692 -0.16894705532421175 0.01482396541074737 -0.1534431137724551 0.05853906846525834 -0.12084592145015105
-0.06436725771192615 -0.06670372429127293 -0.0773716079838529 -0.0011649580615097873 -0.03705917513448894 0.03989205678751613 -0.012300123001230012 -0.023350129040186803 0.08267665676269217 -0.008371703641691085 0.005152647172484865 -0.14233576642335768 -0.08921036769138034 -0.3230977925761499 0.00630040322580645 -0.19533169533169534 0.01191579504832517 -0.13636948411166858 -0.014588859416445627 -0.10192683607930746 -0.0253968253968254 -0.13885505481120586 -0.08363201911589009 -0.11067003488511969 -0.10566518141311268 -0.21013754457463069 -0.05312790543232833 -0.14089919303189444 0.0013374348000534978 -0.09403935185185185 -0.03984575835475579 -0.03554923569143263 -0.15797032072762088 -0.14580501668108242 -0.18256333830104318 -0.10582701855239089 -0.110580204778157 -0.07181806091235536 -0.0799448656099242 -0.004396248534583823 0.010081915563957152 -0.1315491041052393 -0.4154234565067707 -1.2405428125375288 -1.000365096750639 -0.4058221290243 -0.10086823289070482 -0.13788659793814434 -0.10399999999999998 -0.014994751836857102 -0.12713448834600524 -0.2310536044362292 -1.2582781456953642 -4.962703962703962 -4.414435389988359 -0.7933068496448777 -0.16230498238550578 -0.18239795918367346 -0.042344845838295626 -0.12037954963886136 -0.04102811632677687 -0.22613358200256437 -0.1534317170297494 -0.3463100071650347 -0.43558282208588955 -0.23031927857665124 -0.12070452026111589 -0.1804697156983931 -0.10755441741357233 -0.004166088043327314 0.0012755102040816284 -0.11832919181161991 -0.028446130141045394 -0.20559821649739912 -0.1410367437832488 -0.2464788732394366 -0.0025144581342720638 -0.15962795374560076 -0.011893749174045197 -0.15120555782590928 -0.06300185299567636 -0.16691101838276756 -0.09807237064592492 -0.1683096898292859 0.02587017873941675 -0.1796549672813801 0.00617665225447807 -0.16716566866267465 0.05726648002036142 -0.1221594640746092
-0.07651202331794996 -0.05892162312395775 -0.0684009867683337 -0.008154706430568499 -0.05379557680812911 0.05045171887832922 -0.028290282902829027 -0.015976404080127814 0.06588296085777032 -0.012557555462536627 0.005152647172484865 -0.145985401459854 -0.06630500301386377 -0.33296337402885684 0.003780241935483872 -0.20024570024570024 0.013239772275916856 -0.13122346584330374 -0.017241379310344827 -0.09773806199385646 -0.019047619047619053 -0.13276492082825822 -0.07168458781362005 -0.11307590520870925 -0.12094207511139402 -0.20631686194600102 -0.07039447469783504 -0.14218009478672988 -0.008024608800320986 -0.09403935185185186 -0.048843187660668384 -0.033179286645337126 -0.1376256582096697 -0.15816137402693686 -0.20367610531544958 -0.12281160177684869 -0.12559726962457335 -0.07713791727623354 -0.09372846312887664 -0.019050410316529896 0.002520478890989288 -0.11567248809253801 -0.27771402341060364 -1.1684880509186986 -1.1269319703054643 -0.45392870358949056 -0.131511746680286 -0.14948453608247422 -0.12133333333333333 -0.02249212775528565 -0.11093107316465163 -0.21719038817005548 -0.7127623751262767 -4.680652680652679 -5.228172293364377 -0.9498013723365837 -0.19250125817815805 -0.20790816326530615 -0.037051740108508674 -0.13595807959212575 -0.03740798841559068 -0.21331157477561483 -0.1358631998126025 -0.32839742058753285 -0.47239263803680975 -0.25347306848647333 -0.14287473826825964 -0.18294190358467244 -0.12932138284250957 -0.00833217608665463 -0.01658163265306123 -0.1171458998935037 -0.04503970605665521 -0.1845429774585088 -0.15464555239391314 -0.24283632831471585 -0.02263012320844858 -0.15585721468074407 -0.031716664464120525 -0.15529219452390683 -0.06917850525015443 -0.16691101838276753 -0.07552699808364333 -0.19115171916326043 0.016462841015992477 -0.18917311124330755 0.002470660901791229 -0.17090818363273455 0.05090353779587682 -0.12478654932352555
-0.07894097643915472 -0.052251250694830456 -0.04821708903341556 -0.03960857409133271 -0.0502092050209205 0.04810512730259298 -0.02706027060270603 -0.012289541600098316 0.07492572019118977 -0.011162271522254774 0.015457941517454592 -0.15085158150851583 -0.04822182037371912 -0.357627327660624 0.008820564516129033 -0.2051597051597051 0.018535681186283598 -0.13894249324585103 -0.010610079575596815 -0.0963418039653728 -0.031746031746031744 -0.13276492082825822 -0.07287933094384706 -0.12149645134127271 -0.15022278803309994 -0.20631686194600105 -0.09828662504980741 -0.12680927372870504 -0.018724087200748966 -0.0708912037037037 -0.03470437017994858 -0.015404668799620807 -0.11369076112972713 -0.16433955269986408 -0.21112767014406356 -0.12150509537496731 -0.12150170648464162 -0.07048809682138582 -0.09097174362508616 -0.010257913247362253 0.0037807183364839325 -0.09866182807892947 -0.200826256598577 -1.054401345022217 -1.2376779846659365 -0.4995682743308252 -0.16598569969356486 -0.15206185567010308 -0.13066666666666665 -0.007497375918428552 -0.10469899040259253 -0.21025878003696857 -0.38163654731170726 -4.200466200466201 -6.002328288707799 -1.1400024076080415 -0.23276295923502768 -0.225765306122449 -0.030435357946274978 -0.12887692961336922 -0.015687220948473513 -0.19815829350740177 -0.10306863434059496 -0.31526152376403155 -0.47361963190184053 -0.2802827199610042 -0.1490331321591329 -0.19035846724351052 -0.12291933418693982 -0.01944174420219414 -0.011479591836734696 -0.11004614838480653 -0.050965983169372994 -0.169680455783998 -0.14969689471730796 -0.2416221466731423 -0.028916268544128744 -0.14580191050779284 -0.02907360909211048 -0.1416700721972483 -0.0753551575046325 -0.17142212698770723 -0.06312704317438846 -0.21760038470786253 -0.010583254938852305 -0.1998810232004759 -0.017294626312538607 -0.18088822355289422 0.03817765334690762 -0.12084592145015105
-0.07286859363614281 -0.031128404669260708 -0.024669208342677724 -0.03494874184529356 -0.05499103407053198 0.0598380851812742 -0.020910209102091022 -0.0036868624800294957 0.06975842914352151 -0.013952839402818473 0.014169779724333375 -0.1386861313868613 -0.037371910789632326 -0.35392773461585886 -0.011340725806451613 -0.20147420147420148 0.0052959089103667405 -0.14280200694712467 -0.021220159151193636 -0.09494554593688913 -0.04063492063492064 -0.12667478684531058 -0.06810035842293906 -0.11788764585588837 -0.1654996817313813 -0.20631686194600102 -0.11156860140788949 -0.1229665684641988 -0.032098435201283936 -0.06799768518518519 -0.029562982005141385 0.005924872615238772 -0.0897558640497846 -0.144569380946497 -0.2148534525583706 -0.12803762738437416 -0.13105802047781567 -0.07314802500332492 -0.10475534114403859 -0.019050410316529896 0.01008191556395715 -0.07484690405987751 -0.15033279779664904 -0.8778671790560827 -1.3253012048192772 -0.543974343160232 -0.186414708886619 -0.16494845360824745 -0.14666666666666667 -0.016494227020542807 -0.09722049108812163 -0.20563770794824401 -0.2143899427545179 -3.5139860139860146 -6.722933643771827 -1.3663175635006621 -0.2667337695017614 -0.24872448979591838 -0.03837501654095541 -0.14020676957937966 -0.0012067093037287265 -0.1736799160741345 -0.08315764816116186 -0.2651062813470265 -0.48098159509202454 -0.2973434072629783 -0.15519152605000616 -0.18665018541409145 -0.1152368758002561 -0.023607832245521453 -0.010204081632653064 -0.08874689385871494 -0.05452174943700368 -0.16348773841961853 -0.1360880861066436 -0.2476930548810102 -0.03394518481267288 -0.14328808446455504 -0.04096735826615568 -0.15256777005857516 -0.07041383570105005 -0.1545054697191835 -0.040581670612106865 -0.19956720365472475 -0.022342427093132645 -0.1867935752528257 -0.01605929586164299 -0.16966067864271456 0.02926953423262917 -0.1155917509523184
-0.07043964051493806 -0.027793218454697056 -0.005606638259699484 -0.05009319664492079 -0.06335923490735205 0.062184676757010435 -0.01845018450184502 -0.006144770800049158 0.06459113809585326 -0.023719826984791404 0.01674610331057581 -0.13260340632603407 -0.01928872814948765 -0.36256011838697744 -0.02394153225806452 -0.20884520884520885 0.0013239772275916856 -0.15824006175221922 -0.026525198938992044 -0.1005305780508238 -0.0419047619047619 -0.11449451887941535 -0.05615292712066905 -0.1347287381210153 -0.16804583068109485 -0.2050433010697911 -0.10359941559304023 -0.12040476495452798 -0.022736391600909456 -0.06944444444444445 -0.026992287917737785 0.008294821661334282 -0.07539492580181906 -0.1272704806623008 -0.2297565822155986 -0.12411810817873006 -0.1433447098976109 -0.07713791727623354 -0.11991729841488627 -0.021981242672919114 0.0075614366729678615 -0.07484690405987753 -0.10901996786779895 -0.7181457908010087 -1.3642448582207618 -0.6155174540520537 -0.1927987742594484 -0.1945876288659794 -0.12799999999999997 -0.032988454041085614 -0.08600274211641529 -0.21834565619223661 -0.1290829498260186 -2.7331002331002336 -7.273573923166472 -1.6768990008426627 -0.2893809763462506 -0.3035714285714286 -0.022495699351594546 -0.16569890950290328 -0.0024134186074574585 -0.17601119011539806 -0.0667603654251581 -0.23405779794602338 -0.48466257668711654 -0.33268340238849625 -0.1650449562754034 -0.1965389369592089 -0.10883482714468629 -0.031940008332176084 -0.010204081632653064 -0.08874689385871494 -0.05452174943700368 -0.16472628189249444 -0.1200049486576766 -0.25862068965517243 -0.03771687201408097 -0.1558572146807441 -0.0356812475221356 -0.1566544067565727 -0.07041383570105003 -0.14886658396300895 -0.02705444707473791 -0.2151959605674441 -0.03998118532455315 -0.18917311124330755 -0.008647313156269303 -0.17589820359281436 0.030542122677526085 -0.11690529357677655
-0.058294874908914274 -0.04002223457476376 0.012334604171338864 -0.05242311276794035 -0.07172743574417215 0.04575853572685674 -0.02214022140221402 -0.014747449920117983 0.059423847048184986 -0.029300962745918795 0.024475074069303104 -0.1374695863746959 -0.007233273056057865 -0.3539277346158589 -0.05040322580645161 -0.2063882063882064 -0.009267840593141799 -0.1479480252154895 -0.033156498673740056 -0.09354928790840548 -0.04190476190476191 -0.11693057247259442 -0.040621266427718045 -0.12390232166486226 -0.17313812858052197 -0.20504330106979113 -0.10758400850046486 -0.11528115793518638 -0.018724087200748966 -0.07667824074074073 -0.021850899742930592 0.009479796184382036 -0.058640497845859264 -0.1247992091931299 -0.23472429210134127 -0.14632871701071332 -0.1447098976109215 -0.0851177018220508 -0.1171605789110958 -0.029308323563892145 0.0037807183364839307 -0.07824903606259923 -0.07114987376635298 -0.5368079740602858 -1.3958865766094681 -0.7018625878870113 -0.21322778345250257 -0.20876288659793815 -0.12 -0.047983205877942726 -0.07727782624953258 -0.22412199630314236 -0.03479627343136153 -1.9289044289044288 -7.697322467986029 -2.0609124834476944 -0.33593356819325615 -0.32142857142857145 -0.02117242291914781 -0.16003398951989803 0.01327380234101605 -0.17717682713602984 -0.042164441321152504 -0.2292811081920229 -0.47484662576687126 -0.38752132585912746 -0.1724350289444513 -0.2101359703337454 -0.10115236875800256 -0.04721566449104292 -0.008928571428571432 -0.09229676961306353 -0.04503970605665521 -0.16472628189249444 -0.10515897562786096 -0.2938319572608062 -0.05028916268544129 -0.17219708396178984 -0.05286110744020087 -0.16618989238523366 -0.06176652254478073 -0.1466110296605391 -0.009018149024912638 -0.2091849002163982 -0.07055503292568202 -0.16775728732897083 -0.022235948116121063 -0.15469061876247509 0.020361415118350726 -0.1050834099566531
-0.04129220306048093 -0.03446359088382435 0.030275846602377216 -0.03611369990680336 -0.08248655110579797 0.049278423090461106 -0.015990159901599015 -0.018434312400147475 0.06846660638160444 -0.026510394865355096 0.02061058868993946 -0.13260340632603407 0.0 -0.3440621531631521 -0.06426411290322581 -0.20024570024570026 0.003971931682775056 -0.15695355718512802 -0.01989389920424403 -0.09354928790840547 -0.036825396825396824 -0.10962241169305724 -0.027479091995221035 -0.11668471069409359 -0.1642266072565245 -0.1859398879266429 -0.0982866250498074 -0.11271935442551555 -0.008024608800320987 -0.07523148148148148 -0.0038560411311053993 0.01895959236876407 -0.04308281474389661 -0.10379340170517733 -0.23224043715846993 -0.1358766657956624 -0.1324232081911263 -0.0851177018220508 -0.10062026188835287 -0.030773739742086748 0.010081915563957152 -0.06577455205261964 -0.05278861602019739 -0.46115047436051404 -1.2997444322745526 -0.7882077217219687 -0.23748723186925433 -0.22293814432989692 -0.11333333333333336 -0.04948268106162843 -0.06606007727782626 -0.2114140480591497 -0.008979683466157816 -1.4382284382284385 -7.305005820721769 -2.662814493800409 -0.43029693004529435 -0.3405612244897959 -0.031758634378721715 -0.1458716895623849 0.033787860504404486 -0.17134864203287098 -0.01991098617943312 -0.20898017673752092 -0.4343558282208589 -0.41554959785522794 -0.18721517428254714 -0.21508034610630408 -0.09731113956466068 -0.03888348840438828 0.0012755102040816313 -0.08046385043190155 -0.04029868436648097 -0.15729502105523901 -0.08165285166398613 -0.29990286546867406 -0.0427457882826251 -0.17471091000502764 -0.03832430289414564 -0.15529219452390686 -0.05188387893761581 -0.14209992105559943 -0.0011272686281140795 -0.19716277951430636 -0.08113828786453434 -0.15585960737656157 -0.006176652254478073 -0.15843313373253493 0.03435988801221686 -0.10376986733219493
-0.03400534369686665 -0.023346303501945522 0.030275846602377216 -0.011649580615097858 -0.08965929468021519 0.051625014666197344 -0.006150061500615006 -0.017205358240137643 0.06459113809585325 -0.03348681456676434 0.03864485379363648 -0.13260340632603407 0.007233273056057867 -0.32679738562091504 -0.05922379032258065 -0.18673218673218675 0.015887726731100223 -0.15180753891676316 -0.006631299734748006 -0.08377548170901983 -0.03174603174603176 -0.11084043848964678 -0.009557945041816004 -0.10224948875255624 -0.15531508593252702 -0.1732042791645441 -0.09031743923495815 -0.11528115793518637 0.002674869600106995 -0.07523148148148148 0.005141388174807196 0.033179286645337126 -0.04308281474389661 -0.08155195848263931 -0.23348236462990563 -0.11889208257120461 -0.12423208191126281 -0.07713791727623354 -0.10199862164024812 -0.033704572098475966 0.016383112791430378 -0.06350646405080518 -0.049345880192793214 -0.3963011889035667 -1.1914323962516733 -0.8733193536449981 -0.27706843718079677 -0.22422680412371135 -0.12133333333333333 -0.03598740440845703 -0.08226349245917985 -0.197550831792976 -0.0033673812998091814 -1.0594405594405594 -6.70430733410943 -3.3706512579752017 -0.5737292400603925 -0.3660714285714286 -0.05690088659520973 -0.14445545956663358 0.04102811632677688 -0.15736099778528967 -0.015226048254860621 -0.17554334845951755 -0.4012269938650307 -0.4350475262003412 -0.2130804286242148 -0.2126081582200247 -0.11395646606914211 -0.03749479238994584 0.01020408163265306 -0.07099751508697197 -0.03792817352139386 -0.15605647758236313 -0.05938389211926265 -0.29990286546867406 -0.030173497611264775 -0.17596782302664657 -0.025109026034095417 -0.15256777005857514 -0.0506485484867202 -0.13758881245065974 0.010145417653026716 -0.17311853811012265 -0.08936970837253057 -0.14515169541939324 -0.006176652254478073 -0.16591816367265472 0.03817765334690761 -0.11427820832786025
-0.023075054651445225 -0.02556976097832129 0.03812514016595649 -0.003494874184529359 -0.08607292289300658 0.049278423090461106 0.008610086100861008 -0.015976404080127814 0.07234207466735565 -0.022324543044509558 0.04122117737987892 -0.13017031630170317 0.014466546112115734 -0.31323221112344307 -0.0529233870967742 -0.17567567567567566 0.021183635641466962 -0.15566705261803682 0.003978779840848806 -0.08796425579447083 -0.03047619047619048 -0.11084043848964675 -0.0035842293906809984 -0.09022013713460844 -0.15276893698281346 -0.16811003565970456 -0.09297383450657457 -0.13193288074804663 -0.0026748696001069943 -0.07667824074074074 0.006426735218509 0.024884464984002843 -0.03709909047391097 -0.07043123687137032 -0.22354694485842028 -0.12150509537496731 -0.12150170648464165 -0.07447798909429446 -0.09097174362508616 -0.01611957796014068 0.017643352236925015 -0.05897028804717623 -0.04705072297452376 -0.33145190344661946 -1.064865522696848 -0.9719995065992352 -0.33452502553626146 -0.22938144329896906 -0.13066666666666668 -0.022492127755285647 -0.094727657983298 -0.1906192236598891 -0.014591985632506455 -0.6806526806526806 -5.946449359720605 -4.202479836282653 -0.790135883241067 -0.42474489795918374 -0.09527590313616514 -0.16569890950290325 0.05430191866779292 -0.15269844970276253 -0.012883579292574374 -0.15165989968951515 -0.35582822085889576 -0.4582013161101634 -0.23401896785318393 -0.2175525339925834 -0.11523687580025607 -0.026385224274406337 0.015306122448979591 -0.07573068275943676 -0.034372407253763185 -0.15853356452811493 -0.04206359025114438 -0.2986886838271005 -0.03268795574553684 -0.1822523881347411 -0.02907360909211048 -0.14984334559324344 -0.0420012353304509 -0.13871658960189465 0.021418103934167508 -0.16350084154844918 -0.0834901222953904 -0.1368233194527067 0.01852995676343422 -0.1758982035928144 0.054721303130567577 -0.11427820832786022
-0.018217148409035707 -0.022234574763757644 0.04261045077371608 0.0011649580615097834 -0.06575014943215782 0.05983808518127419 0.03567035670356704 -0.006144770800049158 0.08655212504844337 -0.012557555462536629 0.04379750096612135 -0.13017031630170317 0.01205545509342978 -0.3156986064866198 -0.046622983870967735 -0.17444717444717445 0.02780352177942539 -0.15052103434967193 0.01591511936339523 -0.07120915945266686 -0.020317460317460317 -0.10962241169305724 -0.0011947431302270057 -0.09022013713460844 -0.14894971355824313 -0.16428935303107486 -0.08898924159914993 -0.13449468425771743 -0.010699478400427977 -0.07667824074074076 0.012853470437017993 0.023699490460955087 -0.0215414073719483 -0.059310515260101324 -0.2011922503725782 -0.11627906976744184 -0.10511945392491466 -0.07447798909429446 -0.07167470709855273 -0.0029308323563892154 0.021424070573408945 -0.05897028804717623 -0.043607987147119574 -0.29542452263720426 -0.9139588657660946 -1.0768471691131123 -0.39198161389172625 -0.2474226804123711 -0.12533333333333335 -0.02099265257159994 -0.1009597407453571 -0.1709796672828096 -0.016836906499045907 -0.4242424242424242 -5.074505238649594 -5.03551221861081 -1.090840463009562 -0.461734693877551 -0.13629747254201402 -0.15153660954539017 0.0530952093640642 -0.15386408672339436 -0.003513703443429375 -0.13732983042751373 -0.30920245398773005 -0.482573726541555 -0.2635792585293755 -0.2299134734239802 -0.11267605633802817 -0.027773920288848775 0.022959183673469385 -0.06863093125073955 -0.02726087471850184 -0.15977210800099084 -0.014845973029815666 -0.27804759592034967 -0.02765903947699271 -0.17219708396178984 -0.01982291529007533 -0.13622122326658495 -0.03829524397776405 -0.14435547535806922 0.016909029421711193 -0.16229862947823998 -0.08231420507996237 -0.14039262343842954 0.03211859172328598 -0.18338323353293412 0.062356833799949093 -0.10902403783002756
-0.02428953121204761 -0.030016675931072823 0.04148912312177618 0.011649580615097854 -0.051404662283323375 0.041065352575384254 0.05412054120541206 -0.01228954160009832 0.09430306161994575 -0.009766987581972935 0.04637382455236378 -0.12773722627737225 0.022905364677516575 -0.30706622271550127 -0.03150201612903226 -0.17444717444717445 0.03177545346220044 -0.14280200694712467 0.029177718832891254 -0.05864283719631388 -0.020317460317460324 -0.11205846528623628 0.00955794504181601 -0.092626007458198 -0.14003819223424568 -0.1757514009169638 -0.0823482534201089 -0.14089919303189444 -0.009362043600374483 -0.08535879629629631 0.0051413881748071984 0.007109847138286526 -0.01795117280995692 -0.04942542938341777 -0.18753104818678587 -0.134570159393781 -0.10375426621160411 -0.08910759409495946 -0.05926946933149552 -0.0073270808909730355 0.020163831127914304 -0.062372420049897945 -0.03213220105577232 -0.26179896721508344 -0.7642691980041378 -1.1619588010361415 -0.49412665985699694 -0.2693298969072165 -0.14400000000000002 -0.019493177387914232 -0.11093107316465163 -0.15134011090573016 -0.02357166909866427 -0.2517482517482518 -4.153667054714785 -5.739737570723486 -1.5362355309511826 -0.49234693877551017 -0.17864231838030964 -0.13170938960487183 0.05671533727525039 -0.15386408672339433 0.01288357929257437 -0.11702889897301169 -0.26748466257668707 -0.49963441384352925 -0.3128464096563617 -0.24103831891223731 -0.13060179257362353 -0.02777392028884877 0.011479591836734694 -0.06508105549639095 -0.023705108450871162 -0.15729502105523904 -0.0061858220957565265 -0.25619232637202527 -0.041488559215489065 -0.15962795374560082 -0.01982291529007533 -0.11715025200926306 -0.03705991352686843 -0.13758881245065974 0.01803629804982527 -0.15989420533782162 -0.07525870178739416 -0.14634146341463414 0.05188387893761581 -0.1684131736526946 0.0687197760244337 -0.09982923945882044
-0.02064610153024047 -0.02223457476375764 0.049338416685355456 0.016309412861136997 -0.049013747758517634 0.030505690484571156 0.050430504305043054 -0.004915816640039329 0.08009301123885801 0.01534812334310032 0.05539095710421229 -0.11435523114355232 0.03134418324291742 -0.30706622271550127 -0.027721774193548387 -0.18058968058968058 0.034423407917383825 -0.1466615206483983 0.021220159151193636 -0.055850321139346557 -0.011428571428571429 -0.11205846528623631 0.01672640382317802 -0.09262600745819799 -0.11839592616168046 -0.18211920529801323 -0.0650816841546022 -0.14218009478672983 -0.010699478400427977 -0.09114583333333333 0.0051413881748071984 0.020144566891811825 -0.017951172809956915 -0.029655257630050662 -0.17635370094386488 -0.12542461458061144 -0.11194539249146758 -0.08245777364011171 -0.08132322536181943 0.005861664712778431 0.02520478890989288 -0.05216602404173282 -0.026394308010098698 -0.23657980064849285 -0.6267494219301448 -1.2137658813371162 -0.5988253319713993 -0.27963917525773196 -0.1706666666666667 -0.01049632628579997 -0.11467032282188708 -0.1351663585951941 -0.02806151083174318 -0.13869463869463866 -3.235157159487777 -6.274226555916696 -1.9765978862606943 -0.5459183673469388 -0.21701733492126504 -0.12037954963886137 0.06636901170508024 -0.15386408672339433 0.03162333099086437 -0.10269882971101027 -0.21840490797546006 -0.5118206190592248 -0.3547234881142998 -0.25339925834363414 -0.13956466069142123 -0.022219136231079024 0.017857142857142856 -0.05206484439711275 -0.01303780964797914 -0.15481793410948724 0.0012371644191513053 -0.2294803302574065 -0.05908976615539352 -0.1344896933132227 -0.02378749834809039 -0.08718158289061437 -0.03211859172328598 -0.12856659524078037 0.023672641190395673 -0.15027650877614815 -0.07055503292568202 -0.15942891136228438 0.0667078443483632 -0.17465069860279442 0.07508271824891831 -0.09982923945882044
-0.021860578090842846 -0.023346303501945526 0.053823727293115055 0.05475302889095992 -0.04781829049611476 0.02463921154523055 0.03936039360393604 0.002457908320019663 0.07234207466735562 0.018138691223664013 0.052814633517969854 -0.10462287104622872 0.025316455696202535 -0.2947342458996177 -0.03150201612903226 -0.18304668304668303 0.023831590096650333 -0.14408851151421592 0.011936339522546418 -0.06422786931024854 -0.005079365079365079 -0.12789281364190014 0.01792114695340502 -0.09022013713460844 -0.10184595798854232 -0.2088639836984208 -0.05844069597556116 -0.17420263865761496 -0.012036913200481475 -0.1273148148148148 -0.005141388174807194 0.013034719753525298 -0.02632838678793681 0.0012356357345854468 -0.16145057128663687 -0.13195714659001828 -0.12423208191126281 -0.08378773773108125 -0.09097174362508616 -6.938893903907229e-19 0.0315059861373661 -0.0521660240417328 -0.016066100527886165 -0.21376245946919656 -0.47949373250578076 -1.2606389539903788 -0.6869254341164452 -0.32731958762886604 -0.17333333333333334 -0.047983205877942726 -0.11591673937429889 -0.13170055452865065 -0.031428892131552366 -0.06876456876456878 -2.3469150174621642 -6.649813410376791 -2.5478107700050328 -0.6339285714285714 -0.24612941643509328 -0.13029315960912052 0.06274888379389405 -0.1550297237440261 0.02576715858514874 -0.062096966802006215 -0.18895705521472392 -0.5154764806239337 -0.4064539967976352 -0.2645241038318912 -0.15108834827144685 -0.0180530481877517 0.016581632653061222 -0.055614720151461364 -0.009482043380348464 -0.15605647758236313 0.00494865767660522 -0.23676542010684795 -0.07040482775961779 -0.14957264957264954 -0.017179859918065282 -0.11033919084593377 -0.028412600370599134 -0.120672155182136 0.019163566677939347 -0.14666987256552058 -0.06467544684854186 -0.17251635930993456 0.06670784434836319 -0.1721556886227545 0.0738101298040214 -0.10771049520556941
-0.03036191401505951 -0.03891050583657587 0.04036779546983628 0.04543336439888164 -0.05379557680812911 0.001173295787868118 0.03198031980319803 -0.008602679120068823 0.06717478361968737 0.02092925910422771 0.059255442483575935 -0.11678832116788321 0.02772754671488849 -0.3033666296707362 -0.01764112903225806 -0.20393120393120395 0.02118363564146697 -0.15695355718512802 0.009283819628647216 -0.0698129014241832 0.00634920634920635 -0.13885505481120586 0.014336917562724014 -0.08901720197281368 -0.08911521323997454 -0.22669383596535914 -0.05976889361136937 -0.19725887024465222 -0.013374348000534973 -0.1374421296296296 -0.011568123393316193 0.016589643322668563 -0.02872187649593107 -0.006178178672927223 -0.15151515151515152 -0.14240919780506925 -0.12559726962457338 -0.09043755818592898 -0.08270158511371468 6.938893903907229e-19 0.045368620037807186 -0.061238376048990684 0.0034427358274041774 -0.2173651975501381 -0.33102105391262016 -1.275440976933514 -0.8043922369765066 -0.36855670103092786 -0.18400000000000002 -0.047983205877942726 -0.1096846566122398 -0.13632162661737524 -0.026939050398473458 -0.04662004662004662 -1.457508731082654 -6.850848681834597 -3.2498741821841977 -0.760204081632653 -0.2818578801111552 -0.14587168956238492 0.053095209364064186 -0.16435481990908035 0.016397282736003747 -0.07165034631000718 -0.1668711656441718 -0.5252254447964904 -0.46311122059366916 -0.2941903584672435 -0.16901408450704225 -0.022219136231079017 0.026785714285714284 -0.06744763933262335 -0.0023705108450871163 -0.15729502105523901 -0.001237164419151305 -0.22340942204953868 -0.08046266029670604 -0.1596279537456008 -0.01585833223206026 -0.10625255414793626 -0.032118591723285975 -0.13082214954325025 0.007890880396798555 -0.16229862947823998 -0.06114769520225777 -0.1998810232004759 0.04941321803582459 -0.18712574850299402 0.06235683379994911 -0.10639695258111123
-0.03036191401505951 -0.04002223457476376 0.044853106077595864 0.059412861136999076 -0.037059175134488934 -0.007039774727208731 0.04428044280442804 -0.001228954160009832 0.08138483400077509 0.03627738244732803 0.06183176606981837 -0.1192214111922141 0.03134418324291742 -0.3021334319891479 -0.006300403225806449 -0.21375921375921378 0.025155567324242022 -0.15952656631931045 0.01591511936339523 -0.0698129014241832 0.024126984126984125 -0.14981729598051158 0.037037037037037035 -0.07217610970768676 -0.06492679821769573 -0.23815588385124808 -0.054456103068136544 -0.2190342000768541 -0.008024608800320982 -0.15914351851851852 -0.008997429305912593 0.02369949046095509 -0.03709909047391097 -0.0037069072037563293 -0.12667660208643816 -0.16853932584269665 -0.11331058020477816 -0.10240723500465487 -0.07029634734665749 -0.007327080890973036 0.059231253938248275 -0.060104332048083464 0.011475786091347258 -0.195748769064489 -0.2068881586953876 -1.2532379425188107 -0.9167517875383044 -0.4123711340206186 -0.17733333333333334 -0.06897585844954265 -0.09722049108812165 -0.1397874306839187 -0.01908182736558536 -0.02331002331002331 -0.6589057043073343 -6.809919345130612 -4.038751887267237 -0.903061224489796 -0.3122932380574302 -0.1685313694944059 0.061542174490165316 -0.15386408672339433 0.024595924104005625 -0.06329113924050635 -0.13374233128834354 -0.5203509627102119 -0.506219977829782 -0.3152039555006181 -0.17285531370038412 -0.026385224274406333 0.029336734693877552 -0.07809726659566915 0.014223065070522697 -0.15605647758236313 -0.0037114932574539164 -0.21369596891694997 -0.08171988936384209 -0.1583710407239819 -0.009250693802035154 -0.10897697861326794 -0.01976528721432983 -0.134205480996955 0.020290835306053433 -0.15748978119740326 -0.04233301975540922 -0.22605591909577633 0.06053119209388511 -0.1971057884231537 0.07126495291422755 -0.12084592145015105
-0.03157639057566189 -0.038910505836575876 0.0347611572101368 0.065237651444548 -0.02749551703526599 -0.03167898627243928 0.050430504305043054 -0.008602679120068821 0.08526030228652628 0.027905678805636953 0.04895014813860621 -0.11557177615571776 0.019288728149487643 -0.3021334319891479 0.008820564516129031 -0.2407862407862408 0.03442340791738382 -0.17753763025858743 0.030503978779840853 -0.09215302987992183 0.029206349206349208 -0.1510353227771011 0.02508960573476703 -0.07097317454589198 -0.047103755569700825 -0.24834437086092714 -0.031876743259397 -0.2267196106058665 0.004012304400160492 -0.16927083333333331 -0.007712082262210795 0.026069439507050603 -0.04068932503590234 0.009885085876683556 -0.11177347242921014 -0.17507185785210347 -0.11740614334470989 -0.10240723500465487 -0.08407994486560993 -0.01611957796014068 0.06049149338374291 -0.05443411204354728 0.012623364700481985 -0.18734238020895877 -0.0997931118413046 -1.218699888984828 -1.063585291113381 -0.4652061855670103 -0.18666666666666668 -0.0914679862048283 -0.08600274211641531 -0.15018484288354897 -0.03030643169828262 -0.019813519813519816 0.010477299185098926 -6.685927530997954 -4.91570206341218 -1.0637755102040818 -0.3162630673547704 -0.20393711938818862 0.06636901170508025 -0.16085790884718498 0.02576715858514874 -0.051349414855505135 -0.09938650306748464 -0.49232269071411155 -0.5456336987313708 -0.34363411619283063 -0.17797695262483992 -0.031940008332176084 0.031887755102040824 -0.08638031002248255 0.004741021690174233 -0.1721575427297498 0.0 -0.18576979116075765 -0.0741765149610259 -0.1520864756158874 0.01982291529007533 -0.09671706851927529 -0.021000617665225447 -0.14209992105559938 0.00450907451245632 -0.16710747775907672 -0.027046095954844786 -0.25223081499107675 0.07288449660284126 -0.19835329341317368 0.08144566047340292 -0.1300407198213582
-0.036434296818071414 -0.038910505836575876 0.03139717425431711 0.06989748369058714 -0.010759115361625824 -0.03871876099964801 0.02583025830258302 -0.004915816640039325 0.08138483400077509 0.02232454304450956 0.04508566275924256 -0.12043795620437955 0.019288728149487646 -0.3070662227155013 0.02142137096774193 -0.25675675675675674 0.009267840593141799 -0.18011063939276983 0.03580901856763926 -0.10192683607930746 0.029206349206349208 -0.1595615103532278 0.03106332138590203 -0.06736436906050765 -0.03309993634627626 -0.2572592969943963 -0.050471510160711906 -0.23184321762520815 -2.2551405187698493e-18 -0.16203703703703703 -0.019280205655526992 0.024884464984002846 -0.03949258018190522 0.009885085876683552 -0.0931445603576751 -0.18552390906715438 -0.14061433447098975 -0.11703684000531984 -0.0951068228807719 -0.033704572098475966 0.05293005671077505 -0.0680426400544341 0.004590314436538902 -0.18854329290260596 -0.06693440428380187 -1.1298877513260144 -1.1542390194075587 -0.5335051546391754 -0.21066666666666664 -0.10946168840905682 -0.09348124143088621 -0.1709796672828096 -0.02806151083174317 -0.0337995337995338 0.22351571594877764 -6.038280967858433 -5.7083543029693 -1.3533163265306123 -0.3546380838957258 -0.23226171930321482 0.05912875588270786 -0.14920153864086722 0.0327945654720075 -0.03463100071650347 -0.07484662576687116 -0.4606385571533024 -0.5714989530730386 -0.37577255871446236 -0.18693982074263762 -0.044438272462158035 0.03571428571428572 -0.09111347769494733 0.0071115325352613485 -0.17587317314837753 0.0012371644191513055 -0.17848470131131616 -0.0741765149610259 -0.16842634489693314 0.018501387604070305 -0.10897697861326794 -0.02223594811612106 -0.15563324687041838 0.006763611768684477 -0.17792738639095934 -0.017638758231420505 -0.27245687091017257 0.053119209388511425 -0.19336327345309381 0.08017307202850597 -0.12347300669906738
-0.03886324993927617 -0.040022234574763754 0.026911863646557527 0.06640260950605778 -0.004781829049611481 -0.044585239938988615 0.004920049200492005 -0.003686862480029493 0.08784394781036044 0.026510394865355107 0.04122117737987892 -0.12408759124087591 0.01567209162145871 -0.30336662967073624 0.027721774193548387 -0.2788697788697789 -0.025155567324242022 -0.19168918049659073 0.01989389920424403 -0.1158894163641441 0.031746031746031744 -0.15956151035322777 0.022700119474313024 -0.07939372067845543 -0.026734563971992358 -0.271268466632705 -0.06773807942621862 -0.23952862815422055 -0.012036913200481475 -0.1634837962962963 -0.029562982005141385 0.015404668799620807 -0.04547630445189086 0.013591993080439888 -0.08320914058618975 -0.19074993467467988 -0.16518771331058021 -0.12235669636919803 -0.09786354238456238 -0.023446658851113716 0.05293005671077504 -0.07371286005897029 0.008033050263943079 -0.1909451182899003 -0.04137763173907753 -1.0250400888121376 -1.2002042900919305 -0.6043814432989691 -0.23466666666666666 -0.1229569650622282 -0.0835099090115917 -0.19755083179297597 -0.025816589965203713 -0.06060606060606061 0.32828870779976715 -5.263031178524136 -6.2795671867136384 -1.7461734693877549 -0.4088924176260421 -0.2704999291885002 0.05912875588270785 -0.15386408672339433 0.03162333099086437 -0.031048483401003107 -0.0588957055214724 -0.4301730441140629 -0.5850474196329598 -0.419035846724351 -0.18822023047375158 -0.04999305651992778 0.04081632653061225 -0.09939652112176071 0.011852554225435583 -0.18330443398563287 0.004948657676605221 -0.1833414278776105 -0.0628614533568016 -0.1897938662644545 0.014536804546055238 -0.11715025200926306 -0.01976528721432983 -0.15676102402165332 -0.0011272686281140782 -0.17912959846116858 -0.007055503292568202 -0.27959547888161806 0.024706609017912298 -0.18213572854291418 0.0687197760244337 -0.1155917509523184
-0.034005343696866655 -0.03446359088382434 0.02466920834267773 0.06523765144454799 -0.001195457262402871 -0.041065352575384254 -0.020910209102091022 -0.004915816640039326 0.08655212504844337 0.030696246686200645 0.03864485379363649 -0.11800486618004866 0.01205545509342978 -0.2910346528548527 0.03024193548387097 -0.2825552825552825 -0.0635509069244009 -0.1852566576611347 0.005305039787798412 -0.09494554593688916 0.03301587301587301 -0.15956151035322777 0.02031063321385902 -0.07337904486948153 -0.020369191597708468 -0.27508914926133465 -0.09031743923495815 -0.23056231587037274 -0.02674869600106995 -0.14756944444444445 -0.028277634961439584 0.02014456689181183 -0.04786979415988511 0.014827628815025334 -0.07451564828614007 -0.1855239090671544 -0.18566552901023892 -0.11969676818725894 -0.11164713990351482 -0.030773739742086755 0.04788909892879647 -0.06690859605352688 0.010328207482212531 -0.17773507865978141 -0.01947182670074236 -0.8881213765881336 -1.2359550561797752 -0.6726804123711341 -0.26 -0.1274553906132853 -0.0697993269350617 -0.19755083179297594 -0.00897968346615782 -0.07342657342657342 0.37252619324796277 -4.339713494643073 -6.782838449924509 -2.2155612244897958 -0.4552070927616779 -0.25775385922673844 0.05912875588270786 -0.14104207949644482 0.04333567580229561 -0.02030093145450203 -0.049079754601226995 -0.3826468437728491 -0.6022909225274049 -0.4511742892459827 -0.20358514724711907 -0.0541591445632551 0.039540816326530615 -0.08519701810436633 0.017778831338153372 -0.1733960862026257 0.007422986514907831 -0.1614861583292861 -0.059089766155393506 -0.18225238813474107 0.006607638430025107 -0.08718158289061435 -0.02223594811612106 -0.1533776925679486 -0.011272686281140795 -0.17552296225054104 -0.0035277516462841004 -0.28792385484830463 -0.018529956763434215 -0.17714570858283435 0.05090353779587681 -0.10376986733219491
-0.03521982025746904 -0.030016675931072816 0.02915451895043732 0.05824790307548927 -0.01434548714883443 -0.03637216942391176 -0.06273062730627306 -0.002457908320019664 0.06846660638160447 0.03906795032789174 0.03864485379363648 -0.10948905109489049 0.007233273056057865 -0.29350104821802936 0.023941532258064516 -0.27272727272727276 -0.10062226929696809 -0.18139714395986106 -0.010610079575596818 -0.0963418039653728 0.022857142857142854 -0.1510353227771011 0.019115890083632018 -0.07578491519307108 -0.019096117122851683 -0.27126846663270504 -0.12086598485854694 -0.2267196106058665 -0.03343587000133744 -0.14612268518518517 -0.025706940874035987 0.026069439507050603 -0.04188606988989947 0.01729890028419622 -0.0658221559860904 -0.1724588450483407 -0.20614334470989762 -0.11437691182338076 -0.12405237767057202 -0.035169988276670575 0.04914933837429111 -0.05670220004536177 0.010328207482212531 -0.1789359913534286 -0.007301935012778385 -0.748735660540274 -1.2231869254341163 -0.7358247422680413 -0.284 -0.12295696506222822 -0.06356724417300261 -0.19986136783733827 -0.006734762599618363 -0.09906759906759909 0.3771827706635623 -3.3875045142650784 -6.985405133366885 -2.8125 -0.5081381500595474 -0.28324599915026194 0.060335465186436586 -0.1328826203520224 0.04450691028343874 -0.03463100071650346 -0.04785276073619632 -0.34852546916890076 -0.6047542800837542 -0.49072929542645244 -0.22663252240717027 -0.056936536592139986 0.03698979591836734 -0.07573068275943676 0.02133459760578405 -0.1758731731483775 0.00494865767660522 -0.14813016027197673 -0.04777470455116923 -0.18225238813474107 -0.002643055372010045 -0.0776460972619534 -0.028412600370599134 -0.14435547535806925 -0.018036298049825268 -0.18393844674200532 -0.007055503292568202 -0.280785246876859 -0.055589870290302656 -0.17090818363273452 0.0369050649020107 -0.10508340995665308
-0.0376487733786738 -0.012229016120066704 0.025790535994617624 0.0640726933830382 -0.03586371787208607 -0.01173295787868121 -0.10824108241082411 0.007373724960058989 0.04521379666709728 0.04185851820845542 0.03864485379363649 -0.11435523114355231 0.004822182037371911 -0.2947342458996177 0.025201612903225805 -0.269041769041769 -0.12048192771084336 -0.18782966679531712 -0.021220159151193636 -0.1117006422786931 0.019047619047619042 -0.14494518879415347 0.027479091995221028 -0.06375556357512328 -0.012730744748567788 -0.2521650534895568 -0.12086598485854694 -0.21775329832201867 -0.02674869600106995 -0.13744212962962962 -0.020565552699228794 0.04858395544495794 -0.039492580181905226 0.022241443222537998 -0.06582215598609041 -0.13718317219754378 -0.22798634812286692 -0.08910759409495943 -0.13370089593383874 -0.020515826494724502 0.04536862003780717 -0.05556815604445453 0.00803305026394308 -0.17533325327248706 0.007301935012778385 -0.6192179597878378 -1.1555158324821246 -0.7976804123711341 -0.3 -0.13045434098065678 -0.0623208276205908 -0.19177449168207023 -0.00336738129980918 -0.09906759906759906 0.36670547147846333 -2.5243770314192853 -6.833165576245595 -3.4910714285714284 -0.5663623130872039 -0.29315960912052114 0.05550862797152165 -0.12355752418696817 0.03747950339657999 -0.03463100071650346 -0.049079754601227 -0.3119668535218133 -0.591205813523833 -0.5241038318912238 -0.2407170294494238 -0.061102624635467305 0.03954081632653061 -0.08401372618625014 0.022519853028327604 -0.18082734703988107 0.0037114932574539156 -0.16877124817872752 -0.027659039476992713 -0.20739064856711917 -0.01453680454605524 -0.09263043182127775 -0.025941939468807906 -0.13758881245065974 -0.011272686281140793 -0.17311853811012265 0.0011759172154280357 -0.26174895895300415 -0.07288449660284127 -0.16092814371257486 0.044540595571392214 -0.1011427820832786
-0.040077726499878556 -0.015564202334630347 0.02130522538685804 0.06640260950605778 -0.04184100418410042 -0.0058664789393406015 -0.14145141451414514 -0.0036868624800294957 0.0297119235240925 0.02092925910422771 0.015457941517454592 -0.12895377128953772 -0.007233273056057865 -0.29350104821802936 0.016381048387096774 -0.26167076167076164 -0.14960942671786043 -0.19940820789913805 -0.022546419098143235 -0.1144931583356604 0.017777777777777774 -0.14129110840438486 0.03225806451612904 -0.0577408877661494 -0.012730744748567793 -0.2521650534895568 -0.13547615885243725 -0.23184321762520815 -0.022736391600909456 -0.1374421296296296 -0.017994858611825194 0.04265908282971916 -0.028721876495931064 0.021005807487952555 -0.05588673621460507 -0.13718317219754378 -0.24027303754266213 -0.10506716318659395 -0.13094417643004824 -0.045427901524032824 0.04158790170132326 -0.060104332048083464 0.012623364700481985 -0.1645250390296625 0.023122794207131557 -0.5193043049216727 -1.075076608784474 -0.8762886597938145 -0.30533333333333335 -0.1484480431848853 -0.06730649383023805 -0.1767560073937154 -0.004489841733078907 -0.08275058275058275 0.350407450523865 -1.8069098350788493 -6.521137393054856 -4.1875 -0.6497287283313483 -0.31015436906953686 0.05550862797152165 -0.11772933908380931 0.037479503396579995 -0.02030093145450203 -0.053987730061349694 -0.2815013404825737 -0.5813523832984357 -0.5661310259579728 -0.266325224071703 -0.08887654492431607 0.03443877551020408 -0.09229676961306355 0.010667298802892026 -0.1783502600941293 -0.007422986514907831 -0.1894123360854784 -0.028916268544128737 -0.24007038712921064 -0.034359719836130564 -0.11851246424192892 -0.02100061766522545 -0.1409721439043645 -0.0033818058843422386 -0.17191632603991347 0.014111006585136407 -0.24509220701963116 -0.08894379246448426 -0.16342315369261476 0.048358360906082976 -0.10376986733219493
-0.04615010930289045 -0.011117287381878822 0.022426553038797935 0.058247903075489285 -0.04662283323371189 0.004693183151472493 -0.14637146371463713 -0.011060587440088487 0.03100374628600956 0.026510394865355103 0.018034265103697027 -0.1265206812652068 0.0012055455093429777 -0.2824022690837341 0.020161290322580645 -0.24201474201474196 -0.15490533562822717 -0.19812170333204682 -0.029177718832891247 -0.09913432002234014 0.01777777777777777 -0.12545676004872106 0.03345280764635603 -0.046914471309996396 -0.011457670273711012 -0.2305145185939888 -0.1301633683092044 -0.22800051236070193 -0.02006152200080246 -0.11429398148148148 -0.012853470437017993 0.04384405735276692 -0.01555768310196266 0.006178178672927223 -0.04098360655737705 -0.12803762738437416 -0.22798634812286692 -0.12368666046016755 -0.13094417643004824 -0.0630128956623681 0.039067422810333964 -0.04649580403719664 0.009180628873077808 -0.15852047556142665 0.025556772544724347 -0.42679166152707537 -0.9844228804902961 -0.8969072164948454 -0.344 -0.13345329134802816 -0.07977065935435623 -0.1675138632162662 -0.011224604332697272 -0.08041958041958042 0.3050058207217695 -1.2254724930781267 -6.000251635631605 -4.659438775510205 -0.7675003308191081 -0.32573289902280134 0.05792204657897911 -0.10490733185685977 0.05036308268915437 -0.026271793647002623 -0.041717791411042954 -0.24616134535705578 -0.5259268382805764 -0.5859085290482076 -0.2714468629961588 -0.0833217608665463 0.03443877551020408 -0.07691397467755295 0.015408320493066258 -0.16596482536537033 -0.012371644191513051 -0.1699854298203011 -0.01885843600704048 -0.21241830065359477 -0.051539579754195854 -0.09535485628660945 -0.022235948116121063 -0.134205480996955 1.3877787807814458e-18 -0.15989420533782162 0.02587017873941675 -0.22248661511005358 -0.08276714021000618 -0.1933632734530938 0.05599389157546449 -0.10508340995665308
-0.04979353898469759 -0.013340744858254584 0.030275846602377216 0.050093196644920776 -0.032277346084877465 0.011732957878681215 -0.14145141451414514 -0.045471303920363776 0.0258364552383413 0.011162271522254777 0.024475074069303104 -0.12287104622871048 0.02049427365883062 -0.2824022690837341 0.03654233870967742 -0.2321867321867322 -0.13239772275916853 -0.2161327672713238 -0.017241379310344827 -0.0963418039653728 0.012698412698412698 -0.11814859926918393 0.05137395459976106 -0.04210273066281728 -0.006365372374283892 -0.2139582272032603 -0.11422499667950589 -0.23824772639938513 -0.010699478400427977 -0.12297453703703705 -0.015424164524421597 0.03436426116838488 -0.013164193393968408 0.007413814407512667 -0.03353204172876304 -0.11758557616932322 -0.21569965870307167 -0.151615906370528 -0.12818745692625774 -0.07180539273153576 0.039067422810333964 -0.03742345202993876 0.012623364700481981 -0.15131499939954365 0.03285870755750274 -0.3638830640187492 -0.854187946884576 -0.9162371134020619 -0.35600000000000004 -0.14694856800119954 -0.07977065935435622 -0.14902957486136786 -0.005612302166348633 -0.06876456876456875 0.27124563445867284 -0.7800650054171181 -5.305737292400603 -5.1020408163265305 -0.858806404657933 -0.33989519898031445 0.06033546518643658 -0.09441659867117379 0.065589130944015 -0.013135896823501313 -0.01717791411042945 -0.21569583231781625 -0.46311122059366927 -0.6032138442521632 -0.28169014084507044 -0.09304263296764338 0.03316326530612245 -0.08046385043190155 0.028446130141045394 -0.16844191231112213 -0.0037114932574539147 -0.18091306459446335 -0.006286145335680162 -0.19984917043740574 -0.051539579754195854 -0.099441492984607 -0.017294626312538607 -0.13533325814818992 0.019163566677939354 -0.15628756912719405 0.041157102539981186 -0.21772754312908985 -0.056825200741198276 -0.22704590818363274 0.06362942224484602 -0.13135426244581636
-0.04736458586349284 -0.016675931072818232 0.024669208342677728 0.03844361602982293 -0.034668260609683206 0.01759943681802182 -0.14268142681426815 -0.058989799680471924 0.01679369590492184 0.0027905678805636935 0.01932242689681824 -0.13138686131386862 0.016877637130801686 -0.2910346528548527 0.03150201612903226 -0.22604422604422608 -0.1443135178074937 -0.2238517946738711 -0.027851458885941642 -0.1005305780508238 -0.00761904761904762 -0.10840438489646773 0.03106332138590203 -0.04932034163358595 -0.017823042647994905 -0.1986754966887417 -0.12352238013016337 -0.2331241193800436 -0.024073826400962946 -0.10995370370370369 -0.016709511568123395 0.03554923569143263 -0.009573958831977022 0.011120721611268999 -0.03353204172876304 -0.08753592892605173 -0.2170648464163823 -0.15959569091634523 -0.13921433494141972 -0.05422039859320047 0.02646502835538752 -0.04082558403266046 -0.002295157218269451 -0.1489131740122493 0.023122794207131554 -0.3071419760700629 -0.7418283963227783 -0.8891752577319588 -0.3906666666666667 -0.13195381616434249 -0.08724915866882711 -0.12939001848428838 -0.008979683466157818 -0.06643356643356643 0.23050058207217688 -0.49837486457204766 -4.510568696527429 -5.165816326530612 -0.9037978033611221 -0.3413114289760658 0.06395559309762278 -0.10490733185685977 0.07613024127430311 -0.025077621208502508 -0.006134969325153375 -0.19132342188642454 -0.40891735435398446 -0.6081582200247218 -0.293213828425096 -0.0972087210109707 0.030612244897959183 -0.07573068275943676 0.010667298802892022 -0.16720336883824624 -0.007422986514907831 -0.17484215638659545 -0.0012572290671360336 -0.18476621417797887 -0.05814721818422096 -0.1021659174499387 -0.033353922174181594 -0.13984436675312956 0.0 -0.15989420533782162 0.030573847601128877 -0.20226055919095778 -0.0667078443483632 -0.248253493013972 0.05599389157546449 -0.13529489031919084
-0.05222249210590235 -0.02001111728738188 0.02691186364655752 0.03727865796831314 -0.03586371787208607 0.041065352575384254 -0.15621156211562118 -0.06390561632051125 0.0012918227619170609 -1.3877787807814458e-18 0.029627721241787974 -0.14476885644768858 0.027727546714888484 -0.292267850536441 0.0264616935483871 -0.20147420147420148 -0.1588772673110022 -0.21870577640550626 -0.04244031830238727 -0.08936051382295448 -0.00761904761904762 -0.10109622411693057 0.022700119474313024 -0.05172621195717551 -0.02546148949713558 -0.17957208354559348 -0.13149156594501263 -0.2215960035865249 -0.03744817440149793 -0.09403935185185185 -0.021850899742930592 0.027254414030098355 -0.00478697941598851 0.012356357345854444 -0.03229011425732737 -0.0640188136921871 -0.21843003412969283 -0.1675754754621625 -0.1447277739490007 -0.04982415005861664 0.036546943919344675 -0.04762984803810388 -0.012623364700481981 -0.14050678515671908 0.021905805038335155 -0.2392993709140249 -0.5847803881511746 -0.8530927835051546 -0.4013333333333334 -0.10796221322537111 -0.09098840832606256 -0.11783733826247692 -0.014591985632506455 -0.06177156177156177 0.18742724097788127 -0.22149993980979898 -3.60090588827378 -5.110969387755102 -0.9210003969829297 -0.33281404900155787 0.04706166284542054 -0.10607296887749156 0.07027406886858749 -0.014330069262001432 -0.01226993865030675 -0.17548135510601998 -0.36704027589604626 -0.6007416563658838 -0.30345710627400774 -0.09443132898208581 0.03571428571428572 -0.07809726659566915 0.004741021690174233 -0.15234084716373547 -0.006185822095756526 -0.17969888295288977 0.013829519738496355 -0.18602312719959774 -0.06211180124223603 -0.1076147663806021 -0.023471278567016675 -0.1353332581481899 0.010145417653026716 -0.14787208463572976 0.03527751646284101 -0.20107079119571686 -0.06917850525015441 -0.2744510978043912 0.04963094935097989 -0.1549980296860633
-0.051008015545299976 -0.02001111728738188 0.0336398295581969 0.030288909599254427 -0.02988643156007173 0.03989205678751614 -0.13776137761377616 -0.07005038712056041 0.0025836455238341287 0.006976419701409236 0.03478036841427284 -0.14720194647201945 0.03134418324291742 -0.28856825749167586 0.034022177419354836 -0.1855036855036855 -0.14034158612471864 -0.21098674900295894 -0.05172413793103449 -0.0767941915666015 -0.00634920634920635 -0.09378806333739342 0.026284348864994027 -0.05413208228076507 -0.026734563971992358 -0.17447784004075392 -0.11820958958693055 -0.22415780709619573 -0.042797913601711916 -0.1070601851851852 -0.02442159383033419 0.02132954141485958 -0.00478697941598851 0.00864945014209811 -0.03601589667163438 -0.06663182649594983 -0.2020477815699659 -0.16225561909828431 -0.14886285320468642 -0.03956623681125439 0.045368620037807186 -0.043093672034474936 -0.0034427358274041744 -0.13450222168848322 0.030424729219909942 -0.20599481929196992 -0.47625127681307455 -0.7809278350515464 -0.39333333333333337 -0.08846903583745688 -0.07229216003988531 -0.09126617375231054 -0.006734762599618365 -0.050116550116550106 0.1559953434225844 -0.1841820151679307 -2.706341217916457 -4.82015306122449 -0.8720391689824005 -0.310154369069537 0.048268372149149266 -0.10024478377433266 0.07495900679315999 -0.008359207069500836 -0.0049079754601227005 -0.15354618571776749 -0.31530976721271087 -0.5587144622991347 -0.28553137003841234 -0.07498958477989168 0.039540816326530615 -0.08401372618625015 0.014223065070522688 -0.14862521674510776 0.00494865767660522 -0.1663428848955804 0.01760120693990445 -0.16968325791855202 -0.06211180124223602 -0.09263043182127775 -0.03458925262507721 -0.1319499266944852 0.006763611768684477 -0.1442654484251022 0.041157102539981186 -0.19393218322427125 -0.046942557134033364 -0.28817365269461076 0.04963094935097989 -0.16813345593064494
-0.0619383045907214 -0.024458032240133407 0.025790535994617624 0.036113699906803354 -0.04303646144650329 0.0434119441511205 -0.13161131611316115 -0.07250829544058007 -0.0025836455238341326 0.009766987581972935 0.03478036841427283 -0.1386861313868613 0.036166365280289325 -0.2935010482180293 0.04158266129032258 -0.16216216216216214 -0.10194624652455977 -0.20069471246622927 -0.04111405835543767 -0.06702038536721587 -0.0126984126984127 -0.09135200974421438 0.020310633213859022 -0.039696860339227716 -0.030553787396562698 -0.16556291390728478 -0.1075840085004649 -0.2267196106058665 -0.04012304400160492 -0.10850694444444445 -0.032133676092544985 0.030809337599241614 -0.008377213977979895 0.016063264549610774 -0.04346746150024839 -0.05356676247713614 -0.18976109215017065 -0.14895597818858888 -0.1474844934527912 -0.035169988276670575 0.04662885948330183 -0.037423452029938756 -0.0011475786091347244 -0.14290861054401344 0.03529268589509553 -0.18749229061305045 -0.3855975485188968 -0.7113402061855669 -0.3626666666666667 -0.09146798620482831 -0.06730649383023807 -0.06469500924214419 -0.005612302166348638 -0.026806526806526804 0.12572759022118743 -0.14686409052606236 -1.99169602415702 -4.40688775510204 -0.7952891359004897 -0.26058631921824105 0.047061662845420536 -0.09091968760927847 0.08081517919887563 -0.008359207069500834 0.003680981595092022 -0.131611016329515 -0.2648109373075502 -0.5043263288009888 -0.25864276568501926 -0.059713928621024856 0.03826530612244898 -0.08401372618625014 0.009482043380348462 -0.15357939063661136 -0.00247432883830261 -0.15177270519669744 0.0012572290671360301 -0.1520864756158874 -0.06475485661424607 -0.08581937065794851 -0.043236565781346506 -0.13082214954325025 0.0033818058843422386 -0.14306323635489301 0.03762935089369708 -0.19274241522903032 -0.02717726991970353 -0.29690618762475046 0.0496309493509799 -0.17076054117956124
-0.06679621083313093 -0.02112284602556976 0.02018389773491814 0.046598322460391424 -0.049013747758517634 0.05162501466619736 -0.1193111931119311 -0.060218753840481754 -0.01550187314300478 0.00837170364169108 0.037356692000515265 -0.13746958637469586 0.03737191078963231 -0.29966703662597116 0.04662298387096774 -0.15356265356265356 -0.06090295246921751 -0.1865431622282259 -0.023872679045092837 -0.07120915945266686 -0.00380952380952381 -0.07429963459196104 0.023894862604540025 -0.040899795501022504 -0.030553787396562698 -0.1477330616403464 -0.07969185814849251 -0.21775329832201873 -0.02541126120101645 -0.12876157407407407 -0.025706940874035987 0.04028913378362366 -0.0035902345619913843 0.013591993080439891 -0.04346746150024839 -0.04442121766396656 -0.16109215017064843 -0.1409761936427716 -0.1502412129565817 -0.03223915592028136 0.04914933837429113 -0.03175323202540258 -0.003442735827404174 -0.15251591209319082 0.03164171838870634 -0.18132478105341066 -0.30132788559754853 -0.6172680412371134 -0.34400000000000003 -0.08696956065377118 -0.05359591175370809 -0.04967652495378928 0.0022449208665394514 -0.024475524475524472 0.10011641443538999 -0.13121463825689178 -1.2619526925012583 -3.8647959183673466 -0.7079528913590049 -0.23367794929896615 0.04826837214914927 -0.0944165986711738 0.07730147575544624 -0.008359207069500836 0.01595092024539877 -0.13404825737265416 -0.2044586771769922 -0.4598269468479604 -0.22791293213828429 -0.06388001666435215 0.042091836734693876 -0.07691397467755295 0.00711153253526135 -0.16224919494674261 -0.00989731535321044 -0.16634288489558038 -0.005028916268544131 -0.1520864756158874 -0.06739791198625611 -0.11442582754393135 -0.033353922174181594 -0.12969437239201534 0.013527223537368955 -0.15628756912719405 0.04115710253998118 -0.1832242712671029 0.00494132180358246 -0.28443113772455086 0.059811656910155254 -0.17732825430185206
-0.058294874908914274 -0.024458032240133404 0.01681991477909845 0.05824790307548929 -0.04303646144650329 0.045758535726856744 -0.09102091020910208 -0.060218753840481754 -0.0038754682857511935 0.0027905678805636935 0.0399330155867577 -0.14720194647201948 0.04701627486437614 -0.2824022690837341 0.06300403225806452 -0.15479115479115477 -0.014563749503508546 -0.19554869419786441 -0.006631299734748014 -0.07679419156660151 0.0038095238095238087 -0.08038976857490866 0.02389486260454002 -0.0348851196920486 -0.026734563971992364 -0.15282730514518592 -0.053127905432328336 -0.2267196106058665 -0.018724087200748966 -0.1417824074074074 -0.020565552699228794 0.03199431212228937 -0.014360938247965532 0.016063264549610778 -0.050919026328862395 -0.041808204860203826 -0.13515358361774743 -0.1436361218247107 -0.1474844934527912 -0.041031652989449 0.05040957781978576 -0.043093672034474936 0.0022951572182694545 -0.14050678515671908 0.04137763173907752 -0.168989761934131 -0.21961184882533202 -0.5283505154639174 -0.2880000000000001 -0.08547008547008547 -0.04861024554406082 -0.03927911275415897 0.008979683466157818 0.0034965034965034974 0.07566938300349244 -0.11074996990489949 -0.7498741821841972 -3.2117346938775504 -0.6179700939526267 -0.19685596940943212 0.05550862797152166 -0.09091968760927846 0.08081517919887561 0.007165034631000716 0.022085889570552148 -0.12186205215695833 -0.1588865623845301 -0.4054388133498145 -0.1971830985915493 -0.06388001666435217 0.042091836734693876 -0.08993018577683115 0.0 -0.14614812979935596 -0.012371644191513051 -0.17362797474502184 -0.011315061604224292 -0.1508295625942685 -0.06475485661424607 -0.11851246424192889 -0.02223594811612106 -0.1330777038457201 0.03494532747153647 -0.1358499639336379 0.054092191909689544 -0.1784651992861392 0.03953057442865967 -0.28817365269461076 0.07762789513871214 -0.17864179692631021
-0.05708039834831189 -0.033351862145636464 0.03027584660237721 0.05125815470643057 -0.022713687985654513 0.045758535726856744 -0.059040590405904037 -0.06267666216050141 0.006459113809585323 -0.005581135761127389 0.0399330155867577 -0.15206812652068127 0.04460518384569018 -0.2824022690837341 0.06048387096774194 -0.1461916461916462 0.006619886137958423 -0.19297568506368196 -0.0026525198938992063 -0.05864283719631389 0.007619047619047618 -0.0779537149817296 0.010752688172043012 -0.03729099001563817 -0.02418841502227881 -0.14900662251655628 -0.04914331252490371 -0.2267196106058665 -0.02541126120101645 -0.15046296296296297 -0.033419023136246784 0.027254414030098352 -0.01675442795595979 0.008649450142098114 -0.057128663686040734 -0.03527567285079698 -0.12013651877133105 -0.14097619364277164 -0.15299793246037216 -0.04542790152403282 0.057971014492753624 -0.03628940802903153 0.00918062887307781 -0.13930587246307194 0.03894365340148473 -0.15665474281485137 -0.17109295199182842 -0.43041237113402053 -0.24800000000000005 -0.07347428400059977 -0.03739249657235448 -0.045055452865064696 0.014591985632506455 -0.003496503496503497 0.05937136204889406 -0.11797279402913208 -0.42148968293910427 -2.471938775510204 -0.5121079793568877 -0.19260727942217815 0.057922046578979126 -0.09791350973306912 0.0948699929725931 0.009553379508000956 0.03803680981595092 -0.11698757007067997 -0.10838773247936939 -0.3572311495673671 -0.1651728553137004 -0.06388001666435217 0.04846938775510203 -0.08874689385871495 0.008296787957804908 -0.14367104285360416 -0.007422986514907831 -0.1639145216124332 -0.015086748805632383 -0.13951734539969834 -0.05550416281221091 -0.1212368887072606 -0.023471278567016675 -0.13758881245065974 0.028181715702851988 -0.14065881221447465 0.04821260583254938 -0.18560380725758477 0.044471896232242125 -0.3031437125748503 0.05726648002036142 -0.200972021542099
-0.05222249210590237 -0.038910505836575876 0.04148912312177618 0.04543336439888164 -0.004781829049611473 0.03519887363604364 -0.020910209102091022 -0.06882143296055057 0.029711923524092493 -0.018138691223664013 0.057967280690454724 -0.14598540145985403 0.03737191078963231 -0.2787026760389691 0.06678427419354839 -0.14004914004914007 0.03442340791738381 -0.1762511256914962 -1.0408340855860842e-18 -0.04747277296844457 0.010158730158730159 -0.07917174177831912 0.001194743130227001 -0.03368218453025383 -0.012730744748567797 -0.141365257259297 -0.02523575508035596 -0.21391059305751248 -0.014711782800588472 -0.16059027777777776 -0.035989717223650394 0.03080933759924162 -0.02273815222594543 0.012356357345854444 -0.05837059115747641 -0.028743140841390125 -0.09556313993174062 -0.12767655273307618 -0.13507925568573398 -0.026377491207502924 0.05293005671077505 -0.03515536402812429 0.005737893045673629 -0.1405067851567191 0.03529268589509554 -0.14555322560749967 -0.13789581205311544 -0.33118556701030927 -0.22133333333333333 -0.05698005698005698 -0.01371058207652998 -0.04852125693160813 0.02693905039847345 -0.011655011655011658 0.05355064027939464 -0.11195377392560493 -0.25163563160543534 -1.686224489795918 -0.3903665475717876 -0.1699475994901572 0.057922046578979126 -0.10141042079496446 0.09486999297259312 0.007165034631000716 0.051533742331288344 -0.10601998537655374 -0.057888902574208645 -0.30160692212608164 -0.12163892445582587 -0.044438272462158035 0.05994897959183674 -0.09111347769494735 0.0142230650705227 -0.14738667327223184 0.008660150934059137 -0.1651287032540068 0.008800603469952224 -0.13323278029160385 -0.03568124752213559 -0.12259910093992643 -0.01976528721432983 -0.13646103529942483 0.010145417653026715 -0.14065881221447465 0.04703668861712136 -0.18441403926234384 0.06423718344657195 -0.2944111776447106 0.0496309493509799 -0.20622619203993167
-0.04493563274228808 -0.045580878265703166 0.04821708903341556 0.04193849021435228 -0.0011954572624028673 0.03285228206030741 -0.01968019680196802 -0.06513457048052108 0.03358739180984369 -0.02092925910422771 0.0721370604147881 -0.14111922141119224 0.04460518384569018 -0.2787026760389691 0.07938508064516128 -0.1339066339066339 0.056931020786442466 -0.16595908915476648 0.026525198938992044 -0.039095224797542585 0.017777777777777778 -0.08891595615103533 0.017921146953405014 -0.03729099001563817 6.938893903907229e-19 -0.13754457463066735 -0.010625581086465673 -0.19853977199948764 -0.006687174000267486 -0.15480324074074076 -0.03341902313624679 0.03080933759924162 -0.0215414073719483 0.018534536018781668 -0.0670640834575261 -0.024823621635746015 -0.10102389078498293 -0.11038701955047214 -0.12543073742246727 -0.0029308323563892145 0.06301197227473221 -0.038557496030845996 0.01721367913702089 -0.14050678515671908 0.043811610076670324 -0.134451708400148 -0.10342185903983658 -0.26417525773195877 -0.15999999999999998 -0.043484780326885596 0.0 -0.04736598890942699 0.049388259063868 -0.01048951048951049 0.05937136204889406 -0.10593475382207777 -0.16230498238550584 -1.1033163265306123 -0.24083631070530628 -0.1260444696218666 0.057922046578979126 -0.10024478377433269 0.09721246193487937 0.011941724385001195 0.05644171779141105 -0.09627102120399708 -0.03448700578889026 -0.2496909765142151 -0.0768245838668374 -0.03055131231773365 0.07142857142857142 -0.09111347769494735 0.017778831338153375 -0.13995541243497645 0.02103179512557219 -0.15662943176299174 0.020115665074176513 -0.13700351935646055 -0.013215276860050218 -0.11715025200926306 -0.021000617665225447 -0.134205480996955 0.02254537256228159 -0.13584996393363788 0.03998118532455315 -0.18203450327186196 0.06053119209388511 -0.25823353293413176 0.039450241791804536 -0.18520951004860106
