0.027946537059538274 -0.054317075930745716 -0.009876001316800175 -0.11614535418583256 0.027228601870486563 -0.13164193393968407 0.06017846026146505 -0.1266923363557322 0.005094892370398674 -0.1673934449289633 -0.1690176642521286 -0.3369660528623325 -0.32142430397897004 -0.3125781445361341 -0.031269543464665414 -0.017861699413115596 -0.07525453740593183 0.01695136262876516 -0.028713129731140697 0.028612303290414882 -0.23955147808358818 -0.3630445668502754 -1.3267255791736328 -0.487264673311185 -0.1229355519682106 -0.08860922049569797 -0.2058039680189517 -0.07459807073954984 -0.034373347435219456 -0.04993946731234867 -0.09378211716341213 -0.09642377639448309 -0.3102255100823291 -0.11619190404797601 -0.06677999028654688 0.08958712022851209 -0.18370370370370367 0.04094571390833443 -0.017689481562117294 -0.0431167231290422 -0.06922592825676527 -0.08051341890315053 -0.13173099144904094 -0.11900334696913353 -0.0060219197880284235 -0.004960317460317459 0.009859154929577469 -0.020647825525874304 -0.02888655462184874 -0.05362341044890455 -0.15049751243781095 -0.08576533650982729 -0.10236220472440945 -0.17046131839313386 -0.0023108030040439043 -0.009853430225397216 0.058220127529803156 0.05472130313056757 0.03626473254759746 -0.005841974587410544 0.1238980223969502 0.015487252799618777 0.0163075131042516 -0.006083465141744739 0.06229036895064686 0.07359361357116129 0.20756013745704466 0.02735978112175102 0.12092203048242853 -0.06702795208214489 -0.024154589371980676 -0.04719264278799613 -0.009360009360009369 -0.0398406374501992 -0.04825672578115575 0.03927344133529701 -0.040249826509368494 -0.09404388714733541 -0.06402868485081317 -0.11879507848960542 0.06832298136645962 0.0023137436372049985 0.10573678290213721 -0.06795996540219942 0.0935672514619883 0.05195746737554374 -0.012327078482399676 0.09886121887123013 0.0712410948631421 0.04254753357266321
0.03402187120291616 -0.05658028742786013 -0.021946669592889285 -0.12994480220791166 0.02959630638096366 -0.1376256582096697 0.051877982984021576 -0.1304185815426655 0.010189784740797351 -0.17442678295118866 -0.15122633117295714 -0.34197670048853823 -0.35966065240769507 -0.37134283570892723 -0.0375234521575985 -0.03572339882623118 -0.10771727903202007 0.01043160777154779 -0.01957713390759593 0.02432045779685265 -0.23190621814475026 -0.3843264897346019 -1.7542393121566753 -0.7247446782330502 -0.1589469762821309 -0.11942981892898422 -0.16730826177080252 -0.09646302250803859 -0.03701745108408249 -0.07263922518159807 -0.08735868448098663 -0.08543878921030147 -0.3388617110130056 -0.1511744127936032 -0.09227780475959203 0.09867566865749156 -0.18074074074074073 0.05811649716021662 -0.0204109402639815 -0.03079765937788729 -0.045311516677155446 -0.08168028004667444 -0.1155535012710885 -0.1338787653402752 -6.938893903907229e-19 -0.008680555555555556 -0.02253521126760563 -0.02193831462124145 -0.02626050420168067 -0.044430825800520914 -0.12313432835820895 -0.0964860035735557 -0.09673790776152981 -0.1788055787340565 0.016175621028307337 -0.03448700578889026 0.149708899362351 0.03435988801221686 0.07252946509519492 -0.02190740470278954 0.12508934953538242 0.011913271384322136 0.010483401281304601 -0.018250395425234215 0.059894585529468136 0.06735686665835101 0.22405498281786937 0.02611615470712597 0.12344123945081245 -0.06560182544209926 -0.0025425883549453354 -0.05445304937076476 -0.00468000468000468 -0.038595617529880485 -0.02774761732416455 0.03559155621011291 -0.05412907702984038 -0.10156739811912226 -0.0525035215776668 -0.12303775986423418 0.0782608695652174 0.016196205460434984 0.10911136107986501 -0.07043123687137033 0.09707602339181286 0.04954084098598356 -0.010957403095466374 0.10261544237266926 0.08123984501937256 0.03988831272437175
0.04981773997569866 -0.059975104673531746 -0.010973334796444637 -0.11729530818767249 0.04617023795430331 -0.13882240306366683 0.03942726706785639 -0.13290274500062105 0.010189784740797356 -0.17724011816007879 -0.14741390265599183 -0.3432293623950896 -0.38355837017564826 -0.4401100275068767 -0.05878674171357099 -0.03955090584332738 -0.07525453740593183 0.015647411657321687 -0.018271991647089533 0.03719599427753935 -0.21279306829765546 -0.3918377566349525 -2.0026271793647004 -1.0926541159099297 -0.2098596796225009 -0.12456658533453191 -0.20284275984601718 -0.10160771704180065 -0.05684822845055526 -0.06658595641646489 -0.08735868448098663 -0.08421823507872574 -0.3376685359742274 -0.20364817591204395 -0.11170471102476931 0.10906258114775383 -0.2177777777777778 0.07396645093118479 -0.01905021091304939 -0.006159531875577459 -0.04153555695405915 -0.09334889148191364 -0.10862029119482319 -0.15371265650179747 -0.008430687703239794 -0.018601190476190476 -0.011267605633802812 -0.03871467286101432 -0.027573529411764698 -0.049027118124712735 -0.11691542288557213 -0.09648600357355569 -0.09336332958380202 -0.18238169030873763 0.01386481802426343 -0.018475181672619783 0.13030219018574993 0.05853906846525834 0.07123429607563787 0.005841974587410548 0.12747200381224683 0.015487252799618776 0.020966802562609205 -0.0012166930283489473 0.07187350263536177 0.08107770986653362 0.19656357388316154 0.0348215396095013 0.11588361254566067 -0.05276668568168853 -0.006356470887363337 -0.06413359148112294 -0.015210015210015212 -0.033615537848605576 -0.028954035468693445 0.036818851251840944 -0.030534351145038163 -0.10031347962382445 -0.05506466897169933 -0.11879507848960542 0.08944099378881988 0.027764923646459973 0.1079865016872891 -0.0753737798097121 0.08538011695906432 0.0640405993233446 -0.01917545541706616 0.11012388937554748 0.06874140732408449 0.043877143996808934
0.04860267314702309 -0.05318547018218852 -0.0274333369911116 -0.11039558417663294 0.03196401089144075 -0.12206797510770702 0.04565262502593898 -0.11675568252391008 5.551115123125783e-18 -0.15332676888451258 -0.14868471216164694 -0.32569209570336966 -0.4182100609391803 -0.5126281570392599 -0.09255784865540964 -0.03317172748150039 -0.14313117898775268 0.022167166514539056 -0.031323414252153486 0.04577968526466381 -0.20005096839959227 -0.3630445668502755 -2.265345115834727 -1.6574381690660762 -0.2694647957283 -0.1104404777192757 -0.24133846609416637 -0.08360128617363345 -0.07932310946589106 -0.037832929782082324 -0.08607399794450155 -0.07201269376296839 -0.34721393628445296 -0.2673663168415792 -0.14691597863040312 0.09088548428979486 -0.18222222222222223 0.04226654338924845 -0.021771669614913593 -0.035417308284570376 -0.05286343612334802 -0.08168028004667445 -0.11324243124566673 -0.16858807487293914 -0.024087679152113694 -0.012400793650793648 0.02394366197183099 -0.02710027100271003 -0.019695378151260504 -0.03370614371074 -0.11442786069651742 -0.07980941036331149 -0.09561304836895387 -0.164501132435332 -0.0011554015020219493 -0.003695036334523957 0.07901303021901858 0.07253754135912446 0.06864395803652376 0.033591353877610634 0.13461996664284012 0.022635215630212056 0.027955736750145604 -0.01095023725514053 0.08145663632007666 0.07733566171884745 0.23505154639175257 0.031090660365626167 0.11588361254566071 -0.055618938961779794 -0.011441647597254011 -0.052032913843175224 -0.047970047970047974 -0.013695219123505974 -0.05670165279285801 0.061364752086401575 -0.04718945176960444 -0.07021943573667712 -0.06530925854782943 -0.09051053599208034 0.08074534161490685 0.041647385469689956 0.10236220472440945 -0.07908068701346845 0.0654970760233918 0.07974867085548573 -0.11368305711546363 0.12514078338130397 0.04749406324209474 0.059832469086557635
0.053462940461725394 -0.01923729772547244 -0.0395040052672007 -0.10579576816927323 0.011838522552385463 -0.10292005744375299 0.03942726706785642 -0.09936653831822133 -0.015284677111196021 -0.13082008721339147 -0.14614309315033674 -0.296880871852687 -0.43613334926514513 -0.5938984746186546 -0.1350844277673546 -0.038275070170961975 -0.20953224140475135 0.02086321554309558 -0.04959540589924302 0.05007153075822605 -0.20514780835881757 -0.3292438657986981 -2.3752089801767378 -2.4067921742340346 -0.3725319756612443 -0.11942981892898419 -0.31832987859046485 -0.087459807073955 -0.11237440507667902 -0.0408595641646489 -0.08093525179856116 -0.04271939460515074 -0.34602076124567477 -0.2898550724637681 -0.1894123360854784 0.10257076084133991 -0.2518518518518519 0.059437326641130626 -0.021771669614913593 -0.01077918078226055 -0.04027690371302706 -0.07351225204200701 -0.09706494106771435 -0.17230692946572454 -0.04697097434662171 -0.018601190476190473 0.03802816901408451 -0.0348432055749129 -0.030199579831932766 -0.026045656503753633 -0.12313432835820896 -0.05955926146515782 -0.10573678290213721 -0.14781261175348673 -0.020797227036395145 0.013548466559921169 0.11366786803437763 0.09544413336726902 0.06993912705608082 0.06280122681466335 0.14415058375029782 0.047653085537288545 0.034944670937682006 0.01946708845358316 0.0706756109247724 0.1010352999875265 0.1841924398625429 0.03482153960950131 0.09698954528278121 -0.04563605248146036 -0.005085176709890671 -0.043562439496611816 -0.0585000585000585 -0.014940239043824705 -0.06514657980456026 0.07977417771232204 -0.07217210270645384 -0.05391849529780564 -0.08067614291202459 -0.06364022061943148 0.07453416149068323 0.06478482184173993 0.09223847019122611 -0.08773013715556655 0.039766081871345026 0.083373610439826 -0.11916175866319682 0.13264923038418222 0.02874640669916261 0.06249168993484908
0.0473876063183475 -0.03055335521104447 -0.04608800614506749 -0.12534498620055196 0.005919261276192732 -0.10890378171373863 0.034239468769454245 -0.10557694696311018 -0.01273723092599669 -0.1294134196089464 -0.14105985512771632 -0.28560691469372423 -0.4349384633767476 -0.6314078519629909 -0.1863664790494059 -0.06124011227353917 -0.2169101372288623 -0.006519754857217369 -0.056121117201775 0.028612303290414882 -0.20769622833843018 -0.31171757636454683 -2.40148077382374 -3.060169804355851 -0.5339624984477835 -0.14639784255810967 -0.31388806633106314 -0.09389067524115757 -0.12162876784769963 -0.02572639225181598 -0.07965056526207606 -0.03661662394727207 -0.3376685359742274 -0.3148425787106447 -0.2416221466731423 0.07400675149311867 -0.32 0.044908202351076475 -0.032657504422370386 -0.015398829688943644 -0.03650094398993077 -0.07117852975495917 -0.09013173099144903 -0.13511838353787034 -0.06624111766831267 -0.01984126984126984 0.04929577464788733 -0.04000516195638147 -0.024947478991596633 -0.026045656503753633 -0.12313432835820895 -0.05717689100655151 -0.1046119235095613 -0.13112409107164144 -0.020797227036395145 0.01847518167261978 0.15941225395065156 0.09035377958768134 0.09066183136899365 0.07010369504892654 0.13700262091970455 0.047653085537288545 0.0314502038439138 0.026767246623676848 0.06827982750359368 0.11849819134339527 0.1841924398625429 0.04974505658500187 0.09572994079858924 -0.02994865944095836 -0.01017035341978134 -0.06171345595353341 -0.0585000585000585 -0.009960159362549804 -0.06032090722644469 0.07854688267059401 -0.026370575988896604 -0.05893416927899686 -0.07427327442694327 -0.0692971291189365 0.06583850931677018 0.059000462748727445 0.09448818897637795 -0.06919560113678488 0.04327485380116959 0.07974867085548575 -0.10820435556773045 0.11137529720936054 0.037495313085864276 0.04919558569339183
0.06318347509113001 -0.023763720719701256 -0.03621200482826731 -0.15179392824287027 0.005919261276192732 -0.12446146481570128 0.013488275575845612 -0.12172400943982113 -0.02292701566679404 -0.13644675763117176 -0.11437285550895919 -0.2505323813102844 -0.4050663161668061 -0.6514128532133034 -0.225140712945591 -0.07527430466955856 -0.2169101372288623 -0.009127656800104317 -0.06264682850430697 0.02145922746781116 -0.20642201834862384 -0.2791687531296946 -2.3931215667542394 -3.466223698781838 -0.8108779336893084 -0.19262874020803905 -0.3553449807521469 -0.10932475884244375 -0.15203595980962453 -0.03934624697336562 -0.07965056526207605 -0.0341755156841206 -0.32812313566400186 -0.3373313343328336 -0.30111704711024767 0.03505582965463516 -0.3496296296296296 0.022454101175538237 -0.04762552728262348 -0.03849707422235911 -0.0289490245437382 -0.06884480746791133 -0.07279870580078576 -0.12892029254989462 -0.07708057328676382 -0.04712301587301587 0.07746478873239437 -0.056781520196154345 -0.019695378151260504 -0.055155507890301825 -0.1281094527363184 -0.04407385348421679 -0.1046119235095613 -0.1192037191560377 -0.020797227036395145 0.020938539228969082 0.15248128638757974 0.09417154492237209 0.08030047921253723 0.08032715057689499 0.12985465808911126 0.053609721229449604 0.023296447291788005 0.015817009368536323 0.05989458552946815 0.09854060122240241 0.1374570446735395 0.03109066036562617 0.08817231389343747 -0.054192812321734174 -0.011441647597254006 -0.06292352371732818 -0.0585000585000585 -0.04233067729083666 -0.051875980214742434 0.060137457044673534 -0.016655100624566273 -0.08150470219435735 -0.072992700729927 -0.0975816716164616 0.0720496894409938 0.06825543729754743 0.0967379077615298 -0.05683924379093044 0.04327485380116959 0.09062348960850652 -0.12053143405013012 0.12514078338130394 0.02999625046869142 0.05850285866241191
0.08869987849331713 -0.016974086228358037 -0.010973334796444637 -0.16789328426862926 0.031964010891440756 -0.13164193393968407 0.04772774434529985 -0.12793441808470998 0.0012737230925996712 -0.13785342523561686 -0.09022747490151227 -0.2004259050482275 -0.38355837017564826 -0.655163790947737 -0.2964352720450282 -0.07782597601428937 -0.21100782056957357 -0.006519754857217369 -0.056121117201775 0.018597997138769674 -0.187308868501529 -0.22158237356034052 -2.3441604967757343 -3.850129198966408 -1.2256301999254935 -0.23500706305380764 -0.3849570624814924 -0.12733118971061091 -0.14145954521417242 -0.06204600484261501 -0.06680369989722507 -0.023190528499938978 -0.31619138527622004 -0.3385807096451774 -0.3642544924720738 -0.00649182030641392 -0.32592592592592584 -0.013208294809140136 -0.042182609878895085 -0.07853403141361257 -0.0037759597230962866 -0.05367561260210035 -0.05431014559741161 -0.11032601958596755 -0.08551126099000361 -0.062003968253968256 0.08309859154929577 -0.06194347657762291 -0.014443277310924369 -0.0735406771870691 -0.11940298507462685 -0.036926742108397866 -0.08661417322834646 -0.11085945881511503 -0.010398613518197573 0.02093853922896908 0.13861935126143607 0.08526342580809365 0.09713767646677891 0.0730246823426318 0.15248987371932332 0.06790564689063616 0.027955736750145604 0.029200632680374743 0.06708193579300432 0.09978795060496444 0.14845360824742268 0.027359781121751026 0.08943191837762941 -0.06560182544209928 0.01144164759725401 -0.04719264278799613 -0.046800046800046805 -0.049800796812749 -0.031366871757751234 0.05768286696121747 -0.011103400416377512 -0.08275862068965517 -0.0768344218209758 -0.10606703436571914 0.06956521739130436 0.07519666820916242 0.09448818897637794 -0.03212652909922155 0.02807017543859649 0.09424842919284679 -0.1287494863717299 0.11763233637842574 0.026246719160104993 0.058502858662411915
0.08140947752126368 -0.01697408622835804 -0.023044003072533743 -0.1782428702851886 -0.010654670297146913 -0.1328386787936812 0.030089230130732513 -0.13290274500062102 -0.01146350783339702 -0.13222675481783658 -0.09022747490151226 -0.18038331454340475 -0.3441271358585255 -0.6551637909477369 -0.33896185115697314 -0.15437611635621332 -0.25232403718459495 -0.03129482331464337 -0.06525711302531977 0.004291845493562231 -0.1809378185524974 -0.17401101652478718 -2.2032481490327203 -3.823058939338009 -1.5857444430646965 -0.4854244253242584 -0.40568551969203437 -0.14147909967845662 -0.15335801163405602 -0.06658595641646489 -0.06937307297019527 -0.008543878921030151 -0.29829375969454713 -0.3210894552723638 -0.3788246721709568 -0.05582965463515971 -0.36148148148148146 -0.007924976885484084 -0.05578990338821608 -0.05543578688019711 -0.0012586532410320942 -0.047841306884480746 -0.03697712040674832 -0.10784678319077726 -0.06021919788028422 -0.10168650793650794 0.06056338028169015 -0.09807717124790297 -0.006565126050420167 -0.09345794392523363 -0.13184079601990048 -0.0273972602739726 -0.09336332958380203 -0.10847538443199427 -0.023108030040439053 0.025865254341667688 0.17050180205156643 0.08526342580809365 0.10749902862323532 0.0847086315174529 0.1512985465808911 0.07743626399809386 0.017472335468841006 0.03893417690716632 0.04551988500239578 0.10602469751777473 0.16494845360824745 0.029847033951001124 0.07179745559894193 -0.04991443240159725 0.0012712941774726677 -0.050822846079380445 -0.06552006552006553 -0.06723107569721117 -0.06876583423814694 0.05277368679430535 -0.015267175572519082 -0.10532915360501567 -0.0768344218209758 -0.1202093056144817 0.06086956521739131 0.07751041184636742 0.08323959505061866 -0.025948350426294335 0.019883040935672513 0.09183180280328662 -0.10957403095466374 0.10887248154173448 0.02874640669916261 0.059832469086557635
0.07290400972053464 -0.03621138395383049 -0.0427960057061341 -0.1954921803127875 -0.026044749615248018 -0.15198659645763524 -0.006225357958082597 -0.15898646130915411 -0.028021908037192716 -0.14910676607117737 -0.08514423687889186 -0.16785669547789053 -0.24973115067511048 -0.6276569142285571 -0.3527204502814259 -0.23092625669813724 -0.24789729969012836 -0.04303038205763464 -0.07047768206734535 -0.008583690987124462 -0.1834862385321101 -0.11892839258888335 -1.80558872701218 -3.754152823920266 -1.6714267974667827 -0.9901117246693207 -0.5270950547823512 -0.15048231511254023 -0.18508725542041246 -0.06053268765133172 -0.06937307297019527 -0.0024411082631514707 -0.23982818279441592 -0.29485257371314344 -0.38732394366197187 -0.13243313425084394 -0.4311111111111111 -0.03698322546559239 -0.08028303170499387 -0.05697566984909147 1.734723475976807e-18 -0.047841306884480746 -0.009244280101687083 -0.10040907400520638 -0.052992894134650116 -0.13392857142857142 0.06338028169014084 -0.11872499677377726 -0.023634453781512604 -0.10724682089780908 -0.12437810945273631 -0.03930911256700417 -0.09786276715410575 -0.1275479794969603 -0.026574234546504906 0.007390072669047909 0.13168838369836428 0.08017307202850596 0.08159564823209428 0.09201109975171609 0.15368120085775555 0.06552299261377173 0.015142690739662203 0.030417325708723693 0.0383325347388596 0.08980915554446801 0.09484536082474225 0.0186543962193757 0.04912457488348659 -0.05419281232173416 -0.015255530129672007 -0.056873184898354315 -0.10764010764010765 -0.07345617529880479 -0.08565568826155145 0.06750122729504172 0.004163775156141565 -0.09780564263322884 -0.07811499551799206 -0.12020930561448169 0.07080745341614905 0.07635354002776493 0.10348706411698536 -0.016063264549610778 0.026900584795321637 0.10633156114064765 -0.12874948637172992 0.12388937554749095 0.01624796900387452 0.07179896290386918
0.06561360874848117 -0.0430010184451737 -0.024141336552178205 -0.21734130634774607 -0.029596306380963656 -0.17113451412158925 0.01763851421456734 -0.18010185070177614 -0.017832123296395365 -0.17020678013785345 -0.08895666539585717 -0.15407741450582488 -0.1983510574740112 -0.5938984746186546 -0.3714821763602252 -0.32023475376371524 -0.28626235797550537 -0.049550136914851994 -0.07569825110937092 0.005722460658082975 -0.1834862385321101 -0.08763144717075613 -1.2682111296871266 -3.5855789344161444 -1.7496585123556438 -1.7452163862848338 -0.6544270062185371 -0.15691318327974277 -0.2088841882601798 -0.046912832929782086 -0.07708119218910585 0.012205541315757356 -0.20641928170862664 -0.26486756621689156 -0.3812530354541039 -0.18696442482472084 -0.437037037037037 -0.06339981508387267 -0.06939719689753708 -0.06775485063135202 -0.0025173064820641906 -0.03033838973162194 -0.01617749017795239 -0.08305441923887441 -0.052992894134650116 -0.13516865079365079 -0.011267605633802812 -0.11227255129694155 -0.0551470588235294 -0.09345794392523364 -0.13059701492537312 -0.02620607504466945 -0.0843644544431946 -0.10609131004887355 -0.030040439052570766 0.01847518167261978 0.10396451344607707 0.09544413336726901 0.07900531019298018 0.11391850445450565 0.14891589230402671 0.05837502978317845 0.02795573675014561 0.013383623311838424 0.04551988500239578 0.067356866658351 0.12233676975945021 0.0012436264146250444 0.05920141075702229 -0.06274957216200798 -0.02796847190439868 -0.056873184898354315 -0.10530010530010532 -0.07594621513944223 -0.0977198697068404 0.07977417771232204 -0.04441360166551006 -0.08652037617554859 -0.10116532206428479 -0.10748126149059538 0.04968944099378882 0.07056918093475242 0.09111361079865017 -0.018534536018781668 0.010526315789473684 0.09183180280328662 -0.15340364333652926 0.11512952071079967 0.007499062617172855 0.067810131631432
0.06804374240583232 -0.041869412696616495 -0.001097333479644462 -0.20699172033118676 -0.03788327216763348 -0.17831498324557205 -0.007262917617763025 -0.16892311514097627 -0.04458030824098841 -0.14629343086228724 -0.09658152242978776 -0.13654014781410498 -0.15294539371490018 -0.5301325331332833 -0.3677298311444653 -0.3559581525899464 -0.32315183709606016 -0.044334333029078105 -0.09266510049595406 0.02718168812589413 -0.18476044852191642 -0.06009013520280421 -0.8299498447575828 -3.3480989294942787 -1.7397243263380109 -2.3231026069089507 -0.8246964761622742 -0.1710610932475884 -0.23400317292437864 -0.02421307506053269 -0.08221993833504623 0.01098498718418162 -0.17658990573917194 -0.21864067966016992 -0.3739679456046624 -0.19735133731498317 -0.4948148148148149 -0.08057059833575486 -0.09389032521431487 -0.04927625500461964 -0.007551919446192573 -0.016336056009334892 -0.02888837531777213 -0.05826205528697161 -0.05058412621943874 -0.11284722222222221 -0.0323943661971831 -0.1019486385340044 -0.06827731092436976 -0.07660487206986363 -0.1281094527363184 -0.015485407980941035 -0.06299212598425198 -0.09297890094170938 -0.031195840554592714 0.03695036334523956 0.07901303021901858 0.11580554848561975 0.06346328195829556 0.14750985833211624 0.14295925661186565 0.052418394091017395 0.024461269656377408 0.023117167538630003 0.039530426449448965 0.06610951727578894 0.11134020618556699 -5.551115123125783e-18 0.05416299282025444 -0.06132344552196234 -0.03432494279176202 -0.03872216844143272 -0.09828009828009829 -0.06972111553784861 -0.10737121486307155 0.07241040746195385 -0.08327550312283136 -0.06896551724137931 -0.12933794339864257 -0.08061094611794654 0.040993788819875775 0.07403979639055992 0.08886389201349834 -0.007413814407512667 0.008187134502923975 0.09908168197196715 -0.13833721408026295 0.11638092854461271 -0.009998750156230475 0.0850950671453264
0.07533414337788578 -0.018105691976915243 0.010973334796444639 -0.19089236430542778 -0.02722860187048657 -0.17711823839157492 0.007262917617763018 -0.15153397093528753 -0.03439052350019106 -0.1251934167956112 -0.08768585589020206 -0.1265188525616936 -0.10873461584418687 -0.4363590897724432 -0.34771732332707933 -0.3840265373819852 -0.4013575328316364 -0.0691094014865041 -0.09658052727747325 0.014306151645207443 -0.18221202854230376 -0.023785678517776666 -0.5517076665870554 -2.9432755014150365 -1.6925369427542534 -2.641582124052909 -1.1015694403316554 -0.1813504823151125 -0.222104706504495 -0.001513317191283295 -0.07322713257965056 0.032954961552544855 -0.1563059300799427 -0.1349325337331334 -0.3423992229237494 -0.19994806543754867 -0.5229629629629631 -0.11094967639677718 -0.08572594910872228 -0.04927625500461966 -0.001258653241032095 0.0023337222870478415 -0.026577305292350355 -0.035948927730259074 -0.04215343851619895 -0.09300595238095236 -0.08732394366197183 -0.10323912762937153 -0.07615546218487396 -0.06741228742148 -0.12064676616915422 -0.010720667063728411 -0.05961754780652419 -0.07390630587674336 -0.02195262853841709 0.02832861189801699 0.1136678680343776 0.10689742937134131 0.07900531019298018 0.14458887103841098 0.14534191088873008 0.0702883011675006 0.027955736750145604 0.04258425599221317 0.040728318160038336 0.06610951727578894 0.0852233676975945 -0.004974505658500185 0.0592014107570223 -0.06845407872219053 -0.020340706839562673 -0.018151016456921586 -0.07956007956007954 -0.05727091633466136 -0.0965134515623115 0.06259204712812959 -0.0916030534351145 -0.0652037617554859 -0.12805736970162632 -0.08343940036769906 0.04347826086956521 0.07866728366496993 0.08773903262092238 0.02841962189546522 0.014035087719298244 0.11599806669888837 -0.1314888371455965 0.13264923038418222 0.002499687539057617 0.10636883393165804
0.07290400972053464 -0.01810569197691524 0.017557335674311426 -0.19894204231830728 -0.03433171540191784 -0.2142173288654859 -0.014525835235526047 -0.19003850453359833 -0.04458030824098841 -0.161766774511183 -0.08641504638454695 -0.11649755730928221 -0.06571872386187119 -0.3400850212553138 -0.3277048155096935 -0.3980607297780046 -0.4544783827652353 -0.09910027382970399 -0.09527538501696686 -0.004291845493562233 -0.18221202854230378 -0.017526289434151233 -0.26749462622402675 -2.3489602559370004 -1.6354153731528627 -2.780274817002697 -1.5176191886289607 -0.2765273311897106 -0.20756213643574828 -0.04085956416464891 -0.05909558067831448 0.05126327352618089 -0.13482877938193533 -0.051224387806096935 -0.3047595920349684 -0.18696442482472087 -0.5762962962962963 -0.14000792497688547 -0.08164376105592598 -0.05081613797351402 0.0012586532410320973 -0.002333722287047841 -0.020799630228795933 -0.0049584727903805624 -0.0313139828977478 -0.091765873015873 -0.12394366197183097 -0.12646793134598014 -0.07221638655462186 -0.07813696951126092 -0.12064676616915422 0.004764740917212626 -0.05849268841394826 -0.07033019430206222 -0.004621606008087807 0.023401896785318392 0.149708899362351 0.09417154492237212 0.08677632431032249 0.1256024536293267 0.15010721944245892 0.07505360972122944 0.026790914385556204 0.053534493247353696 0.03713464302827024 0.06112011974554073 0.0618556701030928 -0.01989802263400075 0.061720619725406226 -0.08414147176269253 -0.026697177726926015 -0.025411423039690222 -0.06669006669006669 -0.07594621513944223 -0.10013270599589819 0.02945508100147275 -0.13601665510062455 -0.10532915360501567 -0.13830195927775643 -0.11879507848960544 0.06211180124223603 0.08445164275798242 0.10348706411698538 0.04077597924131966 0.045614035087719294 0.11478975350410828 -0.057526366251198446 0.11763233637842571 0.03624546931633546 0.09573195053849223
0.053462940461725394 -0.02829014371393008 0.023044003072533743 -0.1966421343146274 -0.021309340594293832 -0.23815222594542845 0.04876530400498029 -0.20742764873928704 -0.01146350783339702 -0.181460120973414 -0.09022747490151226 -0.1327821620944507 -0.041821006093918034 -0.2663165791447862 -0.2939337085678549 -0.4133707578463894 -0.513501549358123 -0.1290911461729039 -0.0861393891934221 -0.020028612303290415 -0.15672782874617736 -0.03755633450175263 -0.13732983042751373 -1.595914851728805 -1.5385570594809388 -2.8432002054706564 -2.157240153982825 -0.3961414790996784 -0.1969857218402961 -0.05296610169491526 -0.048818088386433714 0.040278286341999266 -0.12170385395537527 -0.002498750624687665 -0.2537639630888781 -0.17398078421189306 -0.5792592592592594 -0.15321621978602562 -0.07892230235406178 -0.02925777640899292 -0.0037759597230962853 -0.00700116686114353 -0.04044372544488098 0.004958472790380567 -0.02047452727929664 -0.09672619047619045 -0.13661971830985914 -0.14453477868112014 -0.07221638655462186 -0.08732955415964457 -0.09701492537313433 -0.019058963668850508 -0.03937007874015748 -0.08582667779234712 0.015020219526285386 -0.0024633575563493037 0.12614360964790686 0.07635530669381523 0.0919570003885507 0.11683949174821089 0.14772456516559446 0.052418394091017395 0.025626092020966808 0.032850711765421585 0.05270723526593196 0.05862542098041662 0.09896907216494846 -0.004974505658500192 0.08691270940924549 -0.0713063320022818 -0.034324942791762014 -0.04961277831558567 -0.05616005616005616 -0.08715139442231075 -0.09289419712872482 0.012272950417280316 -0.0916030534351145 -0.1090909090909091 -0.11909335382251249 -0.11455239711497667 0.07826086956521738 0.05205923183711245 0.1237345331833521 0.02594835042629433 0.07953216374269005 0.09304011599806669 -0.03424188467333241 0.10511825804029531 0.07624046994125735 0.09174311926605505
0.07411907654921021 -0.013579268982686432 0.04828267310435641 -0.15984360625574975 -0.007103113531431277 -0.22977501196744857 0.024901431832330356 -0.19376474972053162 -0.028021908037192712 -0.16880011253340838 -0.06481128478841022 -0.13027683828134787 -0.01792328832596487 -0.21505376344086025 -0.2363977485928705 -0.4197499362082164 -0.5769514534454774 -0.14473855783022554 -0.08874967371443489 -0.011444921316165948 -0.11977573904179409 -0.03380070105157736 -0.06567948411750654 -0.9240802264058079 -1.354774618154725 -2.8881469115191987 -2.786496890731418 -0.5183279742765273 -0.18905341089370703 -0.08625907990314771 -0.03597122302158273 0.04760161113145368 -0.1049994034124806 0.03873063468265867 -0.2015541525012142 -0.14022331861854065 -0.6711111111111111 -0.1611411966715097 -0.10885834807456798 -0.0015398829688943682 0.01762114537444934 -3.4694469519536144e-19 -0.02542177027963947 -0.011156563778356264 0.008430687703239795 -0.09920634920634917 -0.1676056338028169 -0.16260162601626016 -0.06827731092436976 -0.09652213880802821 -0.07960199004975124 -0.011911852293031574 -0.026996625421822275 -0.07867445464298486 0.033506643558636626 0.011085109003571868 0.18297754366509567 0.10307966403665056 0.10102318352545007 0.13582590915729517 0.15725518227305219 0.058375029783178455 0.032615026208503206 0.03163401873707263 0.06468615237182558 0.03617313209429961 0.09347079037800689 -0.02860340753637608 0.08691270940924549 -0.1026811180832858 -0.02288329519450801 -0.027831558567279764 -0.046800046800046805 -0.0647410358565737 -0.08203643382796477 0.012272950417280316 -0.11103400416377515 -0.10532915360501567 -0.10628761685234984 -0.11596662423985293 0.09565217391304348 0.06247107820453494 0.13048368953880768 0.029655257630050662 0.09824561403508772 0.09787336877718705 -0.031502533899465814 0.12138655987986484 0.07874015748031496 0.08642467756947214
0.06682867557715674 -0.005658028742786019 0.053769340502578734 -0.13914443422263106 -0.00355155676571564 -0.2297750119674485 0.07989209379539323 -0.20370140355235375 -0.0063686154629983395 -0.18708679139119427 -0.07624857033930614 -0.136540147814105 -0.004779543553590634 -0.17879469867466868 -0.18511569731081928 -0.40826741515692777 -0.6020362992474546 -0.16560177337332113 -0.08874967371443489 0.001430615164520746 -0.09683995922528033 -0.03380070105157737 -0.016718414139001672 -0.5106435338993478 -1.0641996771389544 -2.8753049955053296 -3.316553153686704 -0.6765273311897106 -0.1877313590692755 -0.08323244552058112 -0.017985611510791366 0.0585865983156353 -0.07755637752058228 0.061219390304847576 -0.13113161728994654 -0.11685276551545054 -0.6222222222222221 -0.21133271694624223 -0.09525105456524699 -0.009239297813366182 0.018879798615481436 0.004667444574095681 -0.024266235266928587 -0.021073509359117382 0.02047452727929664 -0.0818452380952381 -0.15774647887323942 -0.1729255387791973 -0.08009453781512606 -0.08426535927685001 -0.07213930348258707 -0.011911852293031568 -0.0022497187851518567 -0.0762903802598641 0.04852686308492201 0.024633575563493038 0.12614360964790688 0.12216849071010434 0.11267970470146356 0.16357528844749528 0.16559447224207766 0.07267095544436503 0.0489225393127548 0.04745102810560896 0.06588404408241497 0.05488337283273044 0.177319587628866 -0.013679890560875516 0.1007683587353571 -0.09127210496292071 -0.013984235952199336 -0.015730880929332038 -0.03393003393003392 -0.037350597609561755 -0.08927494269513814 0.02209131075110457 -0.09854267869535045 -0.08526645768025078 -0.11909335382251249 -0.10041012586621412 0.0906832298136646 0.061314206385932435 0.14960629921259844 0.02965525763005066 0.11578947368421053 0.10270662155630741 -0.020545130803999438 0.12889500688274308 0.0987376577927759 0.09174311926605505
0.07047387606318348 0.013579268982686429 0.06474267529902338 -0.0965961361545538 -0.0011838522552385488 -0.20823360459550028 0.030089230130732513 -0.17637560551484288 -0.020379569481594702 -0.17020678013785343 -0.06481128478841022 -0.12150820493548793 0.002389771776795313 -0.12128032008002002 -0.091307066916823 -0.367440673641235 -0.6035118784122767 -0.1825531360020863 -0.0835291046724093 0.02145922746781116 -0.08537206931702346 -0.020030045067601403 0.008359207069500834 -0.07259751445797959 -0.6221283993542779 -2.8290740978554005 -3.61267397098016 -0.935048231511254 -0.2234267583289265 -0.06658595641646489 -0.0012846865364851024 0.08910045160502869 -0.05369287674501851 0.10869565217391304 -0.04249635745507528 -0.06491820306413917 -0.6207407407407406 -0.2549200898164047 -0.09797251326711118 0.0030797659377887294 0.012586532410320955 0.02683780630105017 -0.031199445343193893 1.1102230246251566e-17 0.04215343851619897 -0.03968253968253967 -0.16901408450704225 -0.16260162601626016 -0.09453781512605042 -0.044430825800520914 -0.05597014925373134 0.004764740917212624 0.02924634420697413 -0.05483371081177733 0.07047949162333911 0.029560290676191647 0.17327418907679515 0.12089590226520741 0.11786038077969174 0.16065430115378998 0.1691684536573743 0.08577555396711936 0.05824111822947 0.059617958389098426 0.06827982750359367 0.06985156542347512 0.16219931271477664 -0.006218132073125238 0.10580677667212494 -0.08271534512264692 -0.016526824307144673 -0.0012100677637947698 -0.04095004095004095 0.001245019920318724 -0.09048136083966704 0.051546391752577324 -0.131852879944483 -0.05391849529780564 -0.11012933794339866 -0.066468674869184 0.11801242236024845 0.07751041184636742 0.18897637795275593 0.04077597924131966 0.15321637426900586 0.1123731271145481 0.012327078482399676 0.126392191215117 0.1249843769528809 0.09041350884190932
0.0911300121506683 0.02263211497114405 0.09327334576977944 -0.08969641214351425 0.044986385699064754 -0.20584011488750603 0.03735214774849553 -0.18134393243075392 -0.01910584638899503 -0.17302011534674355 -0.04574914220358368 -0.10522360015031944 0.023897717767953162 -0.09752438109527381 -0.04377736085053158 -0.2845113549374841 -0.5858049284344106 -0.1825531360020863 -0.08874967371443489 0.03862660944206008 -0.07772680937818552 -0.007511266900350528 0.016718414139001672 -0.060292850990525414 -0.25456351670185023 -2.590214459997432 -3.660053301747112 -1.4212218649517685 -0.29085140137493387 -0.08323244552058111 0.016700924974306267 0.10252654705236178 -0.02982937596945472 0.12118940529735131 -0.013355998057309377 0.006491820306413923 -0.605925925925926 -0.31567824593844934 -0.13199074704041366 -0.0030797659377887225 0.020138451856513532 0.03033838973162194 -0.024266235266928584 0.017354654766331974 0.03251836685535349 0.004960317460317449 -0.152112676056338 -0.1458252677764873 -0.11160714285714286 -0.027577753945150905 -0.05348258706467661 -0.0023823704586063157 0.034870641169853764 -0.058409822386458456 0.08087810514153669 0.02709693311984234 0.17743276961463822 0.12089590226520741 0.10879419764279238 0.16795676938805315 0.17274243507267092 0.09054086252084823 0.075713453698311 0.054751186275702635 0.08505031145184475 0.06361481851066483 0.18556701030927836 -0.01989802263400075 0.12092203048242851 -0.09412435824301199 -0.020340706839562676 0.004840271055179091 -0.04329004329004329 0.0099601593625498 -0.07962359753890699 0.04540991654393716 -0.11658570437196392 -0.05391849529780564 -0.11909335382251249 -0.0565690849950502 0.12546583850931675 0.0821378991207774 0.19910011248593928 0.03830470777214877 0.15087719298245614 0.12203963267278879 -0.006848376934666478 0.13139782255036916 0.11998500187476566 0.09573195053849222
0.08140947752126368 0.05771189317641734 0.08339734445297926 -0.06669733210671573 0.054457203740973126 -0.1759214935375778 0.09026769039219755 -0.16892311514097627 -0.006368615462998344 -0.13926009284006188 -0.0584572372601347 -0.06388575723412251 0.020313060102760187 -0.07751937984496124 -0.03627267041901189 -0.1837203368206175 -0.5799026117751218 -0.17342547920198198 -0.10571652310101802 0.050071530758226034 -0.07517838939857288 0.01126690035052579 0.014330069262001435 -0.0516795865633075 -0.1564634297777226 -2.080390394246822 -3.6422860527095047 -1.6771704180064309 -0.3305129561078794 -0.0862590799031477 0.02055498458376156 0.12571707555230074 -0.025056675814341955 0.1386806596701649 -0.0012141816415735776 0.09478057647364321 -0.5703703703703704 -0.34473649451855765 -0.15376241665532725 0.0030797659377887255 0.018879798615481433 0.061843640606767794 -0.016177490177952388 0.03223007313747366 0.03613151872817054 0.05704365079365079 -0.05211267605633798 -0.10582010582010581 -0.0905987394957983 -0.006128389765589092 -0.07089552238805971 0.03335318642048839 0.02924634420697413 -0.038145190129932054 0.07625649913344887 0.050498829905160726 0.15802606043803719 0.127258844489692 0.11008936666234945 0.17818022491602162 0.16559447224207766 0.12032404098165357 0.08037274315666862 0.06935150261589 0.08265452803066602 0.09729325183984035 0.19656357388316148 0.004974505658500186 0.12973926187177226 -0.07558471192241871 -0.033053648614289347 0.0350919651500484 -0.053820053820053816 0.03112549800796812 -0.08927494269513812 0.05400098183603338 -0.1040943789035392 -0.05391849529780564 -0.12805736970162634 -0.0282845424975251 0.13167701863354037 0.11800092549745486 0.20697412823397077 0.04324725071049055 0.16491228070175437 0.13774770420492993 0.024654156964799345 0.13890626955324742 0.11748531433570801 0.09706156096263795
0.08869987849331713 0.0826072196446758 0.08778667837155713 -0.035648574057037724 0.07576654433526696 -0.14360938247965535 0.10998132392612574 -0.14532356229039872 0.005094892370398671 -0.09846673231115488 -0.05337399923751429 -0.04133784291619692 0.03226191898673676 -0.027506876719179802 -0.007504690431519701 -0.06506761929063536 -0.6020362992474546 -0.14995436171599946 -0.10963194988253722 0.0586552217453505 -0.0509683995922528 0.04256384576865298 0.033436828278003344 -0.024609326934908325 -0.03601142431392029 -1.2893283677924745 -3.577139472904945 -1.7170418006430868 -0.337123215230037 -0.08777239709443099 0.03982528263103803 0.13548150860490663 -0.009545400310225508 0.1761619190404798 0.02064108790675085 0.1674889639054791 -0.5496296296296297 -0.35398230088495575 -0.17145189821744455 0.006159531875577458 0.02391441157960982 0.06301050175029171 -0.00231107002542177 0.06569976447254247 0.039744670600987596 0.07316468253968254 -0.0323943661971831 -0.1019486385340044 -0.06827731092436976 -0.013788876972575456 -0.0609452736318408 0.05360333531864205 0.031496062992125984 -0.028608892597449042 0.09936452917388794 0.07636408424682842 0.20238425284169673 0.13362178671417663 0.12951690195570523 0.17671973126916898 0.1870383607338575 0.13819394805813678 0.1001747233546884 0.09368536318286896 0.10421657882127455 0.13097168516901586 0.21305841924398625 0.02860340753637607 0.12847965738758033 -0.05276668568168853 -0.03559623696923468 0.050822846079380445 -0.057330057330057325 0.06723107569721117 -0.08927494269513812 0.07363770250368189 -0.07356002775850104 -0.037617554858934164 -0.11909335382251247 -0.00565690849950502 0.14906832298136646 0.14923646459972234 0.2204724409448819 0.08278759421722476 0.19181286549707602 0.20541324311261477 0.05204766470346528 0.1952196220748342 0.13748281464816897 0.14492753623188406
0.08262454434993925 0.0814756138961186 0.0823000109733348 -0.04714811407543698 0.08405351012193678 -0.14600287218764962 0.10894376426644532 -0.1714072785989318 0.014010954018596356 -0.11675341116894075 -0.04193671368661839 -0.042590504822748336 0.047795435535906323 -0.026256564141035266 0.010006253908692937 -0.019137535085481 -0.5164527076877675 -0.16168992045899072 -0.08744453145392848 0.06151645207439198 -0.04077471967380225 0.056334501752628954 0.04537855266300454 -4.163336342344337e-18 -0.0012417732522041474 -0.6908950815461667 -3.4557299378146284 -1.7080385852090032 -0.3291909042834479 -0.09231234866828086 0.046248715313463515 0.14036372513120957 -0.0011931750387781845 0.16616691654172916 0.04249635745507528 0.15710205141521683 -0.5214814814814815 -0.3870030379078061 -0.15104095795346306 -0.04157684016014783 0.02769037130270611 0.059509918319719954 0.004622140050843543 0.06817900086773274 0.04335782247380465 0.053323412698412696 0.033802816901408454 -0.11614401858304298 -0.056460084033613446 -0.02604565650375364 -0.07711442786069653 0.051220964860035745 0.011248593925759283 -0.022648706639647156 0.08318890814558058 0.07636408424682842 0.21624618796784034 0.1310766098243828 0.11656521176013471 0.16795676938805318 0.18942101501072192 0.14534191088873005 0.10366919044845661 0.07786835381433264 0.11140392908481071 0.11725084196083324 0.17319587628865976 0.004974505658500189 0.12218163496662049 -0.06988020536223617 -0.047037884566488684 0.0399322362052275 -0.06552006552006552 0.062250996015936255 -0.09771986970684039 0.0822287677957781 -0.040249826509368494 -0.04639498432601881 -0.11140991164041489 -0.01414227124876255 0.1453416149068323 0.15155020823692736 0.2137232845894263 0.08896577289015198 0.1894736842105263 0.20903818269695504 0.07807149705519792 0.19897384557627334 0.1449818772653418 0.1422683153835926
0.08626974483596599 0.06563313341631774 0.09217601229013497 -0.07704691812327508 0.08878891914289097 -0.16515078985160364 0.09441792903091929 -0.2186063843000869 0.02165329257419437 -0.1603601069067379 -0.022874571101791846 -0.02881122385068271 0.08005735452264309 -0.026256564141035266 0.035021888680425266 0.010206685378923195 -0.451527224435591 -0.15777806754466034 -0.07830853563038372 0.07010014306151643 -0.03312945973496432 0.055082623935903866 0.06329113924050633 0.004921865386981666 0.029802558052899535 -0.3659946063952742 -3.1714539532129113 -1.714469453376206 -0.32522474881015334 -0.12409200968523001 0.048818088386433714 0.1379226168680581 0.011931750387781886 0.14367816091954025 0.05342399222923751 0.1363282264346923 -0.5007407407407407 -0.41077796856425836 -0.15920533405905565 -0.09239297813366185 0.042794210195091255 0.06067677946324388 0.01617749017795239 0.08429403743646957 0.0554016620498615 0.05084325396825397 0.03661971830985917 -0.10582010582010581 -0.05646008403361343 -0.03217404626934273 -0.07213930348258707 0.05122096486003573 0.025871766029246346 -0.022648706639647156 0.09705372616984402 0.0825224781377017 0.20792902689215417 0.13489437515907354 0.11656521176013471 0.16065430115379 0.20609959494877295 0.11913271384322136 0.1188118811881188 0.04136756296386422 0.13057019645424053 0.09230385430959212 0.21030927835051544 -0.0062181320731252345 0.1322584708401562 -0.0741585852823731 -0.033053648614289347 0.02057115198451113 -0.04680004680004679 0.04233067729083665 -0.08203643382796477 0.07854688267059401 -0.047189451769604436 -0.06896551724137931 -0.10372646945831732 -0.019799179748267573 0.1515527950310559 0.14460897732531236 0.23172103487064116 0.07413814407512666 0.20350877192982458 0.18728854519091348 0.06574441857279825 0.17769991240145164 0.13498312710911137 0.11168727562824092
0.09963547995139733 0.0463958356908453 0.11083068144409085 -0.09199632014719411 0.11483366875813898 -0.168741024413595 0.12554471882133222 -0.21488013911315368 0.042032862055789065 -0.15051343367562242 -0.005083238022620408 -0.04133784291619693 0.09917552873700561 -0.03375843960990248 0.06504065040650406 0.017861699413115585 -0.3777482661944813 -0.1343069500586778 -0.04829026363873663 0.08011444921316165 -0.02420998980632008 0.05758637956935404 0.06567948411750657 0.011074197120708748 0.04967093008816589 -0.23885963785796832 -2.712466686408055 -1.6424437299035373 -0.298783712321523 -0.10290556900726391 0.044964028776978415 0.1171731966312706 0.00954540031022551 0.12618690654672665 0.05463817387081108 0.11815112957673332 -0.45185185185185184 -0.3856822084268921 -0.16192679276091987 -0.08469356328919002 0.056639395846444306 0.06417736289381565 0.017333025190663275 0.08677327383165985 0.06864988558352403 0.053323412698412696 0.0619718309859155 -0.08775325848496582 -0.04858193277310923 -0.02604565650375364 -0.05472636815920399 0.03811792733770101 0.04386951631046119 -0.01907259506496603 0.1143847487001733 0.08375415691587634 0.199611865816468 0.14634767116314581 0.13599274705349046 0.17087775668175845 0.20848224922563735 0.09649749821300928 0.1269656377402446 0.017033702396885276 0.14374700527072354 0.07109891480603718 0.21580756013745703 -0.011192637731625422 0.1461141201662678 -0.06988020536223619 -0.02288329519450801 0.013310745401742496 -0.03393003393003393 0.03984063745019921 -0.05428881650380022 0.08591065292096219 0.027758501040943784 -0.06394984326018809 -0.06658983224484569 -0.008485362749257534 0.14285714285714285 0.13419713095788988 0.22834645669291342 0.06919560113678488 0.20935672514619882 0.18003866602223295 0.04930831392959868 0.17644850456763858 0.15623047119110112 0.10769844435580374
0.12515188335358446 0.041869412696616495 0.12399868319982443 -0.09659613615455383 0.11128211199242335 -0.15318334131163236 0.09856816766964101 -0.19749099490746494 0.024200738759393707 -0.13926009284006188 0.027957809124412248 -0.025053238131028433 0.12546301828175407 -0.02250562640660165 0.09380863039399624 0.02679254911967338 -0.26412867050317246 -0.11735558742991266 -0.0287131297311407 0.08154506437768239 -0.02038735983690112 0.07761642463695544 0.08359207069500836 0.015996062507690412 0.07202284862784056 -0.18492359059971747 -2.003257328990228 -1.530546623794212 -0.27102062400846116 -0.08323244552058111 0.05652620760534429 0.12571707555230074 0.025056675814341962 0.12618690654672665 0.05342399222923751 0.11555440145416776 -0.41925925925925933 -0.3685114251750099 -0.15648387535719147 -0.09701262704034491 0.07803650094398992 0.07351225204200702 0.051999075571989836 0.09545060121482582 0.09394194869324342 0.05828373015873016 0.09295774647887325 -0.07871983481739579 -0.02626050420168067 -0.03830243603493182 -0.05472636815920399 0.05717689100655151 0.053993250843644536 -0.009536297532483015 0.12478336221837087 0.10469269614484542 0.25921818685888554 0.15525579027742425 0.15412511332728923 0.17818022491602162 0.21682153919466285 0.10126280676673813 0.12347117064647642 0.023117167538630013 0.12577862961188307 0.067356866658351 0.18831615120274914 -0.02114164904862579 0.1284796573875803 -0.07558471192241872 0.0025425883549453298 0.026621490803485 -0.011700011700011701 0.037350597609561755 -0.039811798769453496 0.07609229258713793 0.04996530187369882 -0.08275862068965516 -0.05634524266871558 -0.041012586621411405 0.146583850931677 0.1515502082369274 0.23509561304836896 0.08402322995181022 0.20701754385964916 0.1933301111648139 0.11368305711546364 0.1864597672381429 0.15123109611298585 0.11567610690067812
0.12393681652490889 0.06110671042208895 0.11741468232195765 -0.08969641214351426 0.0994435894400379 -0.1519865964576352 0.10686864494708445 -0.2136380573841759 0.03566424659279073 -0.1673934449289633 0.012708095056551025 -0.015031942878617064 0.1218783606165611 -0.013753438359589898 0.0825515947467167 0.042102577188058175 -0.21248339973439573 -0.09910027382970402 -0.03262855651265988 0.07010014306151643 -0.040774719673802244 0.11141712568853279 0.07284451874850728 0.034453057708871665 0.05587979634918664 -0.11429305252343651 -1.3754811963281017 -1.4122186495176847 -0.2657324167107351 -0.07112590799031478 0.0616649537512847 0.14646649578908824 0.028636200930676526 0.1424287856071964 0.0643516270033997 0.12464294988314724 -0.3244444444444444 -0.3420948355567296 -0.12110491223295687 -0.11241145672928857 0.07803650094398992 0.0828471411901984 0.05777675063554426 0.10908640138837238 0.08430687703239793 0.07688492063492063 0.11408450704225355 -0.04645760743321718 -0.04595588235294117 -0.019917266738164546 -0.050995024875621894 0.06789755807027993 0.057367829021372316 0.005960185957801883 0.1074523396880416 0.10592437492302006 0.19129470474078183 0.14762025960804276 0.12692656391659113 0.16357528844749522 0.22396950202525612 0.10721944245889921 0.1292952824694234 0.0255505535953279 0.12338284619070436 0.07733566171884745 0.19656357388316154 -0.016167143390125604 0.12596044841919635 -0.055618938961779815 0.005085176709890674 0.02662149080348499 -0.002340002340002341 0.028635458167330687 -0.0410182169139824 0.07118311242022582 0.05412907702984039 -0.09028213166144199 -0.06402868485081316 -0.042426813746287664 0.13664596273291926 0.16311892642295236 0.2317210348706412 0.08402322995181022 0.18947368421052632 0.19453842435959398 0.10683468018079716 0.18020272806907772 0.14873140857392825 0.11168727562824092
0.1324422843256379 0.053185470182188534 0.12509601667946887 -0.08739650413983441 0.11009825973718482 -0.14480612733365245 0.07989209379539323 -0.1974909949074649 0.022927015666794042 -0.15051343367562245 0.017791333079171433 -0.011273957158962804 0.11470904528617516 -0.02625656414103526 0.08380237648530331 0.03062005613676958 -0.160838128965619 -0.08866866605815622 -0.018271991647089536 0.04577968526466379 -0.03695208970438328 0.12769153730595892 0.07165034631000718 0.05537098560354374 0.05712156960139079 -0.07961987928598947 -0.8054486230381995 -1.230868167202572 -0.2366472765732417 -0.04237288135593221 0.0629496402877698 0.1415842792627853 0.02386350077556378 0.1374312843578211 0.06070908207867898 0.13632822643469228 -0.3125925925925926 -0.2668075551446308 -0.12246564158388898 -0.08161379735140128 0.07677784770295784 0.08168028004667446 0.05431014559741161 0.10536754679558695 0.08069372515958088 0.07192460317460317 0.11690140845070425 -0.0348432055749129 -0.03413865546218487 -0.018385169296767277 -0.04726368159203981 0.059559261465157845 0.04274465691788526 0.0023840743831207547 0.1051415366839977 0.09730262347579752 0.24258386470751314 0.1399847289386612 0.12692656391659113 0.15481232656637942 0.22992613771741718 0.09411484393614486 0.12347117064647639 0.023117167538630006 0.13416387158600865 0.08107770986653362 0.17457044673539518 0.0012436264146250529 0.1272200529033883 -0.038505419281232175 0.001271294177472674 0.007260406582768633 -0.0035100035100035136 -2.7755575615628915e-18 -0.03619254433586681 0.04786450662739322 0.07633587786259541 -0.11410658307210028 -0.04482007939556922 -0.06081176636967898 0.1453416149068323 0.14692272096251738 0.2204724409448819 0.055603608056345 0.17192982456140352 0.17399710004833252 0.0862895493767977 0.16518583406332124 0.12998375203099613 0.11567610690067809
