-0.1067702014074254 -0.16380478987799368 -0.08328767123287671 -0.03681546249424759 -0.06503488234598558 -0.037134643028270235 -0.06324520476931053 -0.0484893696381947 -0.10562484092644439 -0.09289232934553134 -0.054672600127145574 -0.10397093824376799 -0.06924546322827124 -0.1575 0.03378378378378377 -0.16435214677028923 -0.18469267139479903 -0.1771525335417481 -0.0052246603970741885 -0.10007147962830594 -0.24200738759393708 -0.38975640224859465 -0.17897625581672832 -0.07626076260762607 0.03849019120933698 -0.09879394405953297 0.2858418937025458 0.024437299035369772 0.1615252217661856 0.04539264639128462 -0.30952992550732084 -1.1947925538386666 -0.5344148872718597 -0.2754923959112441 -0.13708601237413562 -0.1811594202898551 0.017849174475680508 -0.1989721966003426 -0.08026118895388382 -0.14757878554957723 -0.21140052850132127 -0.5499242689036468 -0.3580503580503581 -0.3501608512744371 -0.10351468464130957 -0.18202080237741453 -0.24870029506814667 -0.1264189886480908 -0.04332983193277311 -0.06743295019157088 -0.1207218419415059 -0.23078753271472757 -0.09114436817823787 -0.09419339453916775 -0.05542725173210161 -0.04676923076923077 -0.10788381742738591 -0.003814367450731087 0.016826300802485112 0.030656934306569343 -0.05233111322549953 -0.21390374331550804 -0.06749679972070291 -0.16405395552314983 -0.029918621349928197 -0.10586623489849296 0.42350669057801077 -0.05717837165941579 0.020146058927222363 0.002854288568574287 -0.04577240940877304 -0.11244105912223432 -0.0877090398783768 -0.14182632495645683 -0.06155703077851539 -0.10053948013732221 -0.10551159239205887 -0.1279478173607627 -0.10248526774276198 -0.13156033385202998 -0.05210918114143921 -0.17082179132040629 -0.029200359389038633 -0.19491734517641252 0.015195791934541203 -0.23852547885796888 -0.004115790917821376 -0.17475970540506805 0.02624343914021494 -0.06107275624004249
-0.0934239262314972 -0.16041572525982828 -0.0789041095890411 -0.02761159687068569 -0.05794016790824169 -0.023957834211787255 -0.0705028512182478 -0.03481288076588338 -0.10435225248154748 -0.06755805770584097 -0.03560076287349015 -0.10397093824376799 -0.05730659025787965 -0.14875 0.04379379379379378 -0.16180405147152505 -0.15070921985815605 -0.16933698059137686 0.0026123301985370973 -0.07862759113652608 -0.22417526429754173 -0.38101186758276084 -0.19568070635962295 -0.08241082410824108 0.03849019120933698 -0.0975109058249936 0.27839809438737534 0.030868167202572357 0.16549715344896068 0.05901044030866999 -0.31980477780631905 -1.3383623311838422 -1.1642610044136945 -0.3477935676888556 -0.16984107727769016 -0.1811594202898551 -0.010412018444146954 -0.20160758993279745 -0.09250442116718813 -0.1445042275172944 -0.21391720145967033 -0.5813818012349994 -0.557865557865558 -0.4033655035882207 -0.12999518536350504 -0.19316493313521543 -0.2768020233244345 -0.13415892672858618 -0.048581932773109245 -0.06590038314176246 -0.11698817672682016 -0.22840827980014278 -0.09789580285810734 -0.10253964468820793 -0.05658198614318707 -0.04184615384615385 -0.06224066390041494 0.01907183725365543 0.029769609112089052 0.0510948905109489 -0.05114176974310182 -0.21390374331550804 -0.07331548935179796 -0.16040831206707984 -0.03829583532790809 -0.10586623489849294 0.4138501862325838 -0.0509633312616532 0.015109544195416772 0.014271442842871417 -0.03687221869040051 -0.13178575746584453 -0.08537013214828675 -0.13436178153769596 -0.05310802655401327 -0.09195684158901422 -0.047202554491184226 -0.11164074259909684 -0.0883935434281322 -0.09760927995473193 -0.03101736972704714 -0.177746999076639 -0.008984725965858042 -0.1912163829262275 0.02805376972530683 -0.2373208047223226 -0.00685965152970229 -0.14979403320434406 0.029992501874531362 -0.043813064259160914
-0.10919679689395778 -0.16719385449615903 -0.09863013698630137 -0.023009664058904738 -0.07212959678372946 -0.010781025395304266 -0.0383618455158113 -0.021136391893572054 -0.10180707559175362 -0.05207600281491907 -0.030514939605848702 -0.0914443191782538 -0.07163323782234957 -0.13125000000000003 0.03628628628628629 -0.15161167027646832 -0.10638297872340426 -0.1615214276410056 -0.001306165099268549 -0.07290922087205146 -0.2012482486307477 -0.38351030605871334 -0.2028397565922921 -0.0947109471094711 0.04345666749441272 -0.10007698229407239 0.33050468959356855 0.0180064308681672 0.17741294849728587 0.03782720532607051 -0.30952992550732084 -1.3931135174595448 -1.764284862221162 -0.47494390426327604 -0.19895669052529422 -0.1992753623188406 -0.010412018444146954 -0.22664382659111873 -0.09794585770643449 -0.1660261337432744 -0.21140052850132127 -0.5848770826051497 -0.714945714945715 -0.47512991833704527 -0.1745305729417429 -0.20059435364041606 -0.30630883799353664 -0.14705882352941177 -0.07746848739495797 -0.08275862068965517 -0.12445550715619165 -0.23554603854389716 -0.11364915044446947 -0.09896268033861927 -0.07621247113163972 -0.04923076923076923 -0.037344398340248976 0.006357279084551812 0.02459228578824748 0.0364963503649635 -0.06779257849666984 -0.20320855614973263 -0.09426277202374025 -0.1579778830963665 -0.06941120153183342 -0.1008842944326815 0.36280866326389843 -0.057178371659415785 -0.010073029463611183 -0.005708577137148565 -0.04450095359186269 -0.1342038447587958 -0.11343702490936733 -0.10325951729285894 -0.05672902836451418 -0.07479156449239824 0.0069415521310565 -0.10160561966884096 -0.08070714834742507 -0.0891215164804074 -0.02729528535980149 -0.19159741458910434 -0.017969451931716084 -0.1912163829262275 0.040911747516072475 -0.2361161305866763 0.07271230621484429 -0.15478716764448883 0.037490627343164204 -0.05443441317047264
-0.12618296529968456 -0.15928603705377317 -0.1293150684931507 -0.0011504832029452365 -0.0934137400969611 0.014374700527072353 -0.06324520476931053 -0.011189854531891086 -0.11580554848561975 -0.04926108374384235 -0.031786395422759066 -0.08768633345859952 -0.09670487106017192 -0.11125000000000003 0.02127127127127127 -0.14269333673079374 -0.08717494089834513 -0.16933698059137686 -0.014367816091954023 -0.08863473909935668 -0.19360591007514966 -0.37101811367895066 -0.23028278248419037 -0.11685116851168513 0.026074000496647633 -0.1077752117013087 0.3602798868542504 2.7755575615628915e-18 0.16814510790414405 0.01210470570434256 -0.31466735165681997 -1.4040637547146855 -2.3774305141357512 -0.6955871353777112 -0.24869586315661776 -0.2148033126293996 -0.059497248252268334 -0.2450915799183028 -0.12243232213304314 -0.18447348193697155 -0.20888385554297217 -0.5883723639753 -0.8512358512358513 -0.5580301905468944 -0.21064034665382764 -0.1906884596334819 -0.3414359983138963 -0.13802889576883387 -0.10110294117647059 -0.07509578544061303 -0.1281891723708774 -0.24268379728765166 -0.13277821537076628 -0.12996303803505424 -0.10623556581986142 -0.0763076923076923 -0.10511756569847855 -0.021614748887476158 -0.0012943308309603938 0.007299270072992701 -0.07136060894386298 -0.20202020202020204 -0.11288257884324449 -0.1543322396402965 -0.08377213977979896 -0.08842944326815293 0.38212167195475233 -0.05717837165941579 -0.022664316293125156 -0.014271442842871417 -0.052129688493324854 -0.14145810663764963 -0.1415039176704479 -0.08335406817616324 -0.08086904043452021 -0.07111329082883766 -0.06108565875329723 -0.10536879076768693 -0.10632846528311557 -0.09902390720045269 -0.04590570719602978 -0.1904432132963989 -0.05727762803234502 -0.17764618800888232 0.008182349503214493 -0.23129743404409106 0.032926327342571 -0.16352515291474223 0.02624343914021494 -0.07169410515135423
-0.11283669012375637 -0.13669227293267058 -0.13917808219178082 -0.0023009664058904742 -0.08158921603405464 0.03473885960709151 -0.041472265422498704 0.016163123212731566 -0.11707813693051668 -0.021111893033075292 -0.03560076287349014 -0.06513841914067395 -0.11938872970391594 -0.09875 0.006256256256256257 -0.11593833609376988 -0.1285460992907801 -0.13546958447310148 -0.024817136886102403 -0.05861329521086491 -0.16940517131575594 -0.3610243597751406 -0.23744183271685956 -0.16728167281672818 0.009932952570151478 -0.11419040287400566 0.36325740658031863 -0.0038585209003215402 0.15358135840063553 0.0015130882130428194 -0.2992550732083227 -1.3943302104878939 -2.7937492544435165 -1.0895038643729742 -0.2911561324760403 -0.21739130434782608 -0.020824036888293918 -0.2345500065884833 -0.13331519521153584 -0.16756341275941583 -0.20636718258462308 -0.5790516136548992 -0.932085932085932 -0.6990843850532047 -0.25878671160327393 -0.1981178801386825 -0.3456512575523395 -0.1367389060887513 -0.12211134453781511 -0.07049808429118774 -0.11574362165525823 -0.22840827980014278 -0.13390345448407787 -0.14784785978299747 -0.11431870669745958 -0.064 -0.1507607192254495 -0.0050858232676414495 -0.0064716541548019675 0.017518248175182487 -0.06422454804947668 -0.1925133689839572 -0.11637379262190153 -0.15554745412565316 -0.0897558640497846 -0.07348362187071864 0.3876396744378535 -0.03977625854568055 -0.04281037522034753 0.002854288568574284 -0.05975842339478702 -0.11606819006166122 -0.16723190270143845 -0.07588952475740232 -0.08931804465902232 -0.0478175576262874 -0.11245314452311539 -0.07651781234320122 -0.1152959262106072 -0.07921912576036214 -0.05459057071960298 -0.16966759002770085 -0.08086253369272238 -0.16901060942511723 -0.008182349503214495 -0.2240693892302132 -0.008231581835642742 -0.16227686930470603 0.01374656335916021 -0.07833244822092406
-0.1055569036641592 -0.12539539087211932 -0.14794520547945206 0.021859180855959497 -0.08277166844034528 0.051509343555342604 -0.026956972524624156 0.034812880765883375 -0.11962331382031052 -0.008444757213230123 -0.02288620470438652 -0.055117123888262565 -0.1205826170009551 -0.09 0.01001001001001001 -0.1070200025480953 -0.11672576832151298 -0.1224436628891494 -0.02220480668756531 -0.04574696211579701 -0.14902560183416125 -0.3372891942535915 -0.2446008829495287 -0.2004920049200492 -0.01365780978395828 -0.10649217346676931 0.40196516301920504 0.009003215434083606 0.14960942671786046 -0.0015130882130428222 -0.2902645774466992 -1.3870300523178003 -3.0323273291184543 -1.6392420842682622 -0.3663714666990174 -0.23162525879917184 -0.007437156031533544 -0.22400843325866382 -0.15236022309889813 -0.16141429669485013 -0.1862337989178306 -0.5674006757543982 -0.9667359667359667 -0.8747834694382579 -0.31656234954260953 -0.21669143140168398 -0.36532246733174084 -0.152218782249742 -0.14837184873949577 -0.09961685823754789 -0.1120099564405725 -0.21651201522721863 -0.14628108473050525 -0.15619410993203767 -0.1327944572748268 -0.064 -0.14661134163208853 -0.008900190718372539 -0.009060315816722755 0.013138686131386862 -0.06541389153187441 -0.20320855614973263 -0.13266612358896773 -0.16283874103779317 -0.11847774054571567 -0.08220201768588865 0.4083321837494827 -0.045991298943443136 -0.04910601863510451 1.3877787807814458e-18 -0.0572155117609663 -0.11244105912223432 -0.1847737106771138 -0.06842498133864146 -0.09173204586602293 -0.04291319274153997 -0.09718172983479106 -0.06271951831409935 -0.10632846528311554 -0.06790210779459613 -0.04838709677419355 -0.1465835641735919 -0.08872416891284815 -0.1480384900074019 0.005844535359438925 -0.20118058065293337 0.04252983948415421 -0.14480089876419922 0.04123969007748063 -0.07169410515135423
-0.10070371269109442 -0.1287844554902847 -0.15013698630136987 -5.551115123125783e-18 -0.09223128769067046 0.03593675131768088 -0.02177293934681182 0.031082929255253012 -0.10562484092644439 -0.009852216748768475 -0.015257469802924344 -0.05010647626205687 -0.1301337153772684 -0.09375 0.010010010010010012 -0.08918333545674609 -0.0930851063829787 -0.0963918197212453 -0.016980146290491115 -0.027162258756254463 -0.12100369379696851 -0.32479700187382887 -0.23028278248419043 -0.2189421894218942 -0.017382666997765087 -0.10905824993584809 0.41834152151258 0.015434083601286171 0.13769363166953527 0.0075654410652141015 -0.2761366555355767 -1.3578294196374254 -3.1182154360014316 -2.2899526302667663 -0.4634235108576975 -0.24197722567287783 0.04611036739550796 -0.20951376993016207 -0.14555842742484018 -0.15065334358186008 -0.1698754246885617 -0.5499242689036467 -0.9817509817509817 -1.066567681267013 -0.38517091959557054 -0.23278850916295193 -0.3611072080932977 -0.1496388028895769 -0.17331932773109243 -0.08275862068965517 -0.10329807093963908 -0.21294313585534144 -0.15753347586362104 -0.17288661023011803 -0.14549653579676675 -0.06276923076923077 -0.1521438450899032 0.005085823267641449 -0.016826300802485115 0.0364963503649635 -0.06779257849666984 -0.20796197266785504 -0.13266612358896773 -0.18714303074492647 -0.12685495452369555 -0.10835720513139865 0.44281969926886466 -0.06712243629583592 -0.03399647443968774 -0.01855287569573284 -0.04450095359186268 -0.11727723370813685 -0.19412934159747397 -0.07713361532719583 -0.08569704284852142 -0.04536537518391368 -0.07913369429404415 -0.04264927245358756 -0.0935178068152703 -0.041024190125901826 -0.03970223325062035 -0.15004616805170823 -0.08872416891284816 -0.15914137675795706 0.008182349503214493 -0.19033851343211663 0.012347372753464127 -0.12607664461365622 0.029992501874531362 -0.057089750398300596
-0.08614413977190002 -0.1333032083145052 -0.1610958904109589 -0.02761159687068569 -0.10405581175357692 0.017968375658840435 -0.044582685329186106 0.012433171702101207 -0.10435225248154748 -0.023926812104152005 0.0012714558169103593 -0.03507453338343981 -0.13371537726838584 -0.1025 0.013763763763763768 -0.08536119250859983 -0.0369385342789598 -0.09118145108766448 -0.011755485893416925 -0.022873481057898493 -0.11718252451916951 -0.29981261711430357 -0.24818040806586325 -0.2287822878228783 -0.06580581077725353 -0.13471901462663588 0.4064314426083073 -0.006430868167202569 0.12180590493843504 -0.015130882130428203 -0.2504495247880812 -1.3176785497019101 -3.158773708696171 -2.7973074046372473 -0.6453960936552227 -0.27820910973084884 0.014874312063067075 -0.22269073659243638 -0.17548632839069517 -0.15987701767870868 -0.1522587139801183 -0.5207969241523942 -0.9863709863709864 -1.2274189557040338 -0.47063071738083784 -0.2786032689450223 -0.3287902205985668 -0.1689886480908153 -0.16675420168067226 -0.09961685823754789 -0.10329807093963908 -0.20342612419700218 -0.1642849105434905 -0.18480982472874685 -0.1674364896073903 -0.07753846153846153 -0.12863070539419086 -0.0012714558169103641 -0.027180947450168264 0.03065693430656934 -0.058277830637488114 -0.19607843137254902 -0.12917490981031068 -0.18349738728885648 -0.14360938247965535 -0.09963880931622865 0.3738446682301007 -0.06215040397762587 -0.041551246537396135 -0.002854288568574284 -0.030514939605848702 -0.1160681900616612 -0.195298795462519 -0.10823587957203284 -0.0712130356065178 -0.0649828347229034 -0.029154518950437313 -0.0664826894129453 -0.08198821419420957 -0.06931673504031688 -0.03970223325062035 -0.14081255771006465 -0.09770889487870621 -0.1714779175919072 -0.012857977790765635 -0.19274786170340924 -0.012347372753464123 -0.12482836100362 0.004998750312421895 -0.06771109930961233
-0.07765105556903665 -0.13556258472661548 -0.16986301369863016 -0.037965945697192825 -0.0957786449095424 0.005989458552946807 -0.05287713841368584 -0.004973268680840479 -0.11453296004072284 -0.0422237860661506 0.029243483788938335 -0.022547914317925598 -0.12416427889207257 -0.10625 0.05005005005005005 -0.07644285896292521 0.0206855791962175 -0.0807607138205028 0.01959247648902821 -0.024303073624017155 -0.08279200101897846 -0.2685821361648969 -0.2326691325617468 -0.22878228782287824 -0.09063819220263224 -0.13471901462663588 0.4138752419234777 -0.015434083601286171 0.12445385939361842 -0.028748676047813587 -0.21962496789108657 -1.228859958632437 -3.158773708696171 -3.2822238843181246 -0.9135023656435765 -0.31444099378881984 -0.031236055332440883 -0.23982079325339306 -0.19181063800843426 -0.19215987701767867 -0.12331697495910406 -0.4660375160200395 -0.9771309771309772 -1.370947785201683 -0.6066441983630236 -0.30955918771669144 -0.36672755374455523 -0.1754385964912281 -0.1759453781512605 -0.10114942528735633 -0.07965152457996266 -0.18796098025220082 -0.14628108473050522 -0.1812328603791582 -0.17090069284064666 -0.07507692307692307 -0.07053941908713693 0.003814367450731088 -0.0194149624644059 0.02773722627737226 -0.04995242626070409 -0.18419489007724302 -0.1291749098103107 -0.16891481346457646 -0.13882240306366683 -0.08095653256943579 0.37798317009242655 -0.04847731510254818 -0.04281037522034752 0.015698587127158554 -0.005085823267641449 -0.12694958287994199 -0.17775698748684363 -0.11694451356058719 -0.03138201569100786 -0.06253065228052967 0.012494793835901703 -0.07024586051179126 -0.055085831411734565 -0.0806337530060829 -0.029776674937965264 -0.144275161588181 -0.09546271338724169 -0.1764125339254873 0.0011689070718877855 -0.17949644621129984 0.008231581835642746 -0.12108351017351142 0.008747813046738315 -0.06372809346787042
-0.05217180296044649 -0.13782196113872572 -0.1556164383561644 -0.04716981132075472 -0.07449450159631074 0.008385241974125537 -0.06739243131156039 -0.016163123212731566 -0.11453296004072284 -0.05348346235045742 0.03560076287349015 -0.06263309532757108 -0.11341929321872016 -0.1275 0.07632632632632633 -0.08663524015798191 0.013297872340425532 -0.08987885892926925 0.03918495297805642 -0.02716225875625447 -0.06750732390778244 -0.20112429731417863 -0.208805631786183 -0.21648216482164825 -0.1179538117705488 -0.12445470875032079 0.43025160041685273 -0.007717041800643087 0.12842579107639346 -0.013617793917385384 -0.17338813254559468 -0.9125197712617107 -3.0883931766670645 -3.587634006482174 -1.323547252214 -0.3765527950310558 -0.026773761713520756 -0.2714455132428515 -0.1822881240647531 -0.21214450422751724 -0.10444192777148609 -0.3693347314458814 -0.9367059367059365 -1.4587973273942092 -0.7920077034183918 -0.359088657751362 -0.40747505971617254 -0.19091847265221878 -0.1720063025210084 -0.09961685823754789 -0.07716241443683883 -0.17011658339281469 -0.1429053673905705 -0.18480982472874685 -0.18475750577367206 -0.07753846153846153 -0.0525587828492393 0.0025429116338207226 -0.012943308309603935 0.03065693430656934 -0.0356803044719315 -0.17825311942959002 -0.10706388921214942 -0.1616235265524365 -0.12326471996170418 -0.07472910698717151 0.37522416885087595 -0.04847731510254817 -0.037773860488541935 0.008562865705722848 0.019071837253655438 -0.1753113287389675 -0.1520290024558531 -0.13933814381686987 0.007242003621001805 -0.06620892594409025 -0.018048035540746903 -0.07275464124435524 -0.03971304125032026 -0.0834630074975244 -0.03101736972704715 -0.17428439519852262 -0.09883198562443846 -0.1887490747594375 0.024547048509643482 -0.17106372726177568 0.02469474550692825 -0.12108351017351145 0.02624343914021494 -0.06107275624004249
-0.020626061635525352 -0.14685946678716674 -0.10958904109589043 -0.05062126092959043 -0.053210358283079094 0.009583133684714898 -0.08812856402280975 -0.013676488872311326 -0.11707813693051668 -0.059113300492610835 0.05467260012714559 -0.08518100964549669 -0.08954154727793695 -0.14 0.08883883883883884 -0.0968276213530386 0.02364066193853428 -0.0976944118796405 0.045715778474399164 -0.05146533238027162 -0.03566424659279073 -0.1386633354153654 -0.16227180527383364 -0.19926199261992622 -0.14775266948100324 -0.12188863228124198 0.41089772219740955 -0.003858520900321543 0.11915795048325169 -0.012104705704342567 -0.1412792191112253 -0.581579267550797 -2.8104497196707627 -3.6910994764397906 -1.8791702050224433 -0.4503105590062112 -0.07883385393425554 -0.28462247990512585 -0.17276561012107197 -0.2275172943889316 -0.07801686170882093 -0.2528253524408715 -0.8223608223608224 -1.467458549863895 -0.9930187770823302 -0.4061416542842992 -0.43557678797246024 -0.20510835913312694 -0.17200630252100838 -0.11494252873563218 -0.06098319850653392 -0.14156554841779684 -0.11027343310453472 -0.15857875283176343 -0.174364896073903 -0.06892307692307692 -2.2204460492503132e-17 0.00635727908455181 -0.0012943308309603927 0.03357664233576642 -0.024976213130352046 -0.1675579322638146 -0.08029791690911207 -0.14825616721351317 -0.11369076112972713 -0.06351974093909578 0.33521865084839286 -0.027346177750155375 -0.04281037522034753 0.029970029970029972 0.02924348378893833 -0.16080280498125982 -0.15436791018594317 -0.14804677780542422 0.008449004224502111 -0.06253065228052969 0.018048035540746906 -0.0677370797792273 -0.03715090955675122 -0.0834630074975244 -0.009925558312655089 -0.1592797783933518 -0.08086253369272237 -0.19491734517641252 0.03623611922852134 -0.17106372726177566 0.07820002743860613 -0.13356634627387343 0.033741564608847786 -0.07169410515135423
-0.004853190973064787 -0.12765476728422956 -0.08876712328767125 -0.04832029452369995 -0.049663001064207166 0.016770483948251074 -0.04354587869362365 -0.013676488872311326 -0.10944260626113515 -0.07178043631245601 0.043229497774952316 -0.06138043342101966 -0.09312320916905444 -0.13375 0.06881881881881882 -0.07771690661230729 -0.008865248226950357 -0.10550996483001174 0.03787878787878788 -0.07005003573981415 -0.03821169277799007 -0.12866958151155525 -0.1360219544207135 -0.1808118081180812 -0.15768562205115472 -0.14883243520656914 0.40940896233437546 -0.0025723472668810277 0.11253806434529326 -0.016643970343471027 -0.11430773182635501 -0.4124589366102932 -2.1758320410354295 -3.607579157317377 -2.246754822273444 -0.8100414078674948 -0.09519559720362936 -0.28330478323889835 -0.17548632839069514 -0.229054573405073 -0.07046684283377373 -0.20505650704881745 -0.6213906213906214 -1.400643405097748 -0.9882041405873856 -0.5423476968796435 -0.427146269495574 -0.21413828689370487 -0.16281512605042017 -0.12413793103448276 -0.044803982576228994 -0.12729003093028787 -0.08664341172499157 -0.14188625253368306 -0.15473441108545036 -0.0873846153846154 -0.004149377593361011 -0.013986013986013984 0.014237639140564329 0.008759124087591243 -0.020218839200761188 -0.15210932857991682 -0.06516932386826488 -0.1300279499331632 -0.09214935375777887 -0.05355586000747291 0.3586701614015726 -0.018645121193287754 -0.02770083102493075 0.02140716426430712 0.033057851239669415 -0.12574053923346634 -0.14267337153549292 -0.13933814381686985 0.003621001810500904 -0.04046101029916625 -0.04997917534360683 -0.06648268941294531 -0.03843197540353574 -0.10043853444617343 -0.006203473945409434 -0.1396583564173592 -0.08198562443845463 -0.19491734517641257 0.022209234365867914 -0.15660763763401997 0.10289477294553437 -0.1410560479340906 0.03624093976505873 -0.08098778544875199
0.010919679689395782 -0.09715318572074108 -0.07123287671232878 -0.026461113667740448 -0.04848054865791652 0.02994729276473406 -0.06324520476931053 -0.009946537361680965 -0.1183507253754136 -0.08304011259676283 0.04450095359186268 -0.04384316672929976 -0.07999044890162368 -0.11500000000000002 0.06756756756756757 -0.04586571537775512 -0.026595744680851064 -0.0937866354044549 0.04963427377220481 -0.05432451751250893 -0.04585403133358808 -0.09868831980012491 -0.11335162868392792 -0.14268142681426813 -0.15023590762354108 -0.16807800872465997 0.3781450052106595 -0.011575562700964628 0.12180590493843506 -0.019670146769556664 -0.10788594913948113 -0.3151234943423774 -1.5746152928545867 -3.4405385190725504 -2.2576731772412955 -1.3962215320910973 -0.15320541424959094 -0.2648570299117143 -0.18908991973881104 -0.21521906225980011 -0.04907512268780671 -0.17825934987766515 -0.4735504735504735 -1.3066072754268747 -0.9569090033702456 -0.6996037642397226 -0.4285513559083884 -0.20897832817337464 -0.1444327731092437 -0.10881226053639845 -0.033602986932171744 -0.11063526052819413 -0.07201530325194103 -0.1299630380350542 -0.14434180138568128 -0.09723076923076923 0.006915629322268307 -0.02924348378893834 0.012943308309603937 -0.0029197080291970775 -0.009514747859181733 -0.1378490790255496 -0.05353194460607472 -0.09721715882853325 -0.0682144566778363 -0.026155187445510035 0.4538557042350669 -0.004972032318210063 -0.0050365147318055924 0.03282431853860425 0.043229497774952316 -0.1088139281828074 -0.12396210969477257 -0.14929086837521768 -0.004828002414001208 -0.04168710152035312 -0.05553241704845202 -0.07275464124435525 -0.05124263387138099 -0.11458480690338095 -0.00992555831265509 -0.11195752539242845 -0.06401617250673855 -0.16160868492474711 0.017533606078316777 -0.13733285146367907 0.08094388805048704 -0.13855948071401822 0.043739065233691574 -0.08098778544875199
0.009706381946129581 -0.08472661545413465 -0.06465753424657535 -0.029912563276576164 -0.055575263095660396 0.0047915668423574465 -0.06946604458268534 -0.01989307472336193 -0.12344107915500128 -0.08585503166783955 0.04577240940877305 -0.025053238131028433 -0.06685768863419293 -0.12250000000000001 0.06631631631631632 -0.05478404892342973 -0.04432624113475177 -0.08076071382050282 0.056165099268547534 -0.035739814152966405 -0.05349636988918609 -0.1061836352279825 -0.09068130294714234 -0.11316113161131611 -0.14278619319592747 -0.18347446753913266 0.34688104808694353 -0.016720257234726688 0.13107374553157686 -0.0075654410652141015 -0.10146416645260725 -0.2713225453218153 -0.9733985446737445 -3.207429568686112 -2.268591532209147 -2.0639233954451344 -0.21121523129555256 -0.27803399657398864 -0.20269351108692693 -0.21521906225980011 -0.027683402541839687 -0.15495747407666313 -0.3257103257103257 -1.2039099232863155 -0.9256138661531056 -0.824665676077266 -0.42995644232120284 -0.22187822497420023 -0.12605042016806725 -0.09348659003831417 -0.028624766645924078 -0.10349750178443969 -0.061888151232136826 -0.10611660903779659 -0.13279445727482678 -0.10215384615384615 0.05809128630705394 -0.03305785123966942 0.00647165415480197 4.163336342344337e-18 -0.01070409134157945 -0.11883541295306002 -0.048876992901198645 -0.08384979948960992 -0.06582096696984205 -0.028646157678415753 0.47730721478824656 0.008701056556867625 0.0012591286829513992 0.04281432852861424 0.05594405594405595 -0.08584209889977028 -0.10291194012396213 -0.15053495894501118 -0.002414001207000602 -0.04904364884747427 -0.0013883104262113004 -0.05895634721525339 -0.055085831411734565 -0.09619465270901117 -0.011166253101736977 -0.12234533702677748 -0.039308176100628936 -0.17887984209227736 0.024547048509643482 -0.16744970485483676 0.13719303059404583 -0.137311197103982 0.04873781554611347 -0.07036643653744026
-0.006066488716330985 -0.08585630366018977 -0.061369863013698636 -0.010354348826507135 -0.06621733475227623 0.0023957834211787233 -0.08605495075168482 -0.031082929255253005 -0.12725884448969205 -0.09711470795214636 0.052129688493324854 -0.0175372666917199 -0.04536771728748805 -0.10625000000000002 0.07007007007007007 -0.061154287170340174 -0.029550827423167846 -0.08466849029568842 0.0522466039707419 -0.04431736954967834 -0.06623360081518279 -0.08244846970643348 -0.0847154277532514 -0.03936039360393604 -0.13285324062577603 -0.1693610469591994 0.34092600863480715 -0.02315112540192926 0.12842579107639346 -0.012104705704342562 -0.10660159260210636 -0.2628056941233727 -0.5511153524991053 -2.803540264273248 -2.2540337255853453 -2.5168219461697725 -0.43432991224155887 -0.3083410198972196 -0.22990069378315875 -0.2136817832436587 -0.010066691833396247 -0.13864616101596175 -0.23793023793023793 -1.043058648849295 -0.89913336543091 -0.8902922238732046 -0.5297175776310243 -0.2515479876160991 -0.13918067226890757 -0.10114942528735633 -0.028624766645924078 -0.10111824886985488 -0.046134803645774713 -0.07511625134136164 -0.10969976905311776 -0.10092307692307692 0.08437067773167357 -0.03941513032422123 0.010354646647683149 0.0014598540145985435 -0.013082778306374882 -0.11764705882352941 -0.04073082741766554 -0.060760724267833285 -0.06223073240785064 -0.02740067256196289 0.47592771416747137 1.3877787807814458e-18 0.008813900780659785 0.03425146282289139 0.06738715829624921 -0.08100592431386773 -0.07016723190270144 -0.13187360039810897 0.021726010863005428 -0.05640019617459539 0.08607524642510064 -0.0677370797792273 -0.03202664616961312 -0.10043853444617343 -0.008684863523573205 -0.12234533702677748 -0.0224618149146451 -0.16407599309153714 0.030391583869082407 -0.16744970485483676 0.15914391548909315 -0.1210835101735114 0.0424893776555861 -0.05708975039830059
-0.009706381946129577 -0.09715318572074108 -0.047123287671232875 -0.01610676484123332 -0.05084545347049781 -0.011978917105893628 -0.0705028512182478 -0.038542832276513735 -0.11326037159582591 -0.09429978888106966 0.05594405594405595 -0.021295252411374165 -0.02029608404966571 -0.1025 0.07757757757757759 -0.07516881131354312 -0.010342789598108743 -0.08857626677087405 0.05877742946708464 -0.05432451751250893 -0.06368615462998345 -0.07745159275452843 -0.06562462713280037 0.007380073800738007 -0.1080208592003973 -0.17321016166281758 0.3275271698675004 -0.03987138263665595 0.13372169998676023 -0.021183234982599487 -0.0886206010788595 -0.24820537778318533 -0.28629368960992485 -2.25255547245076 -2.1788183913623684 -2.9684265010351973 -0.7184292726461401 -0.33996573988667805 -0.21901782070466608 -0.20906994619523442 -0.0037750094375235905 -0.1398112548060119 -0.17902517902517903 -0.8648849294729027 -0.8425613866153103 -0.9373452204061417 -0.6027820710973726 -0.2915376676986584 -0.1247373949579832 -0.10881226053639848 -0.026135656502800246 -0.10111824886985488 -0.03825812985259369 -0.06080839394300704 -0.08775981524249422 -0.11692307692307694 0.08990318118948823 -0.062301335028607754 0.011648977478643543 -0.029197080291970802 -0.011893434823977164 -0.12002376708259062 -0.02792971022925637 -0.05468465184104994 -0.03709909047391097 -0.03736455349358575 0.47454821354669613 -0.008701056556867617 0.03147821707378494 0.03282431853860425 0.07120152574698028 -0.07858783702091646 -0.04326979300666589 -0.12440905697934805 0.036210018105009054 -0.07479156449239824 0.11800638622796056 -0.07400903161063724 -0.01409172431462977 -0.10609704342905643 -0.017369727047146406 -0.1327331486611265 -0.008984725965858038 -0.17394522575869725 0.024547048509643482 -0.19395253583905553 0.16600356701879543 -0.1360629134939458 0.032491877030742314 -0.0770047796070101
0.0012132977432662007 -0.08133755083596929 -0.040547945205479455 0.008053382420616657 -0.05084545347049781 -0.004791566842357452 -0.07879730430274755 -0.027352977744622652 -0.13616696360397046 -0.09289232934553131 0.06357279084551812 -0.0037579857196542625 -0.01790830945558739 -0.07875 0.08883883883883885 -0.0777169066123073 -0.010342789598108743 -0.07945812166210758 0.06661442006269593 -0.04431736954967834 -0.05477009298178577 -0.06246096189881324 -0.05727240186135306 0.03444034440344403 -0.08318847777501862 -0.1655119322555812 0.35879112699121635 -0.047588424437299034 0.13901760889712694 -0.03328794068694205 -0.06421782686873875 -0.2360384474996958 -0.17535488488607898 -1.5893792071802544 -2.081766347203688 -3.207815734989649 -1.1349100104120182 -0.37422585320859136 -0.22990069378315878 -0.2167563412759416 0.010066691833396247 -0.1398112548060119 -0.14206514206514206 -0.6644394951744618 -0.7631198844487241 -0.9794452699356115 -0.7671771813966559 -0.3276573787409701 -0.12605042016806725 -0.11800766283524906 -0.021157436216552576 -0.09041161075422319 -0.02025430403960841 -0.03457732204602361 -0.06928406466512702 -0.11815384615384614 0.11618257261410787 -0.08391608391608392 0.01812063163344551 -0.05693430656934306 0.0035680304471931478 -0.11883541295306002 -0.022111020598161297 -0.0315955766192733 -0.020344662517951174 -0.023664217212604314 0.5145537315491792 0.00870105655686762 0.028959959707882142 0.05708577137148566 0.08010171646535283 -0.06770644420263572 -0.03040580049117062 -0.10450360786265238 0.04103802051901027 -0.09195684158901422 0.10134666111342497 -0.08153537380832916 -0.01665385600819882 -0.11741406139482247 -0.00992555831265509 -0.12580794090489383 -0.016846361185983823 -0.1591413767579571 0.018702513150204558 -0.2072039513311649 0.1879544519138428 -0.143552615154163 0.03124218945263684 -0.08762612851832183
0.012132977432661982 -0.07907817442385902 -0.016438356164383557 0.02070869765301427 -0.039020929407591345 -0.008385241974125537 -0.12649040953862106 -0.03356956359567326 -0.14507508271824893 -0.10555946516537648 0.06357279084551812 0.005010647626205686 -0.008357211079274115 -0.06999999999999999 0.1001001001001001 -0.0968276213530386 -0.007387706855791959 -0.08206330597889801 0.07053291536050156 -0.040028591851322376 -0.028021908037192716 -0.06870705808869455 -0.016704450542894645 0.03936039360393604 -0.023590762354109753 -0.16679497049012063 0.32306089027839807 -0.05659163987138264 0.15887726731100227 -0.03480102889998487 -0.038530696121243255 -0.23360506144299795 -0.11093880472384587 -1.080777860882573 -1.907072667718064 -3.300983436853002 -1.7774802915365164 -0.44406377651864537 -0.24214392599646306 -0.24135280553420446 0.036491757896061405 -0.13748106722591172 -0.10857010857010858 -0.5035882207374411 -0.6584015406836784 -0.976968796433878 -0.9891808346213293 -0.3663570691434469 -0.14443277310924368 -0.12413793103448276 0.0037336652146857515 -0.09754936949797763 0.004500956453246318 -0.02265410754739477 -0.04041570438799076 -0.11815384615384616 0.10235131396957123 -0.087730451366815 0.011648977478643543 -0.04525547445255474 0.021408182683158895 -0.1319073083778966 -0.011637379262190158 -0.04617815044355329 0.008377213977979896 -0.05231037489102005 0.47868671540902197 -0.01367308887507769 0.039032989171493324 0.024261452832881406 0.08773045136681498 -0.08463305525329465 -0.026897438896035554 -0.09579497387409805 0.04224502112251056 -0.10912211868563022 0.06663890045814244 -0.07777220270948318 -0.019215987701767873 -0.11317017965766021 0.007444168734491311 -0.12580794090489383 0.002246181491464512 -0.15050579817419196 0.05493863237872589 -0.22647873750150582 0.25517903690492527 -0.14729746598427165 0.06873281679580105 -0.09160913436006374
0.015772870662460574 -0.07342973339358337 -1.3877787807814458e-18 0.033364012885411874 -0.04138583422017263 -0.0023957834211787194 -0.08501814411612234 -0.01989307472336193 -0.13362178671417663 -0.09570724841660802 0.04577240940877305 0.0012526619065514207 -3.4694469519536144e-19 -0.04625 0.08508508508508508 -0.08153904956045355 -0.03398345153664302 -0.06903738439494594 0.07183908045977011 -0.025732666190135818 -0.04330658514838874 -0.0674578388507183 -0.0011931750387781889 0.050430504305043054 0.007449714427613603 -0.17192712342827815 0.31412833110019356 -0.07331189710610933 0.1615252217661856 -0.05144499924345589 -0.028255843822245053 -0.2372551405280448 -0.07634498389597996 -0.5809025180752928 -1.6292611913138422 -3.33203933747412 -2.1731369924141006 -0.5363025431545657 -0.23670248945721667 -0.26287471176018445 0.03271674845853781 -0.1398112548060119 -0.08085008085008086 -0.3328384063350656 -0.5211844005777564 -0.9509658246656763 -1.147955599269355 -0.412796697626419 -0.1483718487394958 -0.11647509578544062 -0.004978220286247665 -0.1046871282417321 0.021379543152919993 -0.00834625014904018 -0.01732101616628175 -0.1243076923076923 0.08437067773167359 -0.1182453909726637 0.016826300802485115 -0.07591240875912408 0.023786869647954324 -0.1319073083778966 0.009309903409752124 -0.053469437355693275 0.023934897079942556 -0.0747291069871715 0.5214512346530557 -0.03977625854568055 0.057919919415764284 -0.005708577137148563 0.08264462809917354 -0.08463305525329465 -0.01754180797567536 -0.07588952475740234 0.03138201569100785 -0.11770475723393821 0.05136748576981813 -0.07777220270948318 -0.026902382782475014 -0.11175555241193944 -0.0024813895781637756 -0.11426592797783934 0.007861635220125788 -0.1233654083395016 0.04558737580362361 -0.22045536682327432 0.197557964055426 -0.13481462988390963 0.07748062984253937 -0.09559214020180565
0.023052657122057764 -0.08585630366018979 0.016438356164383567 0.027611596870685685 -0.03192621496984747 -0.011978917105893624 -0.08087091757387248 -0.01989307472336193 -0.13362178671417663 -0.09711470795214638 0.05975842339478703 -0.008768633345859955 0.009551098376313277 -0.045 0.08133133133133133 -0.09427952605427443 -0.053191489361702114 -0.08857626677087405 0.05616509926854755 -0.052894924946390275 -0.03439052350019107 -0.07245471580262335 0.010738575349003698 0.04920049200492004 0.04718152470821951 -0.1783423146009751 0.3066845317850231 -0.10418006430868168 0.15755329008341057 -0.0741413224390982 -0.019265348060621634 -0.21900474510281054 -0.05845162829535966 -0.25679381700324105 -1.1864612398398644 -3.322981366459628 -2.3932768109474933 -0.6324943997891685 -0.24486464426608623 -0.2736356648731745 0.040266767333584995 -0.1269952231154608 -0.06699006699006699 -0.2190051967334818 -0.32619162253249884 -0.920009905894007 -1.2575523394688772 -0.4837461300309598 -0.17331932773109243 -0.1272030651340996 0.013690105787181083 -0.1046871282417321 0.048385281872397885 -0.001192321449862882 0.012702078521939952 -0.11323076923076922 0.08160442600276625 -0.12333121424030516 0.02588661661920787 -0.06277372262773723 0.03805899143672693 -0.1354723707664884 0.020947282671942277 -0.05589986632640661 0.03590234561991384 -0.08718395815170009 0.5338667402400332 -0.04723430702299565 0.057919919415764284 -0.011417154274297129 0.07883026064844247 -0.08100592431386773 -0.026897438896035554 -0.0721572530480219 0.01569100784550393 -0.13609612555174105 0.05136748576981813 -0.09909683893627697 -0.04355623879067384 -0.13297496109775073 0.014888337468982627 -0.11311172668513389 0.0224618149146451 -0.10979521342215644 0.04558737580362361 -0.22647873750150588 0.19481410344354505 -0.14105604793409063 0.07748062984253937 -0.1048858204992034
0.0024265954865323987 -0.08020786262991415 0.00767123287671233 0.01035434882650713 -0.037838477001300705 -0.025155725922376616 -0.08916537065837223 -0.04351610095735422 -0.13998472893866123 -0.12244897959183673 0.0508582326764145 -0.018789928598271333 -0.0023877745940783157 -0.021249999999999998 0.07507507507507508 -0.09427952605427442 -0.10933806146572103 -0.11202292562198776 0.03918495297805643 -0.052894924946390275 -0.03439052350019106 -0.07995003123048093 0.008352225271447319 0.04674046740467405 0.08443009684628756 -0.1552476263792661 0.273931814798273 -0.10418006430868168 0.14298954057990204 -0.05901044030867 -0.024402774210120732 -0.20805450784767004 -0.056065847548610284 -0.12839690850162055 -0.5992963726798496 -3.2841614906832306 -2.586642867767366 -0.7300039530899987 -0.25574751734457896 -0.29515757109915447 0.040266767333585 -0.1269952231154608 -0.058905058905058906 -0.17074981440237563 -0.11314395763119885 -0.8803863298662706 -1.3769846845581004 -0.5469556243550052 -0.19301470588235295 -0.11954022988505746 -0.003733665214685748 -0.12015227218653343 0.031506695172724204 -0.013115535948491713 0.013856812933025403 -0.10953846153846152 0.020746887966804982 -0.12205975842339478 0.011648977478643541 -0.04817518248175183 0.026165556612749764 -0.1437908496732026 0.008146165483533108 -0.07534329809211326 0.02513164193393968 -0.10337526466558726 0.5145537315491792 -0.0795525170913611 0.036514731805590527 -0.03996003996003996 0.08264462809917354 -0.083424011606819 -0.010525084785405217 -0.054739985070913155 0.022933011466505733 -0.14222658165767535 0.012494793835901694 -0.11540391369794278 -0.05764796310530361 -0.14004809732635448 -0.006203473945409431 -0.1327331486611265 0.011230907457322553 -0.10239328892178634 0.029222676797194626 -0.21684134441633537 0.10426670325147484 -0.1360629134939458 0.05748562859285179 -0.08364312267657993
0.0012132977432661972 -0.09150474469046543 0.002191780821917815 0.017257248044178556 -0.033108667376138115 -0.011978917105893628 -0.13582166925868325 -0.011189854531891086 -0.1501654364978366 -0.07881773399014778 0.06102987921169739 -0.03757985719654266 0.004775549188156638 -0.023749999999999997 0.09384384384384384 -0.10956809784685946 -0.07683215130023639 -0.10160218835482611 0.035266457680250794 -0.03002144388849178 -0.014010954018596361 -0.09743910056214865 0.028636200930676526 0.046740467404674045 0.11174571641420412 -0.11419040287400566 0.2813756141134435 -0.09517684887459807 0.14828544949026876 -0.04085338175215615 -0.024402774210120732 -0.21170458693271685 -0.04771561493498748 -0.12091747693841934 -0.19531723886934368 -2.9321946169772257 -2.6000297486241264 -0.7181446830939517 -0.248945721670521 -0.2736356648731745 0.040266767333585 -0.13398578585576143 -0.05313005313005313 -0.16827517941103687 -0.08425613866153106 -0.7379891035165924 -1.361528734017142 -0.5366357069143447 -0.18513655462184875 -0.09808429118773947 0.002489110143123835 -0.14632405424696646 0.03375717339934736 -0.02026946464766901 0.013856812933025403 -0.08861538461538462 -0.03042876901798064 -0.0915448188175461 -0.010354646647683147 -0.011678832116788319 0.028544243577545196 -0.14854426619132502 0.0023274758524380315 -0.07655851257746993 0.014360938247965532 -0.09216589861751154 0.45523520485584223 -0.07209446861404599 0.010073029463611178 -0.01998001998001998 0.09027336300063572 -0.10397775359690484 -0.005847269325225118 -0.05847225678029361 0.03741701870850935 -0.15080922020598334 0.04997917534360683 -0.10913196186653287 -0.061491160645657184 -0.12024331588626395 -0.003722084367245658 -0.15004616805170823 0.012353998203054809 -0.10239328892178634 0.04091174751607247 -0.22768341163715214 0.07820002743860613 -0.1273249282236924 0.04873781554611347 -0.07169410515135423
-0.003639893229798595 -0.10845006778129238 -0.0043835616438356135 0.010354348826507133 -0.033108667376138115 -0.003593675131768087 -0.12545360290305857 0.019893074723361926 -0.13998472893866123 -0.030964109781843763 0.06484424666242847 -0.06764374295377677 0.007163323782234958 -0.0475 0.1026026026026026 -0.1439673843801758 -0.10047281323877069 -0.11072033346359256 0.030041797283176595 -0.030021443888491782 -0.002547446185199338 -0.12117426608369768 0.03460207612456747 0.028290282902829027 0.11050409734293518 -0.09237875288683602 0.305195771921989 -0.07717041800643087 0.1271018138488018 -0.013617793917385379 -0.012843565373747756 -0.22630490327290423 -0.031015149707741864 -0.13213662428322115 -0.15164381899793763 -2.3382505175983437 -2.530120481927711 -0.7062854130979048 -0.22037817983947763 -0.25672559569561876 0.040266767333585 -0.1444716299662123 -0.050820050820050824 -0.17198713189804501 -0.07823784304285027 -0.5733036156513125 -1.3629338204299564 -0.5288957688338494 -0.18644957983193278 -0.08122605363984674 -0.0012445550715619147 -0.15940994527718294 0.042759086305839994 -0.04053892929533802 0.016166281755196306 -0.08 -0.040110650069156296 -0.06993006993006995 -0.016826300802485115 0.016058394160583942 0.032112274024738346 -0.15448603683897802 0.005818689631095078 -0.10086280228460325 0.01555768310196266 -0.12330302652883299 0.39315767692095455 -0.09198259788688626 0.011332158146562575 -0.03567860710717853 0.07883026064844247 -0.11848627735461251 -0.007016723190270144 -0.0845981587459567 0.036210018105009054 -0.17287886218734677 0.015271414688324315 -0.11414952333166081 -0.05124263387138099 -0.11317017965766019 0.01116625310173697 -0.16851338873499538 0.014600179694519318 -0.12706637058968667 0.04558737580362361 -0.2397301529936152 0.06448072437920152 -0.1160903757333666 0.04123969007748063 -0.050451407328730755
0.016986168405726768 -0.11974694984184367 0.018630136986301372 -0.008053382420616659 2.7755575615628915e-18 -0.00838524197412554 -0.06842923794712286 0.009946537361680965 -0.11580554848561975 -0.050668543279380716 0.07247298156389066 -0.080170362019291 0.020296084049665715 -0.05125 0.12637637637637636 -0.1375971461332654 -0.11229314420803779 -0.11462810993877819 0.04049111807732498 -0.02716225875625446 0.0076423385555980106 -0.11617738913179262 0.032215726047011096 0.02706027060270603 0.11298733548547306 -0.07185014113420579 0.3498585678130118 -0.06430868167202573 0.12974976830398513 0.0 -0.0025687130747495514 -0.22143813115950844 -0.01192890373374687 -0.12216404886561953 -0.09583889360669659 -1.6614906832298133 -2.3798899300907337 -0.6983792331005401 -0.17956740579512992 -0.25980015372790166 0.04152510381275953 -0.1456367237562624 -0.03927003927003927 -0.1744617668893838 -0.05777563793933558 -0.4457652303120357 -1.3193761416327106 -0.5172858617131063 -0.16938025210084034 -0.1011494252873563 0.006222775357809585 -0.1641684511063526 0.04500956453246315 -0.038154286395612254 0.027713625866050806 -0.06892307692307693 -0.049792531120331954 -0.06611570247933884 0.011648977478643541 0.007299270072992697 0.03330161750713606 -0.14616755793226383 0.008146165483533105 -0.09600194434317658 0.03111536620392532 -0.11583011583011582 0.4510967029935163 -0.10441267868241144 0.042810375220347516 -0.05708577137148565 0.09154481881754609 -0.12936767017289325 0.009355630920360191 -0.09330679273451106 0.06035003017501508 -0.16429622363903876 0.04026100236012772 -0.11289513296537883 -0.02690238278247502 -0.12024331588626395 0.0173697270471464 -0.15812557710064637 0.011230907457322553 -0.1171971379225265 0.05026300409117475 -0.2156366702806891 0.05076142131979696 -0.12482836100362002 0.03999000249937516 -0.06372809346787042
0.023052657122057753 -0.11635788522367826 0.03287671232876713 -0.017257248044178556 0.008277166844034525 -0.00479156684235745 -0.064282011404873 0.00870322019147084 -0.10944260626113514 -0.05489092188599578 0.08264462809917356 -0.07641237629963674 0.04059216809933143 -0.05500000000000001 0.14639639639639637 -0.13377500318511912 -0.1344562647754137 -0.1250488472059398 0.049634273772204814 -0.04145818441744103 0.008916061648197679 -0.13241723922548407 0.044147476434792984 0.01107011070110701 0.12167866898435561 -0.07826533230690273 0.3870775643888641 -0.06302250803858522 0.14166556335231034 0.0015130882130428187 0.014127921911122526 -0.2104878939043679 0.0023857807467493734 -0.11468461730241834 -0.061870678151158556 -1.2098861283643894 -2.1790867172393282 -0.6693899064435367 -0.14419806829002857 -0.2613374327440431 0.04404177677110859 -0.14796691133636258 -0.026565026565026566 -0.17817371937639198 -0.038517091959557055 -0.36404160475482916 -1.2449065617535477 -0.4863261093911249 -0.1496848739495798 -0.09501915708812261 0.003733665214685751 -0.17130620985010706 0.04275908630583999 -0.04411589364492667 0.017321016166281754 -0.0713846153846154 -0.0719225449515906 -0.06484424666242848 -0.001294330830960394 -0.002919708029197085 0.024976213130352042 -0.13309566250742721 0.006982427557314092 -0.0984323733138899 0.02752513164193393 -0.1133391455972101 0.44833770175196574 -0.10316967060285893 0.040292117854444726 -0.0656486370772085 0.08010171646535283 -0.1305767138193689 0.007016723190270144 -0.10077133615327197 0.04828002414001207 -0.1569396763119176 -0.04997917534360683 -0.1053687907676869 -0.04996156802459646 -0.11741406139482244 0.0173697270471464 -0.15812557710064637 0.02358490566037736 -0.12830002467308166 0.06078316773816481 -0.20720395133116493 0.08094388805048705 -0.1410560479340906 0.046238440389902526 -0.07966011683483802
0.03639893229798592 -0.12539539087211932 0.038356164383561646 -0.03911642890013806 0.009459619250325171 -0.020364159080019165 -0.04561949196474857 -0.0024866343404202477 -0.10180707559175362 -0.06192821956368755 0.06102987921169739 -0.09019165727170238 0.011938872970391597 -0.06375 0.12137137137137136 -0.13759714613326537 -0.20537825059101653 -0.13546958447310145 0.02612330198537095 -0.04431736954967834 0.024200738759393707 -0.15865084322298567 0.04892017658990574 -0.013530135301353014 0.1278867643407003 -0.09237875288683603 0.4317403602798868 -0.0527331189710611 0.13504567721435193 0.01967014676955666 0.015412278448497302 -0.2153546660177637 -0.002385780746749374 -0.11967090501121916 -0.05580492539124106 -0.78027950310559 -1.9128365313104272 -0.6588483331137172 -0.1237926812678547 -0.27978478093774023 0.036491757896061405 -0.14680181754631247 -0.03696003696003696 -0.18188567186340016 -0.04453538757823784 -0.31079742446755826 -1.115638611774624 -0.4514963880288958 -0.13918067226890754 -0.08429118773946359 0.016179215930304917 -0.19390911253866286 0.06301339034544842 -0.05365446524382973 0.02886836027713626 -0.06276923076923077 -0.04287690179806363 -0.03432930705657979 0.019414962464405904 0.042335766423357665 0.03330161750713606 -0.1437908496732026 0.015128593040847202 -0.11301494713816988 0.021541407371948297 -0.12330302652883299 0.48282521727134775 -0.1093847110006215 0.03399647443968773 -0.07135721421435708 0.08137317228226318 -0.14145810663764963 -0.007016723190270145 -0.11445633242100024 0.04103802051901026 -0.14345267287886218 -0.056920727474663334 -0.10286001003512293 -0.0576479631053036 -0.11175555241193946 0.013647642679900745 -0.18467220683287167 0.017969451931716084 -0.14927214409079695 0.0607831677381648 -0.21684134441633537 0.06996844560296336 -0.14729746598427162 0.05373656585853537 -0.07434944237918215
0.013346275175928176 -0.1333032083145052 0.025205479452054796 -0.04256787850897377 -0.010642071656615824 -0.01677048394825108 -0.05184033177812336 -0.006216585851050607 -0.09289895647747518 -0.06192821956368755 0.054672600127145574 -0.09019165727170238 0.020296084049665715 -0.0675 0.11261261261261261 -0.12867881258759079 -0.17139479905437352 -0.1406799531066823 0.027429467084639492 -0.06004288777698356 0.006368615462998344 -0.1611492816989382 0.044147476434792984 -0.006150061500615006 0.10926247827166627 -0.09237875288683603 0.4272740806907846 -0.04630225080385852 0.13901760889712697 0.016643970343471023 -0.003853069612124324 -0.20927120087601897 -0.021472026720744365 -0.10595861381201696 -0.07400218367099358 -0.5318322981366459 -1.529079280083296 -0.6114112531295295 -0.11699088559379675 -0.27056110684089163 0.02768340254183969 -0.13515087964581146 -0.0462000462000462 -0.1756990843850532 -0.06620125180548868 -0.2526002971768202 -0.9512435014753409 -0.40763673890608876 -0.1339285714285714 -0.07816091954022988 0.021157436216552583 -0.19747799191054005 0.07201530325194104 -0.056039108143555505 0.03233256351039261 -0.06030769230769232 -0.08298755186721993 -0.02670057215511761 0.0194149624644059 0.045255474452554754 0.021408182683158892 -0.13666072489601902 -0.006982427557314094 -0.0984323733138899 -3.469446951953614e-18 -0.09839332419977581 0.4331631949234377 -0.08949658172778123 0.030219088390833548 -0.06136720422434709 0.06357279084551812 -0.13904001934469834 -0.009355630920360193 -0.11943269470017417 0.028968014484007244 -0.12506130456105932 -0.04164931278633903 -0.09909683893627697 -0.048680502177811946 -0.11458480690338098 -0.0012406947890818865 -0.18351800554016623 0.021338724168912842 -0.15173945225758698 0.054938632378725885 -0.20479460305987232 0.07545616682672521 -0.14854574959430783 0.06123469132716821 -0.080987785448752
