-0.012269938650306749 -0.02578764435474829 0.019026301063234476 -0.031170630339413523 0.004702010109321736 -0.013003901170351103 0.07591526876454022 0.004858496295396575 0.055170644085193746 -0.08547008547008547 -0.06564827673273577 -0.048846012944193426 -0.10419161676646707 -0.1587887740029542 -0.04762517698545502 -0.1246144355336212 -0.06754123912196389 -0.1369687660010241 -0.07854100106496273 -0.08814212918330808 -0.10336906584992345 -0.030898529230008652 -0.22057060656916808 -0.12997853565466252 -0.16159338594513345 0.011376564277588163 -0.053005817711700064 -0.030808729139922976 -0.040661425860666844 0.05250109377278693 -0.04249839021249195 -0.1926067711448738 -1.0057747834456208 -0.6663441770468013 -0.1470404984423676 -0.1687650683096705 0.10924369747899161 -0.06167046520981365 0.10484204717892125 -0.12592270950933565 -0.16255040322580644 -0.22766670518895182 -1.138728323699422 -1.1108451041417287 -0.23971769286931127 -0.17773856044371614 0.04996156802459647 -0.1288726894038011 -0.025208969085843174 -0.04532163742690058 -0.21105899777832632 -0.3830880635365569 -0.4814772856009969 -0.2544769085768143 -0.23027104821300073 -0.05078028238791181 -0.052189409368635434 -0.0697084917617237 -0.0695264331627968 -0.02217602217602218 -0.10982379917933864 -1.0934231931210783 -1.1219112308232813 -0.32729888502577625 -0.05190311418685121 -0.12684989429175478 0.02537105163009007 -0.06704742984852248 -0.02823771017841099 -0.0884344341578002 -0.07921298070780632 -0.13643848506233827 -0.16951161688003796 -0.12322858903265557 -0.06396063960639606 -0.06991291549123022 0.0423728813559322 -0.08146384258679032 -0.05796337768409959 -0.15729682493445965 -0.09125 -0.10269721250423203 -0.08514019752525827 -0.08780370459465961 -0.1325286948290143 -0.08031151131662205 -0.05864736710756176 -0.14649286157666044 -0.05181347150259067 -0.11522527187985501
-0.003680981595092025 -0.029151250140150242 0.017907106883044206 -0.03001616254906488 0.02115904549194781 -0.008275209835677973 0.09183298640871801 -0.0012146240738491437 0.07698229407236337 -0.09649848359525778 -0.04292387324832723 -0.0476248626205886 -0.08263473053892216 -0.16617429837518466 -0.0167331702921869 -0.1283158544108575 -0.031172879594752567 -0.1395289298515105 -0.050585729499467526 -0.09227379148877565 -0.08422664624808576 -0.03584229390681004 -0.24214816590745625 -0.13594085380395898 -0.15658273831892774 0.018960940462646948 -0.03619909502262443 -0.016688061617458276 -0.018975332068311195 0.06854309464780517 -0.03734707018673535 -0.23567412369900706 -1.3979788257940329 -0.8259765388801548 -0.15700934579439252 -0.18349852665416552 0.1134453781512605 -0.077758412655852 0.11036004966202236 -0.14039658416558115 -0.15625000000000003 -0.27158211025078005 -1.5572254335260116 -1.4735456068949007 -0.2677050377220735 -0.2168158325980083 0.05764796310530362 -0.16792501952616506 -0.0159214541594799 -0.06725146198830409 -0.22216736608244875 -0.47302032235458996 -0.5551149881046789 -0.28510838831291235 -0.23386903334132886 -0.0656428040624226 -0.05473523421588594 -0.08998732572877058 -0.06296733569460841 -0.026334026334026327 -0.14240888245232924 -1.5431094585173135 -1.5704415036889565 -0.3728569715861407 -0.07538309441423628 -0.15172242258425567 0.00887986807053152 -0.09808790663024584 -0.0487742266718008 -0.12297913500069088 -0.07026957966015077 -0.16231474947071275 -0.19796111901375063 -0.13801601971657423 -0.04428044280442805 -0.06500674598307372 0.06106679960119641 -0.07770397292893845 -0.042155183770254255 -0.16020972909991263 -0.07125000000000001 -0.11962532445547906 -0.08627540015892837 -0.10103439980755353 -0.10649627263045794 -0.09004623996106108 -0.024956326428749686 -0.15518311607697083 -0.01603750308413521 -0.11910926980838946
-0.008588957055214725 -0.03139365399708487 0.014549524342473424 -0.035788501500808124 0.016457035382626075 -0.010639555503014538 0.07713970858332314 -0.006073120369245719 0.0718501411342058 -0.09787703336090432 -0.042923873248327235 -0.0512883135914031 -0.10658682634730539 -0.1772525849335303 -0.02316900501995109 -0.13571869216533003 -0.04416157942589947 -0.14336917562724016 -0.05724174653887114 -0.09227379148877565 -0.09826442062276672 -0.04943764676801385 -0.24934068568688567 -0.15144288099212974 -0.1728673431040962 0.010112501580078368 -0.056884292178409825 -0.014120667522464696 -0.03659528327460017 0.07000145836371592 -0.04249839021249195 -0.2799377916018662 -1.750481231953802 -0.9759342121175474 -0.18193146417445483 -0.21162603803911062 0.09243697478991597 -0.09384636010189033 0.09104704097116843 -0.15052829642495294 -0.1713709677419355 -0.3097191725413152 -2.0034682080924853 -1.8278668901125212 -0.3151618398637138 -0.25589310475230054 0.037150909556751224 -0.20177037229888048 -0.026535756932466497 -0.0935672514619883 -0.2295729449518637 -0.5524410184536322 -0.6106264869151468 -0.3286993402450519 -0.24826097385464138 -0.08917513004706465 -0.05473523421588594 -0.11153358681875791 -0.059031877213695405 -0.05266805266805267 -0.17740767559739318 -2.0183592842203115 -2.020142873872819 -0.41601726411701223 -0.0902125556104795 -0.17659495087675664 0.005074210326018012 -0.1179538117705488 -0.05647542035682198 -0.13541522730413152 -0.07793535198671267 -0.2117148906139732 -0.2667140825035562 -0.16882316697473815 -0.05781057810578105 -0.07604562737642587 0.05483549351944167 -0.08773029201654342 -0.04478988275589514 -0.15875327701718614 -0.08249999999999999 -0.1399390587969755 -0.11011465546600067 -0.12749579023334137 -0.11714589989350373 -0.10221465076660989 -0.03493885700024957 -0.1775294847920546 -0.02714038983469035 -0.12299326773692387
-0.022085889570552148 -0.041484471353290725 0.0022383883603805223 -0.045024243823597314 0.010579522745973905 -0.01655041967135595 0.07591526876454022 0.0024292481476982874 0.07569925583782397 -0.09236283429831815 -0.06438580987249085 -0.07082671876908048 -0.13053892215568863 -0.19571639586410633 -0.03990217531213798 -0.15052436767427513 -0.06364462917261983 -0.15488991295442905 -0.07055378061767838 -0.11017766147913513 -0.10974987238386931 -0.06303299962921764 -0.25293694557660035 -0.16575244455044122 -0.18038331454340475 0.003792188092529389 -0.06593406593406594 -0.014120667522464696 -0.02168609379235565 0.07729327694326966 -0.06567933032839665 -0.314630936714918 -2.000721847930703 -1.0750997702261458 -0.21183800623052956 -0.21564425395124562 0.07282913165266106 -0.09116503552755062 0.07587253414264036 -0.1519756838905775 -0.20665322580645165 -0.35132324049462615 -2.508670520231214 -2.159444577447929 -0.37965441713312237 -0.2886675910752553 0.0 -0.21608956001041393 -0.05041793817168635 -0.10526315789473684 -0.2542582078499136 -0.6190142490072412 -0.6785997507646991 -0.3734684260131952 -0.28184216838570403 -0.11146891255883082 -0.0840122199592668 -0.13054499366286437 -0.0747737111373475 -0.06237006237006236 -0.23050929278300747 -2.4889611898675343 -2.517859234102354 -0.4639731447068696 -0.12481463173504696 -0.19151846785225718 -0.020296841304072052 -0.12664514526943133 -0.07957900141188551 -0.14094237943899407 -0.12009709978280311 -0.27170077628793227 -0.3556187766714083 -0.20209488601355513 -0.09225092250922509 -0.08831105114681712 0.029910269192422734 -0.08773029201654342 -0.061915426162560926 -0.16166618118263906 -0.09125 -0.17040966030922017 -0.12941310023839256 -0.15034880923743085 -0.12661223523843332 -0.12168410805548795 -0.05490391814324932 -0.19615145872129108 -0.03577596841845546 -0.13593992749870532
-0.028220858895705525 -0.05830250028030047 -0.0055959709009513175 -0.049642114984991915 0.007053015163982605 -0.022461283839697362 0.08326190767723765 -0.008502368516944006 0.07826533230690273 -0.09925558312655088 -0.06186087615200101 -0.09158627427036269 -0.1281437125748503 -0.20187099950763168 -0.03732784142103231 -0.14929056138186306 -0.06494349915573451 -0.15104966717869944 -0.06789137380191694 -0.11017766147913513 -0.11102603369065848 -0.08157211716722285 -0.2613282186526013 -0.17529215358931555 -0.18789928598271327 -0.005056250790039185 -0.06205559146735619 -0.026957637997432605 -0.018975332068311195 0.06854309464780517 -0.07083065035415326 -0.35052039717669575 -2.1162175168431183 -1.1404039182488812 -0.2218068535825545 -0.2290383069916957 0.07703081232492996 -0.1085936452607588 0.07449303352186509 -0.1635547836155739 -0.2179939516129032 -0.39986131977348893 -3.1341040462427747 -2.5005985156811112 -0.42954490143587243 -0.3063153914030002 -0.030745580322828592 -0.23952095808383236 -0.0849144221838928 -0.12719298245614036 -0.2690693655887435 -0.6704041111889745 -0.7295796986518636 -0.4217719132893497 -0.3154233629167666 -0.13747832548922467 -0.10183299389002036 -0.1634980988593156 -0.09445100354191263 -0.09286209286209285 -0.25464639150374124 -2.9491052753892633 -3.0015224265136435 -0.5155257163409663 -0.14705882352941177 -0.19649297351075737 -0.030445261956108083 -0.14775266948100324 -0.093697856501091 -0.15614204780986596 -0.13542864443592692 -0.34697718183956716 -0.46941678520625896 -0.23166974738139245 -0.11193111931119311 -0.08953759352385625 0.021186440677966104 -0.09023687178844467 -0.0750889210907654 -0.17477424992717738 -0.10874999999999999 -0.18959485385396682 -0.15552276081280508 -0.17320182824152036 -0.1408117382558277 -0.12776831345826234 -0.07362116296481157 -0.20360024829298567 -0.055514433752775726 -0.13723459347488348
-0.0392638036809816 -0.06278730799416973 -0.024622271964185788 -0.047333179404294615 -0.005877512636652165 -0.026007802340702213 0.07469082894575732 -0.010931616664642294 0.06671798819604824 -0.09649848359525778 -0.06186087615200102 -0.08914397362315302 -0.14491017964071856 -0.19571639586410633 -0.03861500836658514 -0.1418877236273905 -0.05844914924016106 -0.1408090117767537 -0.07188498402555912 -0.10329155763668915 -0.10336906584992342 -0.09269558769002598 -0.264924478542316 -0.17290722632959696 -0.18789928598271327 -0.012640626975097968 -0.056884292178409845 -0.038510911424903725 -0.018975332068311195 0.06708473093189442 -0.0721184803605924 -0.3612872353152291 -2.23893166506256 -1.1573346232918127 -0.238006230529595 -0.22502009107956072 0.0700280112044818 -0.10859364526075883 0.06345702855566285 -0.14618613402807928 -0.2167338709677419 -0.43684271350976533 -3.75606936416185 -2.8585108929853966 -0.4623996106108542 -0.3252237488970125 -0.04355623879067384 -0.26295235615725077 -0.10746981557648931 -0.13596491228070173 -0.270303628733646 -0.7042747021723895 -0.7714965446924209 -0.4724316682375118 -0.33461261693451666 -0.15853356452811493 -0.1120162932790224 -0.18250950570342206 -0.09576282303555031 -0.09979209979209977 -0.26912865073618153 -3.3267487799209854 -3.4886989108794944 -0.5610838029013306 -0.1717745921898171 -0.21017286407163288 -0.0393251300266396 -0.1638937174074994 -0.10910024387113335 -0.1589056238772972 -0.15714833269451897 -0.4281345565749236 -0.6507823613086771 -0.2575477510782501 -0.14268142681426815 -0.08831105114681712 0.001246261216350944 -0.08898358190249404 -0.0843103675405085 -0.17040489367899797 -0.11000000000000001 -0.20313734341496442 -0.1770916108525372 -0.17801299013711813 -0.15146136551887351 -0.13871988318325626 -0.08734714250062392 -0.21353196772191185 -0.06415001233654084 -0.1411185914034179
-0.03803680981595092 -0.06727211570803901 -0.03469501958589815 -0.05656892172708381 -0.008228517691313032 -0.026007802340702213 0.06856862985184278 -0.00971699259079315 0.07569925583782397 -0.08960573476702507 -0.058073475571266256 -0.08792282329954818 -0.14970059880239522 -0.18709995076317085 -0.03604067447547947 -0.1295496607032696 -0.05974801922327575 -0.1331285202252944 -0.07055378061767839 -0.09365101225726484 -0.10847371107708015 -0.09640341119762699 -0.26492447854231604 -0.16336751729072263 -0.2004259050482275 -0.0050562507900391886 -0.06722689075630253 -0.03594351732991015 -0.01626457034426674 0.06416800350007293 -0.07083065035415326 -0.36966144275631063 -2.2906641000962464 -1.1561252872173176 -0.24299065420560745 -0.21832306455933564 0.06302521008403361 -0.0992090092505698 0.06069802731411228 -0.13750180923433203 -0.2167338709677419 -0.4853807927886282 -4.416184971098266 -3.2319846779985637 -0.4928206376247262 -0.3529560065548973 -0.0678964898795798 -0.29028898724290547 -0.12339126973596921 -0.14912280701754382 -0.26783510244384096 -0.7288016818500349 -0.8043502888863714 -0.5466540999057493 -0.35500119932837604 -0.18454297745850878 -0.12092668024439919 -0.1977186311787072 -0.09969828151646332 -0.11503811503811504 -0.278783490224475 -3.6311875435742507 -3.9793886871999065 -0.6318187267713703 -0.1866040533860603 -0.23380176594950877 -0.04566789293416211 -0.18127638440526447 -0.11295084071364395 -0.16028741191101284 -0.1660917337421745 -0.5257586450247002 -0.8226647700331912 -0.31300061614294516 -0.15744157441574416 -0.09321722065497363 -0.0074775672981056834 -0.09399674144629652 -0.08694506652614939 -0.16894844159627148 -0.11374999999999999 -0.2166798329759621 -0.1929844477239187 -0.19966321866730816 -0.1632942847000355 -0.15088829398880504 -0.09857748939356127 -0.21849782743637491 -0.06415001233654084 -0.15406525116519937
-0.038036809815950916 -0.07848413499271217 -0.04029099048684946 -0.04848764719464326 -0.00822851769131303 -0.029554320841707053 0.06856862985184278 -0.01336086481234058 0.08211444701052091 -0.0937413840639647 -0.06312334301224594 -0.10624007815362072 -0.15808383233532936 -0.20433284096504184 -0.030892006693268127 -0.14805675508945096 -0.05844914924016107 -0.148489503328213 -0.06789137380191693 -0.10880044071064592 -0.11613067891781521 -0.10876282288963046 -0.26372572524574445 -0.1466730264726926 -0.1991732431416761 0.0025281253950195917 -0.07239819004524888 -0.029525032092426184 -0.014909189482244508 0.06708473093189442 -0.06567933032839665 -0.3696614427563106 -2.299085659287777 -1.12589188535494 -0.2392523364485981 -0.21296544334315565 0.06302521008403361 -0.08982437324038076 0.056559525451786455 -0.137501809234332 -0.22303427419354835 -0.5142725066450942 -5.017341040462428 -3.5934881493895148 -0.5171574592358238 -0.37060380688264216 -0.08198821419420957 -0.295495964592554 -0.1326787846623325 -0.15204678362573099 -0.262898049864231 -0.745153001635132 -0.8338053698878441 -0.6456173421300659 -0.3825857519788918 -0.19692841218726778 -0.12474541751527495 -0.2053231939163498 -0.09576282303555028 -0.12196812196812194 -0.2920588945208786 -3.81942830583314 -4.439629933247453 -0.7013547536266634 -0.20884824518042513 -0.2611615470712598 -0.05201065584168464 -0.19865905140302959 -0.11808496983699139 -0.178250656349316 -0.18397853583748563 -0.6445542225358739 -1.072783309625415 -0.39926062846580407 -0.16236162361623618 -0.11529498344167792 -0.007477567298105689 -0.11279608973555581 -0.08562771703332896 -0.17914360617535685 -0.1275 -0.22683670014671029 -0.20774208196163016 -0.21048833293240315 -0.16684416045438405 -0.16183986371379896 -0.10107312203643623 -0.2259466170080695 -0.06291635825314582 -0.16442257897462453
-0.05030674846625767 -0.0728781253503756 -0.06491326245103525 -0.05079658277534056 -0.027036558128599973 -0.026007802340702213 0.04775315293253336 -0.014575488886189725 0.06543494996150885 -0.09098428453267163 -0.06691074359298069 -0.11723043106606423 -0.18682634730538922 -0.21418020679468244 -0.0334663405843738 -0.1554595928439235 -0.06494349915573451 -0.16129032258064516 -0.07587859424920128 -0.11293210301611349 -0.12251148545176112 -0.11741441107403287 -0.26852073843203067 -0.1371333174338183 -0.19290993360891898 -0.00758437618505878 -0.07369101486748544 -0.04364569961489089 -0.012198427758200053 0.051042730056876186 -0.06567933032839665 -0.363679866012681 -2.254571703561117 -1.0569597291087192 -0.2292834890965732 -0.20626841682293065 0.06582633053221289 -0.1018903338249095 0.06483652917643813 -0.137501809234332 -0.23437499999999994 -0.5362302091760084 -5.528323699421966 -3.8783816135982767 -0.5439279630080311 -0.385730492877852 -0.0935178068152703 -0.3228325956782088 -0.1432930874353191 -0.16374269005847952 -0.25302394470501105 -0.7381452931558046 -0.9142403987764812 -0.8494344957587181 -0.4185656032621732 -0.20435967302452313 -0.140020366598778 -0.21039290240811154 -0.11281647645284007 -0.1191961191961192 -0.30654115375331886 -3.871717406460609 -4.860053870476636 -0.7589018103344923 -0.23850716757291152 -0.26489242631513493 -0.06342762907522517 -0.20735038490191213 -0.13733795404954435 -0.18101423241674727 -0.20442059537498403 -0.7421783109856503 -1.4746325272641063 -0.5224892174984597 -0.1808118081180812 -0.14105237335949955 -0.017447657028913266 -0.14663491665622255 -0.09748386246871296 -0.19225167491989512 -0.1325 -0.24489335289470718 -0.25542059257577476 -0.23334135193649264 -0.18104366347177847 -0.1825261620832319 -0.1123034689293736 -0.24332712600869028 -0.07278559092030595 -0.17866390471258414
-0.05276073619631901 -0.0728781253503756 -0.08841634023503078 -0.048487647194643275 -0.039967085929234744 -0.030736493675375343 0.04040651401983592 -0.017004737033888013 0.05773672055427252 -0.09925558312655088 -0.0681732104532256 -0.11600928074245939 -0.2 -0.22033481043820777 -0.03217917363882096 -0.17149907464528066 -0.06884010910507858 -0.18561187916026625 -0.07854100106496273 -0.12670431070100535 -0.1276161306789178 -0.1099987640588308 -0.2817070246943179 -0.11328404483663249 -0.18539396216961043 0.005056250790039185 -0.07110536522301228 -0.03979460847240052 -0.009487666034155597 0.05833454863642993 -0.06310367031551836 -0.3230051441559995 -1.8972569778633308 -0.8562099407425322 -0.2068535825545171 -0.18349852665416555 0.07142857142857142 -0.08043973723019171 0.06483652917643813 -0.1273700969749602 -0.23689516129032256 -0.5154281751993527 -5.268208092485549 -3.7610725401005505 -0.5487953273302507 -0.3819488213790495 -0.1037663335895465 -0.3228325956782088 -0.14594666312856577 -0.16520467836257308 -0.26042952357442606 -0.6575566456435411 -1.0796420074770592 -1.3336475023562677 -0.5229071719836891 -0.22169928164478572 -0.16420570264765783 -0.22053231939163495 -0.12855831037649218 -0.11781011781011781 -0.2836109099686218 -3.492911921914943 -4.569621735566225 -0.8152499700275746 -0.27434503213049927 -0.2798159432906354 -0.05835341874920715 -0.20983362304444997 -0.13348735720703375 -0.19068674865275667 -0.21208636770154593 -0.7515878616796047 -1.9879089615931718 -1.0203327171903882 -0.22878228782287824 -0.1655832209002821 -0.039880358923230316 -0.18172703346283997 -0.11592675536819919 -0.21555490824351878 -0.14875 -0.25617876086220515 -0.31672153479396076 -0.27543901852297326 -0.20589279375221867 -0.19834509613044535 -0.12478163214374842 -0.25946617008069517 -0.08142116950407106 -0.19290523045054372
-0.03558282208588957 -0.07175692342190829 -0.09065472859541131 -0.045024243823597314 -0.025861055601269545 -0.030736493675375343 0.042855393657401736 -0.020648609255435442 0.0718501411342058 -0.11028398125172319 -0.056811008711021335 -0.11356698009524972 -0.19401197604790418 -0.2178729689807976 -0.014158836401081221 -0.17520049352251696 -0.07013897908819328 -0.19969278033794163 -0.07587859424920128 -0.1349676353119405 -0.11740684022460439 -0.10505499938202942 -0.30448333732917765 -0.09420462675888386 -0.18163597644995616 0.01769687776513715 -0.06851971557853911 -0.03465982028241335 -0.012198427758200053 0.06270963978416218 -0.0360592401802962 -0.28472305299677 -1.5182868142444659 -0.6542508163018502 -0.17694704049844237 -0.15135279935708543 0.07282913165266106 -0.05362649148679447 0.06759553041798869 -0.1273700969749602 -0.22807459677419356 -0.48191378712585226 -4.9028901734104045 -3.4606176681829064 -0.5390605986858116 -0.3668221353838396 -0.11401486036382269 -0.31372038531632385 -0.14992702666843574 -0.16520467836257308 -0.25549247099481615 -0.5769679981312776 -1.171405913673955 -2.0570216776625827 -0.6584312784840489 -0.24894723804805546 -0.1871181262729124 -0.23447401774397975 -0.14430014430014432 -0.1275121275121275 -0.25585324643977797 -3.0525214966302583 -4.197212788382714 -0.8536146744994605 -0.31636183885318836 -0.2885213281930108 -0.0710389445642522 -0.2073503849019121 -0.1347708894878706 -0.18377780848417852 -0.20825348153826498 -0.7421783109856503 -2.310336652441916 -1.6648182378311769 -0.29028290282902836 -0.19011406844106463 -0.07352941176470588 -0.19425993232234617 -0.14095639573178764 -0.22575007282260412 -0.14250000000000002 -0.26069292404920436 -0.39278011124985807 -0.35241760885253787 -0.21654242101526444 -0.2032124604526649 -0.12353381582231096 -0.25946617008069517 -0.08142116950407105 -0.19937856033143447
-0.04294478527607362 -0.07512052920731024 -0.07610520425293789 -0.047333179404294615 -0.02468555307393911 -0.041376049178389884 0.02816211583200685 -0.0194339851815863 0.0603027970233513 -0.10890543148607665 -0.056811008711021335 -0.10746122847722554 -0.18203592814371256 -0.21294928606597732 -0.009010168618869868 -0.16533004318322023 -0.07533445902065203 -0.19201228878648233 -0.07720979765708201 -0.12808153146949455 -0.11357835630423685 -0.09763935236682736 -0.30088707743946297 -0.08108752683043167 -0.18664662407616187 0.01769687776513715 -0.08661926308985134 -0.03594351732991014 -0.028462998102466792 0.04812600262505469 -0.027044430135222154 -0.24763727718626627 -1.1272858517805582 -0.47405974120208005 -0.14330218068535824 -0.12992231449236538 0.06862745098039215 -0.026813245743397236 0.06483652917643813 -0.11289622231871473 -0.2205141129032258 -0.4426210562810587 -4.480924855491329 -3.146995451280824 -0.525675346799708 -0.3416109920584899 -0.11785805790417628 -0.2824785212184327 -0.14727345097518907 -0.15789473684210525 -0.24314983954579117 -0.5045550105115628 -1.171405913673955 -2.776861451460886 -0.8875029983209404 -0.27495665097844935 -0.2240325865580448 -0.24461343472750316 -0.16922471467926015 -0.1386001386001386 -0.21723388848660394 -2.612131071345573 -3.7803021431080923 -0.8919793789713465 -0.36455758774097874 -0.2872777017783858 -0.0735760497272612 -0.19120933697541592 -0.11551790527531766 -0.16028741191101284 -0.23380605596013798 -0.7327687602916961 -2.4205784732100524 -2.3093037584719656 -0.4132841328413284 -0.21464491598184718 -0.12337986041874378 -0.20679283118185238 -0.18706362798050322 -0.23594523740168943 -0.14875 -0.2652070872362036 -0.4438642297650131 -0.4293961991821025 -0.26150751390368004 -0.20807982477488438 -0.15472922385824806 -0.25946617008069517 -0.10486059708857638 -0.2058518902123252
-0.04171779141104295 -0.07736293306424487 -0.06715165081141579 -0.07850380974370814 -0.014106030327965202 -0.05910864168341412 0.02693767601322395 -0.02307785740313373 0.06286887349243007 -0.11717673007995588 -0.05049867440979675 -0.09158627427036269 -0.14850299401197603 -0.20802560315115706 0.012871669455528385 -0.15422578655151137 -0.057150279257046376 -0.1740911418330773 -0.06789137380191694 -0.11430932378460265 -0.09060745278203165 -0.07786429365962182 -0.2948933109566051 -0.07154781779155736 -0.17537266691719905 0.031601567437744914 -0.08920491273432449 -0.02439024390243903 -0.02304147465437788 0.06562636721598367 -0.011590470057952353 -0.21055150137576267 -0.7747834456207892 -0.33135808441165804 -0.0984423676012461 -0.10983123493169034 0.07843137254901959 -0.012065960584528756 0.07173403228031452 -0.09697496019684468 -0.20161290322580644 -0.4079509996532994 -4.0520231213872835 -2.8154177639454154 -0.5049890484302749 -0.3201815202319425 -0.10504739943633104 -0.25123665712054155 -0.14594666312856577 -0.13742690058479531 -0.23697852382127865 -0.43447792571829014 -1.1532797099807408 -3.433081998114986 -1.2365075557687697 -0.2972504334902155 -0.2558553971486762 -0.24207858048162229 -0.1823429096156369 -0.12474012474012472 -0.17740767559739318 -2.1543109458517313 -3.3540227192879732 -0.9782999640330896 -0.4695996045477015 -0.3146374829001369 -0.08245591779779271 -0.1999006704742985 -0.1245026312411757 -0.167196352079591 -0.24402708572888723 -0.7010115266996001 -2.4324324324324325 -3.03758471965496 -0.5854858548585486 -0.24408193303078624 -0.15453639082751744 -0.21305928061160548 -0.21999736530101438 -0.24177104573259536 -0.15375 -0.26069292404920436 -0.47110909297309567 -0.5556891989415444 -0.3123890663826766 -0.23241664638598197 -0.1709508360369354 -0.2669149596523898 -0.11102886750555145 -0.2110305541170378
-0.039263803680981604 -0.07063572149344097 -0.06939003917179631 -0.09697529438928654 -0.003526507581991298 -0.0602908145170824 0.02571323619444104 -0.030365601846228597 0.05645368231973312 -0.11579818031430936 -0.04671127382906198 -0.06960556844547564 -0.14730538922155686 -0.21418020679468244 0.014158836401081221 -0.14435533621221466 -0.05974801922327576 -0.16897081413210446 -0.07854100106496273 -0.1088004407106459 -0.08167432363450741 -0.05932517612161662 -0.2948933109566051 -0.08347245409015025 -0.16284604785168486 0.0366578182277841 -0.0892049127343245 -0.02310654685494224 -0.03252914068853348 0.06270963978416218 0.012878300064391496 -0.17944730230888864 -0.5197305101058709 -0.2624259281654372 -0.05233644859813082 -0.10447361371551031 0.08543417366946779 -0.009384636010189032 0.07449303352186508 -0.09552757273122015 -0.1663306451612903 -0.3571015832659193 -3.5687861271676296 -2.489825233421116 -0.4770017035775127 -0.2911887054077903 -0.09223674096848578 -0.23040874772194742 -0.14461987528194242 -0.11695906432748535 -0.2283386818069612 -0.388927820602663 -1.1283561799025716 -3.894910461828464 -1.5735188294555047 -0.35298488976963094 -0.2685845213849287 -0.26108998732572875 -0.17971927062836152 -0.14137214137214135 -0.12792662321988896 -1.6964908203578901 -2.8879259866494906 -1.0718139311833115 -0.5598121601581809 -0.35816440741201344 -0.0799188126347837 -0.21355848025825677 -0.12065203439866512 -0.17548708028188476 -0.24019419956560623 -0.6504351917195953 -2.431247036510194 -3.6352433764633396 -0.7552275522755227 -0.2673862381945296 -0.18943170488534394 -0.21556586038350672 -0.25556580160716635 -0.2359452374016895 -0.17124999999999999 -0.2595643832524546 -0.48813713247814733 -0.7361077700264614 -0.4046858359957401 -0.2518861036748601 -0.19840279510856001 -0.2780881440099317 -0.12706637058968667 -0.21361988606939408
-0.03803680981595093 -0.05493889449489853 -0.07162842753217684 -0.11429231124451626 -0.003526507581991298 -0.05556212318240926 0.011019958369046162 -0.015790112960038866 0.04490633820887862 -0.09787703336090434 -0.05049867440979674 -0.05373061423861277 -0.14491017964071856 -0.224027572624323 0.012871669455528381 -0.1431215299198026 -0.062345759189505134 -0.15745007680491552 -0.08652822151224708 -0.09915989533122159 -0.0880551301684533 -0.04449388209121246 -0.2936945576600335 -0.09897448127832101 -0.1478141049730678 0.04297813171533308 -0.10084033613445378 -0.015404364569961493 -0.04879371103280021 0.07000145836371592 0.027044430135222147 -0.1435578418471109 -0.3837824831568816 -0.21888982948361352 -0.013707165109034261 -0.09107956067506028 0.0784313725490196 0.00670331143584931 0.06897503103876397 -0.08539586047184831 -0.1411290322580645 -0.3074078354327978 -2.9260115606936417 -2.1438831697390475 -0.43319542467753713 -0.2848859195764528 -0.06917755572636433 -0.2056756053111169 -0.11808411834947592 -0.10233918128654969 -0.2308072080967662 -0.34804952113992066 -1.089837997054492 -4.096371347785108 -2.0280642840009593 -0.41862769383205356 -0.29404276985743383 -0.26489226869455007 -0.1928374655647383 -0.13582813582813583 -0.09654839488293507 -1.2468045549616549 -2.4089471835109495 -1.1413499580386046 -0.7513593672763225 -0.41785847531401565 -0.09894710135735127 -0.21107524211571888 -0.12193556667950198 -0.1727235042144535 -0.23508368468123164 -0.581039755351682 -2.3541963015647225 -4.006161429451633 -1.006150061500615 -0.31644793327609466 -0.20563310069790627 -0.21681915026945733 -0.2674219470425504 -0.22575007282260412 -0.185 -0.25053605687845615 -0.49948915881484834 -0.8684147221554006 -0.4969826056088037 -0.2750060842054028 -0.22710257050162214 -0.28181253879577894 -0.151739452257587 -0.2175038839979285
-0.026993865030674847 -0.04372687521022536 -0.05484051482932291 -0.1293003925190487 0.0023510050546608706 -0.05437995034874098 0.011019958369046162 -0.017004737033888013 0.057736720554272515 -0.09374138406396472 -0.055548541850776414 -0.054951764562217606 -0.12814371257485027 -0.23633677991137372 0.00901016861886987 -0.16286243059839603 -0.06364462917261983 -0.17793138760880697 -0.08386581469648562 -0.1115548822476243 -0.08933129147524248 -0.04449388209121245 -0.28770079117717573 -0.12282375387550681 -0.13904547162720785 0.0328656301352547 -0.1098901098901099 -0.028241335044929407 -0.05828137706695581 0.061251276068251426 0.033483580167417905 -0.11723890417514056 -0.2502406159769009 -0.19107509977022613 0.01869158878504673 -0.08572193945888026 0.0700280112044818 0.0013406622871698609 0.05655952545178646 -0.10276451005934288 -0.1323084677419355 -0.2554027504911591 -2.2820809248554914 -1.7883648551592057 -0.3869554636164517 -0.2823648052439178 -0.04611837048424289 -0.19656339494923197 -0.09022157357038608 -0.10087719298245615 -0.22093310293754626 -0.3106750759168419 -1.0411238246289793 -4.105796418473139 -2.520988246581914 -0.5139955412434977 -0.3093177189409369 -0.2712294043092522 -0.2007083825265643 -0.1372141372141372 -0.07120444122616461 -0.8645131303741576 -1.91708630987235 -1.1581345162450547 -1.0664854176964904 -0.5173485884840193 -0.11797539007991882 -0.23342438539855973 -0.12065203439866512 -0.18239602045046288 -0.2274179123546697 -0.5045871559633026 -2.1834992887624467 -4.1589648798521255 -1.4046740467404675 -0.4072120691769901 -0.21435692921236288 -0.24439152776037093 -0.2595178500856277 -0.2388581415671424 -0.2 -0.2550502200654554 -0.5017595640821886 -0.9562184267500602 -0.6496272630457935 -0.3346312971525919 -0.24581981532318445 -0.30912476722532584 -0.16160868492474711 -0.23821853961677886
-0.0392638036809816 -0.03475725978248683 -0.06155567991046447 -0.1293003925190487 -0.01293052780063477 -0.05556212318240927 0.007346638912697439 -0.02550710555083202 0.04234026173979984 -0.09649848359525781 -0.07322307789420528 -0.046403712296983764 -0.13293413173652693 -0.2375677006400788 -0.023169005019951082 -0.16533004318322025 -0.07793219898688142 -0.18305171530977984 -0.09052183173588924 -0.11155488224762429 -0.09954058192955591 -0.03707823507601037 -0.28170702469431796 -0.1132840448366325 -0.13779280972065638 0.041714069017823284 -0.10859728506787329 -0.02695763799743261 -0.06505828137706696 0.07583491322735891 0.0334835801674179 -0.09331259720062209 -0.16963426371511067 -0.16084169790784858 0.03364485981308411 -0.07366729172247523 0.06582633053221289 -0.010725298297358896 0.05518002483101118 -0.10565928499059199 -0.12600806451612906 -0.1929966485611926 -1.601156069364162 -1.3777830979171655 -0.3346312971525919 -0.24959031892096312 -0.03715090955675121 -0.1731319968758136 -0.08358763433726946 -0.09502923976608187 -0.2122932609232288 -0.27914038775986927 -0.981080774895208 -4.0409990574929315 -2.97313504437515 -0.6601436710428537 -0.32713849287169044 -0.2788339670468948 -0.20595566050111502 -0.13582813582813583 -0.04706734250543085 -0.5577504066930048 -1.4076589764609437 -1.1185709147584224 -1.4236282748393476 -0.6740455167267753 -0.14207788912850436 -0.2445989570399801 -0.11680143755615453 -0.19206853668647228 -0.2363613134023253 -0.4093154551870148 -2.0293978188715025 -4.149106592729512 -1.9815498154981548 -0.5482644425364895 -0.24551345962113658 -0.2619375861636796 -0.2740086945066526 -0.24614040198077483 -0.22125 -0.2561787608622052 -0.4972187535475082 -0.9826798171758482 -0.9158679446219382 -0.414942808469214 -0.275767407037684 -0.3202979515828678 -0.17517887984209227 -0.2278612118073537
-0.022085889570552148 -0.03027245206861756 -0.04588696138780078 -0.14661740937427842 -0.025861055601269545 -0.056744296016077556 0.013468838006611975 -0.034009474067776026 0.04618937644341801 -0.09925558312655089 -0.06817321045322562 -0.03541335938454024 -0.1221556886227545 -0.22279665189561793 -0.042476509203243654 -0.14682294879703886 -0.08312767891934017 -0.1817716333845366 -0.08919062832800852 -0.09640545379424321 -0.09826442062276672 -0.024718823384006928 -0.28170702469431796 -0.11447650846649178 -0.16910935738444194 0.05309063329541145 -0.10601163542340013 -0.03209242618741977 -0.07590132827324478 0.08312673180691266 0.0463618802318094 -0.06699365952865177 -0.11549566891241578 -0.14512032893941224 0.00996884735202493 -0.050897401553710156 0.06582633053221289 -0.016087947446038343 0.06759553041798869 -0.09697496019684468 -0.11466733870967742 -0.14099156361955387 -0.9398843930635836 -0.9588221211395739 -0.293258700413726 -0.22563973276188073 -0.03715090955675121 -0.16922676386357716 -0.07562690725752952 -0.09649122807017545 -0.18637373488027648 -0.23826208829712692 -0.9051772969298743 -3.933788878416589 -3.2777644519069327 -0.801337626950706 -0.3564154786150713 -0.2915082382762991 -0.21513839695657877 -0.13998613998613998 -0.012068549360366878 -0.3485940041831281 -0.9005738376859117 -1.0526315789473684 -1.6967375185368265 -0.9053600298470339 -0.18013446657363946 -0.26570648125155205 -0.11680143755615453 -0.19345032472018792 -0.21464162514373322 -0.30581039755351686 -1.7757230915125646 -4.091189155884164 -2.5215252152521526 -0.8352753587636453 -0.28539381854436685 -0.29452312319839574 -0.28981688842049796 -0.270900087387125 -0.2225 -0.2550502200654553 -0.506300374616869 -1.0019244647582393 -1.210507632232872 -0.5804331954246775 -0.30696281507362116 -0.34512725015518314 -0.19245003700962252 -0.24339720352149147
-0.008588957055214726 -0.03363605785401951 -0.02350307778399551 -0.16277995843915954 -0.030563065710591274 -0.056744296016077556 0.03305987510713848 -0.03765334628932345 0.06415191172696946 -0.10890543148607665 -0.06438580987249085 -0.028086457442911224 -0.08862275449101796 -0.2191038897095027 -0.06049684644098339 -0.13078346699568166 -0.07923106896999611 -0.17281105990783413 -0.08386581469648564 -0.09502823302575403 -0.08039816232771821 -0.014831294030404155 -0.2517381922800288 -0.12282375387550681 -0.18414130026305897 0.07078751106054862 -0.08532643826761474 -0.02567394094993581 -0.059636757928978046 0.08604345923873416 0.06439150032195749 -0.05144155999521475 -0.08421559191530319 -0.13302696819446122 0.00996884735202492 -0.017412268952585058 0.10364145658263305 -0.004021986861509586 0.09242654159194372 -0.09697496019684468 -0.09450604838709677 -0.09014214723217383 -0.36184971098265895 -0.5709839597797461 -0.2385008517887564 -0.19916803227026345 -0.017934921854983348 -0.14839885446498308 -0.05041793817168635 -0.09064327485380116 -0.17649962972105654 -0.20205559448726934 -0.7669649937691174 -3.708765315739869 -3.4216838570400574 -1.031706712905623 -0.4047861507128309 -0.30418250950570347 -0.20857929948839038 -0.15107415107415106 0.021723388848660395 -0.23820590285847082 -0.432134910411055 -0.9890900371658073 -1.8363816114681168 -1.1428926750404178 -0.2258023595078016 -0.2781226719642414 -0.10268258246694903 -0.20450462898991298 -0.19803245176951575 -0.20936250294048458 -1.3726884779516362 -3.9975354282193463 -2.821648216482165 -1.1137004783515272 -0.33150548354935194 -0.3133224714876551 -0.28718218943485707 -0.2912904165452957 -0.2225 -0.24715043448820673 -0.49154274037915774 -1.0223719028145297 -1.390368003786534 -0.7459235823801411 -0.3331669578238083 -0.35754189944134085 -0.1850481125092524 -0.2550491973070948
-0.017177914110429442 -0.024666442426280976 -0.004476776720761049 -0.1616254906488109 -0.03291407076525214 -0.07211254285376523 0.04040651401983593 -0.027936353698530314 0.057736720554272515 -0.10201268265784395 -0.06186087615200102 -0.013432653559653196 -0.07664670658682635 -0.19694731659281142 -0.052773844767666354 -0.13078346699568166 -0.05844914924016106 -0.15104966717869944 -0.08519701810436635 -0.08263324610935133 -0.0765696784073507 -0.014831294030404151 -0.22896187964516904 -0.11566897209635105 -0.18163597644995616 0.04424219441284289 -0.07110536522301228 -0.012836970474967905 -0.06641366223908919 0.0933352778182879 0.06567933032839665 -0.051441559995214735 -0.05534167468719923 -0.14512032893941224 0.019937694704049845 -0.06295204929011519 0.1358543417366947 -0.008043973723019172 0.09794454407504484 -0.10565928499059196 -0.078125 -0.06471743903848377 -0.24393063583815028 -0.3255925305242997 -0.17522511559990267 -0.20673137526786842 -0.0012810658467845245 -0.14319187711533451 -0.03980363539869974 -0.08625730994152046 -0.15675141940261664 -0.18453632328895117 -0.5030021524866886 -3.1915645617342134 -3.30175101942912 -1.3673519940549914 -0.7981160896130346 -0.358681875792142 -0.21251475796930341 -0.16632016632016633 0.028964518464880525 -0.20567046246804557 -0.29745871881953395 -0.8871837909123605 -1.8005437469105288 -1.3791816938191768 -0.5239122161613599 -0.3166128631735784 -0.11551790527531766 -0.20174105292248168 -0.19931008049060944 -0.17172430016466714 -0.8451872925557137 -3.466420209488601 -2.8019680196801966 -1.706120446461425 -0.7166001994017946 -0.31708234114550693 -0.3095771308128047 -0.27381299155257793 -0.22374999999999998 -0.22683670014671029 -0.4415938244976728 -0.9778686552802502 -1.3785350846053723 -0.9722560233633487 -0.4242575492887447 -0.3649906890130354 -0.1998519615099926 -0.24857586742620405
-0.024539877300613494 -0.01793923085547707 0.02014549524342473 -0.16162549064881088 -0.034089573292582574 -0.08866296252512118 0.061221990939145335 -0.01336086481234058 0.06286887349243006 -0.08547008547008547 -0.05681100871102135 -0.012211503236048358 -0.06347305389221557 -0.19202363367799116 -0.046338010039902164 -0.13818630475015423 -0.02597739966229381 -0.1420890937019969 -0.07321618743343983 -0.07161547996143781 -0.07784583971413987 -1.3877787807814458e-18 -0.18940302085830735 -0.10851419031719531 -0.1716146811975448 0.027809379345215535 -0.04783451842275373 0.005134788189987163 -0.060992138791000274 0.11521073355694914 0.05280103026400514 -0.04306735255413327 -0.02045235803657363 -0.14512032893941226 0.027414330218068533 -0.10715242432360032 0.1722689075630252 -0.004021986861509587 0.1062215477996965 -0.0882906354030974 -0.0667842741935484 -0.05662775915867328 -0.19306358381502892 -0.2657409624132152 -0.12290094913604285 -0.21555527543174083 0.015372790161414296 -0.15230408747721946 -0.025208969085843174 -0.08187134502923978 -0.1394717353739817 -0.16351319785096938 -0.31267701370794154 -2.4257775683317626 -3.1398416886543536 -1.515977210800099 -1.1863543788187374 -0.4448669201520913 -0.21120293847566574 -0.176022176022176 0.041033067825247405 -0.18359284220311411 -0.2225084904555569 -0.782879750629421 -1.7436974789915964 -1.4575301579405548 -0.8004566789293417 -0.3774521976657561 -0.11295084071364395 -0.2058864170236286 -0.1878114220007666 -0.16231474947071275 -0.4777145566619251 -2.813308687615527 -2.7552275522755223 -2.0949343799828286 -1.081754735792622 -0.37097380624138365 -0.313529179291266 -0.27526944363530437 -0.21875 -0.20539442500846405 -0.3564536269724146 -0.8900649506855907 -1.3607857058336292 -1.0842054027743977 -0.5178437733965561 -0.38733705772811927 -0.20231926967678265 -0.24598653547384774
-0.01840490797546012 -0.004484807713869269 0.017907106883044206 -0.1604710228584622 -0.037616080874573875 -0.08866296252512118 0.0734663891269744 0.006073120369245719 0.05003849114703618 -0.07168458781362007 -0.06438580987249085 0.004884601294419343 -0.07185628742514968 -0.17109798129000492 -0.05534817865877203 -0.1307834669956817 -0.02597739966229381 -0.12416794674859191 -0.07587859424920128 -0.06335215535050268 -0.09060745278203164 0.016067235199604495 -0.1810117477823064 -0.09897448127832102 -0.16159338594513342 0.01769687776513715 -0.021978021978021976 0.01797175866495507 -0.05421523448088913 0.12979437071605662 0.04249839021249195 -0.028711568369422187 -0.007218479307025988 -0.15721368968436328 0.018691588785046728 -0.12456469327618538 0.19467787114845939 0.01340662287169862 0.09932404469582011 -0.0825010855405992 -0.07182459677419355 -0.03698139373627644 -0.18381502890173412 -0.19152501795547044 -0.08396203455828669 -0.19160468927265853 0.005124263387138098 -0.1457953657901588 -0.03184290831895979 -0.05116959064327485 -0.13576894593927422 -0.14365802382620885 -0.24017219893508557 -1.6670593779453349 -2.9035739985608062 -1.5419866237304931 -1.7909877800407332 -0.6248415716096325 -0.21776203594385413 -0.176022176022176 0.041033067825247405 -0.1580292818963514 -0.1862044735917555 -0.6953602685529314 -1.672021749876421 -1.4662355428429303 -1.0998350881644043 -0.46809038986838836 -0.15145680913874984 -0.22108608539450048 -0.17247987734764275 -0.1446718419195483 -0.3319108582266476 -2.155268022181146 -2.6531365313653135 -2.2531583466208756 -1.7023928215353936 -0.4724902870033839 -0.31221182979844553 -0.27381299155257793 -0.22749999999999998 -0.16589549712222096 -0.30991031899194 -0.7938417127736348 -1.335936575553189 -1.113409588707715 -0.6139256301472423 -0.3836126629422719 -0.2146558105107328 -0.21879854997410667
-0.009815950920245398 -0.0011212019284673178 0.01902630106323447 -0.12121911798660814 -0.034089573292582574 -0.07565906135477007 0.07836414840210602 0.027936353698530304 0.05388760585065435 -0.06341328921974083 -0.07827294533518495 -0.007326901941629015 -0.08143712574850298 -0.15878877400295419 -0.06564551422319474 -0.1295496607032696 -0.036368359527211326 -0.12416794674859191 -0.07987220447284345 -0.07987880457237294 -0.09315977539561 0.013595352861203804 -0.16542795492687604 -0.09062723586930599 -0.15282475259927347 0.008848438882568579 -0.020685197155785394 0.017971758664955075 -0.051504472756844666 0.11375236984103836 0.045074050225370255 -0.029907883718148103 0.012030798845043308 -0.13665497641794655 0.01869158878504673 -0.12054647736405036 0.19607843137254902 0.034857219466416414 0.09380604221271902 -0.09552757273122015 -0.0655241935483871 -0.025424708193690054 -0.15838150289017341 -0.15561407708881972 -0.0352883913360915 -0.16513298878104118 0.0025621316935690473 -0.16401978651392868 -0.03184290831895979 -0.03801169590643275 -0.11972352505554182 -0.15300163513197854 -0.19372380197122466 -0.9743166823751178 -2.53058287359079 -1.5494178845677484 -2.4758146639511205 -1.02915082382763 -0.2558048012593467 -0.21067221067221067 0.036205648081100654 -0.15338136184057635 -0.14755826209157982 -0.5646804939455701 -1.5472071181413742 -1.4475811466235542 -1.295192185716098 -0.5736280109262479 -0.17584392247465025 -0.23214038966422548 -0.14692730292576975 -0.1470242295930369 -0.24774774774774772 -1.3949476278496613 -2.46740467404674 -2.280142278915737 -2.5137088733798607 -0.6642436395538288 -0.3095771308128047 -0.28400815613166325 -0.205 -0.16589549712222096 -0.25542059257577476 -0.6603319701707961 -1.2732221038930303 -1.1194937941104892 -0.6900424257549289 -0.3997517070142769 -0.2146558105107328 -0.22786121180735375
-0.012269938650306747 -0.004484807713869268 0.024622271964185788 -0.0935118910182406 -0.05054660867520866 -0.07802340702210664 0.03795763438227011 0.03158022592007774 0.0474724146779574 -0.07306313757926661 -0.08206034591591972 -0.007326901941629017 -0.07664670658682635 -0.13293943870014768 -0.06178401338653623 -0.12584824182603332 -0.04286270944278477 -0.12288786482334871 -0.07321618743343981 -0.08125602534086214 -0.08295048494129657 0.013595352861203804 -0.15224166866458883 -0.054853326973527315 -0.1490667668796192 0.01516875237011755 -0.04266321913380737 0.02439024390243903 -0.046082949308755755 0.11958582470468135 0.045074050225370255 -0.026318937671970327 0.024061597690086624 -0.08949086951263756 0.013707165109034265 -0.12188588266809534 0.16246498599439776 0.04558251776377531 0.1007035453165954 -0.10276451005934288 -0.06174395161290321 -0.04275973650756963 -0.1375722543352601 -0.1460378261910462 0.00851788756388416 -0.1777385604437161 0.012810658467845248 -0.22910700338453527 -0.03184290831895979 -0.06286549707602339 -0.10491236731671191 -0.1506657323055361 -0.1506740681998414 -0.460650329877474 -2.157591748620773 -1.4998761456527125 -2.979887983706721 -1.6717363751584284 -0.31221303948576673 -0.2259182259182259 0.036205648081100654 -0.1464094817569138 -0.10656985595502988 -0.4208128521759981 -1.419920909540287 -1.4189777390871783 -1.3890650767474313 -0.6903402036255277 -0.1950969066872032 -0.25286721016995994 -0.11754184234061578 -0.15408139261350268 -0.1659554291133239 -0.7640172520024644 -2.281672816728167 -2.2973138721942847 -3.2402791625124627 -0.9913522997869407 -0.3095771308128047 -0.3116807457034663 -0.1875 -0.13993905879697552 -0.21682370303099102 -0.4594659610295886 -1.1679091231806888 -1.0951569724993917 -0.754928874469678 -0.3972687771570453 -0.20602023192696767 -0.21879854997410667
-0.01595092024539877 -0.0033636057854019505 0.02238388360380526 -0.06695913184022166 -0.05524861878453039 -0.07802340702210664 0.02203991673809232 0.03765334628932345 0.04234026173979985 -0.07995588640749932 -0.08206034591591971 -0.0036634509708145064 -0.07904191616766468 -0.11201378631216148 -0.0579225125498777 -0.12708204811844542 -0.036368359527211326 -0.13312852022529442 -0.06522896698615548 -0.09227379148877565 -0.08805513016845329 0.014831294030404151 -0.15224166866458883 -0.026234199856904367 -0.1553300764123763 0.021489065857666544 -0.06076276664511959 0.04107830551989731 -0.03523990241257794 0.12541927956832435 0.051513200257566005 -0.02392630697451848 0.03128007699711261 -0.039908090458338374 0.013707165109034272 -0.10179480310742033 0.15406162464985995 0.06971443893283283 0.10346254655814598 -0.09408018526559558 -0.06678427419354838 -0.04044839939905236 -0.14104046242774565 -0.1328704812066076 0.030421027013871987 -0.1563090886171688 0.023059185242121444 -0.30070294194220254 -0.053071513864932994 -0.08333333333333334 -0.09874105159219945 -0.14599392665265126 -0.1325478645066274 -0.21324222431668233 -1.6670664427920368 -1.432994798117414 -3.244653767820774 -2.485424588086185 -0.4105995015085925 -0.26195426195426197 0.033791938209027275 -0.1231698814780386 -0.08080571495491276 -0.2901330775686369 -1.2036579337617401 -1.3456037806243006 -1.4550298109856654 -0.8008443009684628 -0.23488640739314595 -0.25286721016995994 -0.10987607001405393 -0.15525758645024698 -0.129208155523945 -0.3598274799753543 -2.0159901599015986 -2.2776891941616584 -3.782402791625125 -1.3986715127208924 -0.33724147016203404 -0.3306146227789105 -0.18625 -0.13091073242297707 -0.1895788398229084 -0.31272552321385616 -1.0732457697313929 -1.068386468727184 -0.8060893436486148 -0.42458100558659223 -0.20972119417715276 -0.2278612118073537
-0.003680981595092024 -0.003363605785401952 0.016787912702853947 -0.051951050565689216 -0.03408957329258259 -0.07211254285376523 0.036733194563487205 0.05222883517551319 0.0603027970233513 -0.0758202371105597 -0.07322307789420528 0.010990352912443522 -0.081437125748503 -0.09970457902511079 -0.05148667782211351 -0.10363972856261568 -0.0389660994934407 -0.11520737327188939 -0.06922257720979766 -0.08951934995179726 -0.08295048494129657 0.02719070572240761 -0.14385039558858786 0.0 -0.15282475259927347 0.034129692832764506 -0.06851971557853911 0.06803594351732992 -0.03659528327460017 0.13271109814787813 0.06310367031551836 -0.025122622323244408 0.04331087584215591 -0.015721368968436327 0.023676012461059194 -0.08840075006697026 0.18067226890756305 0.1018903338249095 0.1200165540074493 -0.07960631060935013 -0.05292338709677419 -0.03698139373627644 -0.13641618497109825 -0.10294469715106536 0.054757848624969574 -0.131097945291819 0.008967460927491674 -0.35797969278833636 -0.10746981557648931 -0.09649122807017543 -0.1061466304616144 -0.1424900724129876 -0.1325478645066274 -0.14019792648444865 -1.1513552410650036 -1.3314342333415903 -3.373217922606925 -3.2915082382762995 -0.5758887577069396 -0.2993762993762994 0.04344677769732078 -0.09644434115733211 -0.05738376859116993 -0.20381249250689365 -0.8440434997528425 -1.2398955353811716 -1.4968920461753141 -0.9672212565185001 -0.2490052624823514 -0.26530330247340056 -0.10604318385077297 -0.1340860973888497 -0.13039355144618303 -0.15526802218114605 -1.5928659286592866 -2.206549736293389 -4.168743768693918 -1.8561223210928688 -0.4004742458174153 -0.33061462277891057 -0.16999999999999998 -0.10156867170748222 -0.1691451924168464 -0.20928554245850375 -0.9111347769494735 -1.0038938914577757 -0.8310456700773645 -0.4208566108007449 -0.2134221564273378 -0.21232522009321592
0.015950920245398775 -0.0011212019284673185 0.038052602126468944 -0.025398291387670285 -0.0070530151639825985 -0.061472987350750685 0.04163095383861883 0.07166282035709949 0.07056710289966642 -0.068927488282327 -0.05049867440979674 0.021980705824887044 -0.06586826347305388 -0.07508616445100935 -0.003861500836658513 -0.08760024676125851 -0.0051954799324587546 -0.08960573476702509 -0.059904153354632596 -0.07436992149841619 -0.06125574272588056 0.040786058583611416 -0.13426036921601534 0.008347245409015025 -0.11900288112238508 0.0353937555302743 -0.06464124111182935 0.09499358151476252 -0.028462998102466792 0.13125273443196736 0.07984546039922731 -0.020337360928340716 0.06135707410972089 0.004837344297980409 0.052336448598130844 -0.09509777658719529 0.1988795518207283 0.12065960584528757 0.12277555524899988 -0.09263279779997105 -0.031502016129032265 -0.03235871951924188 -0.12369942196531789 -0.08259516399329661 0.08396203455828669 -0.11849237362914408 0.007686395080707148 -0.5063785472533194 -0.1751359957542789 -0.10964912280701755 -0.09874105159219947 -0.13081055828077554 -0.1416109663532344 -0.10485391140433553 -0.6524346366035021 -1.1642308645033441 -3.402494908350306 -4.086185044359949 -0.7661025842844025 -0.33957033957033955 0.05310161718561429 -0.07436672089240064 -0.031619627591052815 -0.1510610238580506 -0.4448838358872962 -1.0744932222360404 -1.5628567804135483 -1.14228954556742 -0.29007829546913105 -0.2791211828105568 -0.0741024658234317 -0.11644318983768527 -0.10194404931247036 -0.08749229821318547 -0.9889298892988932 -2.0740831595731626 -4.415503489531406 -2.3185862890086475 -0.4518508760374127 -0.33498397902709 -0.13125 -0.07561223338223678 -0.1475763423771143 -0.15155159971133028 -0.6105786297479588 -0.9089802871744951 -0.8085849762914898 -0.4233395406579764 -0.19245003700962254 -0.20973588814085967
-0.001226993865030676 0.006727211570803901 0.02686066032456631 -0.016162549064881092 0.009404020218643469 -0.06383733301808725 0.030610995469572667 0.0607312036924572 0.06671798819604824 -0.07582023711055971 -0.05933594243151118 0.03174990841372573 -0.07305389221556886 -0.06770064007877892 0.0167331702921869 -0.08760024676125851 0.0038966099493440683 -0.07808499743983614 -0.06656017039403621 -0.07850158380388375 -0.061255742725880545 0.04202199975281177 -0.13066410932630063 0.013117099928452183 -0.0851810096454967 0.027809379345215525 -0.08274078862314156 0.10654685494223363 -0.02439685551640011 0.11521073355694914 0.0695428203477141 -0.016748414882162943 0.052935514918190575 0.02418672148990204 0.09096573208722743 -0.09911599249933031 0.19747899159663868 0.12736291728113688 0.0993240446958201 -0.10421189752496743 -0.042842741935483875 -0.031203050964983242 -0.13410404624277455 -0.07182188173330141 0.09247992212217085 -0.11092903063153917 -0.028183448629259544 -0.7563134600364488 -0.32108265888284465 -0.13450292397660818 -0.12342631449024935 -0.12029899556178462 -0.14840829273818962 -0.06715362865221489 -0.30822739266011034 -0.9871191478820908 -3.4139511201629333 -4.740177439797212 -0.9917355371900827 -0.37837837837837834 0.03741250301713734 -0.0697188008366256 -0.05035718468204707 -0.12468528953362908 -0.15694513099357388 -0.8170625544086555 -1.650386908537359 -1.3968214551775513 -0.35682197407264793 -0.28741191101285063 -0.08176823814999361 -0.09997647612326512 -0.10431484115694642 -0.06038200862600125 -0.4477244772447725 -1.8066969213786332 -4.56505483549352 -2.766010778293019 -0.5177183506784349 -0.332071074861637 -0.12375 -0.054169958243990526 -0.12827789760472244 -0.113062304546548 -0.31002248254644427 -0.7301046483329279 -0.7986024457199901 -0.4481688392302917 -0.18998272884283246 -0.19937856033143447
-0.00736196319018405 0.0033636057854019505 0.02574146614437605 -0.01500808127453244 0.02938756318326084 -0.07802340702210664 0.02693767601322395 0.04615571480626747 0.06671798819604824 -0.0827129859387924 -0.056811008711021335 0.030528758090120893 -0.08143712574850298 -0.06646971935007386 0.03346634058437379 -0.09747069710055523 -6.938893903907229e-19 -0.07296466973886329 -0.08120340788072418 -0.07436992149841619 -0.07018887187340479 0.040786058583611416 -0.1354591225125869 0.02384927259718578 -0.061380433421019676 0.013904689672607762 -0.10213316095669037 0.12323491655969192 -0.04201680672268908 0.13125273443196736 0.06310367031551836 -0.02153367627706664 0.06256015399422522 0.03023340186237755 0.12461059190031151 -0.12590409858023038 0.17366946778711487 0.12334093041962728 0.049662022347910055 -0.1128962223187147 -0.054183467741935484 -0.038137062290535075 -0.14913294797687865 -0.06463969355997126 0.0997809686055001 -0.10462624480020169 -0.06533435818601077 -1.092163499088779 -0.5400026535756932 -0.15789473684210525 -0.12589484078005433 -0.12497080121466946 -0.154072731392319 -0.056550424128180954 -0.10434156872151594 -0.7418875402526628 -3.3744908350305503 -5.193916349809886 -1.1793257247802704 -0.4158004158004158 0.028964518464880518 -0.06623286079479432 -0.056212671272982774 -0.10190624625344682 0.01606524962926347 -0.5720681507275215 -1.7290371685906383 -1.7779985100571143 -0.42741624951867535 -0.29432085118142876 -0.0715472083812444 -0.08939073159256647 -0.09127548601232813 -0.03203943314849045 -0.11685116851168512 -1.5233656322825953 -4.59247258225324 -3.0655470610352173 -0.5480173890133051 -0.31313719778619287 -0.10999999999999999 -0.0451416318699921 -0.11579066863435125 -0.08299254269906182 -0.11477931605727132 -0.5633974202969094 -0.7748939356126778 -0.4779639975170702 -0.19738465334320257 -0.1890212325220093
-0.0024539877300613507 0.0056060096423365844 0.03133743704532736 -0.013853613484183788 0.034089573292582574 -0.05556212318240926 0.0183665972817436 0.043726466658569184 0.0731331793687452 -0.0827129859387924 -0.07827294533518496 0.025644156795701555 -0.08502994011976048 -0.0726243229935992 0.016733170292186888 -0.08266502159161011 -0.025977399662293798 -0.07168458781362007 -0.08386581469648563 -0.07023825919294863 -0.07274119448698316 0.045729823260412805 -0.13665787580915847 0.020271881707607915 -0.0626330953275711 0.037921880925293895 -0.12281835811247577 0.10654685494223363 -0.04743833017077799 0.11521073355694914 0.07984546039922731 -0.020337360928340712 0.07459095283926853 0.02902406578788246 0.1395638629283489 -0.08572193945888025 0.15966386554621853 0.09116503552755059 0.016554007449303347 -0.13171225937183384 -0.07308467741935484 -0.06125043337570785 -0.1514450867052023 -0.08858032080440507 0.09369676320272571 -0.09454178747006178 -0.08455034588777863 -1.5256443634470191 -0.9287514926363276 -0.23684210526315788 -0.12836336706985932 -0.11329128708245736 -0.15633850685397074 -0.04123468426013195 -0.09834492684096904 -0.3728015853356453 -2.9849796334012217 -5.272496831432194 -1.2357339630066904 -0.4352044352044352 0.024137098720733767 -0.0639089007669068 -0.06558144981847991 -0.10430404028293969 0.017301038062283735 -0.3220992413878871 -1.586959279462134 -2.4447479513285324 -0.5146964446155821 -0.30399336741743815 -0.049827520122652354 -0.08233356857210068 -0.06993835941204363 -0.02464571780653111 -0.07995079950799508 -0.9064148166319146 -4.19616151545364 -3.103145757613736 -0.5282571466209985 -0.31313719778619287 -0.09 -0.03047060151224467 -0.09535702122828926 -0.07096463796006736 -0.09939652112176073 -0.31759552202482355 -0.6725729972548041 -0.47175667287399137 -0.17271157167530227 -0.17866390471258414
0.0049079754601227005 0.013454423141607807 0.0302182428651371 -0.005772338951743247 0.04231809098389562 -0.029554320841707053 0.013468838006611975 0.04251184258472005 0.0718501411342058 -0.08960573476702509 -0.08584774649665447 0.026865307119306386 -0.08023952095808383 -0.06770064007877892 0.012871669455528385 -0.0740283775447255 -0.03377061956098194 -0.08064516129032259 -0.077209797657082 -0.08263324610935133 -0.07401735579377233 0.03955011741441107 -0.12946535602972908 0.02623419985690436 -0.0626330953275711 0.05688282138794084 -0.14091790562378798 0.06161745827984597 -0.05828137706695582 0.08312673180691264 0.09014810045074051 -0.01674841488216294 0.06857555341674688 0.02055871326641674 0.14953271028037382 -0.04955799624966515 0.13305322128851543 -0.01072529829735891 -0.05655952545178644 -0.16500217108119844 -0.0793850806451613 -0.06934011325551832 -0.1514450867052023 -0.09456547761551352 0.09126308104161597 -0.08193621580738686 -0.09223674096848578 -1.7898984639416817 -1.3241342709300783 -0.3026315789473684 -0.12466057763515181 -0.10745153001635133 -0.15747139458479664 -0.0353440150801131 -0.0899496282082034 -0.1882586078771365 -2.6132892057026478 -5.429657794676806 -1.2803358257903712 -0.44629244629244624 0.01930967897658701 -0.05577504066930049 -0.07495022836397705 -0.09950845222395396 0.018536826495304002 -0.22136550180325837 -1.4448813903336295 -3.003476533399553 -0.6019766397124888 -0.30952051955230064 -0.0485498914015587 -0.06469066102093626 -0.06638217164532954 0.001232285890326558 -0.05535055350553506 -0.4918434931926898 -3.81480558325025 -3.0981325980699332 -0.5084969042286919 -0.3116807457034664 -0.07625 -0.028213519918745066 -0.0896810080599387 -0.06134231416887177 -0.08993018577683114 -0.19104404964711608 -0.561517344646868 -0.451893234016139 -0.16777695534172216 -0.17219057483169342
0.0012269938650306736 0.00784841349927122 0.02574146614437605 -0.0069268067420918955 0.03879158340190431 -0.026007802340702206 0.004897759275131627 0.04008259443702176 0.07569925583782397 -0.09511993382961126 -0.08711021335689939 0.006105751618024181 -0.08502994011976048 -0.07139340226489413 0.007723001673317029 -0.07772979642196176 -0.046759319392128844 -0.11136712749615976 -0.0878594249201278 -0.10191433686819998 -0.07401735579377233 0.023482882214806575 -0.13426036921601536 0.02027188170760792 -0.07014906676687963 0.06952344836303881 -0.16806722689075632 0.02439024390243903 -0.09487666034155598 0.06125127606825141 0.09529942047649712 -0.025122622323244415 0.06496631376323389 0.02418672148990204 0.15202492211838006 -0.03482453790517011 0.09103641456582633 -0.18367073334227108 -0.2083045937370672 -0.20552902011868576 -0.08694556451612903 -0.08783081012365654 -0.16184971098265893 -0.11012688532439549 0.08274519347773181 -0.09328123030379427 -0.1037663335895465 -1.900546732621713 -1.674406262438636 -0.39035087719298245 -0.12712910392495677 -0.10861948142957252 -0.16087005777727428 -0.028275212064090484 -0.09474694171264092 -0.12509289076046567 -2.07357433808554 -5.612167300380228 -1.3275613275613274 -0.4629244629244629 0.015689114168476948 -0.05809900069718801 -0.07963461763672561 -0.07792830595851816 0.014829461196243204 -0.19027484143763213 -1.2571356082709628 -3.3225726347156685 -0.6481838018226158 -0.3039933674174381 -0.04727226268046506 -0.05645730416372617 -0.06282598387861546 0.020948860135551445 -0.04920049200492005 -0.3017294247516252 -3.179212362911267 -3.0304549442285995 -0.5124489527071533 -0.30439848528983393 -0.0625 -0.0440130910732423 -0.08400499489158815 -0.06013952369497233 -0.08046385043190155 -0.13263567778048185 -0.4504616920389319 -0.43699565487274983 -0.16284233900814207 -0.1851372345934749
-0.0036809815950920254 0.010090817356205855 0.03469501958589815 -0.010390210113137843 0.02938756318326084 -0.02127911100602908 0.004897759275131629 0.0388679703631726 0.055170644085193746 -0.09511993382961123 -0.07196061103396036 0.009769202588838682 -0.08023952095808384 -0.06277695716395863 0.0167331702921869 -0.0727945712523134 -0.0389660994934407 -0.1331285202252944 -0.09717784877529287 -0.10742321994215673 -0.08422664624808576 0.022246941045606226 -0.13665787580915847 0.028619127116622938 -0.0751597143930853 0.08342813803564655 -0.17194570135746606 -0.0012836970474967846 -0.13689346706424504 0.05250109377278692 0.0849967804249839 -0.016748414882162936 0.06256015399422522 0.022977385415406937 0.14454828660436136 -0.02678810608090008 0.07983193277310924 -0.3485721946641641 -0.41522968685335904 -0.23302938196555217 -0.08694556451612903 -0.10054316422050155 -0.15606936416184972 -0.11970313622216902 0.08639571671939646 -0.10714735913273668 -0.10760953112990009 -1.9916688362405623 -1.8150457741807084 -0.4692982456140351 -0.13576894593927422 -0.09226816164447557 -0.1586042823156225 -0.00942507068803016 -0.09714559846485968 -0.08050532573693335 -1.4765784114052956 -5.67680608365019 -1.3446149809786172 -0.4476784476784477 0.019309678976587013 -0.04531722054380665 -0.07846352031853847 -0.07193382088478598 0.018536826495304002 -0.16788956597438126 -1.1175948243054674 -3.411969207847032 -0.664869721473495 -0.2984662152825756 -0.03960649035390315 -0.04116678428605035 -0.050972024656235196 0.03820086260012323 -0.03444034440344403 -0.23426959401447323 -2.3255234297108673 -2.854994360195513 -0.5032275062574101 -0.30439848528983393 -0.06625 -0.032727683105744275 -0.08400499489158815 -0.03969208563868174 -0.07809726659566915 -0.09247992212217084 -0.34564512103818323 -0.4022346368715084 -0.155440414507772 -0.1734852408078716
0.0024539877300613494 0.013454423141607805 0.043648573027420264 -0.004617871161394596 0.04466909603855648 -0.01655041967135595 0.04163095383861883 0.03158022592007773 0.0603027970233513 -0.10201268265784394 -0.0744855447544502 -4.163336342344337e-18 -0.06946107784431138 -0.05785327424913835 0.02059467112884541 -0.0715607649599013 -0.03377061956098194 -0.15232974910394265 -0.11182108626198081 -0.10742321994215673 -0.09315977539561002 0.0160672351996045 -0.1426516422920163 0.02981159074648223 -0.07390705248653388 0.07837188724560737 -0.15901745313510018 -0.03594351732991014 -0.16942260775277854 0.02770891060230422 0.08370895041854476 -0.021533676277066635 0.06015399422521657 0.025396057564397147 0.1470404984423676 -0.02678810608090008 0.10224089635854343 -0.48397908566832015 -0.5835287625879432 -0.2996092053842814 -0.09198588709677419 -0.09707615855772564 -0.15491329479768784 -0.11970313622216902 0.09369676320272571 -0.10336568763393421 -0.12042018959774532 -2.0190054673262168 -1.8588297731192782 -0.510233918128655 -0.1394717353739817 -0.07591684185937865 -0.15747139458479664 -0.004712535344015079 -0.09714559846485968 -0.060688630170919 -1.0730651731160896 -5.484157160963245 -1.3433031614849795 -0.437976437976438 0.030171373400917207 -0.03253544039042529 -0.07260803372760276 -0.06713823282580025 0.03830944142362828 -0.14923516975500556 -1.031333248763161 -3.4963993046933206 -0.6533179309459631 -0.28879369904656627 -0.04727226268046506 -0.018819101387908727 -0.05097202465623518 0.05422057917436844 -0.03075030750307503 -0.1888875260640255 -1.5677966101694913 -2.5366587291640554 -0.4861019628507444 -0.2927468686280221 -0.0625 -0.023699356731745856 -0.08627540015892836 -0.03728650469088284 -0.07099751508697197 -0.07179362375273787 -0.24457199900174698 -0.40968342644320294 -0.1505057981741919 -0.16701191092698087
0.011042944785276074 0.01569682699854244 0.05036373810856183 -0.004617871161394596 0.050546608675208646 -0.02127911100602908 0.0563242316640137 -0.006073120369245719 0.0590197587888119 -0.1144196305486628 -0.07322307789420526 0.002442300647209668 -0.051497005988023946 -0.05292959133431807 0.02188183807439825 -0.07402837754472548 -0.04935705935835823 -0.1894521249359959 -0.13312034078807242 -0.10880044071064592 -0.08039816232771821 0.01853911753800519 -0.13306161591944377 0.028619127116622945 -0.07265439057998248 0.0720515737580584 -0.14091790562378798 -0.09242618741976893 -0.2005963675792898 0.0014583637159107487 0.07726980038634901 -0.017944730230888863 0.05413859480269491 0.01814004111742653 0.1383177570093458 -0.052236806857755155 0.09663865546218488 -0.6287706126826652 -0.6828528072837633 -0.364741641337386 -0.0919858870967742 -0.09014214723217381 -0.13757225433526016 -0.11730907349772564 0.09856412752494523 -0.10840791629900415 -0.15885216500128105 -2.019005467326217 -1.8880191057449913 -0.5292397660818714 -0.12589484078005428 -0.05255781359495445 -0.13821230316075678 0.0070688030160226175 -0.08635164307987528 -0.050780282387911824 -0.8821283095723015 -5.049429657794677 -1.2724649088285451 -0.42134442134442135 0.04344677769732078 -0.03369742040436905 -0.0702658390912285 -0.06593933581105382 0.055610479485912 -0.15420967541350578 -0.9552200938728909 -3.455425875341446 -0.6148119625208573 -0.29846621528257566 -0.03832886163280951 -0.0011761938367442937 -0.046230440967283064 0.06777572396796057 -0.023370233702337023 -0.16067705139212557 -1.0069790628115651 -2.1330993858879554 -0.458437623501515 -0.2869210602971163 -0.04375 -0.016928111951247042 -0.06470655011919628 -0.02886697137358672 -0.06034788782392616 -0.06327573618885372 -0.1684552033940604 -0.4059590316573556 -0.1295336787564767 -0.15277058518902126
-0.006134969325153374 0.003363605785401952 0.05036373810856183 -0.008081274532440544 0.03761608087457388 -0.023643456673365645 0.039182074201053005 -0.030365601846228597 0.03977418527072106 -0.11717673007995588 -0.07701047847494003 -0.008548052265233853 -0.05269461077844312 -0.055391432791728215 0.027030505856609606 -0.08266502159161011 -0.04935705935835823 -0.213773681515617 -0.12380191693290735 -0.1101776614791351 -0.09188361408882081 0.012359411692003462 -0.13785662910573007 0.020271881707607915 -0.07515971439308532 0.06446719757299962 -0.14221073044602456 -0.14762516046213092 -0.2209270805096232 -0.01895872830683972 0.05280103026400516 -0.025122622323244404 0.03729547641963426 0.010884024670455919 0.11214953271028036 -0.06830967050629519 0.03081232492997199 -0.7360235956562542 -0.760104842047179 -0.4038211029092488 -0.1033266129032258 -0.10401016988327746 -0.13757225433526013 -0.12568829303327747 0.09369676320272571 -0.11975293079541156 -0.18447348193697155 -2.0190054673262168 -1.8800583786652514 -0.5321637426900584 -0.11725499876573683 -0.04905395935529082 -0.12235187492919455 0.00824693685202639 -0.0743583593187815 -0.045826108496408224 -0.8223014256619144 -4.403041825095057 -1.1425947789584152 -0.4019404019404019 0.030171373400917207 -0.046479200557750414 -0.07963461763672561 -0.07433161491427884 0.05066732575383094 -0.14052978485263024 -0.9032094380312063 -3.3039483486466352 -0.6032601719933256 -0.27912118281055687 -0.0332183467484349 -0.014114326040931546 -0.029634898055950692 0.060382008626001224 -0.01968019680196802 -0.1435054581135778 -0.6069292123629112 -1.660609098884572 -0.40310894480305626 -0.2810952519662103 -0.052500000000000005 -0.02031373434149645 -0.07038256328754683 -0.03488092374308395 -0.05206484439711277 -0.057191530786079324 -0.12353381582231093 -0.3972687771570452 -0.11843079200592155 -0.1488865872604868
-0.008588957055214726 -0.013454423141607802 0.05036373810856184 -0.019625952435927033 0.03526507581991301 -0.03901170351105332 0.0379576343822701 -0.06073120369245718 0.028226841159866567 -0.1419906258615936 -0.08079787905567476 -0.010990352912443522 -0.05149700598802396 -0.05662235352043328 0.0167331702921869 -0.09006785934608266 -0.08442654890245486 -0.24449564772145416 -0.13844515441959532 -0.12394986916402699 -0.09954058192955588 -0.007415647015202076 -0.14385039558858786 0.0059623181492964444 -0.09520230489790807 0.04297813171533309 -0.15643180349062705 -0.21052631578947367 -0.24532393602602331 -0.05250109377278693 0.04121056020605281 -0.03828209115922958 0.021655437921077957 -1.3877787807814458e-18 0.08473520249221184 -0.08304312885079025 -0.007002801120448171 -0.8164633328864458 -0.794592357566561 -0.42118975249674334 -0.11214717741935484 -0.1144111868716052 -0.13757225433526013 -0.13526454393105097 0.07787782915551228 -0.13361905962435397 -0.21265693056623108 -1.9330903410570162 -1.8389279554199285 -0.5350877192982456 -0.11478647247593185 -0.06073347348750292 -0.10649144669763226 -0.0058906691800188525 -0.079155672823219 -0.0644042605895467 -0.8172097759674134 -3.6780735107731304 -0.9773055227600681 -0.3853083853083853 0.031378228336953896 -0.05809900069718801 -0.08900339618222275 -0.08632058506174319 0.04325259515570934 -0.13306802636487997 -0.8169478624889001 -3.13508815495406 -0.5647542035682196 -0.25977615033853807 -0.029385460585153948 -0.028228652081863093 -0.020151730678046466 0.05052372150338878 -0.01107011070110701 -0.13246657672022571 -0.3165503489531406 -1.1868655219952373 -0.3319720721907522 -0.27526944363530437 -0.05750000000000001 -0.03047060151224467 -0.07151776592121693 -0.045706038008178976 -0.07336409892320436 -0.06084205402774399 -0.11854255053656101 -0.3860955927995034 -0.13200098692326673 -0.1540652511651994
-0.0024539877300613507 -0.008969615427738536 0.05595970900951316 -0.016162549064881092 0.03879158340190431 -0.021279111006029083 0.03673319456348719 -0.036438722215474305 0.014113420579933283 -0.1102839812517232 -0.06691074359298069 -0.0170961045304677 -0.03952095808383234 -0.06770064007877893 0.018020337237739735 -0.09376927822331893 -0.1065073386154046 -0.261136712749616 -0.14643237486687966 -0.13359041454345133 -0.09443593670239918 -0.009887529353602768 -0.1390553824023016 0.0035773908895778694 -0.09645496680445949 0.0379218809252939 -0.15513897866839044 -0.24390243902439018 -0.2602331255082678 -0.04666763890914394 0.039922730199613655 -0.045459983251585116 0.015640038498556302 -0.01693070504293143 0.07725856697819314 -0.10045539780337528 -0.03641456582633053 -0.8620458506502212 -0.8152848668781901 -0.42697930235924153 -0.0932459677419355 -0.1144111868716052 -0.1260115606936416 -0.13526454393105097 0.08761255779995131 -0.14244295978822638 -0.207532667179093 -1.7391304347826089 -1.727477776303569 -0.5233918128654971 -0.09750678844729696 -0.04905395935529082 -0.0962954571201994 -0.009425070688030161 -0.07435835931878147 -0.07678969531830568 -0.7942973523421589 -3.041825095057034 -0.7726616817525908 -0.34511434511434513 0.03620564808110065 -0.04415524052986289 -0.0702658390912285 -0.08272389401750388 0.06426099851705389 -0.1206317622186295 -0.6900926043384498 -2.848274149490936 -0.49159286356051857 -0.23352217769794112 -0.02171968825859205 -0.022347682898141614 -0.013039355144618302 0.06777572396796057 0.0036900369003690036 -0.08831105114681712 -0.1258723828514457 -0.6955758867025943 -0.2595178500856277 -0.2403145936498689 -0.05000000000000001 -0.033856223902494084 -0.06924736065387671 -0.05412557132547511 -0.07099751508697197 -0.06084205402774399 -0.08984277514349888 -0.3376784605834885 -0.11349617567234146 -0.14241325737959606
-0.007361963190184051 0.0011212019284673196 0.048125349748181306 0.0023089355806972995 0.034089573292582574 -0.011821728336682824 0.026937676013223943 -0.023077857403133735 0.0025660764690787798 -0.09787703336090434 -0.06817321045322558 -0.008548052265233847 -0.041916167664670656 -0.06400787789266371 0.021881838074398252 -0.08636644046884638 -0.11300168853097806 -0.26241679467485923 -0.13711395101171459 -0.12670431070100538 -0.09571209800918837 0.0024718823384006923 -0.1438503955885879 0.0023849272597185793 -0.09896029061756233 0.031601567437744914 -0.1590174531351002 -0.26829268292682923 -0.26294388723231227 -0.06416800350007291 0.029620090148100447 -0.045459983251585116 -0.0036092396535129913 -0.010884024670455919 0.06105919003115264 -0.10849182962764532 -0.07422969187675069 -0.8875184341064486 -0.8111463650158643 -0.4298740772904906 -0.08568548387096774 -0.11556685542586384 -0.12023121387283235 -0.13646157529327269 0.09126308104161594 -0.1563090886171688 -0.20497053548552396 -1.444936214527467 -1.5496882048560434 -0.4985380116959065 -0.09133547272278449 -0.032702639570193884 -0.09856123258185114 -0.0023562676720075403 -0.08155432957543775 -0.07926678226405746 -0.7917515274949084 -2.5792141951837775 -0.5811360356814903 -0.2952182952182952 0.03620564808110065 -0.037183360446200325 -0.06558144981847992 -0.07792830595851816 0.07414730598121602 -0.10819549807237905 -0.559431688443486 -2.445989570399801 -0.41458092671030683 -0.21417714522592232 -0.024274945700779354 -0.011761938367442956 -0.018966334755808438 0.08256315465187923 0.0024600246002460025 -0.0686863731141911 -0.04112662013958125 -0.3659606466975812 -0.22790146225793703 -0.23157588115351002 -0.05 -0.02031373434149645 -0.07378817118855716 -0.044503247534279526 -0.06981422316885577 -0.04258943781942078 -0.07112553032193661 -0.27808814400993176 -0.09869232667160129 -0.12299326773692387
-0.006134969325153375 -0.0022424038569346326 0.048125349748181306 -0.001154467790348649 0.027036558128599973 -0.016550419671355954 0.030610995469572667 -0.02915097777237946 0.0012830382345393894 -0.1033912324234905 -0.051761141270041666 -0.008548052265233847 -0.028742514970059883 -0.068931560807484 0.03089200669326812 -0.09253547193090683 -0.11300168853097806 -0.2752176139272913 -0.14376996805111822 -0.14323095992287566 -0.0816743236345074 0.0037078235076010387 -0.1330616159194438 -0.0023849272597185776 -0.08768633345859952 0.03033750474023512 -0.1512605042016807 -0.26829268292682923 -0.24939007861209 -0.05541782120460843 0.025756600128783003 -0.05024524464648881 -0.00962463907603465 -0.013302696819446125 0.044859813084112146 -0.11117064023573535 -0.09523809523809523 -0.8687491620860704 -0.7794178507380328 -0.4139528151686206 -0.06930443548387097 -0.09476482144920838 -0.11445086705202312 -0.12209719894661239 0.09004623996106108 -0.1411824026219589 -0.19472200871124776 -1.0400937255922935 -1.175534032108266 -0.4283625730994152 -0.08392989385336952 -0.03737444522307873 -0.08949813073524412 -0.008246936852026392 -0.07795634444710961 -0.07926678226405746 -0.7522912423625254 -2.443599493029151 -0.49980322707595437 -0.2591822591822591 0.04948105237750422 -0.03485940041831281 -0.04098840613654995 -0.07073492387003956 0.08650519031141868 -0.08581022260912823 -0.3983255105924141 -1.723367270921281 -0.31061481196252083 -0.1948321127539035 -0.020442059537498405 -0.011761938367442954 -0.008297771455666191 0.07393715341959335 0.006150061500615006 -0.07236600024530847 -0.02741774675972084 -0.29076325354054394 -0.2002371229087077 -0.22283716865715117 -0.05500000000000001 -0.01805665274799684 -0.06924736065387671 -0.045706038008178976 -0.06508105549639095 -0.04137259673886591 -0.062390816071874224 -0.26070763500931105 -0.09499136442141623 -0.12428793371310203
0.007361963190184048 -0.010090817356205851 0.05036373810856183 -0.011544677903486492 0.02586105560126954 -0.028372148008038778 0.035508754744704295 -0.040082594437021744 0.008981267641775722 -0.10890543148607665 -0.05554854185077642 -0.009769202588838686 -0.03952095808383234 -0.07508616445100935 0.024456171965503922 -0.0974706971005552 -0.1311858682945837 -0.2726574500768049 -0.16107561235356763 -0.13909929761740808 -0.08422664624808575 0.002471882338400693 -0.14265164229201632 -0.0011924636298592881 -0.1027182763372166 0.03286563013525471 -0.1603102779573368 -0.2336328626444159 -0.25210084033613445 -0.03208400175003646 0.027044430135222154 -0.05622682139011844 -0.00962463907603465 -0.007256016446970615 0.029906542056074764 -0.1044736137155103 -0.10224089635854343 -0.7708808151226705 -0.7104428196992689 -0.3734259661311333 -0.07308467741935484 -0.09707615855772564 -0.12485549132947978 -0.12209719894661239 0.08517887563884155 -0.13614017395688896 -0.1960030745580323 -0.7914605571465765 -0.8066870107469816 -0.36257309941520466 -0.0752900518390521 -0.045550105115627196 -0.08270080435028887 -0.01767200754005655 -0.07555768769489085 -0.07926678226405746 -0.7001018329938901 -2.2040557667934095 -0.4394595303686214 -0.23977823977823975 0.06999758629012794 -0.03021148036253777 -0.022250849045555687 -0.07073492387003956 0.10504201680672268 -0.06839945280437756 -0.22707091208930613 -1.0802085920039732 -0.20536516493389806 -0.17134171618073785 -0.006388143605468251 -0.011761938367442956 -0.005926979611190138 0.07640172520024645 0.017220172201722016 -0.07481908499938672 -0.007477567298105689 -0.22183230981325974 -0.19233302595178503 -0.20244683949898046 -0.057499999999999996 -0.01692811195124704 -0.0681121580202066 -0.04931440942987731 -0.06153117974204236 -0.03772207349720126 -0.06987771400049914 -0.24705152079453757 -0.09499136442141623 -0.11781460383221128
0.009815950920245398 -0.011212019284673172 0.048125349748181306 -0.005772338951743247 0.018808040437286937 -0.028372148008038778 0.02448879637565813 -0.048584962953965735 0.015396458814472672 -0.11304108078301627 -0.045448806968817076 -0.012211503236048356 -0.04311377245508982 -0.08370260955194485 0.03475350752992663 -0.1110425663170882 -0.11040394856474867 -0.2611367127496159 -0.14110756123535678 -0.13359041454345133 -0.06763654925982643 0.0037078235076010387 -0.12946535602972908 0.004769854519437159 -0.0864336715520481 0.026545316647705725 -0.12798965740142215 -0.21052631578947367 -0.1992409867172676 -0.013125273443196727 0.033483580167417905 -0.05622682139011844 -0.004812319538017326 -0.0012093360744951035 0.02616822429906542 -0.1031342084114653 -0.08543417366946779 -0.6153639898109666 -0.5490412470685613 -0.32566217976552325 -0.06426411290322581 -0.10054316422050155 -0.11676300578034682 -0.12688532439549915 0.0888293988805062 -0.13992184545569142 -0.16781962592877275 -0.7120541525644364 -0.44580071646543723 -0.3011695906432748 -0.06788447296963712 -0.045550105115627196 -0.08043502888863713 -0.021206409048067858 -0.06356440393379707 -0.08050532573693336 -0.5893584521384929 -1.8453738910012678 -0.3620621802439984 -0.22453222453222454 0.07723871590634805 -0.018591680223100166 -0.014053167818245694 -0.07073492387003955 0.10874938210578347 -0.05098868299962691 -0.10275275910186474 -0.6468835361311149 -0.12065203439866512 -0.1478513196075722 0.0025552574421873002 -0.010585744530698658 -0.007112375533428164 0.08009858287122612 0.024600246002460024 -0.0834048816386606 0.014955134596211367 -0.16794084471738313 -0.1528125411671717 -0.19079522283716863 -0.06124999999999999 -0.015799571154497236 -0.0669769553865365 -0.05292278085157566 -0.059164595905809955 -0.04867364322219518 -0.06738208135762416 -0.2545003103662321 -0.08018751542067604 -0.11651993785603312
0.01104294478527607 -0.015696826998542437 0.027979854504756575 -0.010390210113137842 0.015281532855295637 -0.030736493675375343 0.02571323619444104 -0.06073120369245719 0.026943802925327175 -0.11717673007995585 -0.06564827673273578 -0.010990352912443522 -0.05389221556886228 -0.09478089611029049 0.012871669455528381 -0.12338062924120911 -0.12728925834523963 -0.2521761392729135 -0.14909478168264112 -0.1253270899325162 -0.05870342011230219 0.004943764676801384 -0.12946535602972906 -0.004769854519437155 -0.07641237629963674 0.013904689672607762 -0.1008403361344538 -0.1938382541720154 -0.14231499051233398 -0.01020854601137523 0.033483580167417905 -0.04785261394903697 -0.010827718960538985 -0.0012093360744951035 0.021183800623052963 -0.0964371818912403 -0.07422969187675069 -0.45984716449926255 -0.3407366533314941 -0.28513533072803593 -0.07308467741935484 -0.1051658384375361 -0.12716763005780346 -0.1340675125688293 0.0657094183499635 -0.14748518845329633 -0.16910069177555725 -0.6352512366571206 -0.3157755074963513 -0.2383040935672514 -0.05554184152061219 -0.04438215370240598 -0.07816925342698537 -0.03416588124410933 -0.052770448548812667 -0.08669804310131286 -0.4557026476578411 -1.385297845373891 -0.29909484454939 -0.2120582120582121 0.07844557084238474 -0.018591680223100166 -0.010539875863684274 -0.07912720297326459 0.11245674740484428 -0.048501430170376815 -0.02156539388557657 -0.4444996275142786 -0.06546014632268002 -0.14646953157385656 -0.0025552574421873015 -0.014114326040931546 -0.01778093883357041 0.06777572396796055 0.008610086100861008 -0.09199067827793447 0.013708873379860417 -0.14412833688432133 -0.13436964826768544 -0.18205651034080977 -0.05375 -0.01467103035774743 -0.07038256328754681 -0.06735626653836901 -0.05324813631522897 -0.05597468970552445 -0.0648864487147492 -0.25946617008069517 -0.076486553170491 -0.11651993785603314
