-0.008590011044299914 -0.15122661588439568 0.06604724056867793 -0.12461059190031151 -0.06933019976498236 -0.16068052930056712 -0.03304369110268021 -0.2412998666181642 -0.07431133888532993 -0.12816979051819183 -0.07953541219542988 -0.15859460778333537 -0.03116384993407647 -0.06902502157031924 -0.1377268631741537 -0.28116907140214575 -0.055887704704964916 -0.31457800511508954 0.014660802345728377 -0.210482872472142 -0.012776287210936502 -0.27140389834690354 -0.03963011889035667 -0.26234199856904367 -0.4341279799247177 -0.35723302196415047 -0.06730520320994046 -0.2641025641025641 -0.024410089503661518 -0.14558159848595137 -0.09651267533136018 -0.2812013880579155 -0.20604892155681406 -0.5129445923058311 -0.6476522605554864 -0.5593469824702261 -0.2821623131722307 -0.31170568561872913 -0.13348011559102793 -0.2097194098929708 -0.08704427904629747 -0.3540847026151354 -1.3106007886801205 -0.8290279947134447 -0.262163150835264 -0.35340148933484794 -0.011562178828365877 -0.2995813710099425 0.029224229543039326 -0.15640988159625785 -0.19404276356445432 -0.42990654205607476 -0.9150697357977094 -0.8211420481359131 -0.27524038461538464 -0.3776154512814164 -0.04837067209775968 -0.3493945509586276 -0.02361894764466605 -0.27962347729789594 -0.022941318522096115 -0.2636775467533976 -0.16635426429240863 -0.2759779217662587 -0.12098765432098764 -0.2621769383697813 -0.04819888381532217 -0.22122793934874468 -0.020541789703427914 -0.18787125293548834 -0.06257982120051087 -0.2667450058754407 -0.14092846991946945 -0.12690980778708721 -0.1375921375921376 -0.29739321992412193 -0.05973120955699353 -0.363886457421533 -0.028977871443624865 -0.2909937436345119 -0.1998001998001998 -0.1994590939824206 -0.13045944412932503 -0.11422387880245281 -0.16917070862415712 -0.22735562310030394 -0.11478477854023705 -0.2344622255303312 -0.05673408978786384 -0.23018233544549335
-0.014725733218799853 -0.16130839027668872 0.06380835105787529 -0.12922579900773046 -0.07403055229142186 -0.1677693761814745 -0.045282095214784 -0.2582757366315024 -0.09096732863549009 -0.1350606394707828 -0.08206034591591972 -0.165914358911797 -0.04075272683686924 -0.07518796992481204 -0.15960870124855195 -0.29966703662597116 -0.061086560956589556 -0.3273657289002557 0.007996801279488205 -0.21323428256981702 -0.012776287210936502 -0.27017024426350855 -0.028821904647532127 -0.29453851657524444 -0.6135508155583438 -0.41403685937894474 -0.08672016567434636 -0.26666666666666666 -0.025766205587198266 -0.13830251856165382 -0.11452837472654742 -0.30034701447888 -0.225328352813592 -0.5516573917251391 -0.7871465935982066 -0.6235782149069985 -0.3198770778041626 -0.3505016722408027 -0.1554974542452181 -0.23430720277697423 -0.11101299356629242 -0.39458458690118026 -1.7930874507074925 -1.140213865192839 -0.29874405560297523 -0.3925280827969203 -0.04753340184994861 -0.33359497645211933 -2.7755575615628915e-18 -0.18272182429469377 -0.2014584105796564 -0.45911214953271023 -1.1543258872888083 -1.0429447852760736 -0.3125 -0.40237712021790273 -0.06364562118126274 -0.3784056508577195 -0.038052748983073086 -0.30038759689922484 -0.03863801014247766 -0.2694854222325473 -0.17924086223055294 -0.2927765778737701 -0.1567901234567901 -0.27708747514910537 -0.08498224251648909 -0.24111359681829478 -0.05905764539735524 -0.19892250310816412 -0.07151979565772668 -0.28437132784958874 -0.14921837991473233 -0.1441596845736816 -0.1461916461916462 -0.3218700281483295 -0.07590841214534594 -0.39139677379017124 -0.044783983140147525 -0.3215480867161356 -0.19730269730269728 -0.19495154383592522 -0.12478729438457174 -0.12143801851629195 -0.16798769667573643 -0.23951367781155014 -0.11478477854023705 -0.24438655253690608 -0.06043413912185495 -0.23276865382128542
-0.012271444348999877 -0.17026996751428253 0.06828613007948058 -0.12807199723087576 -0.0646298472385429 -0.1642249527410208 -0.04161057398115285 -0.2558506123438826 -0.09096732863549009 -0.12954796030871002 -0.07953541219542987 -0.17445406856166892 -0.03955411722402014 -0.08628127696289907 -0.16990603681297467 -0.30829942039708963 -0.06368598908240189 -0.32864450127877237 0.014660802345728374 -0.20498005227679186 -0.02555257442187301 -0.2837404391808537 -0.018013690404707582 -0.34700691628905317 -0.8670012547051444 -0.49103761676344354 -0.11260678229355423 -0.30256410256410254 -0.023053973420124767 -0.16450720628912505 -0.11324153905546261 -0.3159028359459136 -0.225328352813592 -0.5855310912170335 -0.9366048075725495 -0.6918238993710691 -0.3561949993015784 -0.3772575250836121 -0.17063437456997382 -0.24443158808215215 -0.11984357259997476 -0.43161305253413557 -2.3080491765251683 -1.4538027153670552 -0.32313132544811607 -0.41524674996844624 -0.06937307297019527 -0.3571428571428571 -0.01726886291179596 -0.19587779564391172 -0.2014584105796564 -0.47429906542056066 -1.3833768000907134 -1.248230297310052 -0.3353365384615385 -0.40732945400519993 -0.0814663951120163 -0.38471241170534815 -0.0433014040152211 -0.3114617940199336 -0.04105288577638252 -0.2729701475200371 -0.18275538894095594 -0.3119750419966402 -0.17160493827160492 -0.29075546719681905 -0.10273972602739727 -0.25229927914491673 -0.07446398767492618 -0.20859234700925544 -0.07279693486590039 -0.2831962397179789 -0.14566556134533395 -0.14908822079842288 -0.14742014742014742 -0.32064618773711906 -0.07590841214534594 -0.39139677379017124 -0.04214963119072708 -0.31427324312527277 -0.19855144855144854 -0.21072796934865906 -0.11457742484401587 -0.13827101118191654 -0.1739027564178398 -0.25167173252279634 -0.12102308172177167 -0.25803250217094653 -0.05796743956586088 -0.24570024570024573
-0.008590011044299914 -0.15906799596729027 0.06045001679167132 -0.13499480789200416 -0.07403055229142186 -0.15004725897920607 -0.04895361644841513 -0.24736267733721357 -0.09737347853939783 -0.11714443219404629 -0.05807347557126624 -0.1598145663047456 -0.03356106915977466 -0.0912116356464933 -0.17634187154073885 -0.3045998273523246 -0.05458799064205875 -0.3171355498721228 0.013328002132480343 -0.1939744118860916 -0.02171968825859206 -0.28003947693066866 -0.008406388855530203 -0.4078225614118769 -1.1141781681304894 -0.5579399141630901 -0.13072741392699974 -0.30769230769230765 -0.02847843775427177 -0.15140486242538945 -0.104233689357869 -0.3182960392485342 -0.23617303289552954 -0.6278732155819017 -1.0798355959646284 -0.7440117757259467 -0.3729571169157703 -0.3826086956521739 -0.1761387092335214 -0.2429852473242696 -0.11479752743787057 -0.46285582041194173 -2.814892136395268 -1.7277424005767148 -0.34020241433971465 -0.41903319449703397 -0.08221993833504625 -0.3623757195185767 -0.03586609989373007 -0.1871071480777664 -0.20640217525645782 -0.47079439252336447 -1.61696337453226 -1.428739971684757 -0.36418269230769235 -0.39990095332425407 -0.10692464358452139 -0.3746215943491423 -0.06429602414381316 -0.29485049833887045 -0.027771069789905824 -0.2660006969450575 -0.1850984067478913 -0.32877369810415163 -0.1765432098765432 -0.28454274353876735 -0.09766615930999493 -0.24484215759383546 -0.07703171138785467 -0.19339687802182623 -0.05874840357598978 -0.27262044653349 -0.13974419706300328 -0.1540167570231641 -0.1597051597051597 -0.31575082609227756 -0.07715281234444997 -0.38014255345754655 -0.04478398314014753 -0.3026334933798923 -0.18981018981018982 -0.20058598151904442 -0.11571185479296653 -0.15510400384754117 -0.17390275641783984 -0.24559270516717327 -0.11104179663131628 -0.2468676342885498 -0.0555007400098668 -0.23923444976076555
-0.013498588783899864 -0.1366640528733057 0.06268890630247397 -0.12114918656974734 -0.09048178613396005 -0.1323251417769376 -0.05874433973809815 -0.23402449375530496 -0.10634208840486867 -0.10611907386990078 -0.056811008711021335 -0.14639502256923265 -0.033561069159774665 -0.09737458400098607 -0.18277770626850304 -0.3033666296707362 -0.05848713283077722 -0.3030690537084399 0.010662401705984276 -0.18434447654422895 -0.008943401047655552 -0.2664692820133234 -1.3877787807814458e-18 -0.4567135702361078 -1.3312421580928482 -0.5945468316081798 -0.15531969971524723 -0.30512820512820515 -0.04068348250610253 -0.15286067841024895 -0.1029468536867842 -0.30752662438674166 -0.23376310398843234 -0.6520687152189693 -1.2292938099389712 -0.7747892412685667 -0.3869255482609303 -0.39598662207357865 -0.18164304389706892 -0.2531096326294475 -0.11858206130944873 -0.5056699838000464 -3.354210160055672 -1.9596299411269975 -0.3450798683087428 -0.43670326896377637 -0.09378211716341214 -0.37676609105180536 -0.03852284803400637 -0.20172489402134194 -0.21010999876405884 -0.4824766355140187 -1.8539516952035378 -1.5644171779141103 -0.37980769230769235 -0.3974247864306054 -0.11838085539714868 -0.3632694248234107 -0.0826663167563312 -0.2906976744186046 -0.030185945423810673 -0.26600069694505757 -0.18158388003748827 -0.32757379409647225 -0.18888888888888888 -0.2957256461232604 -0.11288685946220194 -0.2721849366144668 -0.08473488252664013 -0.21549937836717778 -0.06641123882503193 -0.25616921269095183 -0.12908574135480816 -0.15894529324790535 -0.17813267813267813 -0.31207930485864643 -0.0895968143354903 -0.36263598849568585 -0.04610115911485775 -0.2851738687618216 -0.1798201798201798 -0.1848095560063106 -0.11003970504821328 -0.1526992906095948 -0.17035372057257778 -0.23343465045592704 -0.10480349344978165 -0.22701898027540005 -0.05796743956586088 -0.22113022113022113
-0.015952877653699838 -0.12882267279041112 0.050375013993059437 -0.12461059190031154 -0.0881316098707403 -0.13823251417769375 -0.04161057398115286 -0.23523705589911487 -0.09737347853939782 -0.12816979051819183 -0.051761141270041666 -0.14761498109064292 -0.034759678772623766 -0.09737458400098609 -0.18277770626850304 -0.30953261807867805 -0.05198856251624643 -0.3235294117647059 0.007996801279488205 -0.20773146237446696 -0.017886802095311106 -0.2627683197631384 -0.010808214242824549 -0.5926544240400669 -1.4316185696361354 -0.6298914415551627 -0.1604970230390888 -0.326923076923077 -0.05831299159208029 -0.17033047022856312 -0.12096255308197143 -0.31231303099198277 -0.2518375707916617 -0.9049116864263247 -1.4298169136878813 -0.8002141041081225 -0.40368766587512217 -0.40133779264214053 -0.19815604788771157 -0.2661266994503905 -0.13624321937681344 -0.6387410321684796 -3.9213639526791937 -2.0112940045656615 -0.3536154127545421 -0.44048971349236404 -0.10405960945529291 -0.39377289377289376 -0.05047821466524973 -0.2309603859084929 -0.20640217525645782 -0.5549065420560748 -2.190724571946933 -1.6151486550259555 -0.38100961538461536 -0.42094837192026746 -0.12219959266802445 -0.3910191725529768 -0.09447579057866422 -0.32530454042081947 -0.03380825887466795 -0.26019282146590783 -0.18626991565135892 -0.3359731221502279 -0.19382716049382714 -0.3031809145129224 -0.10527650938609842 -0.2759134973900074 -0.07831557324431891 -0.22793203481143803 -0.06641123882503193 -0.25616921269095183 -0.1468498342018001 -0.1515524889107935 -0.18181818181818182 -0.32187002814832943 -0.08088601294176206 -0.3688883331249218 -0.043466807165437306 -0.30845336825258257 -0.18106893106893107 -0.18142889339643903 -0.10890527509926262 -0.1719369965131658 -0.1573405891399503 -0.2516717325227963 -0.09107922645040548 -0.24810817516437167 -0.045633941785890475 -0.25216604163972584
-0.01595287765369984 -0.11650050408871963 0.03470278741744095 -0.12230298834660207 -0.0963572267920094 -0.14413988657844992 -0.04038673356994248 -0.2364496180429247 -0.11402946828955798 -0.1502205071664829 -0.051761141270041666 -0.1366353543979505 -0.03715689799832195 -0.08997904597559472 -0.18792637405071438 -0.30829942039708963 -0.05198856251624643 -0.3312020460358056 -0.0026656004264960704 -0.21736139771632962 -0.02171968825859205 -0.24549716259560822 -0.03602738080941516 -0.7142857142857143 -1.4930991217063991 -0.6399899015400152 -0.17085166968677193 -0.32692307692307687 -0.0800108489286683 -0.17033047022856312 -0.12997040277956506 -0.3194926408998444 -0.24581274852391855 -1.1311396080329057 -1.619130651388716 -0.8109193095142512 -0.4176560972202822 -0.39732441471571917 -0.20641254988303287 -0.26757304020827305 -0.13750473066733948 -0.7590835454755842 -4.331941544885178 -2.0377267812086988 -0.3450798683087428 -0.43039252808279693 -0.09249743062692703 -0.3950811093668237 -0.043836344314558975 -0.23826925888028067 -0.2125818811024595 -0.6203271028037383 -2.5433722644290735 -1.635205285512034 -0.37259615384615385 -0.41971028847344316 -0.12092668024439919 -0.4023713420787084 -0.0971001180947382 -0.333610188261351 -0.03622313450857281 -0.2520617957950982 -0.19681349578256796 -0.31317494600431955 -0.1925925925925926 -0.2895129224652087 -0.10527650938609842 -0.2609992542878449 -0.08345102067017589 -0.21549937836717778 -0.060025542784163465 -0.25264394829612224 -0.1622453813358598 -0.13923114834894038 -0.1904176904176904 -0.3120793048586464 -0.07341961174713788 -0.370138802050769 -0.04610115911485775 -0.31718318056161793 -0.18606393606393606 -0.174667568176696 -0.1191151446398185 -0.1719369965131658 -0.15615757719152962 -0.2577507598784194 -0.09107922645040548 -0.2592730430467684 -0.05673408978786384 -0.26251131514289405
-0.01595287765369984 -0.12098129270751652 0.012313892309414537 -0.13614860966885892 -0.099882491186839 -0.15241020793950852 -0.04161057398115286 -0.2473626773372135 -0.11274823830877645 -0.1681367144432194 -0.05049867440979674 -0.139075271440771 -0.053937432578209286 -0.08751386663379762 -0.19693654266958424 -0.29966703662597116 -0.055887704704964916 -0.3388746803069054 0.005331200852992138 -0.22699133305819236 -0.026830203142966656 -0.23809523809523808 -0.06725111084424162 -0.8144526591938945 -1.5119196988707655 -0.6298914415551627 -0.1721460005177323 -0.32564102564102565 -0.08950366151342555 -0.17469791818314168 -0.1415519238193283 -0.3314586574129472 -0.2891914688516689 -1.550931526736027 -1.7822892016440401 -0.818948213568848 -0.43721190110350605 -0.40267558528428093 -0.2229255538736755 -0.2617876771767428 -0.14759682099154786 -0.9465401527424205 -4.58826258408722 -2.00889102487084 -0.3560541397390562 -0.41903319449703397 -0.10277492291880778 -0.38984824699110415 -0.04649309245483528 -0.24703990644642593 -0.224941292794463 -0.7628504672897197 -2.879011225762558 -1.6198678621991505 -0.3701923076923077 -0.4221864553670917 -0.12219959266802445 -0.41246215943491427 -0.10497310064296024 -0.34053156146179403 -0.04950495049504951 -0.2660006969450575 -0.21907216494845363 -0.308375329973602 -0.20370370370370366 -0.2882703777335984 -0.11796042617960426 -0.2647278150633855 -0.0950057773783541 -0.21826219091034674 -0.07024265644955299 -0.2620446533490012 -0.18948365703458078 -0.13799901429275505 -0.20884520884520885 -0.30596010280259456 -0.08461921353907417 -0.37138927097661617 -0.05795574288724975 -0.33027789902517096 -0.17232767232767235 -0.17241379310344823 -0.11571185479296653 -0.17674642298905857 -0.1502425174494262 -0.26018237082066864 -0.08109794135995009 -0.2654757474258777 -0.04193389245189936 -0.27027027027027023
-0.01718002208859983 -0.11426010977932118 -0.006716668532407924 -0.14422522210684208 -0.09518213866039953 -0.14768431001890361 -0.04405825480357361 -0.23766218018673455 -0.11274823830877642 -0.16262403528114663 -0.061860876152001 -0.12931560326948885 -0.049142994126812896 -0.08258350795020339 -0.1943622087784786 -0.2885682574916759 -0.06238627501949571 -0.3363171355498721 -0.005331200852992138 -0.2269913330581923 -0.04982752012265236 -0.23316062176165805 -0.13210039630118892 -0.9003100405437635 -1.5156838143036384 -0.6122191365816713 -0.1915609629821382 -0.31923076923076915 -0.11526986710062381 -0.16741883825884407 -0.16600180156993954 -0.3206892425511547 -0.3675141583323292 -2.1606581175901285 -1.8894009216589864 -0.8109193095142512 -0.4637519206593099 -0.39598662207357854 -0.26007981285262144 -0.2516632918715649 -0.1728270468020689 -1.1687109465401528 -4.589422407794016 -1.974047819295927 -0.3621509572003414 -0.41524674996844635 -0.12332990750256938 -0.3846153846153847 -0.070403825717322 -0.24411635725771083 -0.260783586701273 -1.0128504672897196 -3.15341875496088 -1.501887682869278 -0.376201923076923 -0.41228178779249713 -0.14511201629327902 -0.42507568113017163 -0.14171368586799632 -0.340531561461794 -0.04105288577638252 -0.2741317226158671 -0.22024367385192128 -0.29877609791216697 -0.19506172839506172 -0.272117296222664 -0.11542364282090309 -0.2535421327367636 -0.09885736294774682 -0.20721094073767093 -0.07662835249042146 -0.26439482961222094 -0.2025106584557082 -0.12444553967471664 -0.21621621621621623 -0.2802594541671766 -0.09208561473369836 -0.34137801675628354 -0.07507903055848263 -0.29535864978902954 -0.17732267732267734 -0.16677935542032904 -0.1361315938740783 -0.17554406637008538 -0.15024251744942624 -0.2553191489361702 -0.07985028072364317 -0.2605135839225903 -0.04440059200789344 -0.26897711108237415
-0.025770033132899738 -0.0996975467682312 -0.03582223217284227 -0.14884042921426102 -0.10693301997649822 -0.14177693761814744 -0.05262513768204626 -0.23038680732387534 -0.13452914798206278 -0.1571113561190739 -0.06943567731347053 -0.11589605953397586 -0.043149946062567425 -0.08381609762110195 -0.18921354099626722 -0.27870267603896903 -0.07408370158565117 -0.32608695652173914 -0.010662401705984275 -0.21323428256981702 -0.05110514884374601 -0.24796447076239825 -0.18734238020895883 -0.9623181492964464 -1.4554579673776664 -0.5995960616006057 -0.18508930882733626 -0.3192307692307692 -0.11798209926769732 -0.16450720628912507 -0.17887015828078753 -0.3003470144788799 -0.5723581154355946 -2.8586982821195255 -1.9329929007348365 -0.7921852000535259 -0.47073613633188993 -0.3906354515050167 -0.28347323517269846 -0.24443158808215215 -0.19174971615995962 -1.3515389956028698 -4.34817907678033 -1.814249669590292 -0.3731252286306548 -0.40893600908746686 -0.13746145940390544 -0.36891679748822614 -0.08900106269925612 -0.23096038590849285 -0.30156964528488445 -1.4380841121495327 -3.308765166118607 -1.3626710712600285 -0.36418269230769224 -0.40856753745202423 -0.15656822810590634 -0.4250756811301716 -0.15745965096444034 -0.3446843853820598 -0.0579570152137165 -0.29155534905331626 -0.2589034676663543 -0.2999760019198464 -0.19135802469135801 -0.27335984095427435 -0.10908168442415019 -0.25105642555306984 -0.09628963923481833 -0.2099737532808399 -0.0855683269476373 -0.27849588719153934 -0.22027475130270013 -0.11212419911286346 -0.2235872235872236 -0.27046873087749357 -0.10079641612742658 -0.3288733274978116 -0.07903055848261328 -0.2866288374799942 -0.18731268731268733 -0.17241379310344823 -0.14974475326148612 -0.18756763255981723 -0.15734058913995033 -0.2601823708206687 -0.09232688708671241 -0.262994665674234 -0.05796743956586088 -0.27544290702185437
-0.03067861087249969 -0.08177439229304358 -0.06045001679167132 -0.14076381677627786 -0.12573443008225618 -0.12523629489603022 -0.0673112226165708 -0.21704862374196673 -0.1627162075592569 -0.1543550165380375 -0.08206034591591971 -0.10613639136269366 -0.04794438451396381 -0.07518796992481205 -0.18277770626850304 -0.261437908496732 -0.08188198596308811 -0.3235294117647059 -0.017326402772224445 -0.21736139771632962 -0.04216174779609046 -0.24919812484579323 -0.23778071334214004 -0.9802051037443359 -1.3475533249686322 -0.5478414541782377 -0.1734403313486927 -0.31538461538461543 -0.1234065636018443 -0.1572281263648275 -0.19173851499163558 -0.2812013880579155 -0.7675623569104711 -3.531333172030002 -1.9666209988790637 -0.7507025291047771 -0.4888950970805978 -0.3826086956521739 -0.32475574514930505 -0.24298524732426957 -0.20310331777469406 -1.4475815783383477 -3.99327302250058 -1.6051904361408145 -0.3914156810145104 -0.39757667550170395 -0.14260020554984582 -0.35845107273678706 -0.10361317747077577 -0.2207279637479901 -0.3522432332220986 -2.0490654205607477 -3.3620591903843975 -1.16682397357244 -0.3557692307692307 -0.3875201188560109 -0.1654786150712831 -0.42255297679112014 -0.1810785986091064 -0.333610188261351 -0.0857280850036223 -0.30781740039493555 -0.3022492970946579 -0.28437724982001444 -0.20123456790123456 -0.2534791252485089 -0.11922881785895485 -0.24111359681829483 -0.11041211965592504 -0.20859234700925544 -0.09450830140485313 -0.28907168037602815 -0.23922311700615823 -0.10349926071956628 -0.23341523341523343 -0.24966344388691714 -0.10204081632653061 -0.3163686382393397 -0.09088514225500528 -0.270624181580096 -0.18856143856143856 -0.17466756817669596 -0.17810550198525243 -0.19598412889262956 -0.16798769667573643 -0.25288753799392094 -0.09731752963194011 -0.2691973700533432 -0.07276763690182536 -0.27802922539764646
-0.03190575530739968 -0.06721182928195361 -0.06940557483488188 -0.13614860966885892 -0.12925969447708577 -0.1157844990548204 -0.06363970138293967 -0.20613556444767794 -0.15887251761691226 -0.1529768467475193 -0.08711021335689936 -0.10491643284128341 -0.05154021335251109 -0.07395538025391349 -0.17119320375852748 -0.23677395486496486 -0.09487912659214973 -0.309462915601023 -0.03598560575769692 -0.21048287247214198 -0.047272262680465055 -0.26030101159634844 -0.2858172210880269 -0.9790126401144768 -1.180677540777917 -0.49356223175965663 -0.1527310380533264 -0.31025641025641026 -0.12747491185245458 -0.16013975833454652 -0.1968858576759748 -0.2800047864066052 -1.123026870707314 -4.105976288410355 -1.9267654751525718 -0.7239395155894555 -0.4874982539460818 -0.38528428093645484 -0.33851658180817396 -0.25166329187156494 -0.21319540809890247 -1.4846100439713028 -3.5815356065877983 -1.390123753454283 -0.4170223143519083 -0.3824308973873533 -0.14260020554984587 -0.3362114076399791 -0.11025504782146651 -0.21049554158748723 -0.4078605858361143 -2.7651869158878504 -3.3881392448123373 -0.9344030202925909 -0.34615384615384615 -0.3652346168131732 -0.18075356415478616 -0.40110998990918273 -0.20732187376984648 -0.3114617940199335 -0.10625452789181358 -0.35660355441979324 -0.33622305529522023 -0.29517638588912887 -0.19382716049382714 -0.2534791252485089 -0.11035007610350078 -0.23862788963460108 -0.09757350109128257 -0.21411797209559333 -0.10344827586206898 -0.2784958871915394 -0.24514448128848887 -0.09241005421389847 -0.23710073710073715 -0.21417207196181617 -0.09333001493280238 -0.2826059772414655 -0.08693361433087461 -0.24152480721664488 -0.19855144855144854 -0.18480955600631058 -0.18377765173000568 -0.19478177227365637 -0.17390275641783984 -0.24437689969604862 -0.10106051154086089 -0.2679568291775214 -0.08016773556980761 -0.27673606620975044
-0.03436004417719966 -0.06609163212725441 -0.0694055748348819 -0.14422522210684205 -0.13043478260869565 -0.11105860113421548 -0.06363970138293966 -0.19037225657814963 -0.16015374759769382 -0.1336824696802646 -0.09720994823885873 -0.08783701354153958 -0.05154021335251109 -0.07395538025391346 -0.16218303513965762 -0.22197558268590453 -0.10007798284377438 -0.30051150895140666 -0.04398240703718513 -0.19947723208144175 -0.04343937651718411 -0.24549716259560822 -0.3326528161402666 -0.9456236584784167 -0.9372647427854455 -0.4127745518808382 -0.1333160755889205 -0.2730769230769231 -0.12476267968538106 -0.1252001746979182 -0.21232788572899244 -0.28000478640660525 -1.6038076876732137 -4.529397532059037 -1.8408270021173252 -0.6704134885588118 -0.48191088140801785 -0.3705685618729097 -0.34677308380349525 -0.2458779288400347 -0.23337958874731926 -1.4892386021754223 -3.128044537230341 -1.237534542833113 -0.45360321911961954 -0.37107156380159034 -0.14773895169578627 -0.31004709576138145 -0.11822529224229543 -0.1914924718608391 -0.4795451736497343 -3.5233644859813085 -3.345050459235741 -0.7232184992921188 -0.3485576923076923 -0.35780611613222735 -0.19730142566191447 -0.3922805247225025 -0.2361894764466606 -0.2906976744186046 -0.12315865732914755 -0.4297827854570798 -0.3807403936269916 -0.2963762898968082 -0.19012345679012346 -0.22862823061630216 -0.10273972602739725 -0.2100422570221228 -0.0924380536654256 -0.18925265920707282 -0.11877394636015326 -0.29142185663924797 -0.24988157271435338 -0.08871365204534253 -0.23587223587223588 -0.1921429445600294 -0.09457441513190643 -0.2563461297986745 -0.08956796628029505 -0.20951549541684855 -0.20729270729270727 -0.1780482307865675 -0.1973908111174135 -0.18997234579776356 -0.17863480421152253 -0.22978723404255322 -0.10355583281347473 -0.25182979779183723 -0.07893438579181056 -0.24570024570024573
-0.040495766351699596 -0.08065419513834435 -0.06268890630247395 -0.12922579900773049 -0.12690951821386603 -0.10751417769376181 -0.059968180149308534 -0.19037225657814963 -0.1499039077514414 -0.13506063947078278 -0.09847241509910365 -0.09759668171282176 -0.05154021335251109 -0.06409466288672501 -0.15059853262968206 -0.21334319891478604 -0.10137769690668055 -0.3069053708439898 -0.03332000533120085 -0.20910716742330443 -0.04343937651718411 -0.2479644707623982 -0.36267563348144594 -0.88957786787503 -0.6963613550815557 -0.34839686947740467 -0.11390111312451463 -0.26538461538461544 -0.11933821535123404 -0.12956762265249674 -0.22390940676875565 -0.30752662438674166 -2.125557296059766 -4.750786353738205 -1.7324697969859257 -0.6195637628797003 -0.46095823439027794 -0.3745819397993311 -0.33576441447640015 -0.24732426959791728 -0.2472562129431058 -1.4892386021754223 -2.703549060542798 -1.1894749489366816 -0.4926228508718449 -0.3773823046825698 -0.15030832476875644 -0.3192046049188907 -0.11025504782146653 -0.19880134483262682 -0.5870720553701644 -4.242990654205608 -3.263408549722191 -0.5309108069844264 -0.35697115384615385 -0.3590441995790517 -0.22021384928716908 -0.4011099899091827 -0.2611205878493636 -0.29346622369878184 -0.15817435402076793 -0.6063422000232315 -0.4393158388003749 -0.29517638588912887 -0.19382716049382717 -0.23732604373757454 -0.10527650938609841 -0.23614218245090726 -0.08216715881371164 -0.2168807846387623 -0.13793103448275862 -0.3078730904817862 -0.26527711984841307 -0.09857072449482504 -0.2346437346437346 -0.19336678497123977 -0.10328521652563465 -0.266349881205452 -0.08956796628029505 -0.21242543285319368 -0.21603396603396602 -0.20734730673878748 -0.20986954055587068 -0.16832992665624621 -0.18454986395362596 -0.2310030395136778 -0.12102308172177167 -0.25803250217094653 -0.09003453379378393 -0.2405276089486616
-0.052767210700699466 -0.09633695530413353 -0.06716668532407924 -0.1303796007845852 -0.11868390129259695 -0.1146030245746692 -0.06486354179415003 -0.19400994300957924 -0.1499039077514414 -0.14195148842337374 -0.10983461684130794 -0.10247651579846284 -0.046745774901114714 -0.054233945519536544 -0.14931136568412923 -0.20717721050684426 -0.11437483753574214 -0.3171355498721228 -0.04531520725043316 -0.21598569266749207 -0.054938035007026965 -0.2528990870959783 -0.37468476041791765 -0.8287622227522059 -0.48055207026348806 -0.29664226205503663 -0.10095780481491068 -0.2538461538461539 -0.11798209926769729 -0.11064201484932304 -0.24321194183502767 -0.34103147062342953 -2.6207976864682494 -4.8766029518509555 -1.6066758002241872 -0.5914625986886124 -0.46095823439027794 -0.36923076923076925 -0.337140498142287 -0.24153890656638705 -0.2712249274631008 -1.4707243693589445 -2.3509626536766417 -1.2663702991709722 -0.5462748445311547 -0.38116874921115745 -0.1670092497430627 -0.31266352694924127 -0.1248671625929862 -0.18856892267212397 -0.7119021134593992 -4.877336448598131 -3.1409456854518654 -0.3940537989617744 -0.37499999999999994 -0.36523461681317326 -0.25712830957230143 -0.41372351160443993 -0.2873638630101037 -0.2920819490586933 -0.19801980198019803 -0.8584039958183297 -0.5189784442361762 -0.32037437005039593 -0.19012345679012346 -0.2360834990059642 -0.11161846778285134 -0.2274422073079791 -0.08345102067017592 -0.20582953446608648 -0.16730523627075353 -0.3301997649823737 -0.2794883941260066 -0.09733859043863972 -0.23341523341523338 -0.1860237425039775 -0.11572921851667498 -0.2650994122796048 -0.10142255005268705 -0.21679033900771133 -0.23726273726273725 -0.23439260761775976 -0.22461712989222918 -0.1635205001803535 -0.19401395954099138 -0.23708206686930092 -0.1372426699937617 -0.27167845180498695 -0.1073014306857425 -0.24957972326393377
-0.057675788440299434 -0.10865912400582503 -0.0649277958132766 -0.12114918656974731 -0.11868390129259694 -0.10751417769376179 -0.06363970138293966 -0.20249787801624836 -0.14349775784753366 -0.1336824696802646 -0.11235955056179774 -0.11223618396974502 -0.03955411722402014 -0.05053617650684087 -0.14287553095636504 -0.20224441978049082 -0.11307512347283596 -0.3107416879795396 -0.03731840597094495 -0.21736139771632962 -0.048549891401558715 -0.25906735751295334 -0.35787198270685716 -0.6892439780586692 -0.3575909661229611 -0.26508457460237306 -0.08672016567434636 -0.2474358974358975 -0.10848928668294007 -0.10918619886446353 -0.24578561317719724 -0.3541940887878425 -2.7931076033257023 -4.690297604645536 -1.399925270893013 -0.5566706811186941 -0.4483866461796341 -0.37458193979933113 -0.3275079124810788 -0.2429852473242696 -0.2699634161725747 -1.3434390187456609 -2.3347251217814895 -1.6256157635467983 -0.5913912937446653 -0.4001009718540957 -0.1682939362795478 -0.32051282051282054 -0.11955366631243358 -0.18710714807776646 -0.7835867012730194 -5.257009345794392 -2.8744755641229167 -0.35747994336951394 -0.4122596153846153 -0.3763773678345921 -0.2876782077393075 -0.41750756811301715 -0.31491930192888073 -0.2865448504983389 -0.25356194156000966 -1.3079335579045186 -0.6865042174320525 -0.34677225821934243 -0.20246913580246914 -0.24726640159045724 -0.121765601217656 -0.24732786477752916 -0.10527667223006805 -0.22102500345351567 -0.18390804597701152 -0.3431257344300823 -0.2936996684036002 -0.10965993100049284 -0.2346437346437346 -0.1799045404479256 -0.10701841712294673 -0.27760410153807674 -0.09088514225500528 -0.22261021388040153 -0.2534965034965035 -0.2727067838629705 -0.25070901871809415 -0.16592521341829986 -0.21175913876730154 -0.24072948328267474 -0.15470991890205862 -0.2754000744324526 -0.12580167735569808 -0.24828656407603772
-0.03558718861209964 -0.12210148986221574 -0.049255569237658114 -0.12576439367716627 -0.09165687426556993 -0.10396975425330812 -0.040386733569942476 -0.21583606159815688 -0.12171684817424729 -0.15022050716648291 -0.10604721626057316 -0.12443576918384776 -0.027568021095529187 -0.05793171453223221 -0.12356802677307246 -0.20471081514366754 -0.10657655315830519 -0.3145780051150895 -0.018659202985472478 -0.21736139771632962 -0.04088411907499681 -0.2640019738465334 -0.32905007805932507 -0.5556880515144289 -0.25345043914680043 -0.2335268871497096 -0.04659590991457417 -0.241025641025641 -0.06916192026037431 -0.10773038287960401 -0.24063827049285808 -0.36496350364963503 -2.8870948307024937 -4.479796757803049 -1.179474405280857 -0.5178643115214774 -0.4288308422964101 -0.38127090301003347 -0.2999862391633411 -0.2458779288400347 -0.2699634161725747 -1.2126822494792873 -2.4878218510786363 -2.0509431695302176 -0.6462626508962321 -0.42913037990660097 -0.1734326824254882 -0.34275248560962845 -0.12353878852284805 -0.19587779564391175 -0.807069583487826 -5.515186915887851 -2.5705862342669237 -0.3386031146767343 -0.438701923076923 -0.38380586851553794 -0.2889511201629328 -0.4187689202825429 -0.31623146568691773 -0.28516057585825033 -0.2958222651533446 -1.8341270763154838 -0.9372071227741332 -0.3779697624190064 -0.21234567901234563 -0.2509940357852883 -0.121765601217656 -0.2659706686552324 -0.10784439594299652 -0.24036469125569832 -0.1992337164750958 -0.3595769682726205 -0.30791094268119373 -0.13676688023656974 -0.22727272727272724 -0.18969526373760862 -0.10701841712294673 -0.2826059772414655 -0.08693361433087461 -0.2255201513167467 -0.2584915084915084 -0.3144016227180527 -0.2699943278502553 -0.17794877960803174 -0.21057612681888088 -0.2492401215805471 -0.15221459762944478 -0.28656494231484925 -0.11593487913172176 -0.2508728824518298
-0.019634310958399803 -0.13554385571860647 -0.032463897906638305 -0.12807199723087576 -0.07403055229142186 -0.10633270321361059 -0.017133765756945297 -0.20371044016005818 -0.10762331838565024 -0.13919514884233736 -0.11235955056179776 -0.1439551055264121 -0.01678053457988733 -0.05916430420313078 -0.12099369288196678 -0.20841040818843265 -0.11047569534702366 -0.3171355498721228 -0.02798880447820871 -0.21460998761865455 -0.03449597546952856 -0.27387120651369357 -0.29542452263720426 -0.43524922489864065 -0.1944792973651192 -0.22216611966675087 -0.02847527828112866 -0.24230769230769234 -0.05966910767561704 -0.10190711894016595 -0.22262257109767086 -0.3613736986957042 -2.8955295818773346 -4.060004839099927 -0.9739693610661353 -0.48039609260002686 -0.4064813521441543 -0.36655518394648834 -0.276592816843264 -0.23575354353485686 -0.27627097262520495 -1.0182828049062715 -2.730225005799119 -2.5159197404781932 -0.6840629191562004 -0.45058689890193115 -0.17214799588900306 -0.3597592883307169 -0.1248671625929862 -0.19880134483262685 -0.8243727598566307 -5.547897196261681 -2.2905091280190497 -0.37163756488909866 -0.4939903846153846 -0.38752011885601084 -0.3004073319755601 -0.40615539858728555 -0.3332895945413988 -0.26993355481727577 -0.33446027529582223 -2.4102683238471365 -1.28514526710403 -0.41876649868010557 -0.23456790123456792 -0.2559642147117296 -0.13571790969051242 -0.26597066865523245 -0.12068301450763896 -0.24036469125569832 -0.21839080459770113 -0.381903642773208 -0.34343912837517765 -0.16510596352883194 -0.23095823095823093 -0.1970383062048709 -0.1057740169238427 -0.28010503938977116 -0.08429926238145416 -0.2226102138804016 -0.27472527472527475 -0.356096461573135 -0.30062393647192287 -0.19478177227365634 -0.23187034189045314 -0.2626139817629179 -0.16219588271990018 -0.297729810197246 -0.13443512580167735 -0.25345920082762186
-0.0098171554791999 -0.15122661588439565 -0.030225008395835657 -0.12807199723087576 -0.07285546415981198 -0.1110586011342155 -0.012238404112103782 -0.21826118588577664 -0.09737347853939785 -0.1488423373759647 -0.10983461684130791 -0.1781139441258997 -0.005993048064245476 -0.07395538025391347 -0.11455785815420264 -0.21827598964113953 -0.11047569534702366 -0.32225063938618925 -0.02265760362521658 -0.22148851286284216 -0.014053915932030153 -0.2812731310140637 -0.24138345142308162 -0.3243501073217267 -0.14303638644918445 -0.20449381469325928 -0.010354646647683156 -0.2435897435897436 -0.05560075942500677 -0.10190711894016595 -0.19431218633380518 -0.373339715208807 -2.8449210748282923 -3.423663198645052 -0.8033379001120936 -0.45630938043623714 -0.3785444894538344 -0.36521739130434777 -0.2421907251960919 -0.24153890656638705 -0.26365585971994443 -0.8053691275167785 -3.1164463001623757 -2.972485882494293 -0.7023533715400561 -0.46068408431149815 -0.1554470709146968 -0.3728414442700157 -0.10095642933049946 -0.2192661891536325 -0.8107774069954271 -5.353971962616822 -2.079600861775712 -0.5250117980179331 -0.5480769230769231 -0.3825677850687136 -0.30168024439918534 -0.38218970736629665 -0.3372260858155098 -0.25332225913621265 -0.3682685341704902 -2.9260076663956327 -1.752577319587629 -0.4643628509719222 -0.254320987654321 -0.2708747514910537 -0.14967021816336884 -0.2771563509818543 -0.1322377712158172 -0.24727172261362065 -0.22860791826309063 -0.41833137485311395 -0.4358124111795358 -0.20330211927057668 -0.23710073710073712 -0.19948598702729164 -0.1057740169238427 -0.28135550831561834 -0.0737618545837724 -0.2269751200349192 -0.275974025974026 -0.3741266621591165 -0.3074305161656268 -0.1995911987495491 -0.23423636578729443 -0.25653495440729485 -0.16094822208359325 -0.2865649423148492 -0.1319684262456833 -0.24311392732445364
0.0012271444348999794 -0.14338523580150103 -0.02462778461882906 -0.09576554747894311 -0.061104582843713284 -0.08861058601134215 0.0024476808224207563 -0.20007275372862857 -0.08456117873158234 -0.1309261300992282 -0.09594748137861382 -0.18787361229718189 0.007191657677094569 -0.043140638481449514 -0.09653752091646287 -0.20224441978049082 -0.08838055627761893 -0.3158567774936062 -0.005331200852992135 -0.21598569266749207 -0.010221029768749201 -0.2664692820133235 -0.19094511828990032 -0.21702838063439062 -0.10414052697616061 -0.15526382226710425 0.011648977478643534 -0.20897435897435898 -0.04746406292378627 -0.06987916727325666 -0.17243597992536355 -0.3721431135574967 -2.658151584528256 -2.661504960077426 -0.6650890521858264 -0.4081359561086578 -0.35060762676351453 -0.3424749163879598 -0.22017338654190172 -0.21695111368238357 -0.24725621294310582 -0.6167553806989121 -3.300858269543029 -3.3293283671752976 -0.7096695524935983 -0.45058689890193104 -0.1554470709146968 -0.37022501308215594 -0.10361317747077577 -0.21634263996491745 -0.793474230626622 -4.952102803738318 -2.016101598820728 -0.8836715431807457 -0.6334134615384615 -0.3788535347282406 -0.31059063136456216 -0.36326942482341074 -0.3477233958798058 -0.23117386489479513 -0.3718908476213475 -3.2535718434196768 -2.258669165885661 -0.49796016318694497 -0.26790123456790116 -0.2559642147117296 -0.15093860984271942 -0.2684563758389262 -0.1360893567852099 -0.22655062853985358 -0.2401021711366539 -0.4676850763807286 -0.6312174324964472 -0.24642681123706262 -0.24815724815724818 -0.190919104148819 -0.10204081632653061 -0.27260222583468796 -0.07376185458377238 -0.21388040157136623 -0.28096903096903103 -0.36736533693937345 -0.32444696539988654 -0.1719369965131658 -0.23660238968413583 -0.2358662613981763 -0.15720524017467247 -0.27415953355663064 -0.13320177602368033 -0.22500969869390924
0.013498588783899867 -0.14002464433740336 -0.021269450352625098 -0.07384331371870312 -0.04582843713278496 -0.07561436672967864 0.014686084934524534 -0.19643506729719895 -0.07431133888532993 -0.1199007717750827 -0.09089761393763414 -0.192753446382823 0.003595828838547287 -0.019721434734376923 -0.08237868451538165 -0.18251325687507708 -0.08188198596308811 -0.29411764705882354 -0.005331200852992135 -0.1967258219837667 -0.006388143605468253 -0.25906735751295334 -0.1405067851567191 -0.1574051991414262 -0.06524466750313677 -0.1338045947992931 0.031063939943049446 -0.19102564102564104 -0.04068348250610252 -0.058232639394380545 -0.1518466091880067 -0.3553906904391528 -2.4713820942282196 -1.9090249213646264 -0.5268402042595591 -0.3599625317810785 -0.3226707640731946 -0.311705685618729 -0.19815604788771154 -0.18657795776684988 -0.23337958874731934 -0.49409858828974773 -3.5142658315935984 -3.5167607833713803 -0.7023533715400561 -0.42660608355420926 -0.15416238437821173 -0.35845107273678706 -0.10494155154091392 -0.20611021780441457 -0.7588678778890123 -4.356308411214952 -2.016101598820728 -1.4653138272770174 -0.7127403846153847 -0.40609137055837563 -0.3169551934826884 -0.3645307769929364 -0.3437869046056948 -0.22840531561461797 -0.38034291234001444 -3.4103844813567195 -2.7589034676663546 -0.5675545956323493 -0.28765432098765426 -0.26714711729622265 -0.15854895991882292 -0.2833706189410887 -0.14892797534985233 -0.22240640972510017 -0.25798212005108556 -0.5311398354876615 -0.8337280909521553 -0.3104977821586989 -0.2690417690417691 -0.18969526373760862 -0.11448481831757093 -0.2713517569088408 -0.08429926238145416 -0.21388040157136623 -0.2909590409590409 -0.3718728870858688 -0.3403289846851957 -0.16712757003727305 -0.23778540163255651 -0.23221884498480244 -0.16219588271990018 -0.2605135839225902 -0.13813517513566848 -0.20561231087546875
0.009817155479199901 -0.1590679959672902 -0.03134445315123698 -0.08768893504095995 -0.04582843713278496 -0.09569943289224953 0.002447680822420753 -0.21826118588577664 -0.08968609865470853 -0.14470782800441015 -0.09594748137861382 -0.20129315603269488 -0.015581924967038235 -0.011093307038087022 -0.08109151756982881 -0.19607843137254902 -0.08838055627761891 -0.3158567774936062 -0.003998400639744102 -0.22011280781400466 0.0038328861632809506 -0.2603010115963484 -0.11048396781553979 -0.12401621750536611 -0.05269761606022585 -0.12749305730876043 0.028475278281128658 -0.19358974358974362 -0.039327366422565777 -0.05968845537924006 -0.12610989576631065 -0.36017709704439393 -2.120737438245571 -1.299298330510525 -0.4172375140117076 -0.3439047236718854 -0.28495599944126276 -0.30100334448160526 -0.17201045823586075 -0.18079259473531964 -0.21824145326100672 -0.4489701457995835 -3.5629784272790537 -3.5720293163522774 -0.6925984636019997 -0.4341789726113845 -0.15416238437821175 -0.37676609105180536 -0.09564293304994687 -0.2251132875310627 -0.7131380546285995 -3.65303738317757 -2.0217711758702803 -2.2357243983010853 -0.8317307692307694 -0.4531385415376996 -0.33477596741344195 -0.394803229061554 -0.34378690460569483 -0.2602436323366556 -0.37430572325525235 -3.445231734231618 -3.2193064667291473 -0.6803455723542117 -0.3222222222222222 -0.30442345924453285 -0.17630644342973106 -0.3131991051454138 -0.1643343176274233 -0.24450891007045175 -0.2771392081736909 -0.6098707403055229 -1.1913784936049265 -0.47067520946278957 -0.30466830466830463 -0.23864888018602376 -0.1493280238924838 -0.32262098286857566 -0.1106427818756586 -0.2618943692710607 -0.300949050949051 -0.38539553752535494 -0.3675553034600113 -0.18516291932187087 -0.2472494972199219 -0.2541033434650456 -0.17217716781035558 -0.28408386056320556 -0.14060187469166255 -0.22759601706970126
0.0024542888697999753 -0.16914977035958328 -0.05261390350386208 -0.09461174570208838 -0.05170387779083431 -0.1110586011342155 -1.3877787807814458e-18 -0.24372499090578387 -0.09096732863549009 -0.172271223814774 -0.09216008079787906 -0.21105282420397703 -0.041951336449718324 -0.007395538025391349 -0.07336851589651178 -0.19484523369096066 -0.08708084221471277 -0.32352941176470595 -0.009329601492736237 -0.23386985830238 0.0012776287210936501 -0.2664692820133235 -0.07085384892518314 -0.09301216312902458 -0.03011292346298619 -0.12370613481444082 0.041418586590732595 -0.2012820512820513 -0.03254678600488201 -0.07133498325811617 -0.10423368935786899 -0.3422280722747397 -1.6688757681648387 -0.8274860875877087 -0.3400174367916303 -0.3184798608323297 -0.25701913675094284 -0.28227424749163876 -0.14861703591578368 -0.16054382412496382 -0.18544215970732936 -0.41425595926868786 -3.52702389236836 -3.4662982097801276 -0.6596756493110596 -0.42281963902562164 -0.14131551901336076 -0.38723181580324445 -0.08235919234856535 -0.22218973834234762 -0.6513409961685823 -2.9018691588785055 -1.9888876289828779 -3.0261915998112316 -0.9939903846153847 -0.48037637736783456 -0.34495926680244404 -0.39732593340060546 -0.3398504133315838 -0.25747508305647837 -0.36464622071963293 -3.3964455802067604 -3.5426429240862225 -0.8171346292296615 -0.37407407407407406 -0.3404572564612326 -0.1902587519025875 -0.3330847626149639 -0.168185903196816 -0.2458903163420362 -0.2822477650063857 -0.6521739130434783 -1.6496920890573186 -0.7503696402168556 -0.3366093366093366 -0.2741402521111247 -0.155550024888004 -0.36138551956983866 -0.11591148577449947 -0.29244871235268444 -0.3146853146853147 -0.40229885057471265 -0.39818491208167894 -0.2031982686064687 -0.25671359280728734 -0.26626139817629174 -0.18714909544603867 -0.2927676466939586 -0.15663542180562412 -0.23923444976076552
0.017180022088599825 -0.15906799596729027 -0.054852793014664725 -0.09576554747894311 -0.03642773207990599 -0.10160680529300566 0.012238404112103782 -0.22553655874863585 -0.08712363869314543 -0.1515986769570011 -0.07574801161469512 -0.20739294863974628 -0.05873187102960566 -0.009860717367188469 -0.042476509203243654 -0.1911456406461956 -0.05978684689368339 -0.31585677749360613 -0.002665600426496069 -0.22148851286284219 0.024274945700779354 -0.25906735751295334 -0.06605019815059446 -0.06916289053183877 0.007528230865746552 -0.11360767482958849 0.06083354905513849 -0.19615384615384618 -0.018985625169514502 -0.0742466152278352 -0.06820229056749452 -0.2967572095249492 -1.172430413302807 -0.5323009920154851 -0.2528334786399302 -0.2890405459654757 -0.21092331331191505 -0.2461538461538461 -0.12384752992981976 -0.13740237199884292 -0.1564274000252302 -0.3737560749826429 -3.465553235908142 -3.278865793584044 -0.6035849286672357 -0.39883882367789975 -0.11690647482014391 -0.36760858189429624 -0.07704569606801275 -0.20611021780441457 -0.542578173278952 -2.17873831775701 -1.8857013266810299 -3.7010382255781034 -1.2235576923076923 -0.5175188807725639 -0.3360488798370672 -0.389757820383451 -0.3227922844771028 -0.2547065337763012 -0.33566771311277466 -3.2419560924613777 -3.6914245548266167 -1.0283177345812335 -0.445679012345679 -0.3553677932405567 -0.1902587519025875 -0.3032562764106388 -0.16946976505328024 -0.20721094073767093 -0.27075351213282245 -0.6556991774383079 -2.070108953102795 -1.20133070478068 -0.36609336609336607 -0.27169257128870394 -0.14435042309606771 -0.34512942353382514 -0.11591148577449946 -0.2778990251709589 -0.30844155844155846 -0.39328375028172197 -0.43108338060124785 -0.25009017674642303 -0.25553058085886665 -0.2759878419452887 -0.1684341859014348 -0.29028656494231486 -0.14306857424765665 -0.24311392732445358
0.02454288869799974 -0.1411448414921026 -0.06045001679167132 -0.08768893504095997 -0.03642773207990599 -0.07679584120982987 0.02570064863541794 -0.20007275372862857 -0.07943625880845613 -0.11990077177508271 -0.06438580987249085 -0.1976332804684641 -0.06352630948100205 0.006162948354492788 -0.02316900501995109 -0.1701812800591935 -0.046789706264621776 -0.2864450127877238 0.0066640010662401715 -0.19535011693492918 0.03705123291171586 -0.24549716259560822 -0.05884472198871142 -0.05008347245409014 0.027603513174404015 -0.1047715223428427 0.06083354905513849 -0.18205128205128204 -0.01627339300244101 -0.07279079924297568 -0.03088405610603525 -0.2548761517290894 -0.6976744186046513 -0.35204451971933215 -0.18308631211857018 -0.25291047771979125 -0.17181170554546726 -0.21806020066889636 -0.09907802394385579 -0.1171536013884871 -0.1160590387283966 -0.3320990511455682 -3.2753421479935048 -2.962873963715007 -0.5487135715156688 -0.36854726744919847 -0.09378211716341213 -0.3440607012035584 -0.06376195536663123 -0.18418359888905128 -0.42392782103571874 -1.5338785046728973 -1.7700419548701667 -4.3688060405851825 -1.579326923076923 -0.552185217283645 -0.3296843177189409 -0.38849646821392525 -0.31098281065476974 -0.2547065337763012 -0.30185945423810673 -2.9980253223370883 -3.6925960637300848 -1.2239020878329734 -0.6419753086419753 -0.3665506958250497 -0.19786910197869104 -0.2796420581655481 -0.1694697650532803 -0.17820140903439702 -0.264367816091954 -0.654524089306698 -2.340123164377073 -1.6547560374568753 -0.4201474201474202 -0.27536409252233507 -0.14559482329517173 -0.3426284856821308 -0.1119599578503688 -0.2677142441437509 -0.300949050949051 -0.38652242506197887 -0.4583096993760634 -0.28736323193459185 -0.2791908198272802 -0.27841945288753794 -0.17092950717404864 -0.28284331968738374 -0.13443512580167738 -0.24311392732445358
0.030678610872499686 -0.11650050408871959 -0.057091682525467355 -0.1107649705780547 -0.0399529964747356 -0.07797731568998109 0.018357606168155675 -0.18794713229052987 -0.08968609865470853 -0.12954796030871002 -0.06691074359298069 -0.17933390264731003 -0.06472491909385113 -0.0024651793417971163 -0.042476509203243654 -0.16648168701442842 -0.04808942032752793 -0.28388746803069054 -0.0013328002132480348 -0.19810152703260422 0.04471700523827776 -0.22822600542807797 -0.05884472198871142 -0.06200810875268305 0.03262233375156838 -0.09214844736177732 0.05306756406937613 -0.17564102564102563 -0.02034174125305126 -0.07570243121269471 -0.010294685368678424 -0.20581548402536795 -0.5265694662007472 -0.2842971207355432 -0.149458213974343 -0.22882376555600165 -0.1606369604693393 -0.20066889632107024 -0.09770194027796891 -0.11426091987272202 -0.09461334678945375 -0.29854200416570237 -2.694270470888425 -2.5531659257479276 -0.47189367150347516 -0.3445664521014767 -0.07836587872559095 -0.32182103610675045 -0.06376195536663123 -0.18710714807776643 -0.34729946854529725 -1.080607476635514 -1.6509808368295722 -4.377064653138273 -1.890625 -0.638851058561347 -0.32968431771894097 -0.39354187689202824 -0.28736386301010364 -0.26578073089700993 -0.23907268775658058 -2.54501103496341 -3.5180412371134024 -1.2958963282937366 -1.1716049382716052 -0.5032306163021869 -0.2371892440385591 -0.28088491175739494 -0.16305045577095906 -0.18096422157756598 -0.25542784163473814 -0.6415981198589894 -2.3377546186641402 -2.188270083785116 -0.8120393120393121 -0.3230938685595398 -0.18914883026381285 -0.3426284856821308 -0.15015806111696522 -0.2778990251709588 -0.2884615384615385 -0.3594771241830066 -0.44923425978445836 -0.36190934231092947 -0.33952442919673487 -0.2954407294832827 -0.17716781035558327 -0.28036223793574 -0.13566847557967437 -0.24052760894866151
0.023315744263099767 -0.1030581382323289 -0.05597223777006603 -0.10614976347063576 -0.0564042303172738 -0.07206994328922495 -0.003671521233631135 -0.1746089487086213 -0.1037796284433056 -0.11714443219404631 -0.07196061103396037 -0.16835427595461755 -0.06712213831954932 0.009860717367188462 -0.06307118033208907 -0.15045011715377976 -0.042890564075903304 -0.2698209718670077 -0.0053312008529921365 -0.19672582198376667 0.052382777564839667 -0.22329138909449792 -0.0516392458268284 -0.06439303601240162 0.03262233375156838 -0.0845746023731381 0.03624126326689102 -0.17435897435897435 -0.036615134255492274 -0.08152569515213277 0.0051473426843392095 -0.175900442742611 -0.4446318833594409 -0.23711589644326153 -0.11707560094656869 -0.2114278067710424 -0.15085905852772735 -0.19130434782608693 -0.11008669327095086 -0.12004628290425226 -0.07947521130314116 -0.2707706549409859 -2.0807237299930406 -2.066562537546558 -0.40117058895256674 -0.29912911775842477 -0.07708119218910586 -0.28126635269492406 -0.07173219978746015 -0.17102762753983336 -0.3089852923000865 -0.7605140186915887 -1.5421249574781721 -4.336951392166116 -2.2139423076923075 -0.779992571499319 -0.35514256619144613 -0.40489404641775983 -0.29130035428421464 -0.27131782945736427 -0.18594542381067375 -2.0188175165524447 -3.256794751640112 -1.3018958483321335 -1.7049382716049384 -0.7579522862823062 -0.2841197361745307 -0.29455630126771065 -0.16818590319681603 -0.18372703412073493 -0.24776500638569599 -0.6298472385428908 -2.3306489815253437 -2.4470182355840313 -1.2051597051597052 -0.38550972953126916 -0.23021403683424588 -0.3563836438664499 -0.1817702845100105 -0.2851738687618216 -0.27847152847152856 -0.33693937345052966 -0.43788996029495186 -0.41721774678369605 -0.40222406246303083 -0.3270516717325228 -0.19089207735495944 -0.2791216970599182 -0.14676862358164774 -0.24440708651234969
0.007362866609399926 -0.08625518091184048 -0.05373334825926339 -0.09576554747894313 -0.07168037602820213 -0.05789224952741019 -0.0281483294578387 -0.16490845155814232 -0.11787315823190266 -0.10198456449834618 -0.07196061103396037 -0.1354153958765402 -0.07191657677094569 0.0061629483544927855 -0.08366585146093448 -0.13195215192995438 -0.041590850012997144 -0.2595907928388747 -0.007996801279488205 -0.19810152703260422 0.05877092117030791 -0.20355292376017764 -0.04203194427765102 -0.05246839971380873 0.04391468005018821 -0.047967684928048475 0.03882992492881181 -0.16153846153846158 -0.02983455383780852 -0.07715824719755422 0.01029468536867842 -0.15675481632164653 -0.3976382696710447 -0.2165497217517542 -0.09216589861751152 -0.19001739595878495 -0.13689062718256742 -0.18327759197324417 -0.10320627494151643 -0.11715360138848711 -0.05676800807367225 -0.23374218930803053 -1.507770818835537 -1.558332332091794 -0.321911961955859 -0.2511674870629811 -0.0578108941418294 -0.249869178440607 -0.06376195536663123 -0.15348633240754275 -0.28550241008527993 -0.5771028037383177 -1.4264655856673092 -4.247286455875413 -2.3834134615384612 -0.9694193388634395 -0.38951120162932795 -0.427598385469223 -0.27686655294580764 -0.28239202657807305 -0.14247766240038637 -1.4380299686374725 -2.8959700093720717 -1.2802975761939046 -2.1074074074074076 -1.1916003976143141 -0.334855403348554 -0.3243847874720358 -0.16048273205803057 -0.18372703412073493 -0.23754789272030646 -0.6157461809635724 -2.2915679772619613 -2.5086249383932975 -1.8759213759213762 -0.5005507281850446 -0.27127924340467896 -0.39014630486432406 -0.20679662802950474 -0.3026334933798923 -0.27972027972027974 -0.3031327473518143 -0.42314237095859336 -0.43765780930624026 -0.4708387554714303 -0.3562310030395136 -0.21334996880848406 -0.27415953355663075 -0.16156882091761224 -0.2405276089486616
0.0061357221744999385 -0.07169261790075053 -0.03582223217284225 -0.08999653859466943 -0.07638072855464159 -0.04489603024574668 -0.022029127401786808 -0.14793258154480415 -0.11787315823190266 -0.08820286659316429 -0.06817321045322561 -0.1085763084055142 -0.06951935754524752 0.02218661407617404 -0.09396318702535718 -0.11592058206930571 -0.031193137509747847 -0.26086956521739135 -0.0039984006397441015 -0.19947723208144172 0.06515906477577617 -0.1838144584258574 -0.02161642848564909 -0.04650608156451228 0.0301129234629862 -0.027770764958343852 0.04789024074553456 -0.1423076923076923 -0.016273393002441006 -0.06842335128839713 0.016728863724102434 -0.13880579155199238 -0.3482347270755513 -0.2056617469150738 -0.09465686885041724 -0.1525491770373344 -0.12292219583740746 -0.17257525083612038 -0.10183019127562956 -0.101243853051779 -0.021445691938942864 -0.18861374681786622 -0.924379494316864 -1.059714045416316 -0.24996951591269356 -0.2044680045437334 -0.03725590955806783 -0.2250130821559393 -0.049149840595111585 -0.13302148808653708 -0.260783586701273 -0.5023364485981309 -1.2336999659825378 -4.060877772534214 -2.400240384615384 -1.2529404481862076 -0.43406313645621186 -0.4439959636730576 -0.26243275160740065 -0.289313399778516 -0.1026322144409563 -0.9048669996515274 -2.399250234301781 -1.2167026637868967 -2.3012345679012345 -1.7606858846918487 -0.4173008625063419 -0.3455132985334328 -0.15406342277570934 -0.1754385964912281 -0.21839080459770116 -0.5722679200940071 -2.1743249644718143 -2.4913750616067025 -2.644963144963145 -0.8040631501652186 -0.2961672473867596 -0.4251594347880455 -0.20811380400421492 -0.32300305543430813 -0.2784715284715285 -0.2941176470588235 -0.4038570618264322 -0.4653120115426235 -0.5725777830356087 -0.4194528875379939 -0.2383031815346226 -0.29152710581813673 -0.16896891958559448 -0.2521660416397259
0.007362866609399926 -0.07953399798364512 -0.023508339863427735 -0.1015345563632168 -0.0881316098707403 -0.05198487712665406 -0.02937216986904908 -0.14550745725718442 -0.12043561819346575 -0.08131201764057333 -0.06312334301224594 -0.09759668171282176 -0.06232769986815294 0.01109330703808702 -0.09525035397091001 -0.14181773338266127 -0.020795425006498572 -0.2531969309462916 -0.01599360255897641 -0.19397441188609163 0.07410246582343172 -0.17024426350851224 -0.00720547616188303 -0.048891008824230864 0.0037641154328732773 -0.03786922494319616 0.05306756406937614 -0.15128205128205127 -0.017629509085977758 -0.07279079924297568 0.024449877750611252 -0.13282278329544095 -0.339799975900711 -0.21292039680619404 -0.11707560094656869 -0.14184397163120568 -0.10616007822321553 -0.16187290969899665 -0.09494977294619512 -0.0940121492623662 0.0012615112905260517 -0.15274242073594074 -0.6367432150313155 -0.6812447434819175 -0.1926594317766126 -0.18174933737220747 -0.01156217882836588 -0.20931449502878072 -0.025239107332624865 -0.12278906592603422 -0.23112099864046476 -0.46378504672897203 -0.9649620138337683 -3.675082586125531 -2.3233173076923075 -1.5240807230407327 -0.514256619144603 -0.4679616548940465 -0.2584962603332896 -0.2851605758582502 -0.07969089591886017 -0.5575560459983737 -1.8673851921274607 -1.1639068874490042 -2.3283950617283953 -2.3173459244532806 -0.6126331811263317 -0.3977131493910018 -0.1848761073308512 -0.1795828153059815 -0.20306513409961685 -0.4994124559341951 -1.9718143060161057 -2.444553967471661 -3.1363636363636362 -1.4857422592093992 -0.35838725734196114 -0.45266975115668373 -0.2305057955742887 -0.3244580241524807 -0.2647352647352647 -0.2986251972053189 -0.3823028927963699 -0.49056150054106046 -0.6506565716313735 -0.5094224924012158 -0.2657517155333749 -0.31261630070710833 -0.17390231869758266 -0.259924996767102
0.0 -0.08737537806653971 -0.0033583342662039674 -0.11422637590861888 -0.10105757931844887 -0.06261814744801512 -0.02937216986904908 -0.14308233296956469 -0.11531069827033955 -0.08131201764057332 -0.056811008711021335 -0.09027693058436012 -0.056334651803907475 0.003697769012695673 -0.09782468786201569 -0.16648168701442842 0.0025994281258123254 -0.2506393861892583 -0.015993602558976406 -0.1884715916907415 0.08815638175546188 -0.15667406859116706 0.008406388855530205 -0.03935129978535654 -0.01003764115432873 -0.03155768745266346 0.06471654154801967 -0.14615384615384616 -0.02034174125305126 -0.06696753530353763 0.027023549092780853 -0.13760918990068205 -0.3265453669116761 -0.2322767965158481 -0.11956657117947442 -0.13649136892814132 -0.07403268612934767 -0.16053511705685616 -0.07981285262143938 -0.09256580850448366 0.027753248391573105 -0.12497107151122429 -0.3514265831593597 -0.44455124354199205 -0.12803316668698939 -0.1628171147292692 0.015416238437821172 -0.19623233908948196 0.001328374070138152 -0.11694196754860402 -0.1878630577184526 -0.4322429906542056 -0.6712779226669691 -3.0781028787163764 -2.222355769230769 -1.6627460690850562 -0.7090122199592668 -0.5209384460141272 -0.24537462275291952 -0.27823920265780727 -0.05191982612895436 -0.3635730049947729 -1.316776007497657 -1.0871130309575232 -2.312345679012346 -2.590705765407555 -0.998224251648909 -0.47725577926920215 -0.20285017332135064 -0.19754109683657967 -0.19284802043422733 -0.41010575793184484 -1.775225011842728 -2.3693937900443567 -3.28992628992629 -2.3877126422714476 -0.47287207565953204 -0.4726772539702388 -0.26080084299262385 -0.3288229303069984 -0.24600399600399606 -0.2896100969123281 -0.35847986386840613 -0.4881567873031141 -0.6837809061871525 -0.598176291793313 -0.2944479101684342 -0.32874333209279244 -0.17636901825357673 -0.2767360662097504
0.0012271444348999877 -0.07729360367424667 0.029105563640434345 -0.1015345563632168 -0.09283196239717979 -0.06616257088846882 -0.006119202056051891 -0.13095671153146599 -0.09609224855861628 -0.0675303197353914 -0.040398939527837394 -0.07685738684884715 -0.010787486515641853 0.012325896708985576 -0.08109151756982881 -0.18991244296460724 0.044190278138809456 -0.23785166240409206 -0.0039984006397441015 -0.1733388361535287 0.10859844129296026 -0.13200098692326673 0.04803650774588688 -0.02623419985690436 0.01882057716436638 -0.04418076243372885 0.09578048149106913 -0.13974358974358975 -0.008136696501220503 -0.07133498325811616 0.03474456311928967 -0.11367715687447648 -0.2976262200265092 -0.23590612146140816 -0.10586623489849296 -0.14585842365850393 -0.0460958234390278 -0.1551839464882943 -0.07568460162377873 -0.0809950824414232 0.05424498549262017 -0.09257116408238833 -0.2203665042913477 -0.3063799110897513 -0.04999390318253871 -0.14767133661491857 0.044964028776978415 -0.17660910518053374 0.019925611052072266 -0.09940067241631341 -0.1557285873192436 -0.4007009345794392 -0.3809955777299014 -2.311231713072204 -2.063701923076923 -1.795220997895258 -1.0450610997963339 -0.5713925327951563 -0.2217556751082535 -0.28239202657807305 -0.02897850760685825 -0.28342432338250667 -0.7942830365510779 -0.9611231101511878 -2.2703703703703706 -2.8454274353876743 -1.5334855403348553 -0.5530698483718617 -0.22082423931185008 -0.19754109683657967 -0.17241379310344826 -0.3337250293772033 -1.4045476077688301 -2.2129127649088227 -3.293611793611794 -3.272549259576551 -0.6757093081134894 -0.4776791296736276 -0.262118018967334 -0.3084533682525826 -0.2272727272727273 -0.2839756592292089 -0.3096993760635281 -0.4713237946374894 -0.667218738909263 -0.6747720364741641 -0.3106674984404242 -0.3312244138444361 -0.17266896891958564 -0.2702702702702703
0.024542888697999754 -0.07617340651954743 0.07052501959028322 -0.09345794392523366 -0.07285546415981198 -0.08388468809073724 0.00611920205605189 -0.12853158724384622 -0.08071748878923768 -0.062017640573318635 -0.026511804065143297 -0.07807734537025741 0.03116384993407647 0.02218661407617404 -0.06950701505985327 -0.19977802441731407 0.041590850012997144 -0.22506393861892585 0.003998400639744104 -0.16921172100701612 0.12520761466717772 -0.13076733283987169 0.07926023778071335 -0.02981159074648223 0.030112923462986198 -0.0782630648826054 0.1009578048149107 -0.1371794871794872 0.004068348250610254 -0.07861406318241373 0.04761291983013769 -0.12324997008495872 -0.2554524641523075 -0.2504234212436487 -0.08718395815170008 -0.18734109460725276 -0.02933370582483586 -0.16722408026755856 -0.07568460162377871 -0.09690483077813133 0.07064463226945882 -0.08909974542929879 -0.1786128508466713 -0.2655292562777845 0.007316180953542251 -0.16029281837687742 0.0590955806783145 -0.17399267399267399 0.022582359192348564 -0.11840374214296157 -0.128537881596836 -0.3995327102803738 -0.19276561968477152 -1.5148655025955642 -1.8653846153846156 -1.822458833725393 -1.4867617107942972 -0.6874369323915237 -0.2230678388662905 -0.31423034330011074 -0.0036223134508572815 -0.26716227204088744 -0.4029990627928773 -0.818334533237341 -2.2074074074074077 -2.9311630218687874 -2.0332318619989853 -0.7233407904548844 -0.2567723712928489 -0.23898328498411386 -0.1532567049808429 -0.3019976498237368 -0.9355755566082428 -1.944307540660424 -3.2751842751842744 -3.956676049443152 -1.1622697859631657 -0.5226960110041265 -0.28055848261327715 -0.330277899025171 -0.2097902097902098 -0.27383367139959436 -0.26091888825865006 -0.44727666225802576 -0.6494735596829527 -0.7440729483282674 -0.31316281971303805 -0.33742711822354543 -0.16033547113961522 -0.27673606620975044
0.018407166523499816 -0.07617340651954743 0.07164446434568454 -0.08884273681781471 -0.07755581668625146 -0.09806238185255198 -0.006119202056051891 -0.12853158724384622 -0.08584240871236389 -0.07166482910694597 -0.04797374068930691 -0.06831767719897522 0.05273882296536018 0.04190804881055097 -0.08752735229759298 -0.18744604760143052 -0.010397712503249284 -0.19437340153452687 -0.009329601492736239 -0.16370890081166597 0.11243132745624121 -0.11472982975573649 0.11048396781553982 -0.025041736227045076 0.020075282308657467 -0.08962383236556425 0.0802485115195444 -0.11410256410256407 -0.010848928668294004 -0.06114427136409959 0.030884056106035264 -0.12085676678233814 -0.23376310398843234 -0.2601016210984757 -0.11707560094656869 -0.2141041081225746 -0.0921916468780556 -0.16588628762541807 -0.11283886060272466 -0.1113682383569569 0.07064463226945882 -0.06711409395973154 -0.14149849222918115 -0.20905923344947736 0.03658090476771125 -0.14514704026252684 0.04496402877697842 -0.15698587127158553 0.003985122210414452 -0.10963309457681625 -0.11988629341243358 -0.3960280373831776 -0.12359677968023586 -0.8199622463426145 -1.5901442307692308 -1.7989352482357313 -1.796079429735234 -0.9409687184661957 -0.2611205878493636 -0.33084163898117386 1.3877787807814458e-18 -0.25670809617841794 -0.18861293345829427 -0.5855531557475402 -2.117283950617284 -2.9522862823061633 -2.3300355149670215 -0.9830971911508823 -0.32224932597252537 -0.28042547313164806 -0.15453384418901658 -0.30082256169212696 -0.49976314542870676 -1.4797930014785607 -3.2420147420147423 -4.322604332395056 -1.9462419113987057 -0.6164811804426659 -0.31480505795574293 -0.3593772733886222 -0.21728271728271734 -0.25693035835023664 -0.22461712989222918 -0.39437297102320545 -0.6471075357861114 -0.7829787234042552 -0.3593262632563943 -0.3461109043542985 -0.1788357178095708 -0.2702702702702703
0.02086145539329979 -0.09633695530413353 0.08395835665509907 -0.10384215991692627 -0.0646298472385429 -0.1311436672967864 -0.03181985069146983 -0.14550745725718442 -0.08840486867392698 -0.10474090407938257 -0.03787400580734756 -0.08417713797730877 0.06592352870670024 0.02588438308886971 -0.07208134895095893 -0.21334319891478604 -0.0038991421887184796 -0.20971867007672634 0.009329601492736242 -0.1925987068372541 0.11626421361952217 -0.1233654083395016 0.13089948360754172 -0.04292869067493442 0.03262233375156838 -0.09972229235041656 0.07636551902666322 -0.11538461538461538 0.005424464334147001 -0.07715824719755424 0.02187620640844164 -0.13760918990068205 -0.2241233883600434 -0.27219937091700946 -0.1195665711794744 -0.234176368259066 -0.1368906271825674 -0.16321070234113716 -0.1252236135957066 -0.13017066820943016 0.07316765485051091 -0.07174265216385096 -0.1194618418000464 -0.2078577436020666 0.0816973539812218 -0.14262274391013505 0.07451181911613566 -0.18707482993197275 0.011955366631243358 -0.13594503727525215 -0.11370658756643184 -0.3925233644859813 -0.0929810636126545 -0.12623879188296366 -1.186298076923077 -1.7630308282778262 -1.9017311608961305 -1.4404641775983855 -0.3359139220574728 -0.3557585825027686 0.009659502535619419 -0.25322337089092806 -0.09840674789128398 -0.3683705303575714 -1.9061728395061728 -2.969681908548708 -2.47716894977169 -1.3062391250310712 -0.3864424187957376 -0.3315375051802735 -0.13409961685823754 -0.3172737955346651 -0.2143533870203695 -1.0349926071956628 -3.1781326781326777 -4.4755843837963525 -2.7563464410154306 -0.7952982368388145 -0.35036880927291886 -0.405936272370144 -0.20854145854145853 -0.24566148298399818 -0.17923993193420307 -0.3583022724540098 -0.604519105642967 -0.7999999999999999 -0.40424204616344356 -0.3485919861059422 -0.17390231869758266 -0.2793223845855425
0.02086145539329979 -0.10865912400582503 0.08843613567670436 -0.08422752971039577 -0.059929494712103404 -0.13350661625708887 -0.02937216986904908 -0.17218382442100158 -0.06790518898142217 -0.10198456449834618 -0.02777427092538821 -0.0914968891057704 0.08030684406088937 0.03944286946875385 -0.0411893422576908 -0.21334319891478604 0.015596568754873929 -0.2058823529411765 0.03065440490470479 -0.18159306644655387 0.11498658489842853 -0.12213175425610659 0.13450222168848325 -0.0107321726687336 0.03262233375156838 -0.09719767735420348 0.05953921822417809 -0.09487179487179488 0.012205044751830757 -0.07133498325811617 0.015442028053017625 -0.145985401459854 -0.21809856609230027 -0.24437454633438183 -0.11832108606302152 -0.2368526696105982 -0.14387484285514737 -0.188628762541806 -0.11559102793449841 -0.14029505351460805 0.07821370001261511 -0.06711409395973154 -0.10438413361169104 -0.18623092634867236 0.09876844287282038 -0.12621481761958853 0.07836587872559095 -0.22893772893772893 -0.055791710945802334 -0.16810407835111824 -0.11617846990483252 -0.39485981308411217 -0.10091847148202741 -0.07196790939122227 -0.8233173076923077 -1.6503652346168127 -1.8839103869653766 -1.705348133198789 -0.8017320561606087 -0.436046511627907 -0.004829751267809707 -0.2462539203159484 -0.09606373008434864 -0.25917926565874727 -1.3617283950617285 -2.8305168986083498 -2.6610857432775243 -1.72508078548347 -0.4455000641930929 -0.3522585992540406 -0.140485312899106 -0.3113983548766158 -0.18356229275225014 -0.4879250862493839 -2.7899262899262895 -4.46701750091788 -2.8123444499751122 -1.0291359259722395 -0.3556375131717598 -0.41030117852466175 -0.2097902097902098 -0.2366463826910074 -0.16335791264889393 -0.2681255260310208 -0.5441854962735124 -0.7720364741641338 -0.40424204616344356 -0.4068974072695696 -0.17513566847557968 -0.27414974783395835
0.012271444348999877 -0.0996975467682312 0.09291391469830963 -0.08076612437983155 -0.05287896592244418 -0.14177693761814744 -0.030596010280259454 -0.18067175942767066 -0.057655349135169766 -0.10060639470782799 -0.02651180406514329 -0.07441746980602659 0.08869711135083304 0.05916430420313078 -0.02445617196550393 -0.20717721050684426 0.01819599688068625 -0.18797953964194375 0.026656004264960686 -0.17196313110469114 0.12009709978280311 -0.11226252158894645 0.1453104359313078 0.01788695444788934 0.04516938519447929 -0.08709921736935118 0.054361894900336515 -0.07948717948717951 0.02712232167073501 -0.05677682340952104 0.019302535066272032 -0.12324997008495872 -0.2024340281961682 -0.21533994676990081 -0.1046207497820401 -0.2207948615014051 -0.1340969409135354 -0.1672240802675585 -0.1362322829228017 -0.14029505351460805 0.08578276775577141 -0.05554269844943301 -0.08582695430294596 -0.1670070887900997 0.12193634922570418 -0.11359333585762968 0.08864337101747174 -0.2760334903192046 -0.25770456960680127 -0.24996345563514102 -0.11123470522803114 -0.3796728971962617 -0.09071323279283365 -0.035394053798961767 -0.44110576923076916 -1.4770335520614088 -1.85081466395112 -1.7394046417759834 -1.32659755937541 -0.5578626799557032 -0.019319005071238828 -0.23115344407015911 -0.09020618556701031 -0.21358291336693064 -0.8148148148148149 -2.5844930417495027 -2.832318619989853 -2.475764354958986 -0.514828604442162 -0.3715982870562232 -0.14687100893997446 -0.28437132784958874 -0.15277119848413073 -0.19467718087727945 -2.4017199017199014 -4.4168400440582545 -2.8683424589347934 -1.1266725021883204 -0.36090621707060067 -0.4044813036519715 -0.21103896103896105 -0.21523551949515438 -0.1474758933635848 -0.17794877960803174 -0.4838518869040578 -0.7148936170212765 -0.40424204616344356 -0.4279866021585411 -0.1763690182535767 -0.25475236001551793
0.01104429991409989 -0.09297636384003585 0.09403335945371097 -0.08191992615668629 -0.047003525264394816 -0.1524102079395085 -0.017133765756945297 -0.19643506729719898 -0.06278026905829596 -0.1185226019845645 -0.02651180406514329 -0.0829571794558985 0.0970873786407767 0.060396893874029335 0.005148667782211352 -0.22074238500431614 0.019495710943592415 -0.1918158567774936 0.007996801279488208 -0.163708900811666 0.10732081257186663 -0.11472982975573646 0.1501140867058965 0.02623419985690436 0.04140526976160602 -0.09719767735420348 0.042712917421692975 -0.08717948717948718 0.028478437754271762 -0.052409375454942494 0.0077210140265088125 -0.12564317338757927 -0.20725388601036268 -0.2008226469876603 -0.1071117200149458 -0.22882376555600162 -0.1424779997206314 -0.17391304347826086 -0.21191688454658042 -0.1909169800404975 0.08073672259366721 -0.07752834991900023 -0.08930642542333565 -0.17541751772197525 0.11583953176441897 -0.1224283730910009 0.06808838643371017 -0.30481423338566194 -0.7903825717321997 -0.4955415874872095 -0.10011123470522805 -0.3808411214953271 -0.07824016328381903 -0.021236432279377056 -0.20072115384615383 -1.2677974495480995 -1.810081466395112 -1.8718466195761856 -1.5890303109828108 -0.6962901439645626 -0.025356194156000968 -0.2230224183993495 -0.08903467666354264 -0.18838492920566355 -0.38888888888888884 -2.1657554671968193 -2.9185692541856927 -3.2774049217002235 -0.6355116189498011 -0.4033706313026661 -0.13793103448275862 -0.26321974148061106 -0.13263855992420653 -0.10103499260719566 -1.7211302211302208 -4.316485130339003 -2.8670980587356896 -1.1816931349255968 -0.3516859852476292 -0.3870216790339007 -0.20979020979020985 -0.22199684471489745 -0.1236528644356211 -0.13947336780088976 -0.3998580385661895 -0.6723404255319148 -0.37305053025577045 -0.42054335690361 -0.18006906758756783 -0.2508728824518298
0.0 -0.1075389268511258 0.07052501959028322 -0.08999653859466944 -0.036427732079905975 -0.17722117202268428 -0.01590992534573492 -0.20856068873529768 -0.07559256886611147 -0.13919514884233736 -0.03661153894710264 -0.0829571794558985 0.08989572096368212 0.05300135584863798 0.03217917363882095 -0.22814157109384636 0.018195996880686252 -0.19181585677749363 -0.003998400639744099 -0.16095749071399096 0.10348792640858566 -0.1171971379225265 0.16332412633601537 0.035773908895778674 0.08657465495608532 -0.1047715223428427 0.04400724825265336 -0.1064102564102564 0.016273393002441006 -0.058232639394380545 -0.0038605070132544093 -0.1340193849467512 -0.225328352813592 -0.20324219695136705 -0.07348362187071864 -0.2555867790713235 -0.12990641150998744 -0.18193979933110366 -0.22842988853722304 -0.2429852473242696 0.061814053235776455 -0.07984262902105994 -0.11366272326606357 -0.17902198726420765 0.12193634922570418 -0.13378770667676385 0.060380267214799596 -0.33097854526425957 -1.329702444208289 -0.7381961701505627 -0.10134717587442839 -0.3855140186915888 -0.08617757115319197 -0.009438414346389807 -0.09375 -0.9768478395443851 -1.7871690427698574 -2.260343087790111 -1.671696627739142 -0.7724252491694352 -0.03863801014247766 -0.20676036705773032 -0.12066541705716964 -0.1823854091672666 -0.1802469135802469 -1.5817594433399602 -2.9249112125824457 -3.8230176485210046 -0.7728848375914753 -0.42961735046277105 -0.13537675606641125 -0.245593419506463 -0.13855992420653718 -0.06776737309019223 -0.9361179361179364 -4.019091910414881 -2.844698855151817 -1.2079529823683879 -0.392518440463646 -0.3782918667248654 -0.18981018981018982 -0.21523551949515438 -0.10436755530346001 -0.09979559937477456 -0.2661776883946527 -0.5993920972644375 -0.33562071116656267 -0.3808460488773105 -0.1726689689195856 -0.24311392732445364
0.003681433304699963 -0.09857734961353198 0.07836113287809246 -0.09230414214837893 -0.011750881316098704 -0.17131379962192814 -0.0024476808224207615 -0.18794713229052987 -0.06790518898142217 -0.1529768467475193 -0.040398939527837394 -0.08417713797730877 0.08270406328658755 0.05053617650684087 0.03990217531213798 -0.1973116290541374 0.01169742656615545 -0.18797953964194375 0.0013328002132480372 -0.16921172100701612 0.10859844129296028 -0.11719713792252653 0.15852047556142668 0.038158836155497255 0.122961104140527 -0.1085584448371623 0.042712917421692975 -0.11538461538461538 0.005424464334147003 -0.07133498325811617 -0.0025736713421696082 -0.1328227832954409 -0.22291842390649474 -0.2056617469150738 -0.033628098144227174 -0.26227753245015395 -0.12571588210643947 -0.17792642140468226 -0.27521673317737716 -0.3051778999132196 0.050460451621042 -0.0833140476741495 -0.12062166550684297 -0.17421602787456444 0.13656871113278868 -0.121166224914805 0.057810894141829404 -0.3349031920460491 -1.6312433581296493 -1.1284899868440286 -0.1075268817204301 -0.38668224299065423 -0.08957931738292321 -0.012977819726285983 -0.06971153846153846 -0.6908505633279682 -1.7617107942973522 -2.6286579212916243 -1.7740454008660282 -0.8513289036544851 -0.02535619415600096 -0.18352886514113137 -0.11129334582942832 -0.16678665706743456 -0.11975308641975309 -1.022614314115308 -2.775240994419077 -4.3487447178722345 -0.839645654127616 -0.4572454758944605 -0.12132822477650065 -0.23266745005875436 -0.11369019422074847 -0.05791030064070972 -0.4103194103194103 -3.3386366417819113 -2.765057242409159 -1.234212829811179 -0.37671232876712335 -0.37974683544303794 -0.17857142857142858 -0.2084741942754113 -0.09529211571185478 -0.08176025009017676 -0.16325564888205374 -0.5045592705167172 -0.2832189644416719 -0.3312244138444361 -0.1480019733596448 -0.23923444976076552
0.01104429991409989 -0.09745715245883277 0.07612224336728983 -0.08999653859466944 -0.004700352526439483 -0.16658790170132323 -0.003671521233631137 -0.17097126227719167 -0.07559256886611146 -0.1681367144432194 -0.049236207549551825 -0.07563742832743686 0.08869711135083302 0.060396893874029335 0.03861500836658514 -0.1689480823776051 -0.00909799844034312 -0.18414322250639387 -0.0039984006397441015 -0.1733388361535287 0.10093266896639837 -0.11843079200592155 0.15491773748048515 0.03935129978535654 0.1355081555834379 -0.10729613733905578 0.031063939943049446 -0.12179487179487178 -0.006780580417683757 -0.09317222303100887 -0.0025736713421696073 -0.14359219815723345 -0.21568863718520306 -0.21654972175175416 -0.017436791630340016 -0.2810116419108792 -0.14806537225869537 -0.18729096989966557 -0.3729186734553461 -0.40063638993346834 0.03406080484420336 -0.08447118722517935 -0.1368591974019949 -0.16580559894268893 0.1341299841482746 -0.11864192856241322 0.04753340184994861 -0.32967032967032966 -1.8278427205100958 -1.4968571846221312 -0.1260659992584353 -0.37733644859813087 -0.11906111804059416 0.003539405379896178 -0.08052884615384617 -0.5138046304320911 -1.6458757637474544 -3.1899596367305754 -1.8987009578795437 -0.902547065337763 -0.0313933832407631 -0.18004413985364157 -0.11129334582942832 -0.14638828893688502 -0.10987654320987654 -0.739314115308151 -2.4226281075596146 -4.603529704200845 -0.8807292335344717 -0.45724547589446046 -0.10727969348659001 -0.21974148061104581 -0.09592610137375653 -0.0369640216855594 -0.23218673218673222 -2.4268755354301796 -2.6331508213041315 -1.2242090784044017 -0.34641728134878824 -0.3782918667248654 -0.18481518481518483 -0.2028397565922921 -0.08394781622234827 -0.06612961404352531 -0.11830119484206789 -0.4 -0.24578914535246418 -0.29276764669395855 -0.13443512580167735 -0.23664813138497348
0.01718002208859983 -0.09521675814943431 0.07500279861188851 -0.08191992615668628 -0.007050528789659225 -0.15359168241965973 -0.017133765756945297 -0.16369588941433247 -0.09224855861627161 -0.18191841234840134 -0.058073475571266256 -0.0829571794558985 0.07790962483519118 0.05669912486133366 0.03604067447547947 -0.14428412874583796 -0.027293995321029375 -0.1956521739130435 -0.009329601492736235 -0.1829687714953914 0.07538009454452538 -0.13816925734024182 0.13810495976942477 0.027426663486763647 0.11417816813048934 -0.10224690734662963 0.003882992492881174 -0.14358974358974358 -0.039327366422565777 -0.12520017469791817 -0.014155192381932826 -0.14957520641378483 -0.2265333172671406 -0.2153399467699008 -0.027400672561962887 -0.26629198447745217 -0.18438329375611123 -0.20735785953177258 -0.49539011971927893 -0.5177899913219555 0.012615112905260507 -0.08562832677620921 -0.15657620041753653 -0.1658055989426889 0.11462016827216193 -0.10602044680045437 0.014131551901336071 -0.34798534798534797 -1.969978746014878 -1.799444525654144 -0.1446051167964405 -0.37733644859813087 -0.13380201836942962 -0.0011798017932987252 -0.10456730769230768 -0.3578061161322273 -1.3811099796334012 -3.874873864783047 -2.0128592048287635 -0.9385382059800665 -0.035015696691620385 -0.17772098966198166 -0.11363636363636365 -0.13318934485241177 -0.09629629629629628 -0.45477137176938365 -1.8835616438356162 -4.670643798160577 -0.8922839902426499 -0.46415250725238283 -0.10089399744572158 -0.2115158636897767 -0.08526764566556136 -0.018482010842779697 -0.18550368550368548 -1.517562109900869 -2.4016923842707816 -1.2029511066649996 -0.3358798735511065 -0.39720646006110866 -0.18481518481518483 -0.19044399368942982 -0.08508224617129892 -0.06252254418660574 -0.11120312315154383 -0.30881458966565345 -0.21334996880848411 -0.27043791092916514 -0.14060187469166258 -0.24828656407603775
0.0061357221744999385 -0.07729360367424667 0.06716668532407925 -0.06922810661128417 -0.01762632197414806 -0.11696597353497162 -0.025700648635417944 -0.18188432157148055 -0.11402946828955798 -0.18191841234840136 -0.07196061103396037 -0.09149688910577039 0.06712213831954933 0.044373228152348086 0.03475350752992663 -0.14428412874583796 -0.016896282817780085 -0.2570332480818414 -0.014660802345728374 -0.20360434722795434 0.06388143605468252 -0.12459906242289662 0.11768944397742284 0.04769854519437157 0.1053952321204517 -0.0454430699318354 -0.003882992492881189 -0.16025641025641024 -0.06644968809330079 -0.12374435871305867 -0.03217089177712006 -0.13760918990068208 -0.2458127485239186 -0.20808129687878055 -0.04359197907585004 -0.22480931352870331 -0.20952647017739912 -0.25685618729096993 -0.5793312233383789 -0.5886606884582007 -0.0025230225810521 -0.07521407081694051 -0.16585479007190906 -0.15138772077375945 0.09511035239604926 -0.07951533510034078 -0.016700924974306273 -0.3636839351125065 -2.02577045696068 -1.900306972664815 -0.15449264615004327 -0.34929906542056083 -0.14627508787844423 0.025955639452571965 -0.11057692307692306 -0.282283025875944 -0.9992362525458249 -4.2532795156407674 -2.058784936360058 -0.9413067552602437 -0.037430572325525234 -0.1533279126495528 -0.11480787253983131 -0.10559155267578593 -0.08641975308641973 -0.33548707753479123 -1.3762049720953828 -4.563758389261745 -0.8653228912569008 -0.45033844453653826 -0.09450830140485313 -0.1762632197414806 -0.08053055423969684 -1.3877787807814458e-18 -0.17444717444717442 -0.8175253946885327 -1.9039323046291685 -1.1129173440040017 -0.32797681770284515 -0.3855667103157282 -0.17607392607392608 -0.1780482307865675 -0.08281338627339763 -0.05290369123482025 -0.10173902756417841 -0.22613981762917934 -0.18714909544603867 -0.30641359632799897 -0.14060187469166258 -0.2728565886460623
0.0024542888697999753 -0.06385123781785593 0.07052501959028322 -0.05076727818160839 -0.0282021151586369 -0.09569943289224954 -0.02325296781299719 -0.19643506729719895 -0.12171684817424729 -0.1819184123484013 -0.06817321045322561 -0.08783701354153958 0.06951935754524752 0.05423394551953655 0.027030505856609606 -0.14305093106424963 0.022095139069404728 -0.2826086956521739 -0.01732640277222444 -0.1967258219837667 0.060048549891401556 -0.12089810017271159 0.11528761859012851 0.05723825423324589 0.1053952321204517 -0.010098459984852311 0.007765984985762355 -0.16794871794871793 -0.07594250067805804 -0.12083272674333964 -0.03860507013254408 -0.13282278329544095 -0.2482226774310158 -0.19477377207839341 -0.04359197907585004 -0.19269369731031713 -0.18857382315965918 -0.30234113712374583 -0.6467593229668364 -0.6161411628579693 -0.0037845338715781496 -0.07752834991900023 -0.16701461377870563 -0.14177580199447312 0.08291671747347884 -0.07572889057175312 -0.03340184994861253 -0.39508110936682367 -2.0682784272051014 -1.9324660137406813 -0.16808799901124707 -0.3306074766355141 -0.14854291869826508 0.037753657385559226 -0.12019230769230768 -0.2488547728116875 -0.7624745417515275 -4.098133198789101 -2.0850282115207976 -0.9302325581395348 -0.030185945423810673 -0.12893483563712393 -0.10777881911902532 -0.07919366450683946 -0.07901234567901234 -0.26466202783300197 -1.0832064941653983 -4.326373353218991 -0.8049813840030813 -0.4227103191048487 -0.0842911877394636 -0.1374853113983549 -0.08289909995262908 0.041892557910300644 -0.15356265356265356 -0.43323950556847385 -1.1187157789945246 -0.9953732649743655 -0.2989989462592203 -0.3506474610795868 -0.1635864135864136 -0.16677935542032904 -0.0714690867838911 -0.038475411807142 -0.08872589613155094 -0.15562310030395135 -0.148471615720524 -0.2964892693214241 -0.12703502713369513 -0.2676839518944782
0.0012271444348999877 -0.04480788618796909 0.06716668532407927 -0.03346025152878737 -0.02937720329024678 -0.07561436672967863 -0.0024476808224207576 -0.19158481872195948 -0.12043561819346574 -0.1681367144432194 -0.06943567731347053 -0.07563742832743688 0.06352630948100205 0.07149020091211637 0.018020337237739735 -0.1344185472931311 0.016896282817780085 -0.28132992327365725 -0.03598560575769692 -0.18434447654422892 0.05366040628593331 -0.11226252158894648 0.11288579320283414 0.07751013594085379 0.10037641154328733 0.0012623074981065394 0.015531969971524714 -0.19615384615384615 -0.09764035801464606 -0.12665599068277772 -0.03989190580362888 -0.1017111403613737 -0.2482226774310158 -0.18267602225985966 -0.04359197907585004 -0.16459253311922922 -0.16203380360385528 -0.33177257525083614 -0.688041832943443 -0.6146948221000867 -0.010092090324208403 -0.06479981485767185 -0.1762932034330782 -0.13576835275741922 0.07194244604316546 -0.07320459421936136 -0.07451181911613566 -0.39508110936682367 -2.082890541976621 -1.9368513375237542 -0.17673958719564947 -0.3282710280373832 -0.1496768341081755 0.0365738555922605 -0.12139423076923077 -0.25256902315216045 -0.6835539714867618 -3.641523713420787 -2.0128592048287626 -0.9316168327796234 -0.028978507606858245 -0.10105703333720524 -0.10309278350515465 -0.04559635229181666 -0.07530864197530862 -0.20626242544731613 -0.9284627092846268 -4.024359930400199 -0.7395044293234048 -0.3867937560436524 -0.08045977011494251 -0.0846063454759107 -0.08645191852202747 0.08994578610152784 -0.13882063882063883 -0.2680210500550728 -0.2911896465903434 -0.7977991746905091 -0.2608008429926238 -0.29535864978902954 -0.1560939060939061 -0.15551048005409057 -0.07260351673284174 -0.02164241914151737 -0.08754288418313025 -0.12401215805471125 -0.09107922645040548 -0.2927676466939585 -0.12580167735569808 -0.2547523600155179
-0.0061357221744999385 -0.04256749187857063 0.06492779581327662 -0.035767855082496844 -0.019976498237367805 -0.07206994328922495 -0.0012238404112103797 -0.16490845155814235 -0.1370916079436259 -0.16400220507166482 -0.07701047847494004 -0.06953763572038549 0.055136042191058374 0.07272279058301492 0.014158836401081221 -0.13688494265630782 -0.002599428125812321 -0.28516624040920713 -0.057310409169665476 -0.18159306644655387 0.05110514884374601 -0.1171971379225265 0.11168488050918697 0.07154781779155735 0.09912170639899623 -0.0025246149962130766 0.02329795495728708 -0.20897435897435898 -0.10577705451586657 -0.11646527878876109 -0.04117874147471368 -0.1017111403613737 -0.25183757079166164 -0.18751512218727315 -0.04857391954166147 -0.17262143717382578 -0.15924011733482332 -0.31438127090301005 -0.7100591715976331 -0.6060167775527914 -0.018922669357890755 -0.0682712335107614 -0.18673161679424727 -0.13576835275741922 0.058529447628338005 -0.07699103874794902 -0.08221993833504625 -0.35190999476713763 -1.9885759829968115 -1.8856892267212397 -0.1693239401804474 -0.31542056074766356 -0.13493593377934004 0.044832468145351585 -0.12259615384615383 -0.25380710659898476 -0.6886456211812627 -3.34510595358224 -1.5483532344836637 -0.8333333333333334 -0.014489253803429122 -0.10338018352886513 -0.09489222118088098 -0.043196544276457895 -0.05679012345679011 -0.19507952286282304 -0.6925418569254186 -3.5955754412130245 -0.6676081653614071 -0.3494957867108716 -0.06513409961685823 -0.07755581668625147 -0.08289909995262908 0.09733859043863971 -0.12530712530712532 -0.23130583771876148 -0.20905923344947733 -0.5477053895210705 -0.23709167544783982 -0.26916921286192347 -0.14860139860139862 -0.14987604237097135 -0.06352807714123652 -0.02284477576049056 -0.07452975275050278 -0.11914893617021276 -0.07735495945102931 -0.22205681677211264 -0.11470152935372473 -0.24699340488814175
-0.003681433304699963 -0.04928867480676599 0.06940557483488191 -0.03576785508249684 -0.021151586368977675 -0.0661625708884688 -0.00734304246726227 -0.15278283012004362 -0.1524663677130045 -0.15573318632855565 -0.06943567731347053 -0.07807734537025741 0.05273882296536018 0.057931714532232226 0.02960483974771528 -0.1504501171537798 -0.003899142188718482 -0.3043478260869565 -0.042649606823937106 -0.1829687714953914 0.04216174779609046 -0.11966444608931655 0.11048396781553979 0.0655854996422609 0.0890840652446675 -0.008836152486745772 0.02847527828112865 -0.21153846153846154 -0.12069433143477082 -0.11209783083418254 -0.0501865911723073 -0.11607036017709704 -0.2662971442342451 -0.19719332204210016 -0.06725619628845435 -0.19670814933761543 -0.1787959212180472 -0.33444816053511706 -0.7059309205999724 -0.597338733005496 -0.027753248391573105 -0.0763712103679704 -0.1971700301554164 -0.14417878168929474 0.03901963175222534 -0.08835037233371199 -0.09763617677286743 -0.30743066457352175 -1.756110520722635 -1.7935974272767137 -0.1804474107032505 -0.308411214953271 -0.14060551082889217 0.04011326097215667 -0.13701923076923078 -0.2649498576204036 -0.7013747454175152 -3.275731584258325 -1.0195512399947515 -0.6949058693244741 -0.0012074378169524308 -0.11034963410384482 -0.08552014995313964 -0.03839692824574034 -0.04814814814814815 -0.18016898608349902 -0.48072044647387113 -2.8237633606761117 -0.5944280395429452 -0.3094350048349219 -0.05874840357598978 -0.08460634547591069 -0.07816200852676455 0.10103499260719566 -0.11547911547911549 -0.2117243911393954 -0.1281732205077153 -0.42015755908465674 -0.2054794520547945 -0.2487996508075076 -0.13361638361638364 -0.15438359251746672 -0.052183777651730004 -0.042082481664061554 -0.0496865018336685 -0.12887537993920972 -0.051154086088583905 -0.1873216722491006 -0.09126788357178095 -0.24699340488814175
0.0 -0.04816847765206676 0.07388335385648717 -0.023076035537094728 -0.0282021151586369 -0.0496219281663516 -0.022029127401786808 -0.13216927367527584 -0.1447789878283152 -0.1336824696802646 -0.0744855447544502 -0.07685738684884713 0.055136042191058374 0.06532725255762357 0.025743338911056762 -0.14921691947219143 -0.011697426566155444 -0.30051150895140666 -0.027988804478208718 -0.18296877149539142 0.044717005238277756 -0.11596348383913153 0.10928305512189262 0.07154781779155736 0.0890840652446675 -0.017672304973491537 0.03624126326689102 -0.19615384615384615 -0.12205044751830756 -0.10773038287960399 -0.04375241281688329 -0.10290774201268396 -0.2626822508735992 -0.18872489716912652 -0.07846556233653008 -0.19403184798608325 -0.19136750942869116 -0.32508361204013375 -0.650887573964497 -0.545270465721724 -0.030276270972625207 -0.0578569775514927 -0.19137091162143358 -0.1273579238255437 0.04023899524448238 -0.07446674239555724 -0.08350462487153136 -0.2708006279434851 -1.1942082890541976 -1.5348633240754277 -0.17673958719564947 -0.2990654205607476 -0.13040027213969838 0.04011326097215668 -0.1358173076923077 -0.26866410796087653 -0.6886456211812627 -3.1079717457114024 -0.7374360320167955 -0.545404208194906 0.014489253803429122 -0.09989545824137532 -0.06326148078725399 -0.02759779217662587 -0.037037037037037035 -0.1478628230616302 -0.3285134449518011 -1.978622918220233 -0.46219026832712806 -0.2555601602431275 -0.06130268199233717 -0.0763807285546416 -0.0757934628138323 0.11212419911286346 -0.11547911547911546 -0.19214294456002937 -0.0983076157292185 -0.32262098286857566 -0.19625922023182293 -0.23570493234395457 -0.1273726273726274 -0.14198782961460443 -0.0499149177538287 -0.03967776842611518 -0.04022240624630309 -0.12644376899696047 -0.047411104179663134 -0.183600049621635 -0.060434139121854955 -0.24570024570024573
0.008590011044299914 -0.02688473171278145 0.09403335945371097 -0.0034614053305642087 -0.02350176263219741 -0.02362948960302457 -0.01958144657936605 -0.10913059294288832 -0.1268417680973735 -0.11576626240352812 -0.05428607499053151 -0.07075759424179577 0.0695193575452475 0.07642055959571059 0.029604839747715283 -0.14058453570107293 -0.005198856251624642 -0.28900255754475707 -0.0066640010662401775 -0.17058742605585364 0.05366040628593331 -0.11843079200592155 0.10327849165365677 0.0775101359408538 0.07653701380175658 -0.027770764958343852 0.02847527828112865 -0.1833333333333333 -0.11933821535123404 -0.11064201484932301 -0.03217089177712006 -0.0849587172430298 -0.2518375707916616 -0.17299782240503267 -0.08220201768588867 -0.18466479325572058 -0.19974856823578716 -0.30769230769230765 -0.6329984863079674 -0.4960948799537171 -0.017661158067364707 -0.059014117102522565 -0.16237531895151938 -0.1249549441307221 0.04877453969028167 -0.06310740880979426 -0.07451181911613568 -0.2263212977498692 -0.6349628055260362 -1.2702821224967111 -0.1779755283648498 -0.29672897196261677 -0.1247306950901463 0.05191127890514393 -0.1322115384615385 -0.2575213569394577 -0.6428207739307535 -2.6917255297679112 -0.6363994226479464 -0.46234772978959027 0.0313933832407631 -0.09641073295388547 -0.02460168697282099 -0.017998560115190788 -0.018518518518518517 -0.13543737574552686 -0.21689497716894976 -1.3845389013174254 -0.3081268455514186 -0.21964359718193122 -0.05619412515964241 -0.06698002350176264 -0.06276646139270489 0.12814194184327254 -0.11056511056511056 -0.17500917880308406 -0.08710801393728221 -0.24759284731774414 -0.15147523709167543 -0.20660555798050342 -0.12862137862137862 -0.13522650439486136 -0.057855927396483264 -0.03847541180714199 -0.05323553767893056 -0.12887537993920972 -0.053649407361197755 -0.20220816275896286 -0.05426739023186976 -0.24182076813655762
0.0 -0.03360591464097681 0.07612224336728982 -0.0011538017768547375 -0.038777908343125736 -0.020085066162570886 -0.030596010280259454 -0.12246877652479689 -0.13068545803971815 -0.10749724366041895 -0.058073475571266256 -0.06831767719897522 0.0695193575452475 0.08258350795020339 0.02188183807439825 -0.144284128745838 -0.009097998440343123 -0.28900255754475707 -5.551115123125783e-18 -0.16233319576282848 0.04854989140155871 -0.1233654083395016 0.10568031704095113 0.06320057238254234 0.06398996235884566 -0.03408230244887654 0.020709293295366298 -0.1769230769230769 -0.09492812584757256 -0.10773038287960401 -0.036031398790374466 -0.08495871724302978 -0.25906735751295334 -0.18630534720541977 -0.09092041350105867 -0.19001739595878495 -0.21092331331191505 -0.31438127090301 -0.5807073070042658 -0.44981197570147524 -0.005046045162104204 -0.056699838000462854 -0.15541637671074 -0.12375345428331133 0.045116449213510545 -0.07320459421936135 -0.06166495375128469 -0.21323914181057035 -0.28958554729011693 -0.8756029820201727 -0.16808799901124705 -0.2908878504672897 -0.10545413312166914 0.05191127890514393 -0.12139423076923077 -0.25133093970533615 -0.5486252545824846 -2.27547931382442 -0.4973100642960242 -0.391749723145072 0.0313933832407631 -0.09641073295388547 -0.017572633552014997 -0.009599232061435084 -0.018518518518518517 -0.12176938369781314 -0.15601217656012173 -0.7954262987820034 -0.19257927846963668 -0.18648984666390386 -0.05874840357598978 -0.06580493537015276 -0.07342491710090004 0.1330704780680138 -0.1216216216216216 -0.1676661363358218 -0.08959681433549029 -0.17006377391521818 -0.12776606954689146 -0.1906009020806053 -0.13361638361638364 -0.1374802794681091 -0.055587067498581964 -0.03967776842611519 -0.06388264521471666 -0.13373860182370817 -0.06487835308796007 -0.23074060290286563 -0.049333991119881605 -0.24699340488814175
-0.004908577739599951 -0.02688473171278145 0.06268890630247397 -1.7347234759768072e-19 -0.038777908343125736 -0.022448015122873345 -0.03181985069146983 -0.1503577058324239 -0.12427930813581041 -0.10749724366041895 -0.04923620754955183 -0.07319751128461632 0.0743137959966439 0.07642055959571059 0.028317672802162443 -0.1504501171537798 0.0038991421887184822 -0.3056265984654732 0.02265760362521658 -0.17058742605585364 0.05110514884374601 -0.1283000246730817 0.10568031704095113 0.06081564512282377 0.06273525721455457 -0.04796768492804847 0.019414962464405904 -0.17948717948717946 -0.06644968809330079 -0.10336293492502549 -0.03345772744820487 -0.06940289577599616 -0.27593685986263405 -0.17299782240503264 -0.09590235396687011 -0.1846647932557206 -0.21092331331191505 -0.31438127090300994 -0.48575753405807065 -0.36881689326005207 -0.0012615112905260501 -0.05322841934737329 -0.13801902110879147 -0.12014898474107893 0.05365199365930984 -0.07446674239555724 -0.044964028776978436 -0.2184720041862899 -0.05446333687566414 -0.5072357842420698 -0.14954888147324188 -0.29672897196261677 -0.0771062478739086 0.05427088249174139 -0.0889423076923077 -0.25133093970533615 -0.43151731160896123 -1.6334510595358225 -0.3477233958798058 -0.35575858250276854 0.04829751267809708 -0.08711813218724591 -0.011715089034676666 -0.0011999040076793865 -0.0012345679012345679 -0.10313121272365804 -0.09893455098934549 -0.43624161073825496 -0.11169598151238927 -0.15609890868904547 -0.04980842911877394 -0.05875440658049354 -0.053292278540975846 0.13060620995564318 -0.10933660933660934 -0.17256149798066334 -0.08959681433549029 -0.15380767787920469 -0.10800842992623813 -0.18914593336243274 -0.11613386613386614 -0.1386071670047329 -0.05331820760068066 -0.04208248166406156 -0.049686501833668524 -0.13738601823708202 -0.05489706799750468 -0.24686763428854977 -0.04563394178589049 -0.24570024570024568
