0.0024545900834560624 -0.03923766816143498 -0.021259930625489542 -0.07847663012117714 -0.07165511570539176 -0.026007802340702213 -0.00856688287847265 -0.11524930243843261 -0.04741765987440727 -0.09786354238456238 0.0 0.0024420024420024416 -0.06109979633401221 -0.10464114243506092 -0.08233629229383763 0.037064492216456635 -0.04808317089018843 0.03846153846153846 -0.06124350951937159 0.0661521499448732 -0.05872590322992467 -0.08520622375895283 -0.08758248350329935 -0.028619127116622945 -0.046389167502507524 -0.017685699848408284 0.050491973070947695 -0.09110740408058512 0.0475027144408252 -0.007284382284382282 -0.16081307088640165 -0.22405942966690634 -0.4472380031427535 -0.27276033458601046 -0.13336657110806432 -0.07643824594340888 -0.008395130824122009 -0.1902210314802411 -0.011007154650522839 -0.16763005780346824 -0.26849867641497543 -0.5011574074074074 -1.2270081490104774 -0.572289156626506 -0.18525289457647776 -0.11993435172326725 -0.05651168764449012 -0.058931377684651655 -0.141590578271801 -0.12269938650306747 -0.4546580773042617 -0.6705744431418523 -0.3111161576019076 -0.2522692443710951 -0.09744947064485084 -0.012410027302060065 0.006375111564452385 0.03158958807177154 0.022386094284961813 0.050020842017507304 -0.38118214716525933 -0.7753201396973225 -0.2753691117881415 -0.17653416596613428 -0.06297851321313905 -0.027352977744622652 0.06211967545638945 -0.05588673621460507 0.01796484024124214 -0.07600884466556108 -0.18135376756066413 -0.22564343636149956 -0.1266871892019891 -0.24207421971000248 -0.11310548315711826 -0.09071962731396346 -0.06841646971016296 -0.13765486171943436 -0.09738123437294381 -0.11209783083418257 -0.14500000000000002 -0.10037216645990754 -0.15318279813911267 -0.16582552271088682 -0.21160893722662255 -0.046234335077260005 -0.08856180616190595 -0.05089374379344588 -0.12447621395119546 0.03499222395023328
-0.004909180166912125 -0.03923766816143497 -0.017903099474096455 -0.07616849394114253 -0.07400446376130625 -0.00591086416834141 -0.00979072328968303 -0.1031177969185976 -0.04869921824939125 -0.07994486560992421 -0.0037902716361339238 -0.01343101343101343 -0.06229783155624776 -0.10094792564323525 -0.08748231056220249 0.025945144551519646 -0.057179987004548405 0.02307692307692307 -0.07588869657835176 0.06339581036383682 -0.05234265287884591 -0.09632007903185971 -0.09358128374325136 -0.03696637252563797 -0.05641925777331995 -0.020212228398180897 0.03495598135680994 -0.10907224432182727 0.02714440825190011 -0.011655011655011652 -0.17496462112440497 -0.24203211119098972 -0.4980055602562553 -0.2982179658140381 -0.1458307366321825 -0.07241518036743999 -0.02098782706030502 -0.18620227729403885 -0.023390203632361033 -0.16184971098265896 -0.27606201941258035 -0.65625 -2.0454016298020954 -0.7650602409638554 -0.22790981109079828 -0.1628582249715945 -0.06935525301823786 -0.10214772132006286 -0.14953023686648143 -0.15483494011101373 -0.6095143706640238 -1.0140679953106682 -0.38037924378335414 -0.29706471767063536 -0.12993262752646778 -0.03350707371556218 -0.015300267754685706 0.01010866818296689 0.01843560705820385 0.04029456718076977 -0.5126658624849216 -1.329452852153667 -0.3433325521443637 -0.2017533325327249 -0.08767596937515436 -0.02486634340420241 0.036764705882352935 -0.052160953800298074 0.0 -0.07048092868988391 -0.18901660280970628 -0.2503231872135386 -0.14681506038361353 -0.25559105431309903 -0.12294074256208506 -0.08826774549466716 -0.07588008458763529 -0.14140908522087345 -0.10264508487958941 -0.11064201484932305 -0.15125000000000002 -0.120672155182136 -0.16452967207534325 -0.17664023071377072 -0.21751980139496396 -0.046234335077260005 -0.09355120369215417 -0.06082423038728897 -0.1269410894749815 0.028512182477967864
-0.0036818851251840925 -0.02242152466367713 -0.01454626832270337 -0.048470859780727064 -0.07400446376130625 0.017732592505024236 -0.008566882878472648 -0.09219944195074609 -0.046136101499423286 -0.05926946933149552 -0.007580543272267847 -0.012210012210012212 -0.06349586677848329 -0.08371291394804875 -0.09262832883056735 0.042006424511984185 -0.06627680311890838 0.024358974358974363 -0.08387698042870458 0.07166482910694597 -0.04595940252776713 -0.08520622375895284 -0.09958008398320337 -0.017886954447889337 -0.0664493480441324 -0.005053057099545226 0.019419989642672192 -0.09110740408058514 0.0067861020629750345 0.0043706293706293736 -0.18911617136240835 -0.25401389887371195 -0.548773117369757 -0.30064250212146926 -0.15829490215630063 -0.07241518036743999 -0.033580523296488037 -0.19290020093770932 -0.035773252614199225 -0.16907514450867053 -0.28866759107525525 -0.775462962962963 -2.8637951105937134 -0.9578313253012049 -0.2705667276051188 -0.18684509531624796 -0.08219881839198562 -0.12964903090623364 -0.15746989546116183 -0.1738241308793456 -0.765609514370664 -1.3118405627198124 -0.45304871125241286 -0.33478722150182716 -0.16722810394610205 -0.0372300819061802 -0.036975647073823795 0.010108668182966895 0.007900974453515938 0.050020842017507304 -0.6574185765983113 -1.928987194412107 -0.4241856104991797 -0.21496337216284375 -0.11854778957767349 -0.026109660574412535 0.0038032454361054844 -0.05837059115747641 -0.021814448864365458 -0.06771697070204533 -0.20178799489144317 -0.25854977083088493 -0.1835188254795169 -0.2408454165642664 -0.14261126137201868 -0.07110457275959299 -0.09702699340714019 -0.13515204605180825 -0.12633241215949464 -0.09753967098558741 -0.15875 -0.13646103529942483 -0.1815499829796891 -0.17664023071377072 -0.2281593568979785 -0.04501764204891105 -0.09978795060496444 -0.06206554121151937 -0.13803302933201872 0.031104199066874033
-0.00981836033382425 -0.03139013452914798 -0.015665212039834394 -0.0323139065204847 -0.07048044167743452 0.0200969381723608 -0.002447680822420757 -0.09341259250272958 -0.04229142637447135 -0.06616126809097175 -0.007580543272267847 -0.008547008547008548 -0.06828800766742543 -0.08863720300381633 -0.09262832883056735 0.040770941438102296 -0.0714749837556855 0.02307692307692307 -0.09186526427905738 0.06890848952590958 -0.04595940252776713 -0.079031859718449 -0.10317936412717459 -0.008347245409015023 -0.07271815446339017 -0.00631632137443153 0.020714655618850338 -0.08854099833183626 0.004071661237785018 0.011655011655011658 -0.20069471246622922 -0.27198658039779533 -0.5910794149643418 -0.3151897199660565 -0.17699115044247787 -0.08314335523669035 -0.04757240800335805 -0.19156061620897522 -0.053659878921298844 -0.17052023121387283 -0.29875204840539515 -0.8773148148148149 -3.6647264260768333 -1.1698795180722894 -0.31566118220597195 -0.22471910112359547 -0.1040328795273568 -0.16893661602933477 -0.17467248908296945 -0.19281332164767745 -0.8659563924677899 -1.543962485345838 -0.5416146247303282 -0.4290934810798067 -0.20091434071222328 -0.06329113924050633 -0.04845084788983807 -0.0101086681829669 -0.011851461680273897 0.03890509934695013 -0.7901085645355851 -2.619324796274738 -0.5226154206702601 -0.24378527681037587 -0.1506544825882934 -0.04475941812756434 -0.02535496957403651 -0.06830601092896176 -0.057744129346849735 -0.0718629076838032 -0.21966794380587484 -0.2855799741450229 -0.21667061330807483 -0.2531334480216269 -0.15367592820260634 -0.08581586367537083 -0.09951486503296429 -0.14641471655612565 -0.1329122252928017 -0.12083272674333964 -0.1625 -0.174805458441412 -0.1849540451605583 -0.18745493871665464 -0.22343066556330538 -0.06326803747414526 -0.08606710739678183 -0.07199602780536245 -0.1269410894749815 0.027216174183514776
-0.02577319587628866 -0.053811659192825115 -0.03021148036253777 -0.04154645124062319 -0.08810055209679313 0.00591086416834141 -0.025700648635417944 -0.10675724857454809 -0.06279636037421503 -0.0827015851137147 -0.02021478205938092 -0.03907203907203908 -0.05750569066730562 -0.10217899790717715 -0.08876881512929372 0.013590313812700766 -0.07667316439246263 -0.011538461538461539 -0.08520836107043003 0.03445424476295479 -0.047236052597982886 -0.09138058779945665 -0.09838032393521297 -0.022656808967326494 -0.06519558676028084 -0.013895907023749371 0.03236664940445365 -0.09239060695495957 0.010857763300760045 1.3877787807814458e-18 -0.2058407307345941 -0.28995926192187876 -0.6019581772029494 -0.3309492059643593 -0.2006730649383024 -0.1005766393992222 -0.07695536588778508 -0.20629604822505027 -0.08392955421023665 -0.1893063583815029 -0.3025337199041977 -0.9583333333333334 -4.379511059371362 -1.4060240963855422 -0.3412553321145643 -0.2891049109960863 -0.10274852298998202 -0.24489261393399692 -0.1707026597856292 -0.2600058428279287 -0.9192269573835482 -1.6658851113716295 -0.7142046099693425 -0.5729105269362254 -0.2394128970163619 -0.09803921568627452 -0.06120107101874282 -0.039171089208996715 -0.02501975243613379 0.015284146172016113 -0.9167671893848011 -3.409778812572759 -0.6702601359268807 -0.28701813378167407 -0.20128426772042482 -0.058435906999875664 -0.07606490872210954 -0.07824143070044712 -0.10650583857307841 -0.07600884466556108 -0.25031928480204346 -0.3443412856974968 -0.2711342647407057 -0.2936839518309166 -0.17580526186378165 -0.102979036410445 -0.1131981589749969 -0.17144287323238644 -0.1460718515594157 -0.1470374144708109 -0.17250000000000001 -0.2199165444908086 -0.19289685691591968 -0.2114876231675078 -0.22579501123064194 -0.08638520501277527 -0.08606710739678183 -0.09682224428997019 -0.13433571604633965 0.005184033177812339
-0.0196367206676485 -0.06726457399103139 -0.03244936779679983 -0.04154645124062319 -0.08457653001292141 -0.003546518501004846 -0.020805286990576433 -0.11160985078248212 -0.06407791874919902 -0.08683666436940042 -0.015161086544535693 -0.05982905982905984 -0.05391158500059902 -0.10710328696294473 -0.08619580599511127 0.002470966147763776 -0.07407407407407407 -0.02564102564102564 -0.08787112235388098 0.01378169790518192 -0.05106600280863015 -0.10866880711286737 -0.09718056388722257 -0.028619127116622938 -0.07146439317953861 -0.02273875694795351 0.029777317452097357 -0.0898242012062107 0.009500542888165039 -0.021853146853146856 -0.2045542261675029 -0.2827701893122454 -0.609210685362021 -0.3382228148866529 -0.20815156425277329 -0.11398685798578516 -0.08115293129984609 -0.2116543871399866 -0.09080902586681343 -0.20664739884393063 -0.30631539140300007 -0.994212962962963 -4.997671711292201 -1.6204819277108435 -0.3753808653260207 -0.3345537179649034 -0.11559208836372978 -0.27894185437401775 -0.17599576551541615 -0.28337715454279866 -0.9427651139742318 -1.7350527549824146 -1.0253207675712501 -0.8310739125309443 -0.2983638113570741 -0.14767932489451477 -0.08670151727655233 -0.07707859489512256 -0.046089017645509614 -0.022231485341114354 -0.9939686369119421 -4.151338766006985 -0.8858682915397236 -0.33985829230214964 -0.237095579155347 -0.0907621534253388 -0.10902636916835699 -0.09687034277198213 -0.13986911330681379 -0.09259259259259259 -0.2694763729246488 -0.431308026795158 -0.3492777646223065 -0.3403784713688867 -0.19547578067371524 -0.12627191369375995 -0.12812538872994156 -0.1914653985733951 -0.16844321621265954 -0.1688746542437036 -0.1675 -0.241344310364272 -0.19630091909678887 -0.23071377072819033 -0.22461283839697366 -0.11923591677819685 -0.07983036048397156 -0.12909632571996027 -0.13187084052255363 -0.02592016588906169
-0.002454590083456061 -0.06726457399103139 -0.02237887434262057 -0.040392383150605886 -0.06108304945377656 -0.001182172833668281 0.0036715212336311297 -0.1164624529904161 -0.04357298474945534 -0.09097174362508616 0.005053695514845231 -0.08180708180708181 -0.02755481011141727 -0.10833435922688661 -0.054033191817830964 -0.009883864591055103 -0.042884990253411304 -0.03333333333333333 -0.06390627080282252 0.011025358324145532 -0.033192901825609605 -0.12348728081007657 -0.08878224355128975 -0.031004054376341517 -0.05140421263791374 -0.03031834259727135 0.05178663904712584 -0.08597459258308737 0.02714440825190011 -0.02331002331002331 -0.19426218963077319 -0.2635993290198898 -0.5898706636044967 -0.3333737422717905 -0.19942664838589058 -0.10996379240981627 -0.06995942353435007 -0.2062960482250502 -0.09906439185470554 -0.2153179190751445 -0.29749149123912766 -1.0231481481481484 -5.421420256111757 -1.824096385542169 -0.3924436319317489 -0.371165256912006 -0.10788594913948113 -0.30251440544787844 -0.1707026597856292 -0.28775927548933683 -0.932854311199207 -1.7924970691676432 -1.422731917792665 -1.0680183897206177 -0.34167468719923005 -0.189873417721519 -0.08797653958944282 -0.10993176648976499 -0.03950487226757967 -0.048631374183687646 -1.0229191797346202 -4.875436554132713 -1.161237403327865 -0.38549297466074217 -0.25808841689306006 -0.11687181399975136 -0.1179006085192698 -0.11053154495777447 -0.15013473630180932 -0.09535655058043119 -0.27330779054916987 -0.5088729580444236 -0.4203173099692162 -0.3723273531580241 -0.17334644701253996 -0.1336275591516489 -0.10200273665878841 -0.1927168064072081 -0.1434399263060929 -0.17469791818314168 -0.15875 -0.2390887560618022 -0.2087824804266425 -0.22710886806056235 -0.209244591559286 -0.11923591677819685 -0.07359361357116127 -0.1253723932472691 -0.12447621395119546 -0.02462415759460861
0.009818360333824253 -0.05493273542600896 -0.019022043191227484 -0.03693017888055396 -0.04933630917420416 0.010639555503014543 0.01468608493452453 -0.10554409802256459 -0.028194284249647573 -0.08545830461750517 0.010107391029690462 -0.10012210012210013 -0.017970528333533006 -0.09971685337929334 -0.0385951370127364 -0.001235483073881888 -0.04028589993502274 -0.017948717948717947 -0.0559179869524697 0.012403528114663729 -0.03574620196604111 -0.12966164485058038 -0.06238752249550091 -0.02504173622704507 -0.04638916750250752 -0.02905507832238504 0.05178663904712585 -0.07827537533684074 0.03257328990228013 -0.01748251748251748 -0.19168918049659076 -0.24442846872753415 -0.5548168741689834 -0.31518971996605644 -0.2019194814907142 -0.10728174869250366 -0.07975374282915908 -0.19959812458137977 -0.11144744083654375 -0.2283236994219653 -0.2899281482415227 -1.0289351851851853 -5.655413271245634 -1.979518072289157 -0.41560024375380866 -0.38757732609518997 -0.12201387105060366 -0.30906233630172864 -0.17599576551541618 -0.2994449313467718 -0.9353320118929632 -1.7995310668229774 -1.8882706937663223 -1.398090298243546 -0.40543792107795956 -0.21593447505584512 -0.1096519189085809 -0.11498610058124843 -0.052673163023439565 -0.04585243851604835 -1.0494571773220749 -5.414435389988358 -1.550269510194516 -0.4323285697129819 -0.3050135836008891 -0.13552157155290318 -0.14579107505070996 -0.11301539990064582 -0.1796484024124214 -0.09812050856826977 -0.28480204342273313 -0.6393230696909156 -0.5967321809140421 -0.4177930695502581 -0.17949348414064423 -0.13853132279024152 -0.10449060828461251 -0.19021399073958203 -0.13686011317278585 -0.18052118212257973 -0.16125000000000003 -0.2458554189692117 -0.20991716782026554 -0.22590723383801975 -0.20333372739094457 -0.12166930283489474 -0.07109891480603718 -0.1278550148957299 -0.11831402514173037 -0.028512182477967864
-0.003681885125184093 -0.06838565022421525 -0.041400917533848045 -0.035776110790536636 -0.06578174556560554 0.00354651850100485 -0.011014563700893404 -0.10918354967851511 -0.04869921824939126 -0.07856650585802896 -0.005053695514845231 -0.12820512820512822 -0.053911585000599026 -0.09356149205958389 -0.05274668725073974 0.002470966147763776 -0.06237816764132553 -0.030769230769230764 -0.06790041272799893 0.004134509371554575 -0.0472360525979829 -0.1506544825882934 -0.07558488302339533 -0.03696637252563796 -0.05516549648946839 -0.034108135421930266 0.04531330916623511 -0.09110740408058512 0.016286644951140065 -0.024766899766899768 -0.1826836485269523 -0.23484303858135633 -0.5113018252145534 -0.29458116135289125 -0.19693381528106696 -0.11398685798578516 -0.08814887365328108 -0.2103148024112525 -0.11832691249312052 -0.23699421965317918 -0.27606201941258035 -1.0439814814814814 -5.721769499417928 -2.085542168674699 -0.43875685557586835 -0.40651432899886375 -0.1310043668122271 -0.33263488737558927 -0.18658197697499007 -0.3184341221151037 -0.9006442021803766 -1.8077373974208668 -2.319745656863858 -1.8967346457621126 -0.4908565928777671 -0.2606105733432614 -0.12877725360193804 -0.15289360626737428 -0.07242559915722939 -0.0680839238571627 -1.0615199034981908 -5.713620488940629 -1.9639090696039372 -0.5055842440254593 -0.3630526055816251 -0.16287454929752582 -0.1939655172413793 -0.13909587680079485 -0.22071089439240343 -0.11332227750138198 -0.3167305236270754 -0.7968033846515453 -0.9365380061567606 -0.4902924551486853 -0.22866978116547826 -0.15692043643496384 -0.14678442592362234 -0.21649355524965586 -0.17502302934596656 -0.20818168583491045 -0.16750000000000004 -0.2627720762377354 -0.23714966526721892 -0.23912521028598896 -0.2151554557276274 -0.13626961917508212 -0.08481975801421979 -0.1477159880834161 -0.1306384027606606 -0.04017625712804562
-0.015954835542464407 -0.09865470852017937 -0.07720711648204096 -0.0530871321407963 -0.0787031598731352 -0.01891476533869251 -0.0281483294578387 -0.1395123134781026 -0.06920415224913495 -0.10751206064782907 0.002526847757422615 -0.16117216117216118 -0.0814663951120163 -0.09725470885140956 -0.042454650714010035 -0.007412898443291327 -0.057179987004548405 -0.044871794871794865 -0.065237651444548 -0.0165380374862183 -0.04085280224690413 -0.17411706594220794 -0.09358128374325136 -0.038158836155497255 -0.040120361083249755 -0.035371399696816574 0.04919730709476955 -0.09880662132683175 0.01900108577633008 -0.01893939393939394 -0.1852566576611347 -0.23124850227653965 -0.4677867762601232 -0.2666989938174324 -0.19942664838589058 -0.12471503285503552 -0.11333426612564712 -0.2304085733422639 -0.1403412217941662 -0.2601156069364162 -0.25841421908483553 -1.0243055555555558 -5.629802095459836 -2.127710843373494 -0.4570383912248629 -0.42545133190253753 -0.14384793218597486 -0.3522786799371399 -0.19319835913722375 -0.3374233128834355 -0.816402378592666 -1.749120750293083 -2.6161008288861134 -2.5297654131793 -0.6075553416746873 -0.30404566890047163 -0.16065281142419993 -0.192064695476371 -0.09349486436660522 -0.09031540919827706 -1.0180940892641739 -5.823050058207218 -2.318959456292477 -0.6064609102918219 -0.40133366263274883 -0.20639065025488001 -0.20664300202839758 -0.1800794833581719 -0.23097651738739894 -0.14787175234936428 -0.3167305236270754 -0.941356211070631 -1.4267108690504382 -0.6033423445564021 -0.25817555938037867 -0.18634301826651956 -0.16793133474312727 -0.25403579026404705 -0.1908145808659034 -0.24166545348667928 -0.17250000000000004 -0.28081651065749413 -0.2882105979802565 -0.25234318673395817 -0.2151554557276274 -0.15208662854361843 -0.09105650492703006 -0.16261171797418075 -0.13433571604633968 -0.05184033177812338
-0.012272950417280317 -0.09977578475336321 -0.08951549737048226 -0.07732256203115984 -0.07517913778926347 -0.04255822201205816 -0.034267531513890594 -0.16984107727769016 -0.06792259387415096 -0.12956581667815298 0.0037902716361339233 -0.15018315018315018 -0.08506050077872292 -0.12064508186630554 -0.027016595908915475 -0.019767729182110207 -0.05458089668615984 -0.06794871794871794 -0.05325522566901877 -0.03583241455347299 -0.03829950210647262 -0.1765868115584095 -0.10437912417516497 -0.03696637252563796 -0.033851554663991985 -0.04800404244567963 0.0647332988089073 -0.11035544719620172 0.03528773072747014 -0.030594405594405592 -0.17239161199022257 -0.19170860292355624 -0.41581046778677627 -0.23518002182082678 -0.18446964975694877 -0.1327611640069733 -0.12592696236183015 -0.25452109845947757 -0.1430930104567969 -0.27456647398843936 -0.23194251859321816 -0.8645833333333334 -4.832363213038416 -1.9578313253012052 -0.4570383912248629 -0.42418886504229264 -0.15283842794759828 -0.35358826610790994 -0.19981474129945745 -0.3359626059012562 -0.6516352824578789 -1.4009378663540446 -2.6013398433064614 -3.1297889897441946 -0.8626082771896055 -0.3623727972201539 -0.1606528114241999 -0.21607278241091735 -0.08954437713984724 -0.10559955537029317 -0.8950542822677925 -5.317811408614668 -2.405671431919381 -0.8706617028941995 -0.511237342553717 -0.25488001989307474 -0.21551724137931033 -0.21361152508693496 -0.2219940972667779 -0.1603095632946379 -0.3116219667943806 -0.9519332471500764 -1.8884679138053517 -1.20176947652986 -0.3110400786820752 -0.23905847738139024 -0.17912675705933573 -0.3015892879489425 -0.19344650611922623 -0.2751492211384481 -0.18000000000000002 -0.28081651065749413 -0.34040621808691707 -0.31122326363854846 -0.2317058753989833 -0.18250395425234212 -0.09230385430959212 -0.18867924528301888 -0.1207789006655164 -0.07387247278382582
-0.012272950417280312 -0.10313901345291479 -0.09511021595613742 -0.10040392383150606 -0.08810055209679314 -0.3605627142688261 -0.04283441439236324 -0.1928909377653767 -0.0781750608740228 -0.1571330117160579 0.003790271636133922 -0.13308913308913312 -0.08865460644542951 -0.14034223808937585 -0.025730091341824263 0.0 -0.0649772579597141 -0.048717948717948725 -0.057249367594195175 -0.022050716648291065 -0.0472360525979829 -0.16547295628550263 -0.11877624475104978 -0.0333889816360601 -0.027582748244734202 -0.03789792824658918 0.06602796478508546 -0.09624021557808289 0.04343105320304018 -0.013111888111888115 -0.16081307088640165 -0.1689432063263839 -0.3771304242717273 -0.2085101224390835 -0.17325190078524244 -0.1341021858656296 -0.12312858542045613 -0.27059611520428667 -0.1499724821133737 -0.2817919075144509 -0.21051304676667087 -0.7002314814814814 -4.0081490104772985 -1.7493975903614458 -0.42778793418647165 -0.39641459411690444 -0.1464166452607244 -0.320848611838659 -0.1879052534074368 -0.3052877592754893 -0.5141228939544101 -1.0597889800703397 -2.5593278074259116 -3.450430272309324 -1.2391722810394612 -0.40828989823777617 -0.182328190743338 -0.21607278241091735 -0.10534632604687913 -0.10559955537029317 -0.7720144752714113 -4.783469150174621 -2.3951253808296227 -1.1120451543172811 -0.743393430476661 -0.34191222180778313 -0.2231237322515213 -0.247143566815698 -0.22712690876427563 -0.17965726920950803 -0.31928480204342274 -0.9296039487601362 -2.1264503907174994 -1.9636274268862128 -0.38480452421932626 -0.2513178864778718 -0.2064933449434009 -0.3003378801151296 -0.21581787077247006 -0.26641432522929104 -0.18125 -0.28081651065749413 -0.3812549642573472 -0.40134583032924775 -0.263624541908027 -0.19345419150748266 -0.1010352999875265 -0.19612711022840118 -0.12694108947498153 -0.07776049766718508
-0.015954835542464407 -0.11322869955156951 -0.09287232852187535 -0.13387189844200806 -0.09632327029249384 -0.38184182527485516 -0.04650593562599437 -0.2050224432852117 -0.08201973599897475 -0.16815988973121984 0.006317119393556539 -0.12942612942612947 -0.09464478255660716 -0.15265296072879478 -0.009005531969638488 0.002470966147763776 -0.05198180636777128 -0.04487179487179488 -0.039941419251764074 -0.02480705622932745 -0.048512702668198654 -0.17411706594220797 -0.11517696460707856 -0.06081564512282376 -0.008776328986960881 -0.04042445679636179 0.0867426204039358 -0.10265622994995509 0.06107491856677525 -0.014568764568764565 -0.1466615206483983 -0.14018691588785046 -0.3166928562794633 -0.21578373136137716 -0.15206281939424157 -0.11935094542041036 -0.12872533930320412 -0.261219022103148 -0.1499724821133737 -0.2774566473988439 -0.190344132106391 -0.5578703703703703 -3.176949941792782 -1.5481927710843375 -0.3753808653260207 -0.36864032319151624 -0.125866940662728 -0.28679937139863804 -0.16805610692073575 -0.28191644756061934 -0.35307234886025773 -0.7584994138335286 -2.4843874190984443 -3.548273016621478 -1.632579403272377 -0.4802680565897245 -0.18105316843044753 -0.2274450341167551 -0.09744535159336318 -0.10698902320411283 -0.6344993968636912 -4.1944121071012805 -2.3459104757440823 -1.2813738441215323 -1.1311434922203012 -0.45008081561606367 -0.22819472616632858 -0.27694982613015406 -0.21686128576928013 -0.20591487009397458 -0.31800766283524906 -0.9202021389117405 -2.188017996684821 -2.6689604325387073 -0.5040570445045488 -0.30158146377344613 -0.21768876725960942 -0.31785758978851214 -0.22108172127911568 -0.2838841170476052 -0.17375 -0.27630540205255444 -0.40167933734256217 -0.5359288632540254 -0.3026362454190803 -0.21413797298941478 -0.1010352999875265 -0.20109235352532276 -0.1207789006655164 -0.07387247278382583
-0.012272950417280314 -0.10089686098654709 -0.09287232852187534 -0.14772071552221583 -0.11629272876776695 -0.38184182527485516 -0.0783257863174642 -0.20380929273322818 -0.09996155324875047 -0.1598897312198484 0.013897662665824383 -0.13431013431013433 -0.09464478255660717 -0.16373261110427184 -0.020584073073459407 0.007412898443291327 -0.06367771280051981 -0.04358974358974359 -0.04659832246039143 -0.011025358324145532 -0.04085280224690412 -0.18152630279081255 -0.10437912417516497 -0.0882423086095874 0.010030090270812437 -0.0416877210712481 0.09192128430864836 -0.11292185294495058 0.07057546145494029 -0.02039627039627039 -0.1376559886787598 -0.1222142343637671 -0.2671340505258068 -0.2109346587465147 -0.14084507042253522 -0.10191766125787852 -0.14551560095144814 -0.26255860683188215 -0.15134837644468904 -0.28034682080924844 -0.15756964578343627 -0.4456018518518519 -2.358556461001164 -1.3301204819277108 -0.31931748933577087 -0.3370786516853933 -0.11173901875160545 -0.2527501309586171 -0.15482334259626834 -0.2600058428279287 -0.23166501486620414 -0.5158264947245017 -2.377654138753264 -3.6024991158788167 -1.9898941289701635 -0.5398361876396128 -0.1810531684304475 -0.22997220116249686 -0.07637608638398735 -0.09587328053355566 -0.5018094089264173 -3.507566938300349 -2.2615420670260136 -1.3294103518674194 -1.637441343541615 -0.6030088275519085 -0.25862068965517243 -0.3042722305017387 -0.21301167714615682 -0.22526257600884464 -0.31162196679438053 -0.8978728405218002 -2.188017996684821 -3.09166871467191 -0.7487091222030982 -0.3408115728821871 -0.26495832815026743 -0.3278688524590164 -0.25529674957231213 -0.2722375891687291 -0.17875 -0.24698319612044659 -0.4221037104277772 -0.6560922855082912 -0.3901170351105332 -0.232388368414649 -0.13596108269926405 -0.20605759682224428 -0.14542765590337686 -0.07387247278382583
0.011045655375552283 -0.08408071748878924 -0.06713662302786169 -0.1569532602423543 -0.09984729237636555 -0.38302399810852344 -0.0562966589156774 -0.20987504549314567 -0.08073817762399077 -0.16540317022742937 0.036639292482627914 -0.11233211233211238 -0.10422906433449144 -0.1686569001600394 -0.027016595908915475 0.02718062762540153 -0.042884990253411304 -0.026923076923076928 -0.037278657968313145 0.005512679162072767 -0.03191625175539385 -0.16300321066930107 -0.09118176364727054 -0.09658955401860242 0.01629889669007021 -0.024002021222839814 0.09451061626100464 -0.11035544719620172 0.08821932681867535 -0.010198135198135196 -0.09777434709893221 -0.10903426791277263 -0.224827752931222 -0.22063280397623952 -0.1009597407453571 -0.09253050824728444 -0.11193507765496011 -0.2719356999330208 -0.14034122179416622 -0.2962427745664739 -0.12101348796167903 -0.3657407407407407 -1.610011641443539 -1.1072289156626507 -0.2681291895185862 -0.29415477843706606 -0.09247367069098382 -0.20167627029858565 -0.13894402540690748 -0.22056675430908562 -0.15361744301288405 -0.38335287221570935 -2.1880322470761895 -3.5058351998113877 -2.262993262752647 -0.6205013651030032 -0.1772281014917761 -0.23755370229972206 -0.04345535949433764 -0.09587328053355565 -0.3570566948130277 -2.720605355064028 -2.11038200140614 -1.3798486850006006 -2.1190417387009135 -0.7609101081685938 -0.254817444219067 -0.33159463487332347 -0.18349801103554475 -0.24875621890547267 -0.27841634738186455 -0.8543894699729698 -2.1465782618991245 -3.5045465716392235 -1.1347430538480452 -0.38249356381022437 -0.2761537504664759 -0.3303716681266424 -0.2552967495723121 -0.263502693259572 -0.15624999999999997 -0.2165332130371039 -0.42664246000226946 -0.7810622446527277 -0.518973873980376 -0.255505535953279 -0.12972433578645376 -0.2110228401191659 -0.13063840276066058 -0.07257646448937274
0.00859106529209622 -0.06614349775784754 -0.05035246727089626 -0.17080207732256206 -0.09514859626453659 -0.3806596524411869 -0.045282095214784 -0.21351449714909623 -0.06792259387415096 -0.17229496898690558 0.04169298799747315 -0.0879120879120879 -0.09344674733437164 -0.17850547827157454 -0.050173678116557305 0.038299975290338524 -0.037686809616634176 -0.020512820512820513 -0.03328451604313674 0.0027563395810363866 -0.022979701263883566 -0.14694986416399114 -0.08878224355128975 -0.10374433579775817 0.006268806419257774 -0.010106114199090448 0.10875194199896425 -0.11420505581932505 0.09500542888165038 -0.002913752913752911 -0.07976328315965522 -0.09345794392523367 -0.18735646077601842 -0.22063280397623952 -0.0860027421164153 -0.0697331366501274 -0.0993423814187771 -0.26523777628935036 -0.13896532746285087 -0.28757225433526007 -0.09202067313752679 -0.29861111111111105 -0.969732246798603 -0.8975903614457831 -0.21815965874466786 -0.25880570635020833 -0.06807089648086309 -0.17548454688318493 -0.11909487892020643 -0.20888109845165062 -0.10406342913776016 -0.3012895662368113 -1.8610196434654256 -3.2842154898031346 -2.4217998075072185 -0.7222635889798957 -0.18487823536911896 -0.2350265352539803 -0.02897023966289175 -0.08336807002917881 -0.2689987937273824 -1.9720605355064023 -1.8877431450667916 -1.3726432088387175 -2.4895035811311432 -0.9884371503170458 -0.2789046653144016 -0.3502235469448585 -0.17066598229180036 -0.2584300718629077 -0.25159642401021715 -0.7815254436479023 -2.0731707317073176 -3.665519783730647 -1.681829358249324 -0.45237219566016923 -0.2811294937181241 -0.3553998248029032 -0.2408211606790367 -0.2809724850778862 -0.14875 -0.22104432164204352 -0.42550777260864636 -0.8735880797885123 -0.782598415888403 -0.30782333617228375 -0.14968192590744667 -0.2259185700099305 -0.1466600936652699 -0.08294453084499741
-0.011045655375552282 -0.05493273542600898 -0.057066129573682435 -0.1754183496826313 -0.1233407729355104 -0.3723844426055089 -0.07098274385020194 -0.21594079825306323 -0.08842752787389466 -0.1722949689869056 0.016424510423246996 -0.05860805860805861 -0.12100155744578889 -0.17604333374369077 -0.10549337450147948 0.05436125525080306 -0.07407407407407407 -0.02564102564102564 -0.05724936759419519 0.0027563395810363866 -0.04340610238733563 -0.1321313904667819 -0.08878224355128975 -0.1013594085380396 -0.04012036108324975 0.0037897928246589246 0.09580528223718279 -0.12703708456306945 0.08143322475570033 0.0014568764568764596 -0.08362279686092886 -0.07788161993769473 -0.18977396349570894 -0.2085101224390835 -0.11342390626947525 -0.03888963390103258 -0.11193507765496014 -0.2679169457468185 -0.14171711612548157 -0.2803468208092485 -0.09202067313752678 -0.23842592592592596 -0.5180442374854481 -0.683132530120482 -0.22059719683120052 -0.22219416740310569 -0.08990495761623427 -0.1610790990047145 -0.13100436681222707 -0.20449897750511248 -0.0867195242814668 -0.22157092614302462 -1.4374929033723174 -3.0602381233054343 -2.4807507218479303 -0.8835939439066764 -0.22567894938161417 -0.24008086934546377 -0.0355543850408217 -0.07919966652771988 -0.23039806996381182 -1.2293364377182774 -1.6041715490977269 -1.3594331692085986 -2.680908866386762 -1.3751087902523933 -0.3575050709939148 -0.3862394436164928 -0.17836519953804697 -0.27639579878385845 -0.24904214559386975 -0.7039605123986369 -1.9914752545583714 -3.683951830916687 -2.209245143840669 -0.5749662866249847 -0.3507898992411992 -0.3916906519834814 -0.2829319647322016 -0.2969864609113408 -0.16999999999999998 -0.2323220931543927 -0.42664246000226946 -0.9264599855803894 -1.1195176734838634 -0.41124224358194433 -0.20082325059249095 -0.26315789473684215 -0.17623859995070248 -0.09720062208398135
-0.02454590083456063 -0.0650224215246637 -0.05594718585655141 -0.18118869013271785 -0.14213555738282627 -0.3794774796075186 -0.08322114796230572 -0.23049860487686527 -0.09355376137383056 -0.18332184700206755 0.00505369551484523 -0.05128205128205128 -0.11860548700131783 -0.18466083959128404 -0.13894249324585103 0.055596738324684945 -0.08187134502923976 -0.043589743589743594 -0.06390627080282252 -0.004134509371554576 -0.04212945231711988 -0.1148431711533712 -0.09118176364727053 -0.10493679942761744 -0.07271815446339018 0.011369378473976757 0.09709994821336096 -0.14371872192993712 0.08279044516829534 -0.01456876456876457 -0.0771902740254728 -0.07308890486460581 -0.18373020669648255 -0.20366104982422112 -0.13835223731771157 -0.01743328416253185 -0.09934238141877713 -0.26657736101808444 -0.13896532746285084 -0.27167630057803466 -0.08319677297365434 -0.19675925925925927 -0.24679860302677534 -0.4915662650602409 -0.20597196831200487 -0.19063249589698267 -0.07963010531723606 -0.1532215819800943 -0.12968109037978032 -0.19865614957639496 -0.07185332011892961 -0.16881594372801875 -0.9492449188145793 -2.716020275845809 -2.4590952839268523 -1.1156614544552 -0.28943006502613794 -0.2628253727571393 -0.04213853041875164 -0.08614700569681813 -0.20024125452352232 -0.6623981373690337 -1.217483009139911 -1.3174012249309475 -2.7117806865892815 -1.9097351734427452 -0.49188640973630837 -0.4172876304023846 -0.17708199666367253 -0.2805417357656164 -0.2388250319284802 -0.5864378892936891 -1.8186123608808908 -3.656918161710494 -2.48586181460536 -0.8164766458256713 -0.4055230750093295 -0.4229758478288074 -0.30398736675878407 -0.3057213568204979 -0.1875 -0.241344310364272 -0.42664246000226946 -0.9649122807017545 -1.3453126847145054 -0.6144299793162185 -0.2606960209554696 -0.291708043694141 -0.19965491742666994 -0.11793675479523069
-0.028227785959744726 -0.054932735426008975 -0.040281973816717026 -0.1904212348528563 -0.15505697169035593 -0.37474878827284547 -0.07587810549504345 -0.22685915322091477 -0.0845828527489427 -0.17918676774638181 0.01010739102969046 -0.017094017094017096 -0.08865460644542952 -0.1871229841191678 -0.14022899781294224 0.05683222139856683 -0.06107862248213125 -0.02051282051282052 -0.057249367594195175 0.01102535832414554 -0.040852802246904116 -0.06915287725364287 -0.07918416316736653 -0.06797042690197949 -0.09027081243731194 0.034108135421930266 0.10486794407042983 -0.12190427306557168 0.10314875135722042 0.0029137529137529122 -0.07590376945838159 -0.04553079319434461 -0.1752689471775656 -0.1903261001333495 -0.16203415181353606 0.01475124044521926 -0.0853504967119071 -0.2531815137307435 -0.13621353880022014 -0.2658959537572254 -0.07563342997604941 -0.1446759259259259 -0.12689173457508726 -0.3602409638554217 -0.18647166361974404 -0.16664562555232926 -0.07192396609298742 -0.1361969617600838 -0.12438798464999339 -0.19573473561203622 -0.05327056491575818 -0.10082063305978899 -0.48484160327012604 -2.1855475657196743 -2.4181905678537055 -1.3378009431620748 -0.3557312252964427 -0.24766237048268888 -0.04740584672109561 -0.06252605252188412 -0.16767189384800968 -0.2817229336437718 -0.7792359971877197 -1.2393418998438814 -2.6772042479624596 -2.4729578515479296 -0.7505070993914809 -0.43715846994535534 -0.18606441678429358 -0.27915975677169713 -0.22477650063856958 -0.40897872840521804 -1.508406346199384 -3.604079626443844 -2.5731497418244405 -1.2222630869192106 -0.48015922378405274 -0.4179702164935553 -0.33557046979865773 -0.28679574901732424 -0.19124999999999998 -0.23344987030562758 -0.4141608986724158 -0.9540975726988703 -1.4304291287386217 -0.9234700085168512 -0.32930023699638267 -0.3016385302879841 -0.21937392161695835 -0.11404872991187145
-0.033136966126656855 -0.03026905829596412 -0.02573570549401365 -0.16618580496249277 -0.16445436391401386 -0.3593805414351578 -0.07465426508383306 -0.19895669052529416 -0.08842752787389466 -0.15299793246037216 0.0025268477574226142 0.008547008547008546 -0.06229783155624776 -0.1908162009109935 -0.15052103434967193 0.05189028910303928 -0.05458089668615984 -0.0025641025641025632 -0.06656903208627347 0.02756339581036384 -0.04595940252776713 -0.050629785132131386 -0.07438512297540491 -0.06797042690197949 -0.10907723169508525 0.011369378473976755 0.1100466079751424 -0.125753881688695 0.09364820846905539 -0.010198135198135198 -0.07075775119001673 -0.01917086029235562 -0.15955517949957695 -0.17456661413504665 -0.16951265112800698 0.024138393455813326 -0.06296348118091508 -0.23576691225720023 -0.12658227848101267 -0.24566473988439302 -0.061767301147107025 -0.0960648148148148 -0.07334109429569267 -0.26626506024096386 -0.15478366849482023 -0.15275849008963513 -0.059080400719239666 -0.11786275536930328 -0.12968109037978034 -0.18843120070113933 -0.029732408325074327 -0.05275498241500587 -0.14079709322130124 -1.5218672639396442 -2.302694898941289 -1.515264333581534 -0.44498278719877604 -0.26156178923426837 -0.034237555965235714 -0.052799777685146584 -0.14957780458383593 -0.09662398137369033 -0.37848605577689237 -1.1288579320283416 -2.6426278093356386 -2.8521695884620164 -1.0167342799188641 -0.4731743666169896 -0.21044527139740793 -0.26533996683250416 -0.2132822477650064 -0.25502409213773647 -1.0324413923750884 -3.4984025559105434 -2.6592082616179 -1.7678067917126394 -0.5597711158104242 -0.41296458515830314 -0.36978549809185424 -0.2649585092444315 -0.19375 -0.22104432164204355 -0.3937365255872008 -0.951694304253785 -1.519092091263743 -1.3201119357586082 -0.3979044530372957 -0.31653426017874875 -0.24279023909292582 -0.11404872991187145
-0.017182130584192445 -0.032511210762331835 -0.008951549737048228 -0.15233698788228503 -0.15740631974627042 -0.37002009693817234 -0.062415860971729284 -0.1904646366614097 -0.08330129437395872 -0.14610613370089592 0.012634238787113075 0.009768009768009766 -0.04792140888942135 -0.16619475563215563 -0.15952656631931045 0.044477390659747956 -0.03248862897985705 0.0076923076923076945 -0.07056317401144988 0.03583241455347298 -0.040852802246904116 -0.04939491232403063 -0.04679064187162567 -0.07154781779155736 -0.10907723169508525 -0.008842849924204144 0.11910926980838943 -0.12447067881432053 0.0950054288816504 -0.011655011655011656 -0.06818474205583429 -0.011981787682722261 -0.12329263870421854 -0.17456661413504665 -0.1645269849183597 0.0040230655759688925 -0.027983769413740023 -0.21969189551239116 -0.11832691249312052 -0.23265895953757224 -0.05420395814950209 -0.09259259259259259 -0.04190919674039581 -0.26626506024096386 -0.11456429006703231 -0.16285822497159447 -0.04109940919599281 -0.11917234154007335 -0.11777160248775971 -0.19865614957639496 -0.013627353815659068 -0.03751465416178196 -0.080617690473487 -0.8782270423199343 -2.024783445620789 -1.5996525192355424 -0.6719367588932806 -0.31715946424058633 -0.02897023966289176 -0.0500208420175073 -0.13630880579010857 -0.0849825378346915 -0.22732599015701896 -0.8634562267323167 -2.517905655717461 -3.021260723610593 -1.4388945233265722 -0.557625434674615 -0.23225972026177338 -0.2791597567716971 -0.18646232439335886 -0.23857092490304382 -0.5600284158181388 -2.903661833374293 -2.643225965084829 -2.2667647419394386 -0.6829207612887174 -0.4367413340007508 -0.3921568627450981 -0.2722375891687291 -0.19375000000000003 -0.21540543588586894 -0.3517530920231477 -0.8940158615717374 -1.5368246837687671 -1.6328020440442876 -0.4964450542596981 -0.33391261171797415 -0.26127680552132115 -0.10627268014515293
-0.004909180166912126 -0.024663677130044845 0.007832606019917199 -0.12810155799192152 -0.13156349113121107 -0.06856602435276038 -0.05140129727083588 -0.16620162562173965 -0.0717672689991029 -0.1268090971743625 0.011370814908401767 0.01343101343101343 -0.04073319755600814 -0.13664902129755016 -0.15695355718512805 0.042006424511984185 -0.03378817413905133 0.012820512820512825 -0.06390627080282253 0.0330760749724366 -0.03957615217668837 -0.045690293899728326 -0.01199760047990402 -0.07035535416169807 -0.09779338014042127 -0.030318342597271352 0.12687726566545832 -0.1308866931861927 0.10722041259500543 -0.030594405594405592 -0.05274668725073974 -0.0035945363048166777 -0.0846125951891696 -0.16123166444417505 -0.13959865387012338 -0.010728174869250363 -0.012592696236183013 -0.2049564634963162 -0.10731975784259769 -0.24277456647398848 -0.047901172318164625 -0.07870370370370369 -0.018626309662398137 -0.2566265060240964 -0.08653260207190737 -0.1489710895089004 -0.030824556896994603 -0.10476689366160293 -0.11512504962286622 -0.19281332164767748 0.01734390485629336 -0.03165298944900352 -0.03179289201771318 -0.5139691146999883 -1.6037054860442734 -1.5686274509803924 -1.1194695907178376 -0.6292645943896892 -0.03950487226757967 -0.07919966652771988 -0.11097708082026536 -0.05937136204889405 -0.1499882821654558 -0.5920499579680557 -2.249938256359595 -2.956608230759666 -1.7799188640973633 -0.7575757575757576 -0.2592069806236366 -0.2846876727473742 -0.16219667943805877 -0.25149841344458806 -0.29007814349988154 -2.151634308183829 -2.564543889845095 -2.401618242000736 -1.2513994277895262 -0.5443624077086723 -0.3842610869851297 -0.31008880477507644 -0.18749999999999997 -0.21314988158339912 -0.29274934755474874 -0.7990867579908676 -1.4989951530913819 -1.6778196860931984 -0.67356866658351 -0.36618669314796426 -0.27113630761646534 -0.12312078797304302
0.0024545900834560637 -0.016816143497757848 0.01230838088844131 -0.10155799192152337 -0.11629272876776695 -0.05792646884974584 -0.05262513768204626 -0.15043066844595412 -0.06664103549916697 -0.12267401791867676 0.007580543272267845 0.020757020757020756 -0.031148915778123877 -0.1169518650744799 -0.1633860800205841 0.038299975290338524 -0.05847953216374269 0.01282051282051282 -0.0825455997869791 0.024807056229327454 -0.028086301544746582 -0.03828105705112374 0.01799640071985603 -0.04889100882423086 -0.08525576730190572 -0.0404244567963618 0.1100466079751424 -0.1308866931861927 0.10179153094462541 -0.049533799533799536 -0.03216261417728033 -0.008387251377905584 -0.054393811193037586 -0.1357740332161474 -0.1096846566122398 -0.021456349738500732 0.01679026164824402 -0.1955793703951775 -0.08668134287286736 -0.2557803468208093 -0.044119500819362154 -0.06828703703703703 -0.006984866123399302 -0.23253012048192767 -0.07312614259597806 -0.1376088877666961 -0.03596198304649371 -0.11655316919853327 -0.12571126108244013 -0.20595968448729188 0.011149653121902872 -0.026963657678780773 -0.02270920858408084 -0.36897324059884473 -1.1742059672762273 -1.51030032266071 -1.5351268647201326 -1.1271165024008085 -0.10139583882012113 -0.11115742670557176 -0.10132689987937274 -0.033760186263096625 -0.1007733770799156 -0.40710940314639127 -1.82267226475673 -2.877035931866219 -1.9726166328600407 -0.9786388474913064 -0.3092518927242397 -0.30265339966832505 -0.14176245210727972 -0.2491479609824891 -0.1906227800142079 -1.456131727697223 -2.4243914433243177 -2.443300232928773 -1.9778579425301654 -0.694531347766237 -0.38557704961179107 -0.34357257242684525 -0.17749999999999996 -0.1984887786173452 -0.2519006013843187 -0.6608988223984619 -1.4398865114079678 -1.6778196860931989 -0.8195085443432706 -0.38977159880834156 -0.2883904362829677 -0.13608087091757387
0.0073637702503681875 -0.017937219730941707 0.022378874342620567 -0.09001731102135027 -0.09279924820862212 -0.0602908145170824 -0.04895361644841513 -0.14315176513405312 -0.05895168524926311 -0.13094417643004824 0.010107391029690462 0.028083028083028084 -0.022762669222475142 -0.09725470885140956 -0.15180753891676319 0.034593526068692856 -0.05458089668615984 0.012820512820512825 -0.07988283850352815 0.0027563395810363835 -0.015319800842589049 -0.03087182020251914 0.03239352129574085 -0.027426663486763658 -0.0827482447342026 -0.05053057099545225 0.10227861211807354 -0.13088669318619273 0.09500542888165038 -0.06847319347319347 -0.03216261417728033 -0.013179966450994488 -0.048350054393811195 -0.11031640198811979 -0.09472765798329802 -0.032184524607751105 0.015391073177557016 -0.18620227729403885 -0.09080902586681341 -0.26878612716763006 -0.057985629648304546 -0.057870370370370364 -0.00582072176949942 -0.208433734939759 -0.08165752589884216 -0.12624668602449185 -0.04109940919599281 -0.1283394447354636 -0.141590578271801 -0.21910604732690625 -2.7755575615628915e-18 -0.03399765533411488 -0.015896446008856587 -0.2239773664977013 -0.7856111645813281 -1.4519731943410277 -1.8424072421267375 -1.6249684104119282 -0.19752436133789836 -0.14311518688342365 -0.09891435464414958 -0.015133876600698492 -0.0691352238106398 -0.31584003842920627 -1.2817979748085944 -2.7365410916324753 -2.0360040567951314 -1.193492300049677 -0.35416399332734505 -0.3192371475953565 -0.12132822477650063 -0.24914796098248906 -0.1373431210040256 -1.0321946424182848 -2.16744529136956 -2.4739487556699764 -2.7167558153999254 -0.8371918408209236 -0.3697854980918542 -0.3756005240937546 -0.15499999999999997 -0.1973610014661103 -0.21559060478838082 -0.5335255948089401 -1.3535878945501831 -1.674169607008152 -0.9043283023574903 -0.41335650446871897 -0.29332018733053977 -0.1438569206842924
0.009818360333824253 -0.03139013452914798 0.016784155756965426 -0.0830929024812464 -0.07987783390109246 -0.07447688852110179 -0.06486354179415003 -0.14679121679000365 -0.060233243624247076 -0.14886285320468645 0.008843967150979154 0.018315018315018312 -0.010782317000119803 -0.10341007017111903 -0.14151550238003346 0.006177415369409439 -0.06757634827810266 -0.00641025641025641 -0.0865397417121555 -0.02894156560088203 -0.019149751053236307 -0.0432205482835268 0.02879424115176965 -0.019079418077748628 -0.0802407221664995 -0.08211217786760991 0.07767995857068875 -0.14756833055306043 0.0746471226927253 -0.10343822843822843 -0.05403319181783095 -0.017972681524083392 -0.053185059833192314 -0.09334464783610134 -0.10095974074535707 -0.05498189620490814 -0.013991884706870013 -0.18218352310783656 -0.09631260319207485 -0.28612716763005785 -0.057985629648304546 -0.04861111111111111 0.002328288707799766 -0.1927710843373494 -0.07434491163924437 -0.1363464209064512 -0.04495247880811713 -0.1715557883708748 -0.1707026597856292 -0.24393806602395562 -0.018582755203171455 -0.03399765533411488 -0.029521971159305094 -0.17682423670871153 -0.47882579403272374 -1.3725490196078431 -2.0413107229376513 -2.327520849128127 -0.34764287595470106 -0.18202028623037378 -0.11580217129071171 6.938893903907229e-19 -0.06561987344738693 -0.2209679356310797 -0.7606816497900716 -2.5923162998881013 -2.09051724137931 -1.366120218579235 -0.4208905427948159 -0.32891100055279154 -0.11494252873563218 -0.25972499706193436 -0.1278711816244376 -0.6131727697222906 -1.7641996557659212 -2.4862081647664582 -3.3934568976240826 -1.0624452509072708 -0.3961047506250822 -0.41199592371524246 -0.15625 -0.20074433291981503 -0.20197435606490416 -0.4061523672194184 -1.215273673010994 -1.6729529139798032 -0.9854060122240238 -0.4481132075471699 -0.31920138033029327 -0.16329704510108867
0.01472754050073638 -0.022421524663677132 0.007832606019917197 -0.053087132140796314 -0.0810525079290497 -0.06265516018441897 -0.09056419042956798 -0.1310202596142181 -0.07433038574907087 -0.13370089593383874 0.008843967150979154 0.02075702075702076 -0.015574457889061935 -0.08248184168410685 -0.11321240190402677 0.006177415369409439 -0.07017543859649122 -0.008974358974358974 -0.08387698042870458 -0.02342888643880926 -0.020426401123452065 -0.037046184243022966 0.02999400119976005 0.0011924636298592903 -0.056419257773319964 -0.08969176351692773 0.054375970999482125 -0.14371872192993712 0.06786102062975027 -0.09615384615384615 -0.05660620095201337 -0.008387251377905584 -0.060437567992263984 -0.0581888713783489 -0.0922348248784744 -0.045594743194314065 -0.03777808870854904 -0.1620897521768252 -0.10044028618602092 -0.28034682080924855 -0.060506743980839536 -0.037037037037037035 0.008149010477299184 -0.1530120481927711 -0.07190737355271176 -0.11488448428228759 -0.06036475725661444 -0.1964379256155055 -0.20775439989413788 -0.2556237218813906 -0.0445986124876115 -0.019929660023446656 -0.053366640172589984 -0.14263821761169396 -0.2779114533205006 -1.2434847356664185 -2.1484125972204517 -3.171594642405863 -0.5319989465367395 -0.20425177157148813 -0.11218335343787696 0.03143189755529686 -0.06561987344738693 -0.15972138825507382 -0.3445295134601136 -2.334949645654606 -2.100659229208925 -1.4654744162940885 -0.4568202232773001 -0.3247650635710337 -0.1162196679438059 -0.2479727347514397 -0.12313521193464365 -0.4190218726959941 -1.2023604622571917 -2.433492705651587 -3.93705684786665 -1.3127268176698788 -0.4316357415449401 -0.41927500363953996 -0.16249999999999998 -0.18044434419758654 -0.19403154430954275 -0.2980052871905791 -0.9410095755999528 -1.618201727704101 -1.0178370961706373 -0.4592850049652434 -0.32659600690165147 -0.14904095386210475
0.023318605792832594 -0.012331838565022422 0.01566521203983439 -0.025389497980380843 -0.0646070715376483 -0.04846908618039958 -0.08689266919593684 -0.1091835496785151 -0.06920415224913495 -0.11302549965541006 0.018951358180669616 0.021978021978021976 -0.008386246555648737 -0.07386433583651361 -0.08362279686092884 0.008648381517173214 -0.05977907732293697 0.014102564102564103 -0.08387698042870458 -0.009647188533627341 -0.010213200561726034 -0.024697456162015314 0.02399520095980804 0.0035773908895778686 -0.018806419257773332 -0.09095502779181405 0.03754531330916624 -0.12062107019119725 0.05428881650380022 -0.0844988344988345 -0.050173678116557305 -0.005990893841361132 -0.05560256255288286 -0.02909443568917444 -0.06232082762059079 -0.037548612042376285 -0.05176997341541904 -0.12860013395847286 -0.11832691249312052 -0.2601156069364162 -0.04538005798562965 -0.02199074074074074 0.015133876600698487 -0.12289156626506023 -0.03534430225472272 -0.09342254765812397 -0.05522733110711534 -0.2383446830801467 -0.23157337567817918 -0.2512416009348525 -0.05698711595639248 -0.0023446658851113715 -0.07380492789826273 -0.11552516798302485 -0.18046198267564964 -1.0474063042938693 -2.235114114497004 -4.027040687389436 -0.713721358967606 -0.22092538557732389 -0.09529553679131483 0.05355064027939464 -0.05624560581204594 -0.12009126936471719 -0.11484317115337124 -1.9196817108044262 -2.075304259634888 -1.5201192250372577 -0.4940331066341589 -0.31232725262576 -0.10600255427841636 -0.22799388882359856 -0.11129528771015866 -0.3514376996805112 -0.6847799360708138 -2.308446732867475 -4.4508023385993285 -1.5542485295957953 -0.44216344255823137 -0.3988935798515068 -0.14875 -0.1499943611142438 -0.1770112334051969 -0.23431867339581824 -0.6052724908381606 -1.5074826621243462 -1.0253211924660097 -0.45059582919563057 -0.3192013803302933 -0.12182477967858996
0.03436426116838488 0.007847533632286994 0.023497818059751593 -0.010386612810155798 -0.05168565723011864 -0.03310083934271191 -0.09178803084077836 -0.09219944195074609 -0.07048571062411893 -0.09924190213645763 0.027795325331648767 0.01953601953601954 -0.004792140888942134 -0.07386433583651361 -0.050173678116557305 -0.008648381517173214 -0.044184535412605586 -0.0038461538461538464 -0.07056317401144986 -0.013781697905181916 -0.002553300140431508 -0.02099283773771302 0.027594481103779246 0.015502027188170764 0.020060180541624874 -0.08969176351692774 0.03366131538063179 -0.09110740408058515 0.05836047774158524 -0.07138694638694638 -0.04245465071401003 -0.008387251377905584 -0.05318505983319231 -0.030306703842890047 -0.021189081391000873 -0.05766393992222074 -0.06856023506366307 -0.14869390488948425 -0.11832691249312052 -0.28034682080924855 -0.04159838648682717 -0.020833333333333336 0.018626309662398137 -0.12409638554216866 -0.004875076173065202 -0.10604721626057315 -0.06293347033136398 -0.40859088528025145 -0.27259494508402804 -0.28045574057843997 -0.06070366699702676 0.008206330597889796 -0.08061769047348699 -0.09312743133325475 -0.13835418671799807 -0.7781087118391661 -2.232564069871223 -4.753601213040182 -0.9112457203055044 -0.2528831457551758 -0.08443908323281062 0.06868451688009312 -0.03515350363252872 -0.09247027741083222 -0.039515929859224495 -1.3688922044013427 -1.9890973630831639 -1.6132637853949325 -0.511997946875401 -0.32614704256495297 -0.0996168582375479 -0.2162416265131038 -0.10419133317546767 -0.33177684934873436 -0.3946397836242931 -2.0791957827632706 -4.817763403408384 -1.8395695157051684 -0.44479536781155415 -0.3930703159120687 -0.13125 -0.1274388180895455 -0.16566435946896632 -0.1874549387166546 -0.3842061709421918 -1.2945613821632804 -1.0116003492578272 -0.46052631578947373 -0.31427162928272123 -0.10238465526179368
0.030682376043200787 0.016816143497757848 0.016784155756965426 0.005770340450086557 -0.03876424292258898 -0.028372148008038778 -0.11381715824256515 -0.10675724857454809 -0.09355376137383056 -0.1171605789110958 0.027795325331648767 0.015873015873015872 -0.013178387444590869 -0.06401575772497844 -0.04245465071401004 0.006177415369409439 -0.05328135152696556 -0.00641025641025641 -0.0905338836373319 -0.013781697905181916 0.01021320056172603 -0.028402074586317605 0.02879424115176965 0.008347245409015028 0.046389167502507524 -0.08716523496715511 0.020714655618850338 -0.08340818683433852 0.044788273615635185 -0.06993006993006992 -0.028303100476006683 -0.015576323987538939 -0.04955880575365647 -0.02909443568917445 0.02742116415305995 -0.0683921147914711 -0.08115293129984608 -0.17280643000669793 -0.12383048981838193 -0.2991329479768786 -0.037816714988024705 -0.020833333333333332 0.023282887077997673 -0.11204819277108433 0.03168799512492383 -0.10478474940032823 -0.07706139224248651 -0.6940806705081195 -0.37051740108508663 -0.3038270522933099 -0.06194251734390486 0.0011723329425556831 -0.08515953219030317 -0.08605446186490628 -0.08662175168431183 -0.4914370811615785 -2.1879382889200563 -5.238817285822593 -1.1324730050039507 -0.2820619702653884 -0.08202653799758745 0.05471478463329452 -0.03632528708694634 -0.08166206316800768 -0.01728821931341072 -0.7882630859132165 -1.8116125760649087 -1.7771982116244414 -0.5222635698703966 -0.3454947484798231 -0.10472541507024266 -0.2150664002820543 -0.10063935590812219 -0.31703121159990166 -0.2864519301696582 -1.668505578031139 -5.060330886926235 -2.1261419096483545 -0.46716673246479806 -0.41199592371524246 -0.11500000000000002 -0.11841660087966617 -0.15091342335186658 -0.17303532804614274 -0.28608582574772434 -0.9697043435941115 -0.9841586628414619 -0.48286991062562057 -0.3130391915208282 -0.09849663037843441
0.03804614629356898 0.012331838565022419 0.026854649211144676 0.0 -0.022318806531187597 -0.021279111006029083 -0.1113694774201444 -0.12616765740628413 -0.08073817762399077 -0.13232253618194348 0.031585596967782695 0.017094017094017096 -0.01916856355576854 -0.051705035085559514 -0.03730863244564518 0.024709661477637757 -0.04028589993502274 -0.008974358974358974 -0.08254559978697909 -0.009647188533627341 0.012766500702157537 -0.027167201778216844 0.03959208158368327 0.02027188170760792 0.0689568706118355 -0.06821627084386053 0.01294665976178146 -0.07955857821121519 0.052931596091205214 -0.06555944055944055 -0.025730091341824263 -0.02156721782890007 -0.03868004351504895 -0.03273124015032125 0.04736382899164901 -0.048276786911626665 -0.0993423814187771 -0.21031480241125253 -0.15547605943863513 -0.30057803468208094 -0.042858943653094665 -0.034722222222222224 0.02561117578579744 -0.11566265060240963 0.037781840341255334 -0.10604721626057315 -0.11045466221423066 -1.107909900471451 -0.5319571258435888 -0.3403447268477944 -0.06937561942517344 -0.0023446658851113745 -0.08856591347791529 -0.08487563362018155 -0.0661693936477382 -0.26929759245470336 -2.0770113476985843 -5.408137477887289 -1.3168290755859888 -0.3195776017785189 -0.07720144752714113 0.05122235157159487 -0.024607452542770098 -0.07205476161883032 0.009878982464806124 -0.3742384682332463 -1.68737322515213 -1.9920516641828119 -0.5273963813678944 -0.3427307904919845 -0.10727969348659003 -0.2009636855094606 -0.0935354013734312 -0.3084295895797493 -0.18564052126874847 -1.1033468186833395 -5.166065431023759 -2.2763108497059195 -0.467166732464798 -0.41199592371524246 -0.095 -0.11277771512349159 -0.13275842505389765 -0.15140591204037493 -0.17969027071757893 -0.5669789512106097 -0.9168017961831108 -0.5163853028798411 -0.2908553118067537 -0.09720062208398134
0.028227785959744723 0.02690582959641255 0.021259930625489542 0.02308136180034622 -0.029366850698931045 0.01655041967135596 -0.1162648390649859 -0.1225282057503336 -0.0922722029988466 -0.1171605789110958 0.02905874921036008 0.02442002442002442 -0.010782317000119803 -0.03570109565431491 -0.030876109610189117 0.05436125525080306 -0.05588044184535412 -0.002564102564102562 -0.08787112235388098 0.004134509371554574 0.0165964509128048 -0.009878982464806122 0.05158968206358729 0.03577390889577868 0.07522567703109327 -0.02400202122283981 0.0012946659761781457 -0.07827537533684073 0.03528773072747014 -0.048076923076923066 -0.028303100476006687 -0.008387251377905584 -0.03988879487489423 -0.012122681537156017 0.041131746229589934 0.006705109293281481 -0.13152371624457812 -0.2625586068318821 -0.2710511832691249 -0.3179190751445087 -0.04033782932055969 -0.02777777777777778 0.02677532013969732 -0.10120481927710842 0.04143814747105423 -0.07322307789420526 -0.13228872334960184 -1.2585123101100053 -0.8574831282254862 -0.3856266432953549 -0.06442021803766104 0.01055099648300117 -0.08629499261950721 -0.07426617941765885 -0.05534167468719923 -0.1166542566393646 -1.888308045390794 -5.430881981298964 -1.3497498024756387 -0.3251354731137975 -0.07720144752714113 0.05937136204889405 -0.02226388563393485 -0.044433769664945354 0.014818473697209188 -0.15914459778689544 -1.4629817444219069 -2.286388474913065 -0.5350955986141409 -0.32338308457711445 -0.10600255427841634 -0.17158302973322365 -0.07340753019180676 -0.27648070779061196 -0.1303171871158102 -0.5479955866127252 -5.051623336235849 -2.261293955700163 -0.4500592183181998 -0.37123307613917605 -0.07625000000000001 -0.10601105221608212 -0.1055259276069443 -0.1429944724825763 -0.1347677030381842 -0.2190047451028106 -0.7983036048397156 -0.4903177755710029 -0.26990386985457226 -0.08424053913945048
0.023318605792832594 0.03026905829596413 0.011189437171310285 0.026543566070398157 -0.041113590978503464 0.02482562950703393 -0.10769795618651326 -0.12616765740628413 -0.09611687812379852 -0.11991729841488627 0.030322173089071387 0.014652014652014652 -0.004792140888942135 -0.036932167918256806 -0.03216261417728032 0.048183839881393624 -0.04548408057179987 -0.021794871794871794 -0.10784183197976302 -0.001378169790518191 0.03063960168517809 -0.019757964929612244 0.05158968206358729 0.038158836155497255 0.07522567703109327 -0.011369378473976764 0.0038839979285344396 -0.09239060695495957 -0.006786102062975025 -0.05827505827505828 -0.04760066898237488 -0.015576323987538943 -0.051976308473347034 -0.013334949690871623 0.01371058207652997 0.021456349738500743 -0.15810829718763114 -0.3616878767582049 -0.49807374793615844 -0.361271676300578 -0.04033782932055968 -0.04398148148148148 0.029103608847497093 -0.11204819277108433 0.037781840341255334 -0.07953541219542987 -0.15669149755972261 -1.3370874803562074 -1.0348021701733494 -0.46158340636868245 -0.07804757185332012 0.024618991793669404 -0.09764959691154765 -0.06601438170458565 -0.07338787295476419 -0.08935219657483247 -1.5797526456712991 -5.281779125600202 -1.3629180932314986 -0.3181881339446992 -0.09650180940892641 0.07334109429569266 -0.029294586360440595 -0.03602738080941516 -0.007409236848604593 -0.14795474325500438 -1.2626774847870181 -2.391952309985097 -0.544078018734762 -0.31232725262576005 -0.10089399744572158 -0.1433776001880362 -0.060383613544873316 -0.23961661341853038 -0.11433489058273916 -0.39475297290670597 -4.47070531160592 -2.1849580778375675 -0.45400710619818396 -0.3435725724268452 -0.065 -0.0981166121574377 -0.10325655281969819 -0.13338139870223506 -0.12412814753516965 -0.1533033215719674 -0.5987277036297868 -0.44563058589870896 -0.26374168104510715 -0.07128045619491966
0.01840942562592047 0.029147982062780277 0.005594718585655144 0.031159838430467397 -0.04933630917420416 0.02482562950703393 -0.09423571166319913 -0.13587286182215214 -0.11405869537357427 -0.12818745692625774 0.03790271636133923 0.015873015873015872 0.0011980352222355332 -0.03077680659854734 -0.033449118744371543 0.05189028910303929 -0.014294996751137101 -0.020512820512820513 -0.11316735454666489 0.004134509371554576 0.017873100983020553 -0.007409236848604594 0.03719256148770246 0.048891008824230864 0.06018054162487463 0.012632642748863058 0.019419989642672192 -0.08725779545746183 -0.02714440825190011 -0.04079254079254079 -0.06432522835456066 -0.008387251377905584 -0.06527257343164511 -0.002424536307431206 -0.009971332419294529 0.032184524607751105 -0.16790261648244015 -0.4286671131949095 -0.7182168409466152 -0.41184971098265893 -0.03529560065548972 -0.046296296296296294 0.030267753201396973 -0.11927710843373496 0.02803168799512492 -0.07827294533518495 -0.1721037760082199 -1.356731272917758 -1.0930263332010057 -0.506865322816243 -0.07433102081268583 0.04337631887456038 -0.09537867605313956 -0.04243781681009076 -0.07940327237728585 -0.06701414743112435 -1.4548004590080326 -5.0543340914834465 -1.3497498024756385 -0.2931777129359456 -0.1037394451145959 0.07217694994179277 -0.04218420435903446 -0.03122373003482647 -0.01975796492961225 -0.13427825438269306 -1.1612576064908722 -2.4043715846994536 -0.5222635698703965 -0.2943615257048092 -0.10727969348659003 -0.11517217064284875 -0.0698555529244613 -0.20521012533792088 -0.1253995574133268 -0.29299987740590905 -3.751710411742754 -2.0397947691152547 -0.46058691933149093 -0.30135390886591934 -0.06625 -0.08119995488891395 -0.10098717803245208 -0.1201634222542658 -0.13122118453717935 -0.11558583769315003 -0.44031433204440573 -0.3947368421052631 -0.25511461671185603 -0.055728356661482625
0.008591065292096217 0.026905829596412557 -0.007832606019917199 0.017311021350259664 -0.05990837542581934 0.02482562950703393 -0.07220658426141233 -0.14193861458206963 -0.12174804562347814 -0.1323225361819435 0.03790271636133923 0.017094017094017092 -0.0023960704444710677 -0.0381632401821987 -0.025730091341824267 0.05930318754633061 0.011695906432748537 -0.02051282051282051 -0.11583011583011582 0.016538037486218304 0.0051066002808630145 2.0816681711721684e-18 0.025194961007798444 0.05962318149296446 0.055165496489468405 0.04042445679636179 0.031071983428275506 -0.09367380982933401 -0.052931596091205214 -0.04079254079254079 -0.06432522835456066 -0.010783608914450038 -0.06769007615133567 -0.004849072614862407 -0.016203415181353608 0.028161459031782222 -0.14971316636350912 -0.49430676490288006 -0.9177215189873419 -0.4826589595375722 -0.027732257657884785 -0.05092592592592593 0.0279394644935972 -0.13855421686746988 0.03656307129798904 -0.07701047847494003 -0.17980991523246853 -1.360660031430068 -1.1406642847690882 -0.5346187554776511 -0.07061446977205152 0.05744431418522859 -0.09878505734075167 -0.04361664505481551 -0.0697786333012512 -0.06453214197071233 -1.4344001020017851 -4.948193075562295 -1.306294442981301 -0.28206197026538843 -0.10132689987937274 0.07450523864959255 -0.05155847199437543 -0.034826468115767985 -0.029636947394418373 -0.11811513116996146 -1.1726673427991887 -2.346000993541977 -0.4965995123829076 -0.2708678828081813 -0.10855683269476372 -0.09989422963920555 -0.07932749230404926 -0.19292209388056034 -0.11679370543398082 -0.1961505455437048 -2.9630551063565123 -1.8921286447253158 -0.4434794051848927 -0.2693259571990101 -0.07375000000000001 -0.06766662907409496 -0.10439124021332125 -0.10454217736121126 -0.12176380186783309 -0.0790850468426816 -0.3280528876138207 -0.3537735849056603 -0.23169829923588864 -0.04406428201140487
-0.0036818851251840938 0.041479820627802685 -0.015665212039834397 0.03577611079053664 -0.06578174556560554 0.052015604681404426 -0.045282095214784 -0.14072546403008615 -0.12174804562347816 -0.10889042039972434 0.03411244472520531 0.02564102564102564 -0.003594105666706602 -0.02831466207066355 -0.01929756850636819 0.07783543365455894 0.031189083820662766 -0.017948717948717947 -0.12248701903874318 0.024807056229327457 -1.3877787807814458e-18 0.011113855272906894 0.026394721055788845 0.07393274505127592 0.052657973921765286 0.07200606366851946 0.041429311237700675 -0.10393943282432953 -0.08957654723127036 -0.023310023310023312 -0.07204425575710793 -0.008387251377905584 -0.08582134654901487 0.006061340768578007 -0.02617474760064814 0.04693576505297036 -0.12592696236183012 -0.5639651707970529 -1.096587782058338 -0.5289017341040463 -0.037816714988024705 -0.05092592592592593 0.02211874272409779 -0.13855421686746988 0.025594149908592323 -0.05933594243151117 -0.20035961983046496 -1.3318491356731275 -1.1737461955802568 -0.5492258252994449 -0.06194251734390484 0.05627198124267291 -0.08743045304871126 -0.05068961452316397 -0.05534167468719923 -0.06825515016133035 -1.6664541629478518 -4.644933030073288 -1.2207005530682118 -0.2584410170904544 -0.097708082026538 0.08032596041909197 -0.050386688539957813 -0.03242464272847364 -0.018523092121511486 -0.10568195946786026 -1.1802738336713996 -2.25906607054148 -0.459386629026049 -0.24875621890547261 -0.10727969348659003 -0.07521447878716653 -0.07340753019180679 -0.162202015237159 -0.10449963117777232 -0.1176903273262229 -2.2602313720612015 -1.6506069327993995 -0.41189630214501916 -0.24312126947153884 -0.06999999999999999 -0.0496221946543363 -0.08737092930897539 -0.09372746935832732 -0.10639555503014542 -0.03893417690716633 -0.23824373206935262 -0.30660377358490565 -0.20704954399802808 -0.022032141005702433
-0.00859106529209622 0.033632286995515695 -0.023497818059751596 0.027697634160415464 -0.07048044167743452 0.03901170351105332 -0.02325296781299719 -0.16620162562173965 -0.12815583749839804 -0.1323225361819435 0.030322173089071387 0.02564102564102564 -0.009584281777884267 -0.038163240182198695 -0.01672455937218577 0.07536446750679517 0.04548408057179987 -0.028205128205128206 -0.13580082545599786 0.02067254685777288 0.006383250351078768 -0.002469745616201531 0.025194961007798437 0.06439303601240161 0.047642928786359076 0.05305709954522486 0.0504919730709477 -0.17451559091492366 -0.13572204125950055 -0.06847319347319347 -0.08104978772674644 -0.029954469206805657 -0.09186510334824127 -0.019396290459449628 -0.03614608001994266 0.009387153010594071 -0.10353994683083809 -0.6697923643670461 -1.2548156301596038 -0.6054913294797688 -0.03277448632295475 -0.06365740740740741 0.02561117578579744 -0.15903614457831328 0.03046922608165753 -0.08458527963640954 -0.20549704597996404 -1.3331587218438976 -1.17242291914781 -0.5725971370143148 -0.04335976214073341 0.02813599062133646 -0.07380492789826273 -0.0730873511729341 -0.04451395572666025 -0.11169024571854058 -2.0336605890603083 -4.077584028304271 -1.070582038451409 -0.27372516326247054 -0.10132689987937275 0.06053550640279395 -0.050386688539957813 -0.044433769664945354 -0.023462583353914553 -0.11811513116996145 -1.1739350912778905 -2.1870342771982116 -0.42858976004106253 -0.25290215588723053 -0.09450830140485313 -0.04818427547302857 -0.07459152261425529 -0.1462275743425903 -0.0946643717728055 -0.07478239548853746 -1.697972384624953 -1.3477662370166437 -0.38820897486511385 -0.21254913378948906 -0.05249999999999999 -0.04623886320063155 -0.07829343015999093 -0.091324200913242 -0.09220948102612603 -0.029200632680374743 -0.17462891355868776 -0.29294935451837134 -0.1848656642839537 -0.029808190772420945
0.0012272950417280327 0.021300448430493273 -0.029092536645406737 0.011540680900173107 -0.06930576764947727 0.026007802340702213 -0.02692448904662832 -0.17833313114157467 -0.13456362937331795 -0.1447277739490007 0.031585596967782695 0.02075702075702076 -0.010782317000119803 -0.049242890557675736 -0.023157082207641837 0.06177415369409439 0.02079272254710851 -0.05641025641025641 -0.15310877379842897 0.001378169790518191 0.008936550491510275 -0.013583600889108422 0.02639472105578884 0.06677796327212018 0.04137412236710131 0.03537139969681657 0.03754531330916623 -0.24509174900551778 -0.16829533116178066 -0.11072261072261073 -0.07719027402547281 -0.04553079319434459 -0.09065635198839597 -0.04727845799490847 -0.033653246915119034 -0.03754861204237629 -0.1091367007135861 -0.768921634293369 -1.3442487616951018 -0.6632947976878613 -0.030253371990419765 -0.0798611111111111 0.030267753201396973 -0.18313253012048195 0.028031687995124926 -0.12750915288473677 -0.22733110711533527 -1.3266107909900473 -1.167129813418023 -0.6018112766579023 -0.026015857284440048 0.011723329425556862 -0.0647212444646304 -0.09312743133325474 -0.038498556304138586 -0.16008935219657483 -2.340940966466913 -3.3270154157189786 -0.9230971819857784 -0.2723356954286509 -0.08805790108564535 0.04889406286379511 -0.044527771267869706 -0.0468355950522397 -0.012348728081007653 -0.14049484023374362 -1.1206896551724137 -2.1236959761549925 -0.37982805081483384 -0.2584300718629077 -0.08939974457215835 -0.05288518039722647 -0.07695950745915228 -0.1560579995084787 -0.0946643717728055 -0.06374892730170406 -1.1332255255628811 -1.0624452509072706 -0.3697854980918542 -0.21837239772892705 -0.041249999999999995 -0.05977218901545054 -0.08056280494723704 -0.10454217736121123 -0.09693817236079914 -0.03406740479377053 -0.14095048022951226 -0.2830188679245283 -0.17377372442691646 -0.04665629860031105
-0.006136475208640157 0.007847533632286996 -0.031330424079668795 0.006924408540103864 -0.072829789733349 0.017732592505024236 -0.030596010280259454 -0.1892514861094262 -0.1460976547481738 -0.14886285320468645 0.03663929248262792 0.03052503052503052 0.003594105666706602 -0.04801181829373384 -0.016724559372185775 0.07042253521126761 0.005198180636777128 -0.05384615384615384 -0.1597656770070563 0.0027563395810363796 -0.0012766500702157554 -0.019757964929612248 0.019196160767846433 0.06200810875268303 0.027582748244734202 0.015159171298635676 0.006473329880890716 -0.3143847042217375 -0.22394136807817588 -0.1354895104895105 -0.07847677859256401 -0.03474718427989456 -0.10032636286715824 -0.042429385380046064 -0.046117412439237185 -0.049617808770282955 -0.13292290471526513 -0.8184862692565306 -1.4199229499174464 -0.6748554913294796 -0.02647170049161729 -0.07523148148148148 0.03958090803259604 -0.17951807228915664 0.029250457038391225 -0.1514960232293902 -0.2453120986385821 -1.1956521739130435 -1.1393410083366413 -0.5886649138182881 -0.0074331020812685835 0.011723329425556856 -0.048824798455773824 -0.10255805729105269 -0.03248315688161694 -0.20848845867460905 -2.445492796123932 -2.629517311094263 -0.71898867526995 -0.23620953174934006 -0.08564535585042218 0.05355064027939464 -0.03515350363252871 -0.051639245826828384 -0.014818473697209187 -0.13552157155290315 -1.0801217038539552 -2.0106805762543467 -0.36314641344796617 -0.23770038695411827 -0.07535121328224777 -0.03408156070043484 -0.05683163627752783 -0.14745637748832638 -0.08114089009097614 -0.04658575456662989 -0.695360119417838 -0.7545989237892629 -0.34346624555862615 -0.2212840296986461 -0.039999999999999994 -0.05751663471298072 -0.06808124361738341 -0.10334054313866858 -0.09220948102612601 -0.03650079085046843 -0.11725084196083321 -0.24577954319761663 -0.16884397337934437 -0.05054432348367029
0.00859106529209622 0.004484304932735426 -0.012308380888441313 0.0034622042700519296 -0.050510983202161394 0.013003901170351106 -0.006119202056051889 -0.17833313114157467 -0.12046648724849415 -0.13645761543762921 0.03916614024005054 0.03052503052503052 0.02036659877800407 -0.04431860150190816 0.003859513701273637 0.05683222139856684 0.005198180636777128 -0.06538461538461539 -0.14512048994807614 -0.005512679162072765 0.003829950210647261 -0.028402074586317605 0.03239352129574085 0.05366086334366802 0.03385155466399198 -0.01515917129863567 0.0025893319523562774 -0.37982805081483384 -0.23615635179153097 -0.16899766899766902 -0.07204425575710795 -0.0323508267433501 -0.08582134654901485 -0.05091526245605528 -0.042378162782001745 -0.07241518036743999 -0.13572128165663913 -0.8586738111185532 -1.4309301045679692 -0.6893063583815027 -0.022690028992814824 -0.07060185185185183 0.04772991850989523 -0.1783132530120482 0.02193784277879342 -0.17927029415477844 -0.26457744669920374 -0.9415924567836564 -1.05465131666005 -0.5711364300321355 0.0012388503468780954 0.015240328253223911 -0.024980129442488924 -0.11434633973830013 -0.03368623676612127 -0.26557458426408537 -2.4952186663266605 -2.1784179934293655 -0.4885435870424019 -0.20842017507294708 -0.0723763570566948 0.06635622817229336 -0.012889617998593861 -0.045634682358592527 0.00987898246480612 -0.13552157155290315 -0.9660243407707909 -1.818181818181818 -0.31310150134736303 -0.2183526810392482 -0.058748403575989795 -0.02703020331413797 -0.02249585602652143 -0.1339395428852298 -0.05655274157855913 -0.028196640921907563 -0.36322925737031975 -0.4492554123388812 -0.2855638899855244 -0.2038142378803319 -0.036250000000000004 -0.055261080410510886 -0.049926245319414496 -0.10814708002883922 -0.08156992552311147 -0.03650079085046843 -0.07109891480603717 -0.19488579940417083 -0.14419521814148384 -0.05443234836702955
0.009818360333824253 0.007847533632286994 -0.013427324605572341 0.006924408540103864 -0.04346293903441795 0.008275209835677977 0.003671521233631133 -0.15649642120587165 -0.12046648724849415 -0.12129565816678153 0.05811749842072016 0.02564102564102564 0.04073319755600814 -0.049242890557675736 0.03216261417728033 0.05189028910303928 0.0 -0.07051282051282051 -0.13446944481427242 -0.016538037486218304 0.001276650070215753 -0.020992837737713013 0.03959208158368326 0.045313617934653 0.03385155466399198 -0.02526528549772613 -0.018125323666494043 -0.4131913255485692 -0.24429967426710095 -0.18793706293706297 -0.07333076032419916 -0.029954469206805646 -0.09428260606793182 -0.04970299430233969 -0.04611741243923719 -0.09655357382325333 -0.15670910871694416 -0.8667113194909577 -1.4336818932306001 -0.7080924855491328 -0.007563342997604942 -0.07060185185185185 0.046565774155995346 -0.1746987951807229 0.03534430225472272 -0.20578209821992174 -0.24017467248908303 -0.5618124672603457 -0.8865952097393144 -0.5506865322816243 0.01610505450941526 0.012895662368112543 -0.015896446008856594 -0.12377696569609808 -0.03970163618864292 -0.32390171258376765 -2.5117939563942366 -2.020470053070508 -0.2897023966289175 -0.1834097540641934 -0.06272617611580217 0.07450523864959253 -0.0023435669088352484 -0.04323285697129818 0.01975796492961225 -0.13676488872311326 -0.8024847870182554 -1.5474416294088427 -0.2694726036186321 -0.2155887230514096 -0.04342273307790549 -0.022329298389940067 -0.004735969689793984 -0.12656672401081348 -0.029505778214900424 -0.013485350006129706 -0.16295559149147903 -0.2690526842698035 -0.24476904855902099 -0.20235842189547243 -0.026250000000000006 -0.053005526108041046 -0.03177124702144559 -0.1117519826964672 -0.06383733301808724 -0.025550553595327895 -0.04989397530248223 -0.13282025819265147 -0.1331032782844466 -0.051840331778123375
0.013500245459008344 0.013452914798206279 -0.008951549737048231 0.0011540680900173086 -0.04581228709033243 0.004728691334673129 -0.003671521233631133 -0.14193861458206963 -0.1114955786236063 -0.11440385940730531 0.06822488945041061 0.010989010989010986 0.05031747933389241 -0.06278468546103654 0.03344911874437155 0.040770941438102296 0.002599090318388564 -0.06923076923076923 -0.12248701903874319 -0.0165380374862183 -0.0051066002808630145 -0.03828105705112374 0.027594481103779246 0.03219651800620081 0.016298896690070213 -0.04926730672056594 -0.04401864319005696 -0.42602335429231364 -0.23208469055374586 -0.19813519813519814 -0.07333076032419915 -0.04073807812125569 -0.09670010878762238 -0.056976603224633285 -0.06356724417300261 -0.12069196727906666 -0.19028963201343221 -0.8399196249162759 -1.3456246560264173 -0.6864161849710981 -0.017647800327744864 -0.07638888888888888 0.037252619324796274 -0.18072289156626503 0.006093845216331506 -0.22598156798384045 -0.24531209863858208 -0.3994237820848611 -0.5835649067090115 -0.48203330411919365 0.011149653121902876 0.002344665885111373 -0.014760985579652552 -0.1343864198986208 -0.06015399422521654 -0.36361379995035986 -2.4722682646946317 -1.9459186252211267 -0.2541480115880958 -0.16673614005835763 -0.05669481302774426 0.0838183934807916 0.010546051089758613 -0.037228293503062324 0.027167201778216844 -0.12806166853164241 -0.5983772819472616 -1.1462990561351218 -0.2425253432567689 -0.2045328911000553 -0.037037037037037035 -0.0258549770830885 -0.003551977267345485 -0.1363971491767019 -0.04057044504548808 -0.014711290915777855 -0.1405647468590621 -0.21273933174821677 -0.2250296091590999 -0.19799097394089388 -0.03125 -0.045111086049396634 -0.03290593441506865 -0.10213890891612594 -0.07093037002009694 -0.025550553595327895 -0.06610951727578895 -0.10923535253227408 -0.13556815380823267 -0.045360290305857955
0.014727540500736377 0.012331838565022422 0.0011189437171310267 -0.0011540680900173114 -0.038764242922588975 0.00945738266934626 -0.008566882878472645 -0.14557806623802014 -0.1063693451236704 -0.1075120606478291 0.07454200884396715 0.01465201465201465 0.050317479333892426 -0.07509540810045548 0.03473562331146276 0.030887076847047196 0.003898635477582846 -0.07435897435897436 -0.09719078684595925 -0.02894156560088203 -0.01787310098302055 -0.03828105705112374 0.022795440911817635 0.026234199856904367 0.0 -0.059373420919656396 -0.055670636975660284 -0.4183241370460669 -0.2022258414766558 -0.18210955710955712 -0.0668982374887431 -0.03714354181643901 -0.08461259518916958 -0.0630379439932113 -0.042378162782001745 -0.1300791202896607 -0.17210018189450121 -0.7515070328198258 -1.108970831040176 -0.6430635838150289 -0.020168914660279844 -0.061342592592592594 0.032596041909196745 -0.18674698795180725 0.0024375380865326026 -0.2234566342633506 -0.23118417672745953 -0.3444211629125196 -0.4260950112478497 -0.41484078293894244 0.017343904856293363 0.0035169988276670576 -0.007948223004428292 -0.13438641989862077 -0.05293551491819056 -0.36237279722015386 -2.2950401632028554 -1.7841799342936568 -0.1988411904134843 -0.13199944421286644 -0.04221954161640531 0.08032596041909194 0.017576751816264356 -0.04323285697129818 0.037046184243022966 -0.12060176551038168 -0.42342799188640967 -0.8097367113760556 -0.17579879378929808 -0.1865671641791045 -0.04853128991060025 -0.02938065577623693 -0.018943878759175935 -0.1486851806340624 -0.06024096385542169 -0.013485350006129706 -0.12563751710411744 -0.18270554373670378 -0.202658244505856 -0.1907118940165963 -0.0375 -0.039472200293222064 -0.036309996595937824 -0.10694544580629657 -0.08511644402411633 -0.038934176907166315 -0.08481975801421979 -0.11916583912611718 -0.13063840276066058 -0.038880248833592534
0.0073637702503681875 0.01008968609865471 -2.0816681711721684e-18 -0.0046162723600692455 -0.05286033125807589 0.00591086416834141 -0.024476808224207565 -0.14436491568603665 -0.09611687812379854 -0.10062026188835287 0.06822488945041062 0.023199023199023196 0.04193123277824368 -0.08125076942016496 0.016724559372185772 0.02223869532987398 -0.024691358024691357 -0.0705128205128205 -0.10517907069631208 -0.02342888643880926 -0.021703051193667815 -0.04198567547542603 0.01439712057588482 0.022656808967326497 -0.021313941825476426 -0.07579585649317837 -0.07767995857068877 -0.4170409341716925 -0.18051031487513572 -0.1821095571095571 -0.06046571465328702 -0.03474718427989455 -0.0894476006285507 -0.06667474845435811 -0.0548423283061199 -0.1394662733002548 -0.1804953127186232 -0.6912257200267916 -0.9012107870115574 -0.5809248554913294 -0.023950586159082316 -0.0648148148148148 0.033760186263096625 -0.19518072289156624 -0.003656307129798904 -0.2310314354248201 -0.2144875417415874 -0.3116815086432687 -0.3639010189228531 -0.35203038270522935 0.019821605550049554 0.0035169988276670602 -0.007948223004428295 -0.1402805611222445 -0.049326275264677574 -0.3536857781087118 -1.9890348081091414 -1.4998736416477128 -0.1422175401632868 -0.11671529804085035 -0.03860072376357057 0.0838183934807916 0.019920318725099598 -0.03963011889035667 0.03334156581872068 -0.10692527663807036 -0.3004563894523327 -0.5464480874316939 -0.13216989606056717 -0.16998341625207297 -0.04853128991060026 -0.041132918086731696 -0.01539190149183045 -0.16097321209142296 -0.06884681583476764 -0.036778227289444645 -0.1069784799104366 -0.16518583406332124 -0.1855507303592578 -0.19071189401659633 -0.04 -0.03834442314198715 -0.036309996595937824 -0.10454217736121126 -0.08984513535878946 -0.0486677211339579 -0.09355120369215417 -0.12537239324726912 -0.12570865171308848 -0.033696215655780196
0.01718213058419244 0.026905829596412557 0.006713662302786171 0.005770340450086559 -0.05286033125807589 0.015368246837687668 -0.02692448904662832 -0.13829916292611916 -0.0858644111239267 -0.08545830461750517 0.06064434617814277 0.036630036630036625 0.03953516233377262 -0.07140219130862982 0.001286504567091215 0.025945144551519646 -0.04938271604938271 -0.05128205128205128 -0.10651045133803753 0.0013781697905181967 -0.017873100983020553 -0.044455421091627555 0.01439712057588482 0.011924636298592892 -0.035105315947843524 -0.09348155634158666 -0.09062661833247024 -0.4080585140510715 -0.15200868621064062 -0.1660839160839161 -0.055319696384922165 -0.014378145219266714 -0.09428260606793182 -0.06425021214692692 -0.06730649383023807 -0.13276116400697333 -0.1818945011893102 -0.6242464835900872 -0.6989543203082005 -0.4898843930635838 -0.026471700491617296 -0.06018518518518519 0.031431897555296864 -0.1963855421686747 -0.010968921389396709 -0.2386062365862896 -0.2016439763678397 -0.285489785227868 -0.3109699616249836 -0.30382705229331 0.03097125867195243 0.005861664712778431 -0.003406381287612125 -0.14145938936696925 -0.04090471607314726 -0.33258873169520975 -1.6741042968251942 -1.1106899166034874 -0.08427706083750333 -0.09448381269973599 -0.03739445114595899 0.09080325960419093 0.02226388563393485 -0.04083103158400385 0.024697456162015307 -0.08703220191470845 -0.17621703853955378 -0.3427719821162444 -0.09880662132683178 -0.1423438363736871 -0.053639846743295014 -0.021154072158890584 -0.021311863604072934 -0.15114278692553454 -0.082370297516597 -0.036778227289444645 -0.1131981589749969 -0.1364034538856213 -0.1842347677325964 -0.1688746542437036 -0.04 -0.025938874478403068 -0.04198343356405311 -0.10934871425138189 -0.10284903652914054 -0.04258425599221316 -0.09978795060496445 -0.11668321747765642 -0.13187084052255363 -0.019440124416796267
0.020864015709376536 0.019058295964125564 0.0011189437171310295 -0.016156953260242354 -0.05990837542581934 -0.008275209835677979 -0.035491371925100976 -0.13708601237413565 -0.08201973599897475 -0.09648518263266714 0.046746683512318386 0.02686202686202686 0.032346951000359406 -0.08125076942016497 -0.007719027402547275 0.007412898443291327 -0.06107862248213125 -0.05256410256410256 -0.09719078684595925 0.005512679162072766 -0.017873100983020553 -0.048160039515929856 0.007198560287942408 0.0023849272597185776 -0.04262788365095285 -0.1048509348155634 -0.08156395649922321 -0.3708456306942128 -0.10857763300760044 -0.14277389277389277 -0.0488871735494661 -0.011981787682722261 -0.09186510334824127 -0.07152382106922053 -0.06855291038264988 -0.14751240445219257 -0.1804953127186232 -0.5559276624246483 -0.5035773252614202 -0.42052023121387283 -0.027732257657884785 -0.08101851851851852 0.02793946449359721 -0.21204819277108436 -0.015843997562461916 -0.26638050751167774 -0.18494734138196764 -0.2920377160817182 -0.2633320100569009 -0.2804557405784399 0.03097125867195243 0.00234466588511137 0.0034063812876121272 -0.1461747023458682 -0.04331087584215593 -0.3139736907421196 -1.222746398061966 -0.7101339398534242 -0.030287068738477745 -0.07642073086008058 -0.03739445114595899 0.08265424912689175 0.02226388563393485 -0.05884472198871142 0.017288219313410715 -0.0845455675742882 -0.06845841784989858 -0.228514654744163 -0.05389452072372643 -0.13819789939192925 -0.06257982120051085 -0.029380655776236924 -0.0319677954061094 -0.16711722782010321 -0.09589377919842634 -0.06620080912100036 -0.11071028734917279 -0.1451633087223126 -0.17765495459928937 -0.16013975833454652 -0.04375 -0.03721664599075224 -0.05559968228752978 -0.11896178803172315 -0.11348859203215511 -0.05840126536074948 -0.10477734813521267 -0.11668321747765639 -0.13803302933201872 -0.020736132711249352
