-0.029494899840235955 -0.020082561642307258 -0.05706459712394431 -0.0256260920209668 -0.02023809523809524 -0.10242972844211531 -0.003718854592785421 -0.059228816632418725 0.04970685699719603 -0.08965517241379312 6.938893903907229e-19 -0.06912442396313365 -0.004768148766241508 0.013445789023346779 0.011500127779197549 -0.06362275449101797 0.018570102135561744 -0.0025412960609911073 -0.030116537907555318 -0.01929171834091222 -0.025624599615631006 -0.03281477880408361 0.037982195845697335 -0.020245325711563657 0.052129688493324854 0.005122294788065045 0.029411764705882353 -0.05268439538384344 -0.019962736225712003 -0.13554434030281182 -0.04403004403004403 0.029691211401425176 -0.061379227343844024 -0.023330058939096267 -0.028934457164423194 -0.11186576108669596 -0.02345151055317975 -0.09311475409836065 -0.10707508809975601 -0.14436263894903997 -0.005040957781978576 -0.013590033975084936 0.08568781843446041 -0.034688995215311005 0.06727005870841488 -0.044008550232616614 0.020714655618850338 -0.03828483920367534 0.022460034350640774 -0.016140865737344093 -0.01755485893416928 -0.052337752965806006 0.007979936160510714 -0.18361581920903952 -0.0023983691090058794 -0.15450643776824033 0.01883002761737384 -0.11539893287008311 0.03627412877315714 -0.08469869480699806 -0.12014563106796117 -0.025676937441643323 -0.22522522522522523 -0.14225437010247136 -0.20542828685258963 -0.23250031082929254 -0.33516758379189593 -0.20820650188725187 -0.07863031071655043 -0.13407049067035245 -0.14477766287487073 -0.2782382192753966 -0.492628550880978 -1.7487287610070694 -0.36273291925465834 -0.60453709380748 -1.8124368048533874 -0.374675404970941 -0.15320151892104228 -0.19470514077601905 -0.14421871081013296 -0.15488976823063877 -0.23690205011389526 -0.7339670316448081 -0.2456681699501543 -0.37323348230462616 -0.2815497695278435 -0.2217568067019835 -0.1409504802295123 -0.20242914979757085
-0.036868624800294944 -0.021198259511324334 -0.06277105683633874 -0.04076878276062901 -0.025 -0.11314911862791806 -0.013635800173546547 -0.06164631935210927 0.04843232220239613 -0.09517241379310346 0.0051341291233474515 -0.0654862963861266 0.0 0.02322454467668989 0.006388959877331971 -0.05738522954091816 0.026528717336516777 0.003811944091486656 -0.03404478198245384 -0.016535758577924758 -0.024343369634849458 -0.0425376762275158 0.02255192878338279 -0.01905442419911873 0.038143674507310876 -0.01664745806121143 0.03074866310160428 -0.06271951831409935 -0.03460207612456748 -0.1384282624369142 -0.04921004921004921 0.027315914489311165 -0.07461788422192803 -0.027013752455795674 -0.037740596301421556 -0.11186576108669596 -0.015174506828528073 -0.08918032786885247 -0.09758742206560043 -0.129926375054136 -0.015122873345935728 -0.03057757644394111 0.08105604446503009 -0.04904306220095694 0.05626223091976516 -0.0590971960266566 0.033661315380631794 -0.05104645227156712 0.027744748315497426 -0.023477622890682316 -0.017554858934169283 -0.0628053035589672 -2.7755575615628915e-18 -0.20833333333333331 -0.015589399208538196 -0.18761496014714898 0.01883002761737384 -0.13401166397816106 0.0388651379712398 -0.10136073312968619 -0.13713592233009708 -0.04668534080298786 -0.3082029397818872 -0.24954792043399637 -0.28759960159362546 -0.31082929255253017 -0.549024512256128 -0.270303177888713 -0.11033608116677236 -0.1520387007601935 -0.15899689762150981 -0.31967795406109395 -0.6700227735826442 -2.656579436934144 -0.4807453416149068 -0.7798896382587369 -2.6124873609706776 -0.4896747866946951 -0.1924839596700275 -0.2325255638044544 -0.1442187108101329 -0.16280384397964953 -0.25626423690205014 -0.850679821922753 -0.2646570140042725 -0.40463824133349446 -0.31892363273950414 -0.23777257607490448 -0.15591867282025698 -0.20765312785686302
-0.040555487280324445 -0.021198259511324334 -0.05706459712394431 -0.0279557367501456 -0.023809523809523808 -0.09528346831824679 -0.008677327383165984 -0.05318505983319231 0.04715778740759623 -0.0910344827586207 0.010268258246694905 -0.036381275770070345 0.0035761115746811302 0.056227845006722885 0.014055711730130335 -0.03243512974051896 0.057036742273511076 0.026683608640406607 -0.020950635066125434 0.00413393964448119 -0.03331197950032031 -0.0376762275157997 0.020178041543026708 -0.021436227224008574 0.03051493960584869 -0.030733768728390325 0.02540106951871658 -0.05143000501756147 -0.03593292520628161 -0.13121845710165825 -0.06993006993006992 0.02731591448931116 -0.09989168371645205 -0.01473477406679764 -0.05157881494527613 -0.09322146757224663 -0.026210511794730308 -0.08 -0.0867443751694226 -0.11115923199076079 -0.025204788909892882 -0.026047565118912798 0.08105604446503009 -0.027511961722488043 0.044031311154598816 -0.050295485980133295 0.04401864319005697 -0.035732516590097 0.03170828378913991 -0.004402054292002936 -0.017554858934169283 -0.060479181204931384 -0.0022799817601459244 -0.2165725047080979 -0.031178798417076388 -0.20478234212139795 0.021340697966357017 -0.1352525127186996 0.04922917476357041 -0.09302971396834213 -0.14927184466019416 -0.07469654528478058 -0.387624466571835 -0.4593128390596745 -0.35856573705179284 -0.4140246176799701 -0.7616308154077039 -0.33727018141970044 -0.14331008243500315 -0.16447823082239116 -0.17192347466390898 -0.34217381008761544 -0.8366295097686685 -3.508619620488652 -0.5850931677018633 -0.8804414469650521 -3.4011627906976742 -0.5737603561271176 -0.22129108288594995 -0.24233085866367837 -0.12916980185603208 -0.16619559072922557 -0.2630979498861048 -0.9144507279509085 -0.28720626631853785 -0.42879574827877764 -0.35131431418961007 -0.2513243809289146 -0.1546713234376949 -0.20895912237168607
-0.02457908320019663 -0.022313957380341403 -0.06162976489385985 -0.0430984274898078 -0.034523809523809526 -0.1167222486898523 -0.01983389116152225 -0.06406382207179984 0.04078511343359673 -0.0910344827586207 0.014118855089205493 -0.04244482173174873 0.00357611157468113 0.056227845006722885 0.010222335803731154 -0.033682634730538924 0.08489189547685369 0.010165184243964426 -0.010475317533062713 -0.005511919525974921 -0.023062139654067906 -0.040106951871657755 0.02017804154302671 -0.013099916636894127 0.05085823267641448 -0.026892047637341533 0.04545454545454545 -0.05895634721525339 -0.010646792653713067 -0.13266041816870944 -0.06345506345506345 0.019002375296912115 -0.09146708388494404 -0.047888015717092336 -0.04654673543841993 -0.13317352510320948 -0.02345151055317975 -0.10491803278688525 -0.07454594741122254 -0.13137000144362637 -0.01890359168241966 -0.045300113250283124 0.08452987494210282 -0.04665071770334928 0.03302348336594911 -0.061611970325663276 0.04531330916623511 -0.05104645227156712 0.023781212841854936 -0.010271460014673514 -0.006269592476489031 -0.08141428239125378 -0.018239854081167347 -0.23069679849340866 -0.04796738218011752 -0.2121397915389332 0.021340697966357017 -0.14517930264300782 0.051820183961653055 -0.08469869480699804 -0.14927184466019416 -0.10270774976657329 -0.46823138928402086 -0.7811934900542495 -0.43326693227091634 -0.5644659952753948 -1.0842921460730366 -0.44319980518689883 -0.1471147748890298 -0.19903248099516238 -0.17709410548086865 -0.37532559791617337 -0.9864557113748053 -4.23663648765968 -0.6819875776397515 -0.967504598405886 -4.03437815975733 -0.6516631631012737 -0.2514076207935053 -0.24933464070598124 -0.10785051417105591 -0.16619559072922557 -0.2699316628701595 -0.9553603657802914 -0.29195347733206745 -0.4275878729315135 -0.3861965865204934 -0.2698041148207465 -0.15092927529000874 -0.20765312785686302
-0.02457908320019663 -0.00892558295213656 -0.06162976489385985 -0.0454280722189866 -0.0369047619047619 -0.10004764173415914 -0.026031982149497958 -0.05802006527257343 0.033137904664797345 -0.07448275862068966 0.015402387370042358 -0.050933786078098474 0.0023840743831207534 0.047671433810047674 -0.006388959877331971 -0.056137724550898195 0.1047884334792413 -0.007623888182973315 -0.01702239099122692 -0.013779798814937303 -0.012812299807815505 -0.03038405444822557 0.018991097922848664 -0.02500893176134334 0.06357279084551812 -0.04353950569855295 0.056149732620320844 -0.06397390868038133 0.010646792653713068 -0.13266041816870944 -0.06345506345506345 0.01187648456057007 -0.08906005536165604 -0.06139489194499017 -0.04403069568499182 -0.11452923158876016 -0.013795006207752794 -0.10229508196721311 -0.060992138791000274 -0.11549011115923198 -0.01512287334593573 -0.05322763306908267 0.08684576192681796 -0.05502392344497607 0.026908023483365944 -0.07292845467119327 0.049197307094769556 -0.07018887187340479 0.025102391333069095 -0.01907556859867938 -0.0012539184952978049 -0.08141428239125378 -0.03419972640218878 -0.26483050847457623 -0.06715433505216453 -0.25137952176578787 0.012553351744915892 -0.16999627745377838 0.05829770695685969 -0.09580672035545681 -0.15655339805825244 -0.14122315592903828 -0.5796586059743954 -1.248945147679325 -0.5278884462151394 -0.6651746860624146 -1.5557778889444722 -0.5491294289540971 -0.16613823715916295 -0.21976503109882514 -0.17063081695966906 -0.3919014918304523 -1.097926405369771 -4.781098846583157 -0.7577639751552795 -1.020232985898222 -4.4590495449949445 -0.7159638926672437 -0.27366767055126356 -0.25353690993136296 -0.11537496864810633 -0.1582815149802148 -0.2904328018223235 -1.0022861268198775 -0.3156895323997152 -0.44208237709868337 -0.42606204061293135 -0.2698041148207465 -0.14718722714232257 -0.2115711114013321
-0.020892220720167137 -0.00557848934508535 -0.06162976489385985 -0.06173558532323821 -0.05 -0.10481181515007146 -0.043386636915829925 -0.0652725734316451 0.008921743563599285 -0.06758620689655173 0.003850596842510588 -0.052146495270434155 -0.004768148766241506 0.04889377826671556 -0.01916687963199591 -0.051147704590818355 0.12203209974797717 -0.0038119440914866575 -0.02356946444939112 -0.002755959762987463 -0.03074951953875721 -0.03524550315994166 2.7755575615628915e-18 -0.04644515898535191 0.03560076287349014 -0.08067614291202459 0.034759358288770054 -0.09031610637230306 -0.014639339898855469 -0.14708002883922133 -0.07381507381507382 0.010688836104513062 -0.09267059814658804 -0.06999017681728881 -0.05157881494527614 -0.11586096683979223 -0.016554007449303354 -0.10360655737704919 -0.06641366223908918 -0.1068283528222896 -0.02394454946439824 -0.058890147225368075 0.07642427049559981 -0.05741626794258373 0.0036692759295499006 -0.07921539041870991 0.047902641118591396 -0.0638080653394589 0.025102391333069095 -0.007336757153338222 -0.012539184952978061 -0.11049081181670158 -0.06839945280437756 -0.3283898305084746 -0.10912579445976736 -0.3274064990803188 -0.010042681395932715 -0.22087107581585802 0.0440471563674051 -0.1110802554845876 -0.1662621359223301 -0.17273576097105509 -0.7112375533428165 -1.8601567209162149 -0.6237549800796813 -0.7758299142111152 -2.2073536768384194 -0.6526238889565323 -0.2168674698795181 -0.2335867311679337 -0.17838676318510854 -0.3871655221406583 -1.1794318590435096 -5.113481334490885 -0.8322981366459627 -1.0361741263028819 -4.670121334681496 -0.744404599975269 -0.31164069660861593 -0.2507353971144418 -0.1128668171557562 -0.16167326172979085 -0.29954441913439633 -1.0468054385753822 -0.3275575599335391 -0.468655634738495 -0.4609443129438146 -0.28458790193421213 -0.14344517899463644 -0.21679508946062426
-0.027036991520216297 -0.00446279147606828 -0.07418397626112759 -0.06639487478159581 -0.052380952380952375 -0.12267746545974274 -0.044626255113425065 -0.07856883838994319 0.0050981391791995925 -0.08275862068965519 0.012835322808368629 -0.05457191365510551 -0.013112409107164144 0.057450189463390776 -0.010222335803731154 -0.0648702594810379 0.14590794535084228 -0.010165184243964422 -0.0065470734581642015 -0.008267879288962382 -0.026905829596412557 -0.03403014098201264 2.7755575615628915e-18 -0.058354174109801114 0.03941513032422123 -0.09988474836726853 0.03208556149732621 -0.09909683893627697 -0.01730103806228373 -0.14852198990627252 -0.08029008029008029 0.003562945368171023 -0.10711276928631605 -0.08104125736738703 -0.06919109321927287 -0.13716873085630574 -0.03586701614015726 -0.11934426229508197 -0.07319056654920032 -0.12126461671719362 -0.01890359168241966 -0.055492638731596836 0.06252894858730895 -0.05263157894736842 -0.003669275929549902 -0.08298755186721991 0.055670636975660284 -0.05997958141909139 0.034350640771568235 -0.001467351430667643 -0.017554858934169283 -0.13258897418004187 -0.09575923392612859 -0.3778248587570621 -0.14390214654035255 -0.3801348865726549 -0.04017072558373086 -0.2568556892914754 0.040160642570281124 -0.11941127464593167 -0.17961165048543687 -0.207749766573296 -0.8783783783783784 -2.459312839059675 -0.7333167330677292 -0.8889717767002363 -2.9677338669334667 -0.7634238402532569 -0.24984147114774888 -0.2598479612992398 -0.16158221302998968 -0.37887757518351883 -1.2141915378161332 -5.254867915168052 -0.8534161490683229 -1.03862660944206 -4.730788675429727 -0.762952887350068 -0.3142595259918816 -0.25353690993136296 -0.10158013544018059 -0.15149802148106276 -0.29157175398633256 -1.0684634821321144 -0.3133159268929504 -0.468655634738495 -0.4646816992649807 -0.30553160034495497 -0.1297243357864538 -0.2363850071829699
-0.02212117488017697 -0.0111569786901707 -0.05021684546907099 -0.08386721025043681 -0.036904761904761905 -0.11910433539780847 -0.03842816412544937 -0.08098634110963375 0.008921743563599285 -0.08 0.020536516493389806 -0.05942275042444821 -0.0011920371915603773 0.06111722283339445 -0.0012777919754663942 -0.06986027944111776 0.16713091922005568 -0.024142312579415504 0.0039282440748985206 -0.013779798814937303 -0.02562459961563101 -0.04132231404958677 0.007121661721068251 -0.07145409074669526 0.0508582326764145 -0.11140991164041489 0.02005347593582887 -0.10787757150025086 -0.021293585307426137 -0.13987022350396539 -0.08935508935508936 -8.673617379884035e-19 -0.09989168371645205 -0.09823182711198428 -0.06415901371241665 -0.13983220135836996 -0.024831011173955024 -0.13114754098360654 -0.06370290051504472 -0.1270391222751552 -0.013862633900441085 -0.058890147225368075 0.06368689207966652 -0.05263157894736842 -0.00856164383561644 -0.09304664906324657 0.05567063697566027 -0.06763654925982646 0.03963535473642489 -0.004402054292002934 -0.01755485893416928 -0.15119795301232847 -0.12995896032831739 -0.43903013182674205 -0.17747931406643483 -0.43163703249540164 -0.11925684157670098 -0.29284030276709266 0.024614587381785204 -0.1235767842266037 -0.19174757281553395 -0.24743230625583568 -1.0360360360360361 -3.2188065099457503 -0.8416334661354583 -0.9859505159766258 -3.7068534267133564 -0.8754413734323633 -0.28662016487000636 -0.2778161713890809 -0.14865563598759046 -0.37887757518351883 -1.2165887570418314 -5.39377402951755 -0.867080745341615 -1.0202329858982218 -4.772497472194135 -0.758006677383455 -0.3234254288333115 -0.2311248073959938 -0.0764986205166792 -0.12549462973431316 -0.2585421412300683 -1.058837684995789 -0.27771184429147877 -0.4457060031404759 -0.43976579045720693 -0.2956757422693113 -0.10228264937008857 -0.22985503460885467
-0.03195280816025562 -0.013388374428204841 -0.05934718100890207 -0.08969132207338382 -0.041666666666666664 -0.12148642210576463 -0.034709309532663934 -0.08703009790886015 0.007647208768799385 -0.08 0.0243871133359004 -0.06427358719379092 -0.015496483490284896 0.05256081163671924 0.010222335803731154 -0.07859281437125748 0.18304814962196575 -0.03557814485387548 0.01047531753306272 -0.026181617748380875 -0.04099935938500961 -0.03524550315994167 -0.01661721068249258 -0.07621769679647493 0.02542911633820725 -0.1075681905493661 -0.02540106951871658 -0.10411440040140492 -0.05190311418685121 -0.13410237923576063 -0.09583009583009582 -0.0059382422802850355 -0.12636899747262006 -0.11173870333988209 -0.08806139136998364 -0.13850046610733788 -0.027590012415505592 -0.14426229508196722 -0.08132285172133369 -0.1486935181175112 -0.020163831127914297 -0.06908267270668178 0.06368689207966652 -0.08732057416267942 -0.01834637964774951 -0.11442223060480321 0.036250647332988085 -0.09571209800918837 0.04492006870128154 -0.020542920029347028 -0.04137931034482759 -0.17794836008374043 -0.20747834017327857 -0.5461393596986819 -0.25422712555462285 -0.4770079705702024 -0.32262113984433843 -0.3350291599454026 -0.0025910091980826506 -0.11385726187170228 -0.20631067961165045 -0.273109243697479 -1.1782835467045993 -4.045810729355034 -0.9673804780876495 -1.0593062290190227 -4.370935467733867 -1.0008523073176672 -0.34115409004438807 -0.3109882515549413 -0.15253360910031022 -0.37295761307127634 -1.221383195493228 -5.440902889743272 -0.8559006211180125 -1.0214592274678111 -4.788928210313448 -0.7617163348584148 -0.30378420845881887 -0.23812858943829668 -0.0601956358164033 -0.1130582249858677 -0.23348519362186781 -1.0131151485982435 -0.24210776169000714 -0.409469742722551 -0.3936713591628255 -0.2747320438585684 -0.08856180616190594 -0.2141831004309782
-0.03195280816025562 -0.014504072297221912 -0.05478201323898653 -0.06057076295864881 -0.0380952380952381 -0.11910433539780849 -0.004958472790380561 -0.08340384382932431 0.010196278358399181 -0.07586206896551724 0.01796945193171608 -0.071549842347805 -0.020264632256526405 0.05378315609338711 0.014055711730130335 -0.07734530938123751 0.20957686695848254 -0.043202033036848796 0.024878879141023963 -0.03307151715584953 -0.04612427930813581 -0.04132231404958678 -0.02373887240356083 -0.08693581040847922 0.03178639542275906 -0.13061851709565883 -0.014705882352941176 -0.12543903662819872 -0.043918019696566404 -0.15573179524152847 -0.09583009583009583 -0.011876484560570073 -0.12997954025755207 -0.09823182711198428 -0.08177129198641339 -0.13850046610733785 0.009656504345426954 -0.1495081967213115 -0.07861208999728925 -0.1472498917280208 -0.03150598613736609 -0.07927519818799547 0.04284390921723019 -0.1375598086124402 -0.04280821917808219 -0.13956997359486983 0.022009321595028483 -0.12761613067891783 0.04095653322763905 -0.03815113719735877 -0.05517241379310345 -0.21400325657129565 -0.3169174646602827 -1.0322504708097928 -0.35375944357836675 -0.5567136725935009 -0.9440120512176751 -0.4876535550316416 -0.028501101178909184 -0.14718133851707857 -0.20024271844660194 -0.25910364145658266 -1.1913229018492175 -4.390596745027125 -0.9698705179282868 -1.0269799825935597 -4.348424212106053 -1.0118105442591012 -0.35764109067850347 -0.31098825155494125 -0.13831437435367117 -0.32914989344068196 -1.0859403092412803 -4.8034230435321845 -0.760248447204969 -0.8228080931943594 -3.9661274014155716 -0.6702114504760728 -0.2605735236349352 -0.2129149740860065 -0.048908954100827684 -0.09157716223855286 -0.17198177676537588 -0.6328961617133918 -0.17089959648706385 -0.38289648508273944 -0.31643204185872686 -0.25994825674510286 -0.05613072221529249 -0.22201906751991643
-0.03809757896030478 -0.020082561642307265 -0.05934718100890207 -0.039603960396039604 -0.04285714285714286 -0.11076703191996189 -0.00371885459278542 -0.08098634110963375 0.003823604384399694 -0.0703448275862069 2.7755575615628915e-18 -0.0545719136551055 -0.03933722732149243 0.08189707859674857 -0.0025555839509327884 -0.056137724550898195 0.19763894415705 -0.029224904701397714 0.018331805682859758 -0.023425657985393415 -0.046124279308135806 -0.04010695187165776 -0.016617210682492577 -0.10599023460759796 0.04195804195804196 -0.1421436803688052 -0.013368983957219253 -0.13421976919217263 -0.0319403779611392 -0.16294160057678442 -0.08806008806008805 -0.03444180522565321 -0.12877602599590807 -0.1068271119842829 -0.08680337149326958 -0.15314955386869092 0.006897503103876398 -0.15475409836065573 -0.0867443751694226 -0.13714450700158798 -0.03024574669187146 -0.08607021517553794 0.013895321908290872 -0.17105263157894737 -0.08561643835616438 -0.15843078083741985 -0.05696530295183842 -0.15058703420112302 0.01585414189456996 -0.030814380044020546 -0.0677115987460815 -0.2395906024656897 -0.42749658002735985 -1.683145009416196 -0.46048686892912816 -0.615573267933783 -1.5603816218930455 -0.6526864375232659 -0.06477522995206633 -0.1791169119688975 -0.18567961165048544 -0.25910364145658266 -1.1818397344713134 -4.543701024713682 -0.9499501992031872 -1.0021136391893573 -4.252126063031516 -1.0057226348471935 -0.35890932149651233 -0.3082239115411195 -0.1111685625646329 -0.2699502723182572 -0.9205321826681052 -3.9154160982264665 -0.6459627329192547 -0.6376456161863888 -3.1193124368048535 -0.5403734388524793 -0.22260049757758282 -0.15968623056450484 -0.037622272385252065 -0.06218202374222724 -0.11503416856492026 -0.47286728432198294 -0.10918585331117969 -0.33095784515038046 -0.2740749968855114 -0.22668473573980527 -0.037420481476861674 -0.2037351443123939
-0.029494899840235955 -0.013388374428204841 -0.05820588906642319 -0.03843913803145021 -0.04166666666666667 -0.11076703191996189 -0.006198090987975702 -0.08098634110963376 -0.00764720876879939 -0.06758620689655173 -0.01796945193171608 -0.05214649527043415 -0.058409822386458456 0.066006600660066 -0.01916687963199591 -0.06112774451097804 0.18570102135561745 -0.02795425667090216 0.011784732224695556 -0.01791373845941849 -0.046124279308135806 -0.027953330092367522 -0.009495548961424334 -0.11075384065737763 0.052129688493324854 -0.12549622230759377 -0.012032085561497327 -0.1342197691921726 -0.019962736225712006 -0.16294160057678442 -0.08029008029008027 -0.04750593824228029 -0.12757251173426407 -0.13261296660117877 -0.0918354510001258 -0.182447729391397 0.0041385018623258385 -0.17704918032786887 -0.09487666034155597 -0.1530243972859824 -0.023944549464398234 -0.08720271800679502 -0.020842982862436316 -0.2272727272727273 -0.13331702544031312 -0.1961523953225198 -0.14370792335577423 -0.19525267993874426 -0.01849649887699828 -0.03081438004402054 -0.09028213166144201 -0.24773203070481506 -0.5574555403556772 -2.4199623352165722 -0.5887996162609426 -0.6266094420600858 -2.1930705498368064 -0.7829755552798113 -0.12177743230988472 -0.17772840877534019 -0.17839805825242722 -0.23926237161531277 -1.1450924608819344 -4.51838456901748 -0.9250498007968126 -0.9436777321894814 -4.078289144572286 -0.9594545233166929 -0.34369055168040574 -0.2985487214927437 -0.09048603929679422 -0.22259057542031732 -0.7467337888049862 -3.0286493860845844 -0.5391304347826085 -0.4696505211526671 -2.3432760364004044 -0.42042784716211196 -0.1951027890532932 -0.12186580753606946 -0.040130423877602205 -0.0395703787450537 -0.09794988610478361 -0.3441222476236313 -0.08307619273676715 -0.28989008334339894 -0.2466674971969603 -0.20574103732906246 -0.022452288886116997 -0.18675721561969444
-0.029494899840235955 -0.014504072297221912 -0.07304268431864872 -0.051252184041933616 -0.04523809523809523 -0.12267746545974274 -0.003718854592785424 -0.09428260606793183 -0.0076472087687993896 -0.07999999999999999 -0.028237710178410987 -0.0812515158864904 -0.082250566217666 0.031780955873365116 -0.04855609506772298 -0.07110778443113772 0.14856081708449398 -0.036848792884371026 -0.022260049757758284 -0.016535758577924765 -0.048686739269698916 -0.032814778804083615 -0.029673590504451043 -0.10599023460759793 0.03814367450731087 -0.11397105903444742 -0.0026737967914438527 -0.14801806322127448 -0.017301038062283735 -0.16005767844268204 -0.0764050764050764 -0.057007125890736345 -0.12396196894933206 -0.15471512770137524 -0.0943514907535539 -0.1984285524037821 0.005518002483101117 -0.1914754098360656 -0.09487666034155597 -0.1544680236754728 -0.020163831127914304 -0.1245753114382786 -0.06137100509495137 -0.35406698564593303 -0.18101761252446186 -0.2640513013956997 -0.2938891765924391 -0.2884124553343543 -0.05813185361342318 -0.05722670579603815 -0.11285266457680251 -0.27564549895324497 -0.6794345645234838 -3.1461864406779663 -0.7087180717112362 -0.6535867565910485 -2.696459954807934 -0.8996153368904329 -0.1761886254696204 -0.19577895029158565 -0.16383495145631072 -0.21125116713352007 -1.0893788525367472 -4.344786015672091 -0.8690239043824699 -0.8491856272535125 -3.8744372186093043 -0.9046633386095216 -0.3145212428662016 -0.2930200414651002 -0.08014477766287488 -0.19535874970400186 -0.5801270526189619 -2.1741287362024067 -0.44596273291925465 -0.3543838136112814 -1.5647118301314455 -0.32892296277977 -0.17938981275369908 -0.10645748704300322 -0.05016302984700275 -0.03165630299604297 -0.09681093394077447 -0.27433521838527253 -0.0593401376691194 -0.24519869549462497 -0.21925999750840913 -0.1811013921399532 -0.009978795060496445 -0.1697792869269949
-0.035639670640285115 -0.025661050987392613 -0.06505364072129652 -0.05707629586488061 -0.03214285714285714 -0.11434016198189614 0.016115036568736824 -0.0954913574277771 0.00509813917919959 -0.08689655172413793 -0.03850596842510589 -0.09944215377152558 -0.09893908689951125 0.007334066740007335 -0.0638895987733197 -0.07485029940119761 0.12070566388115134 -0.035578144853875476 -0.027497708524289642 0.0027559597629874615 -0.06149903907751443 -0.040106951871657755 -0.03798219584569733 -0.11789924973204716 0.02415766052129688 -0.11140991164041489 0.0026737967914438497 -0.15178123432012042 -0.026616981634282673 -0.1499639509733237 -0.0815850815850816 -0.07007125890736342 -0.14562522565892405 -0.1694499017681729 -0.11447980878097874 -0.20109202290584632 -0.02759001241550559 -0.20459016393442625 -0.0962320412035782 -0.15013714450700158 -0.030245746691871456 -0.14609286523216308 -0.11926817971283002 -0.5239234449760766 -0.23483365949119372 -0.33572236891738966 -0.6201450025893319 -0.408371618172537 -0.07662835249042146 -0.07336757153338223 -0.13166144200626959 -0.28029774366131655 -0.7615139078887369 -3.7888418079096042 -0.7938601750809449 -0.6732066217044759 -3.0115490836053227 -0.9666211688795133 -0.2189402772379842 -0.21660649819494582 -0.14563106796116507 -0.1925770308123249 -1.0064011379800852 -4.053044002411091 -0.788097609561753 -0.7248539102325003 -3.5355177588794398 -0.8182150249604287 -0.29042485732403295 -0.2778161713890809 -0.056876938986556366 -0.16457494672034098 -0.4075272683686923 -1.4386704700483692 -0.33043478260869574 -0.2513795217657878 -0.8998988877654195 -0.23618152590577474 -0.130941469163284 -0.08684689732455525 -0.05517933283170303 -0.022611644997173545 -0.08542141230068337 -0.23583202983997115 -0.0486589128886779 -0.24157506945283247 -0.19808147502180146 -0.17863742762104226 -0.009978795060496443 -0.1789212485307562
-0.034410716480275286 -0.050206404105768154 -0.06391234877881763 -0.06639487478159581 -0.034523809523809526 -0.12982372558361124 0.026031982149497958 -0.11362262782545632 0.012745347947998979 -0.11448275862068964 -0.037222436144269025 -0.1030802813485326 -0.09536297532483014 -0.014668133480014667 -0.043444927165857405 -0.09605788423153692 0.1220320997479772 -0.05717916137229987 -0.0039282440748985206 -0.019291718340912225 -0.06406149903907751 -0.054691298006806034 -0.029673590504451043 -0.12623556031916158 0.022886204704386525 -0.12933794339864257 0.006684491978609623 -0.16557952834922227 -0.03593292520628161 -0.17015140591204037 -0.08547008547008547 -0.07957244655581948 -0.15525333975207606 -0.19277996070726916 -0.13964020631525978 -0.2303901984285524 -0.06069802731411229 -0.22557377049180333 -0.10029818378964488 -0.15735527645445357 -0.04032766225582861 -0.1664779161947905 -0.17369152385363593 -0.69377990430622 -0.30699608610567514 -0.4124229850370929 -1.081046090108752 -0.5321592649310873 -0.0964460298586339 -0.11151870873074099 -0.12789968652037614 -0.29774366131658525 -0.7991336069311445 -4.424435028248587 -0.8598153255786064 -0.6830165542611895 -3.1270399196585488 -1.0162551185010544 -0.2629874336053893 -0.2235490141627326 -0.12500000000000003 -0.15873015873015872 -0.8878615457562826 -3.5937311633514164 -0.6997011952191234 -0.6179286335944301 -3.0527763881940975 -0.7256788018994278 -0.2511097019657577 -0.2778161713890809 -0.03748707342295761 -0.14681506038361353 -0.2660913340524992 -0.8929678779610567 -0.22857142857142865 -0.19619865113427343 -0.436046511627907 -0.17188079633980463 -0.0811837108812361 -0.09244992295839752 -0.03511412089290193 -0.026003391746749576 -0.045558086560364454 -0.2009385152207917 -0.008307619273676714 -0.22949631598019082 -0.15198704372741995 -0.18233337439940867 1.3877787807814458e-18 -0.1854512211048714
-0.035639670640285115 -0.06247908066495593 -0.06961880849121205 -0.0710541642399534 -0.024999999999999998 -0.1488804192472606 0.026031982149497944 -0.12571014142390907 0.015294417537598776 -0.13517241379310346 -0.04749069439096393 -0.10550569973320398 -0.10132316128263201 -0.03544798924336878 -0.044722719141323794 -0.09356287425149701 0.09285051067780872 -0.06607369758576874 -0.0013094146916328396 -0.016535758577924765 -0.060217809096732876 -0.0583373845405931 -0.03204747774480712 -0.12504465880671672 0.03178639542275906 -0.1318990907926751 0.008021390374331543 -0.17812343201204212 -0.026616981634282673 -0.1773612112472963 -0.08547008547008549 -0.09144893111638955 -0.16728848236851607 -0.23575638506876223 -0.16228456409611272 -0.2583566387002264 -0.10208304593737068 -0.2557377049180328 -0.10707508809975604 -0.15302439728598236 -0.05293005671077504 -0.19479048697621745 -0.24895785085687816 -1.0023923444976075 -0.40117416829745595 -0.47277756821325284 -1.602796478508545 -0.6955079122001021 -0.14532963403355792 -0.14086573734409388 -0.1304075235109718 -0.29309141660851357 -0.8264933880528955 -4.899952919020715 -0.8933924931046888 -0.6584917228694053 -3.140848606577956 -1.0311453033875169 -0.2746469749967612 -0.2360455429047487 -0.10800970873786409 -0.13188608776844074 -0.7444286391654813 -2.995780590717299 -0.5976095617529881 -0.5159766256372001 -2.4049524762381194 -0.627054669426519 -0.21052631578947367 -0.25708362128541806 -0.023267838676318518 -0.11721524982240113 -0.16660673618602423 -0.5122162966637729 -0.13913043478260867 -0.14224402207234824 -0.23761375126390294 -0.12365524916532704 -0.05106717297368076 -0.07844235887379183 -0.04138449962377728 -0.024872809496890903 -0.03189066059225511 -0.16845144988569363 0.01068122478044149 -0.21620968716028505 -0.12457954403886881 -0.17986940988049774 -0.00249469876512411 -0.1841452265900483
-0.041784441440334275 -0.07028896574807543 -0.07190139237616983 -0.0722189866045428 -0.02976190476190476 -0.15245354930919483 0.011156563778356264 -0.1365889036625166 0.010196278358399183 -0.14344827586206899 -0.061609549480169425 -0.11156924569488236 -0.10966742162355465 -0.07211832294340545 -0.0626118067978533 -0.11352295409181638 0.0543838705398594 -0.08894536213468869 -0.037973026057352366 -0.04685131597078683 -0.06149903907751442 -0.07656781720952845 -0.04391691394658753 -0.12385375729427177 0.007628734901462176 -0.1318990907926751 -0.021390374331550804 -0.19693928750627193 -0.045248868778280535 -0.20043258832011537 -0.09712509712509715 -0.10926365795724464 -0.1961728246479721 -0.2861001964636542 -0.20002516039753426 -0.2836596084698362 -0.16416057387225824 -0.2963934426229508 -0.13689346706424504 -0.16601703479139598 -0.07057340894770006 -0.22536806342015853 -0.3392774432607689 -1.4844497607655502 -0.5283757338551859 -0.5431912485854393 -2.028741584671155 -0.8626850433894845 -0.19421323820848196 -0.1892883345561262 -0.12037617554858933 -0.2930914166085136 -0.8287733698130415 -5.201271186440677 -0.907782707758724 -0.6302881667688535 -3.130805925182023 -1.0311453033875169 -0.2863065163881332 -0.24993057484032213 -0.09466019417475727 -0.08986928104575165 -0.5796586059743954 -2.394213381555154 -0.49427290836653387 -0.40780803182891956 -1.6558279139569787 -0.5296481188359918 -0.1927710843373494 -0.25017277125086385 -0.01809720785935885 -0.10182334833057068 -0.10667625554356948 -0.3224606225970482 -0.09440993788819878 -0.12507664009809932 -0.17062689585439836 -0.10263385680722148 -0.03666361136571952 -0.07704160246533127 -0.03887634813142714 -0.01695873374788016 -0.02505694760820045 -0.13115148598243292 0.015428435793971046 -0.2017151829931151 -0.11087579419459323 -0.16262165824812122 -0.009978795060496445 -0.18153323756040224
-0.05530293720044242 -0.08925582952136561 -0.10043369093814199 -0.06406523005241702 -0.05119047619047619 -0.1715102429728442 -0.0012396181975951436 -0.17043394173818446 0.008921743563599285 -0.16551724137931037 -0.07059427544602746 -0.14188697550327428 -0.12397186792227917 -0.11123334555677791 -0.08050089445438283 -0.15344311377245506 0.029181589070168452 -0.12071156289707749 -0.05106717297368076 -0.07578889348215516 -0.07174887892376683 -0.08872143898881865 -0.059347181008902086 -0.1190901512444921 -0.007628734901462174 -0.14982712255090277 -0.03208556149732621 -0.22453587556447566 -0.050572265105137085 -0.22927180966113916 -0.09971509971509972 -0.14489311163895485 -0.23709230954386812 -0.3462671905697446 -0.2541200150962385 -0.33559728326008786 -0.2952131328459098 -0.37901639344262295 -0.16806722689075632 -0.21510033203406959 -0.09577819785759294 -0.26047565118912797 -0.44349235757295047 -2.1495215311004783 -0.6775929549902153 -0.6035458317615994 -2.382185396167789 -1.00944359367024 -0.2391333069097635 -0.22010271460014671 -0.11661442006269591 -0.28727611072342396 -0.8093935248518012 -5.309557438794727 -0.8909941239956829 -0.5971796443899449 -3.060507155410494 -1.0100508747983623 -0.2759424795958026 -0.23882254929186333 -0.07888349514563106 -0.05252100840336134 -0.4137031768610716 -1.6178420735382761 -0.37350597609561753 -0.2946661693397986 -0.904202101050525 -0.42371849506879344 -0.14204185161699429 -0.2349689011748445 -0.01421923474663909 -0.10655931802036467 -0.08030684406088937 -0.14262681384100212 -0.059627329192546596 -0.1201716738197425 -0.12007077856420627 -0.08284901694076915 -0.01833180568285976 -0.08124387169071298 -0.040130423877602205 -0.023742227247032222 -0.03302961275626424 -0.09264829743713152 0.00593401376691194 -0.19688368160405847 -0.12084215771770272 -0.153997782431933 -0.02868903579892728 -0.18022724304557922
-0.07005038712056041 -0.09148722525939976 -0.1164117781328464 -0.0675596971461852 -0.06666666666666667 -0.1810385898046689 -0.026031982149497958 -0.16559893629880335 -3.4694469519536144e-19 -0.15586206896551724 -0.0834295982543961 -0.14916323065728837 -0.1287400166885207 -0.10389927881677057 -0.09966777408637874 -0.13223552894211577 0.010611486934606711 -0.1156289707750953 -0.06416131989000916 -0.060631114785724124 -0.07815502882767458 -0.09965969859017987 -0.0629080118694362 -0.1321900678813862 -0.01144310235219326 -0.1754385964912281 -0.03609625668449198 -0.2508780732563974 -0.06121905775885015 -0.23792357606344625 -0.11007511007511009 -0.15914489311163896 -0.26236610903839214 -0.40888998035363455 -0.29186061139766006 -0.39286189905446794 -0.4221271899572355 -0.4550819672131148 -0.1870425589590675 -0.2280929695394832 -0.11720226843100187 -0.28539071347678363 -0.5511811023622047 -2.8779904306220097 -0.8206947162426614 -0.624921413303156 -2.7200932159502846 -1.1038795303726392 -0.2827321971198309 -0.22597212032281733 -0.10031347962382446 -0.27099325424517323 -0.7683538531691747 -5.284839924670433 -0.8478234800335771 -0.5530349478847334 -2.8835048958071803 -0.9678620176200523 -0.27982899339292655 -0.23882254929186336 -0.05461165048543689 -0.003501400560224091 -0.26671408250355616 -0.764315852923448 -0.24028884462151395 -0.20639065025488001 -0.23636818409204605 -0.28369657859491054 -0.10019023462270134 -0.20317899101589493 -0.012926577042399173 -0.09353540137343122 -0.06352630948100205 -0.045888627061887656 -0.042236024844720485 -0.0698957694665849 -0.07204246713852376 -0.040806232224557926 -0.003928244074898522 -0.05042723070458048 -0.045146726862302484 -0.01243640474844545 -0.030751708428246018 -0.08061605101672482 0.010681224780441492 -0.1823891774368885 -0.14077488476392172 -0.1429099420968338 -0.03866783085942373 -0.172391275956641
-0.08356888288066856 -0.09260292312841684 -0.1312485733850719 -0.09085614443797321 -0.08095238095238094 -0.17865650309671272 -0.05330358249659106 -0.1680164390184939 -0.007647208768799388 -0.1613793103448276 -0.08214606597355924 -0.14067426631093863 -0.13589223983788296 -0.09778755653343112 -0.1047789419882443 -0.14221556886227543 -0.011937922801432552 -0.11944091486658195 -0.07594605211470472 -0.07578889348215516 -0.07815502882767458 -0.11545940690325718 -0.06646884272997033 -0.1667262117422889 -0.03814367450731086 -0.20105007043155335 -0.06283422459893048 -0.280983442047165 -0.07452754857599149 -0.25522710886806055 -0.12691012691012693 -0.17577197149643706 -0.3177277650740161 -0.6151768172888016 -0.3799220027676437 -0.43814089758955915 -0.6787143054214375 -0.5940983606557377 -0.2263486039577121 -0.24686011260285837 -0.11846250787649652 -0.276330690826727 -0.6090782769800833 -3.4461722488038276 -0.9503424657534246 -0.617377090406136 -2.7744691869497666 -1.1051556916794283 -0.3144404809089708 -0.22597212032281733 -0.07648902821316614 -0.23842754128867177 -0.6429548563611491 -4.8069679849340865 -0.7351001319103009 -0.4843654199877376 -2.252071303037911 -0.8276461099391984 -0.22541780023319086 -0.22632602054984724 -0.04126213592233009 0.011671335200746966 -0.20744428639165485 -0.3616636528028933 -0.18550796812749007 -0.17406440382941685 -0.17508754377188593 -0.22403506635821255 -0.0684844641724794 -0.18935729094678647 -0.0025853154084798345 -0.08406346199384324 -0.058731871029605656 -0.011162098474513224 -0.02608695652173913 -0.07725321888412018 -0.056875631951466124 -0.03338691727463831 -2.0816681711721684e-18 -0.058831769155343897 -0.03260596940055179 -0.013566986998304126 -0.014806378132118447 -0.10107086993141619 0.01305483028720627 -0.1727261746587752 -0.1333001121215896 -0.13675003079955647 -0.03617313209429961 -0.16977928692699493
-0.07619515792060957 -0.09818141247350218 -0.13581374115498746 -0.1141525917297612 -0.08928571428571427 -0.18461171986660313 -0.06446014627494731 -0.18010395261694673 -0.005098139179199592 -0.17379310344827587 -0.07444487228853805 -0.1576521950036381 -0.1275479794969603 -0.11490037892678158 -0.09583439815997954 -0.1684131736526946 -0.014590794535084228 -0.14231257941550188 -0.06939897865654052 -0.1047264709935235 -0.07943625880845613 -0.13490520175012152 -0.07833827893175074 -0.20364415862808144 -0.06102987921169739 -0.23178383915994366 -0.10026737967914438 -0.31861515303562465 -0.09449028480170349 -0.2725306416726749 -0.14892514892514894 -0.1840855106888361 -0.37549644963292816 -0.8165520628683695 -0.48056359290476786 -0.47942469037155416 -0.913229410953235 -0.7449180327868852 -0.26565464895635676 -0.28295077234011834 -0.12854442344045366 -0.29784824462061155 -0.6438165817508106 -3.9174641148325358 -1.029843444227006 -0.6412674462466994 -2.747281201450026 -1.139612046962736 -0.31047694543532833 -0.25825385179750554 -0.05141065830721003 -0.21284019539427773 -0.5061559507523941 -4.154896421845575 -0.6055882000239836 -0.4328632740649908 -1.6294250564900827 -0.6750217148529594 -0.18266614846482704 -0.20272146625937237 -0.030339805825242715 0.02334267040149393 -0.16832622095779992 -0.15672091621458714 -0.14691235059760957 -0.16038791495710553 -0.14632316158079037 -0.20211859247534397 -0.05580215599239062 -0.193503800967519 -0.010341261633919338 -0.09353540137343122 -0.0479443845139638 -0.006201165819174003 -0.018633540372670804 -0.09074187614960147 -0.04676440849342771 -0.05688141461605045 0.018331805682859758 -0.07704160246533129 -0.013794833207925761 -0.023742227247032222 -0.010250569476082005 -0.1395740584767176 0.014241633040588658 -0.1956758062567943 -0.11585897595614798 -0.15153381791302203 -0.03617313209429961 -0.1802272430455792
-0.07619515792060957 -0.10710699542563876 -0.13467244921250857 -0.12347117064647642 -0.09523809523809523 -0.182229633158647 -0.06322052807735218 -0.18373020669648257 0.011470813153199082 -0.1724137931034483 -0.0693107431651906 -0.16614115934998788 -0.13470020264632257 -0.11612272338344946 -0.09966777408637874 -0.17714570858283432 -0.03979307600477517 -0.16137229987293517 -0.06808956396490769 -0.12953010886041066 -0.08840486867392698 -0.1446280991735537 -0.09851632047477746 -0.2465166130760986 -0.0940877304513668 -0.26251760788833395 -0.1537433155080214 -0.3449573507275464 -0.10912962470055895 -0.2782984859408796 -0.16576016576016578 -0.1959619952494062 -0.4344686484534842 -1.1407170923379177 -0.6000754811926028 -0.5087228658942603 -1.1077389984825492 -0.8668852459016394 -0.296828408782868 -0.30316154179298394 -0.1197227473219912 -0.3001132502831257 -0.6577119036591015 -4.360047846889952 -1.0640900195694718 -0.6299509619011694 -2.694199896426722 -1.131955079122001 -0.2972651605231867 -0.26999266324284665 -0.026332288401253918 -0.19306815538497327 -0.3796169630642955 -3.416902071563089 -0.47607626813766624 -0.40711220110361745 -1.0055234747677626 -0.5385283533937213 -0.12955045990413266 -0.19994445987225767 -0.014563106796116502 0.023342670401493928 -0.11853959222380275 -0.07353827606992162 -0.10084661354581674 -0.14546810891458412 -0.10380190095047526 -0.18872519176914646 -0.032974001268230815 -0.1879751209398756 0.0025853154084798354 -0.09471939379587971 -0.04195133644971833 0.006201165819174005 -0.011180124223602483 -0.09932556713672593 -0.02906976744186046 -0.06553728205762335 0.0392824407489852 -0.08544614091609469 -0.010032605969400555 -0.03617863199547767 -0.009111617312072893 -0.15160630489712426 0.010681224780441496 -0.2017151829931151 -0.11212158963498194 -0.14660588887520018 -0.03367843332917551 -0.1828392320752253
-0.08111097456064889 -0.11603257837777532 -0.12211823784524083 -0.1292952824694234 -0.09761904761904763 -0.18699380657455927 -0.07561671005330359 -0.181312703976792 0.0050981391791995925 -0.1710344827586207 -0.07187780772686433 -0.16735386854232354 -0.11801168196447728 -0.12101210121012103 -0.08816764630718119 -0.20209580838323352 -0.047751691205730196 -0.17789072426937735 -0.049757758282047926 -0.1626016260162602 -0.1037796284433056 -0.15678172095284396 -0.10801186943620178 -0.30367988567345483 -0.1258741258741259 -0.2906902292226917 -0.24064171122994651 -0.3738083291520321 -0.13707745541655575 -0.2883922134102379 -0.17612017612017614 -0.21377672209026127 -0.4958478757973282 -1.6060903732809428 -0.7510378663982891 -0.5433479824210947 -1.2608635673886053 -0.9678688524590162 -0.3551097858498238 -0.3291468168038111 -0.12224322621298045 -0.28539071347678374 -0.6415006947660954 -4.601674641148326 -1.0653131115459882 -0.6035458317615994 -2.571206628689798 -1.080908626850434 -0.2708415906989034 -0.27292736610418195 -0.001253918495297806 -0.16980693184461507 -0.24623803009575926 -2.703625235404897 -0.35375944357836675 -0.3690987124463519 -0.5197087622395179 -0.4194068743020226 -0.0919808265319342 -0.18328242154956956 -0.012135922330097085 0.019841269841269837 -0.0782361308677098 -0.04098854731766124 -0.07594621513944223 -0.13925152306353353 -0.09504752376188094 -0.17776695482771218 -0.027901077996195307 -0.1824464409122322 0.014219234746639085 -0.08879943168363723 -0.01678053457988733 0.008681632146843619 0.026086956521739136 -0.11281422440220723 -0.0025278058645096064 -0.0754297019908495 0.07987429618960325 -0.09244992295839752 -0.007524454477050415 -0.04183154324477105 0.01480637813211845 -0.167248225243653 0.018988844054118208 -0.22104118854934168 -0.10215522611187242 -0.1490698533941111 -0.031183734564051397 -0.19589917722345568
-0.08111097456064889 -0.11380118263974118 -0.13809632503994523 -0.1292952824694234 -0.11190476190476191 -0.1881848499285374 -0.08677327383165986 -0.18373020669648255 -0.0038236043843996926 -0.16827586206896553 -0.07316134000770119 -0.177055542081009 -0.11801168196447728 -0.12834616795012838 -0.08688985433171478 -0.22954091816367264 -0.06764822920811778 -0.1982210927573062 -0.0589236611234778 -0.1791373845941849 -0.09993593850096093 -0.16893534273213417 -0.1198813056379822 -0.35250684768369656 -0.16528925619834708 -0.31886285055704955 -0.3382352941176471 -0.4101856497742097 -0.169017833377695 -0.29848594087959623 -0.18259518259518262 -0.22327790973871733 -0.5572271031411722 -2.2347740667976423 -0.9095483708642597 -0.5713144226927687 -1.3463926058766724 -1.0399999999999998 -0.4093250203307129 -0.3363649487512631 -0.12728418399495905 -0.2718006795016988 -0.6079203334877258 -4.580143540669857 -1.032289628180039 -0.5482207971834527 -2.257897462454687 -0.9711587544665645 -0.24441802087462014 -0.2582538517975055 0.013793103448275862 -0.1535240753663643 -0.14705882352941174 -2.0527306967984935 -0.24463364911859936 -0.32618025751072965 -0.2033642982676375 -0.3387517061670183 -0.04793367016452909 -0.16384337683976674 -0.008495145631067959 0.0338468720821662 -0.061640587956377425 -0.010849909584086796 -0.06349601593625498 -0.11314186248912099 -0.083791895947974 -0.15950322659198832 -0.027901077996195307 -0.16033172080165858 0.011633919338159257 -0.09827137106322521 -0.013184705741340045 -0.012402331638348014 0.018633540372670808 -0.13856529736358061 -0.030333670374115267 -0.09150488438234203 0.07332722273143905 -0.09665219218377923 -0.0025081514923501387 -0.04296212549462973 0.012528473804100233 -0.15882565274936827 0.02373605506764776 -0.21017031042396428 -0.08845147626759688 -0.13428606628064554 -0.03492578271173756 -0.17892124853075617
-0.08111097456064889 -0.11491688050875822 -0.14266149280986076 -0.13162492719860222 -0.10952380952380954 -0.19175797999047164 -0.08925251022685013 -0.181312703976792 -0.012745347947998979 -0.1710344827586207 -0.08214606597355924 -0.1916080523890371 -0.1370842770294433 -0.14056961251680722 -0.11755686174290825 -0.22704590818363268 -0.1087677410797188 -0.19567979669631513 -0.08773078433940029 -0.17913738459418496 -0.11274823830877642 -0.17865824015556636 -0.16617210682492584 -0.40609741574371805 -0.22504767959313415 -0.35984120886156995 -0.4291443850267379 -0.46036126442548914 -0.19563481501197763 -0.30281182408074986 -0.20072520072520073 -0.23277909738717337 -0.6270309303165241 -2.885559921414538 -1.060510756069946 -0.5926221867092822 -1.4098496344323355 -1.0845901639344262 -0.45947411222553536 -0.3493575862566768 -0.12350346565847511 -0.2570781426953568 -0.5743399722093563 -4.455741626794259 -0.9821428571428571 -0.49415314975480945 -1.816416364577939 -0.8677896886166412 -0.2285638789800502 -0.2450476889214967 0.025078369905956112 -0.13375203535705976 -0.08549931600547192 -1.4088983050847455 -0.15229643842187315 -0.30042918454935624 -0.0815967863419533 -0.27298672291847625 -0.014250550589454597 -0.15828936406553734 -0.0024271844660194173 0.03968253968253967 -0.060455192034139404 0.01567209162145871 -0.05478087649402391 -0.10195200795722989 -0.08629314657328666 -0.14367466212102767 -0.039315155358275206 -0.1437456807187284 -0.002585315408479832 -0.0935354013734312 -0.02876663070837828 -0.03720699491504404 0.009937888198757764 -0.1446965052115267 -0.058139534883720936 -0.09645109434895512 0.061542490506743486 -0.10225521781762151 -0.005016302984700278 -0.05087620124364047 -0.0022779043280182244 -0.16484177595957167 0.01661523854735343 -0.22224906389660587 -0.08097670362526474 -0.1330540840211901 -0.03991518024198578 -0.17630925950111012
-0.08356888288066856 -0.11826397411580943 -0.14494407669481854 -0.1386138613861386 -0.10714285714285714 -0.19056693663649354 -0.07065823726292303 -0.19340021757524478 -0.005098139179199592 -0.18482758620689654 -0.07059427544602746 -0.20737327188940094 -0.14423650017880557 -0.17235056839017235 -0.1277791975466394 -0.2619760479041916 -0.11672635628067382 -0.21728081321473952 -0.098206101872463 -0.2135868816315282 -0.13581037796284434 -0.1932425862907146 -0.21483679525222552 -0.5097058473264261 -0.3140495867768595 -0.3931361249839928 -0.5227272727272727 -0.5030105368790767 -0.22358264572797446 -0.31723143475126175 -0.21497021497021498 -0.23634204275534443 -0.6727644722589963 -3.443025540275049 -1.1649264058372124 -0.6086030097216673 -1.4222651400193131 -1.1055737704918032 -0.46489563567362435 -0.37678648765699435 -0.09703843730308759 -0.22763306908267275 -0.49212598425196863 -4.171052631578947 -0.87573385518591 -0.4350559537281528 -1.294665976178146 -0.7146503318019398 -0.18760734575241114 -0.23037417461482024 0.03385579937304075 -0.11281693417073739 -0.03419972640218879 -0.9004237288135591 -0.08873965703321743 -0.27467811158798283 -0.06653276424805424 -0.2283161682590892 -0.010364036792330614 -0.15273535129130797 -0.0072815533980582535 0.04901960784313725 -0.06875296348980559 0.016877637130801686 -0.05727091633466136 -0.09449210493596916 -0.07878939469734866 -0.13515158894435653 -0.024096385542168676 -0.14236351071181755 0.016804550155118926 -0.10655931802036467 -0.026369411482680093 -0.07813468932159247 0.009937888198757764 -0.15695892090741875 -0.03918099089989888 -0.11005317175714106 0.06939897865654052 -0.11906429471914834 -0.005016302984700276 -0.04296212549462973 -0.00683371298405467 -0.17687402237997835 0.0023736055067647755 -0.22466481459113422 -0.08097670362526474 -0.1293581372428237 -0.0536360234501684 -0.1828392320752253
-0.08602679120068822 -0.10710699542563873 -0.14380278475233968 -0.1362842166569598 -0.11190476190476191 -0.1727012863268223 -0.070658237262923 -0.1801039526169467 -0.005098139179199591 -0.16965517241379308 -0.07059427544602746 -0.2037351443123939 -0.14542853737036596 -0.20657621317687327 -0.14439049322770253 -0.25573852295409183 -0.13264358668258389 -0.21601016518424396 -0.098206101872463 -0.19842910293509713 -0.15502882767456758 -0.1908118619348566 -0.24807121661721068 -0.7097773014171728 -0.38397965670692946 -0.40978358304520424 -0.588235294117647 -0.5218263923733065 -0.23556028746340166 -0.3056957462148522 -0.22144522144522147 -0.22565320665083136 -0.7040558430617403 -3.7168467583497056 -1.255503836960624 -0.5939539219603142 -1.4208856393985378 -1.0872131147540984 -0.4594741122255354 -0.36668110293056155 -0.07561436672967864 -0.1959229898074745 -0.3948587308939323 -3.683014354066986 -0.7460861056751469 -0.36967182195397963 -0.877783531848783 -0.5564063297600816 -0.14929316950720042 -0.19809244314013205 0.04388714733542319 -0.07908816003721797 0.0011399908800729594 -0.542608286252354 -0.03957309029859696 -0.2378908645003066 -0.05774541802661311 -0.1886090085618563 -0.009068532193289283 -0.13329630658150513 -0.0012135922330097088 0.0688608776844071 -0.056899004267425335 0.038577456298975285 -0.037350597609561755 -0.06838244436155663 -0.06003001500750375 -0.11445269694386948 -0.0012682308180088767 -0.12301313061506566 0.012926577042399173 -0.10300734075301918 -0.029965240321227375 -0.11782215056430609 0.018633540372670808 -0.13856529736358064 -0.02022244691607684 -0.0976876468406084 0.0720178080398062 -0.11346126908530604 0.01003260596940055 -0.036178631995477675 0.0045558086560364445 -0.19131271808446634 0.017802041300735816 -0.2029230583403793 -0.05232340849632491 -0.11087840335099172 -0.0336784333291755 -0.16455530886770275
-0.08111097456064889 -0.07698315296217784 -0.14380278475233968 -0.14793244030285382 -0.11666666666666667 -0.1738923296808004 -0.08305441923887442 -0.14625891454127887 -0.01911802192199847 -0.15586206896551724 -0.07701193685021178 -0.177055542081009 -0.1585409464775301 -0.21146559100354478 -0.16483516483516486 -0.22704590818363274 -0.14325507361719061 -0.17662007623888185 -0.09296844310593164 -0.1557117266087915 -0.14990390775144138 -0.17501215362177927 -0.2813056379821958 -0.8907943313088007 -0.4755244755244755 -0.40466128825713915 -0.6310160427807486 -0.5055193176116408 -0.23955283470854405 -0.26676279740447006 -0.2123802123802124 -0.19002375296912113 -0.6944277289685883 -3.711935166994106 -1.2643099760976224 -0.5659874816886403 -1.338115602152021 -1.0098360655737706 -0.46218487394957986 -0.3277031904143208 -0.050409577819785764 -0.1494903737259343 -0.29295970356646583 -3.0107655502392343 -0.591976516634051 -0.28668427008675973 -0.5152770585189022 -0.38029606942317506 -0.09776720834984806 -0.14086573734409394 0.05391849529780564 -0.04884856943475228 0.023939808481532144 -0.3637005649717514 -0.013191030099532316 -0.20232985898221947 -0.036404720060256086 -0.14642015138354636 0.007773027594247958 -0.10830324909747291 0.004854368932038833 0.08986928104575162 -0.05215742057847321 0.038577456298975285 -0.02614541832669324 -0.06713912719134651 -0.05002501250625313 -0.08036040423718495 0.003804692454026634 -0.0967519004837595 0.011633919338159255 -0.07459152261425527 -0.031163849934076476 -0.1401463475133325 0.024844720496894408 -0.11526670754138565 -0.001263902932254804 -0.07048349202423645 0.08380254026450176 -0.0798431152822524 0.022573363431151242 -0.015828151498021484 0.010250569476082005 -0.19131271808446634 0.03085687158794208 -0.18480492813141686 -0.022424317926996375 -0.07638290008623874 -0.006236746912810282 -0.13712942405641898
-0.07496620376059973 -0.09037152739038268 -0.13124857338507193 -0.1560861968549796 -0.1130952380952381 -0.1881848499285374 -0.07933556464608901 -0.15955517949957693 -0.01784348712719857 -0.17517241379310344 -0.08599666281606982 -0.17463012369633762 -0.16569316962689234 -0.23102310231023102 -0.18783542039355994 -0.249500998003992 -0.156519432285449 -0.17916137229987295 -0.09689668718083015 -0.15708970649028522 -0.15118513773222295 -0.18959649975692755 -0.3109792284866469 -0.97534833869239 -0.5492689129052766 -0.42771161480343184 -0.6577540106951871 -0.5130456598093327 -0.24088368379025815 -0.273972602739726 -0.20202020202020204 -0.17933491686460806 -0.6583223011192681 -3.664047151277014 -1.230343439426343 -0.5313623651618059 -1.2291350531107739 -0.9455737704918032 -0.44998644619137973 -0.32337231124584964 -0.026465028355387516 -0.12117780294450733 -0.1817971283001389 -2.246411483253589 -0.4390900195694716 -0.24393310700364648 -0.15277058518902117 -0.26033690658499237 -0.05284713964856652 -0.11885546588407925 0.061442006269592474 -0.03838101884159108 0.05699954400364797 -0.28366290018832396 0.013191030099532314 -0.18270999386879216 -0.03012804418779814 -0.11912147909169872 0.019432568985619895 -0.10552624271035822 -0.0012135922330097086 0.07119514472455649 -0.043859649122807015 0.0325497287522604 -0.023655378486055773 -0.07211239587218699 -0.04502251125562782 -0.08888347741385608 0.019023462270133164 -0.10642709053213546 0.021975180972078595 -0.07814349988160076 -0.01198609612849095 -0.1463475133325065 0.03229813664596273 -0.12630288166768852 0.015166835187057632 -0.07048349202423644 0.08380254026450176 -0.08964841014147638 0.02884374216202658 -0.011305822498586771 0.02733485193621868 -0.178077247022019 0.028483266081177305 -0.186012803478681 -0.014949545284664262 -0.06406307749168412 -0.0037420481476861667 -0.13843541857124203
-0.06882143296055057 -0.08479303804529734 -0.12782469755763526 -0.15725101921956902 -0.10952380952380951 -0.18580276322058123 -0.0694186190653279 -0.15109391998066 -0.02166709151159827 -0.16689655172413792 -0.0834295982543961 -0.18433179723502305 -0.15734890928596973 -0.2371348245935705 -0.18783542039355994 -0.24451097804391217 -0.15386656055179732 -0.18424396442185514 -0.09689668718083017 -0.1598456662532727 -0.15887251761691226 -0.18838113757899855 -0.32759643916913944 -0.9551030129808264 -0.550540368722187 -0.4302727621974644 -0.6457219251336899 -0.49673858504766677 -0.2475379291988288 -0.2653208363374189 -0.19425019425019424 -0.16152019002375292 -0.6065711878685762 -3.4663555992141455 -1.1548622468235 -0.49673724863497143 -0.9891019450958753 -0.802622950819672 -0.4296557332610463 -0.2988306626245128 -0.013862633900441079 -0.10985277463193657 -0.09726725335803613 -1.6028708133971292 -0.2813111545988259 -0.20998365396705654 -0.0841532884515795 -0.22077590607452785 -0.02774474831549743 -0.1041819515774028 0.04890282131661442 -0.029076529425447785 0.05585955312357501 -0.24717514124293788 0.014390214654035255 -0.16554261189454325 -0.03640472006025609 -0.10671299168631343 0.0 -0.09580672035545683 0.0036407766990291255 0.0700280112044818 -0.03319108582266477 0.04822182037371912 -0.016185258964143422 -0.07335571304239712 -0.031265632816408206 -0.0852307317667113 0.011414077362079899 -0.10228058051140292 0.03102378490175801 -0.08169547714894623 8.673617379884035e-19 -0.12898424903881928 0.0422360248447205 -0.10545677498467196 0.02906976744186046 -0.06306417707431682 0.0851119549561346 -0.07704160246533127 0.025081514923501375 -0.00678349349915206 0.026195899772209562 -0.1648417759595716 0.033230477094706855 -0.19688368160405847 -0.007474772642332128 -0.07022298878896144 -0.009978795060496449 -0.1410474076008881
-0.06513457048052108 -0.08925582952136561 -0.11983565396028303 -0.16074548631333724 -0.10714285714285714 -0.20843258694616482 -0.08181480104127929 -0.16197268221926747 -0.04205964822839663 -0.17379310344827587 -0.09498138878192787 -0.19403347077370844 -0.17642150435093576 -0.24935826916024934 -0.2095578839764886 -0.24700598802395207 -0.16580448335322986 -0.18424396442185514 -0.10344376063899437 -0.16260162601626016 -0.1550288276745676 -0.18838113757899855 -0.3347181008902077 -0.9289031797070383 -0.5390972663699937 -0.4059418619541555 -0.6029411764705881 -0.4666332162568991 -0.22358264572797443 -0.25522710886806055 -0.17741517741517743 -0.1401425178147268 -0.5500060175713081 -3.2698919449901767 -1.0542206566863759 -0.46078039685710487 -0.7683818457718307 -0.6622950819672131 -0.3998373542965573 -0.28583802511909917 0.002520478890989288 -0.08040770101925254 -0.030106530801296903 -1.0825358851674642 -0.1492172211350294 -0.15591600653841317 -0.03495598135680994 -0.15824400204185807 0.005284713964856652 -0.07776962582538519 0.05642633228840126 -0.018608978832286578 0.059279525763793896 -0.2236346516007533 0.02878042930807051 -0.134886572654813 -0.01506402209389907 -0.08685941183769699 0.03109211037699184 -0.07914468203276867 0.014563106796116504 0.07586367880485527 -0.018966334755808438 0.06389391199517783 0.001245019920318724 -0.05967922417008579 -0.02251125562781391 -0.07549007670765859 0.007609384908053268 -0.09536973047684866 0.04007238883143743 -0.08169547714894623 -0.011986096128490949 -0.10790028525362767 0.040993788819875775 -0.10177805027590434 0.03665318503538928 -0.051935204649437385 0.08380254026450176 -0.0756408460568707 0.017557060446450966 0.0022611644997173517 0.02391799544419134 -0.14438695704488025 0.03916449086161879 -0.1666867979224544 0.00996636352310951 -0.05174325489712948 0.007484096295372331 -0.12798746245265774
-0.07865306624062923 -0.09037152739038269 -0.13923761698242412 -0.15259172976121144 -0.11666666666666665 -0.22629823725583612 -0.09669021941242098 -0.16680768765864862 -0.06882487891919449 -0.18482758620689652 -0.09626492106276473 -0.19645888915837978 -0.16092502086065086 -0.24691358024691357 -0.2095578839764886 -0.2457584830339321 -0.1631516116195782 -0.17026683608640403 -0.11653790755532276 -0.15433374672729777 -0.1524663677130045 -0.1908118619348566 -0.3287833827893175 -0.8884125282839108 -0.5263827082008901 -0.3752080932257652 -0.5628342245989304 -0.43527345709984944 -0.20628160766569073 -0.25234318673395817 -0.17094017094017094 -0.11045130641330163 -0.4814057046576001 -2.9248526522593314 -0.9284186690149706 -0.41816486882407783 -0.5780107601048422 -0.5232786885245903 -0.374085117918135 -0.26707088205572393 -0.010081915563957157 -0.05096262740656852 0.009263547938860587 -0.562200956937799 -0.07460861056751467 -0.10184835910976986 -0.027187985499741062 -0.09571209800918837 0.011890606420927468 -0.051357300073367564 0.06018808777429467 -0.010467550593161203 0.05813953488372092 -0.20009416195856872 0.032377982971579324 -0.10423053341508275 -0.005021340697966356 -0.06700583198908053 0.03368311957507449 -0.06248264371008052 0.007281553398058251 0.08753501400560224 -0.030820293978188716 0.06751054852320676 -0.0012450199203187253 -0.05594927265945543 -0.031265632816408206 -0.07183733106051382 -0.006341154090044388 -0.09260539046302696 0.028438469493278183 -0.07814349988160077 -0.01438331535418914 -0.09301748728761006 0.03354037267080745 -0.08583690987124462 0.02780586450960566 -0.03956967973290466 0.06808956396490769 -0.0672363076061073 0.027589666415851512 0.02035048049745619 0.03644646924829157 -0.11911923956202622 0.0486589128886779 -0.14252929097717118 0.02491590880777376 -0.04065541456203031 0.0112261444430585 -0.12145748987854252
-0.08233992872065873 -0.08367734017628028 -0.14722666057977632 -0.1549213744903902 -0.12023809523809523 -0.22629823725583612 -0.09916945580761125 -0.15955517949957693 -0.0637267397399949 -0.16689655172413792 -0.093697856501091 -0.18918263400436572 -0.1633090952437716 -0.24202420242024197 -0.2018911321236903 -0.2320359281437126 -0.1459079453508423 -0.15247776365946633 -0.11260966348042423 -0.13917596803086676 -0.14349775784753366 -0.1798736023334954 -0.3038575667655786 -0.8336310587114445 -0.4996821360457724 -0.3406326034063261 -0.5026737967914439 -0.39764174611138986 -0.1849880223582646 -0.243691420331651 -0.16705516705516707 -0.08432304038004751 -0.41160187748224814 -2.4533398821218073 -0.774940244055856 -0.38487148754827544 -0.41247068561180866 -0.40393442622950826 -0.3239360260233125 -0.24541648621336795 -1.3877787807814458e-18 -0.030577576443941108 0.035896248263084754 -0.21650717703349281 -0.01712328767123288 -0.06035458317615996 -0.00517866390471258 -0.04721796835119958 0.017175320385784117 -0.026412325752017612 0.060188087774294664 0.0011630611770179085 0.05699954400364797 -0.1812617702448211 0.03957309029859695 -0.09932556713672593 0.0062766758724579486 -0.06452413450800348 0.054411193159735714 -0.06387114690363786 0.014563106796116504 0.103874883286648 -0.0343764817449028 0.06389391199517783 -0.0037350597609561746 -0.05346263831903518 -0.02751375687843922 -0.06087909411907951 2.7755575615628915e-18 -0.08154803040774014 0.028438469493278183 -0.08406346199384325 -0.01917775380558552 -0.08805655463227087 0.023602484472049694 -0.07602697731453097 0.01769464105156724 -0.02349449734141214 0.054995417048579284 -0.05182798711304104 0.025081514923501375 0.04409270774448841 0.03189066059225513 -0.08663217422692816 0.049845715642060286 -0.12199541007368042 0.03363647689049458 -0.025871627448564742 0.01995759012099289 -0.10970353924513516
-0.09340051616074721 -0.07698315296217784 -0.1392376169824241 -0.1292952824694234 -0.11666666666666665 -0.20485945688423057 -0.10412792859799183 -0.13538015230267136 -0.0637267397399949 -0.14482758620689654 -0.09241432422025414 -0.17220470531166626 -0.15138872332816783 -0.20779855763354113 -0.1916687963199591 -0.19835329341317365 -0.12601140734845473 -0.13850063532401524 -0.10737200471389288 -0.1433099076753479 -0.15631005765534917 -0.17865824015556636 -0.2908011869436201 -0.7919495057758723 -0.4780673871582962 -0.32654629273914726 -0.4411764705882352 -0.3600100351229302 -0.16768698429598086 -0.2408074981975486 -0.16187516187516188 -0.06769596199524941 -0.3333734504753882 -1.7878192534381132 -0.5975594414391747 -0.33293381275802375 -0.2800386260173817 -0.30688524590163946 -0.2656546489563567 -0.23675472787642557 0.0201638311279143 -0.010192525481313702 0.06716072255673923 -0.037081339712918646 0.022015655577299408 -0.02137558154155664 0.009062661833247025 -0.02552322613578356 0.023781212841854936 -0.01907556859867938 0.0652037617554859 0.010467550593161202 0.06953944368445052 -0.16242937853107345 0.04197145940760283 -0.0931943592887799 0.0037660055234747685 -0.06700583198908053 0.053115688560694395 -0.05692863093585114 0.01699029126213592 0.11554621848739495 -0.030820293978188716 0.08921036769138035 -0.0024900398406374467 -0.03481288076588337 -0.032516258129064536 -0.045050529648118835 -0.006341154090044385 -0.07049067035245335 0.03102378490175801 -0.0603836135448733 -0.022773582644132803 -0.054570259208731244 0.022360248447204963 -0.0404659717964439 0.017694641051567244 -0.004946209966613083 0.05106717297368076 -0.035018910211514216 0.02508151492350138 0.05200678349349915 0.052391799544419124 -0.07339670316448081 0.060526940422501785 -0.11474815799009544 0.04360284041360409 -0.02340766292965381 0.03243108394661344 -0.11362152278960429
-0.09094260784072755 -0.05913198705790472 -0.12782469755763526 -0.10133954571927781 -0.11190476190476191 -0.17508337303477844 -0.10288831040039667 -0.1257101414239091 -0.0599031353555952 -0.12275862068965518 -0.08599666281606982 -0.15158864904195973 -0.13350816545476216 -0.17357291284684023 -0.18016866854076158 -0.16467065868263472 -0.11672635628067382 -0.11308767471410422 -0.09689668718083017 -0.1102383905194984 -0.15631005765534917 -0.15678172095284396 -0.2551928783382789 -0.7085863999047277 -0.4246662428480611 -0.25099244461518766 -0.356951871657754 -0.29352734570998495 -0.13973915357998404 -0.20187454938716654 -0.13986013986013987 -0.04156769596199525 -0.25273799494524013 -1.0793222003929275 -0.42017863882249323 -0.266347050206419 -0.1765760794592357 -0.238688524590164 -0.2127947953374898 -0.21221307925508884 0.034026465028355386 0.005662514156285392 0.09610930986567856 0.027511961722488043 0.0574853228962818 0.006286935747516662 0.027187985499741062 -0.0038284839203675384 0.033029462280354076 0.002934702861335292 0.05768025078369906 0.012793672947197025 0.07523939808481532 -0.13771186440677965 0.044369828516608714 -0.06253832004904966 0.005021340697966356 -0.05211564710261819 0.05959321155590103 -0.030547070258261595 0.021844660194174755 0.1283846872082166 -0.016595542911332382 0.11452682338758287 0.014940239043824698 -0.0024866343404202377 -0.018759379689844924 -0.030439547059539756 -0.0012682308180088724 -0.0497581202487906 0.04265770423991727 -0.048543689320388356 -0.01678053457988733 -0.011162098474513212 0.014906832298136649 -0.01594114040465972 0.010111223458038426 0.004946209966613082 0.043210684823883724 -0.014007564084605689 0.011286681715575621 0.07801017524024874 0.05694760820045559 -0.02526771748285404 0.04984571564206029 -0.07368039618311392 0.04484863585399278 -3.4694469519536144e-19 0.03492578271173756 -0.08750163249314352
