-0.05408062930186823 -0.020118475466636858 -0.09371428571428572 -0.07805219012115563 -0.13096797237766403 -0.11927480916030533 -0.15859249163672404 -0.1294929202468837 -0.08152866242038216 -0.016565433462175594 -0.08600770218228497 0.00851581508515815 -0.04579968663372304 -0.07342143906020557 -0.21508129560875688 0.0855238334800654 -0.23831590096650337 -0.035668789808917196 -0.19225738948469787 0.05508124483613329 -0.0731331793687452 -0.03060724779627816 -0.03485995912970309 0.0011906179307060373 -0.14115231618118826 0.025786487880350695 -0.1876675603217158 -0.026405130139569976 -0.15431688173473462 0.05501664977558999 -0.09707481232202951 0.0667381718507925 0.008519961051606625 -0.006216585851050602 -0.13187927973624147 -0.07631543714017941 -0.2094603967263143 -0.17223244806731527 -0.11604095563139934 -0.028989708653428037 -0.11486998232769503 0.025145730940678936 -0.139132468139834 -0.00862493839329719 -0.18436030685473892 0.04902576995600251 -0.15241539653836217 -0.010252466999871843 -0.11597258829731154 -0.05852231163130943 -0.1012879829936226 -0.08613665463857526 -0.23362345396243703 -0.08755097145598464 -0.12506070908207867 -0.014791076050782693 -0.05293672800604991 -0.0012537612838515546 -0.0516729104766826 0.013879250520471892 -0.1988843075430512 -0.2868804664723032 -1.2245141290091808 -0.5898774123073188 -0.19041692594897325 -0.3405994550408719 -0.23363899007662353 -0.1791630874953982 -0.12488849241748437 -0.1519756838905775 -0.1421188630490956 -0.1326071513142316 -0.4136194700875195 -0.30784508440913605 -0.2807802211454839 -0.9620098039215685 -0.6555723651033787 -0.17144986954901228 -0.20789748953974896 -0.0770955985421923 -0.08147405364753071 -0.040691759918616476 -0.1594351440610409 -0.05783829377033377 -0.19665916360620778 -0.08350478034612127 -0.23993038289408256 0.016033547113961523 -0.19290603609209708 0.06932635709614127
-0.0651425762045231 -0.023471554711076342 -0.11428571428571428 -0.08271202236719478 -0.14882724133825456 -0.12643129770992365 -0.1685045223640193 -0.11981120658356528 -0.08662420382165605 0.005521811154058531 -0.0975609756097561 0.010948905109489045 -0.056646980836446904 -0.06607929515418502 -0.2291639994879017 0.09181235064771728 -0.24361180987687012 -0.03821656050955414 -0.193565262882553 0.057835307077939956 -0.07569925583782397 -0.04162585700293829 -0.05048683736025965 0.0011906179307060352 -0.15783395354805596 0.030943785456420837 -0.2064343163538874 -0.02514774299006664 -0.16895037914061461 0.05936006949471552 -0.11390111312451463 0.04767012275056608 -0.015822784810126587 -0.03232624642546313 -0.14709611970580777 -0.08702637568616949 -0.23442918574004717 -0.17617670260320797 -0.12559726962457338 -0.031888679518770835 -0.13759151729361271 0.0045719510801234455 -0.19876066877119142 -0.0381961557417447 -0.21281860925513488 0.05405405405405406 -0.15499870834409715 -0.00768935024990388 -0.11465471797575119 -0.05267008046817849 -0.12379642365887207 -0.15481317658014201 -0.4626660558863948 -0.19309186855361 -0.17362797474502187 -0.024651793417971156 -0.06301991429291656 0.0050150451354062184 -0.045213796667097274 0.008327550312283135 -0.21950036381275773 -0.39533527696793 -2.222487182544414 -0.9212283044058746 -0.25762289981331676 -0.6205102799108249 -0.3328727546790604 -0.23806602037059763 -0.13380909901873325 -0.19204200055263884 -0.18992248062015504 -0.15747099218565003 -0.5407025536506413 -0.35625620655412116 -0.3851410113057523 -1.7426470588235294 -1.1258194654563791 -0.22735743570629893 -0.2523535564853557 -0.09391645640594337 -0.09024818250188017 -0.0508646998982706 -0.17993394829746043 -0.08555247620195204 -0.22864589503613314 -0.18395255960304974 -0.29090004972650424 -0.00986679822397632 -0.2053515868077162 0.05101373446697187
-0.06268436578171091 -0.0435900301777132 -0.11657142857142858 -0.10018639328984158 -0.14882724133825456 -0.14551526717557248 -0.17222153388675504 -0.13433377707854288 -0.09681528662420381 -0.013804527885146328 -0.0975609756097561 -0.009732360097323601 -0.056646980836446904 -0.08076358296622613 -0.22532326206631675 0.10564708841655139 -0.2436118098768701 -0.03949044585987261 -0.20664399686110385 0.05921233819884329 -0.07569925583782397 -0.05999020568070519 -0.0721240533717995 -0.014287415168472433 -0.1629667650455537 0.027075812274368234 -0.20107238605898123 -0.04275116308311329 -0.16628974324863643 0.05356884320254814 -0.13461040641988092 0.02264330830651888 -0.03894839337877313 -0.05594927265945543 -0.16358102967283794 -0.07899317177667692 -0.2399778055208767 -0.18537996318695765 -0.1324232081911263 -0.03043919408609943 -0.14895228477657158 -0.03086066979083324 -0.24669706535718464 -0.0751601774273041 -0.22271714922048996 0.06285355122564425 -0.1562903642469646 -0.011534025374855822 -0.1265155508697944 -0.05120702267739576 -0.14505439539827433 -0.2316377604469794 -0.7856161245991753 -0.2962341088990166 -0.22826614861583297 -0.018488845063478365 -0.07562389715149988 0.0037612838515546643 -0.0477974421909314 0.0013879250520471883 -0.22920203735144312 -0.5072886297376094 -3.1465363061881484 -1.2513654569729336 -0.30740510267579346 -0.8793658657418876 -0.45220449692249715 -0.298196097680697 -0.1376322161335542 -0.2321083172147002 -0.1963824289405685 -0.19772673454889889 -0.583862846181513 -0.42204568023833167 -0.4509877003354454 -2.525735294117647 -1.5834594049420072 -0.28326500186358555 -0.29942468619246865 -0.11213905242500702 -0.09275507646026573 -0.0666892731999548 -0.17651748092472383 -0.10483190745872997 -0.2464163013860917 -0.26261648311751185 -0.3219791148682248 -0.03576714356191416 -0.2190416925948973 0.037933289731850874
-0.05899705014749261 -0.04359003017771321 -0.12685714285714286 -0.09319664492078285 -0.16549589236813908 -0.14432251908396948 -0.1821335646140503 -0.1270724918310541 -0.11719745222929936 -0.022087244616234125 -0.09884467265725289 -0.02068126520681265 -0.07834156924189466 -0.08565834557023984 -0.24964793240302136 0.1232549364859766 -0.260823513835562 -0.03949044585987261 -0.24849594559246663 0.04957312035251996 -0.07826533230690276 -0.05999020568070519 -0.09977160716432264 -0.014287415168472433 -0.18221480816117028 0.029654461062403305 -0.2184986595174263 -0.03897900163460329 -0.19422642011440733 0.06804690893296657 -0.14884804556044529 0.010725777618877363 -0.06085686465433302 -0.06465249285092627 -0.190210499619579 -0.09104297764091578 -0.270495214315439 -0.19326847225874313 -0.17064846416382254 -0.037686621249456445 -0.14768997727846503 -0.058292376271573895 -0.3098328072021513 -0.1034992607195663 -0.24746349913387772 0.06536769327467001 -0.14724877292689229 -0.016660258874791743 -0.12783342119135477 -0.05852231163130943 -0.15755908465674626 -0.30962635316028403 -1.1601007787448467 -0.42456224514272006 -0.2671199611461874 -0.03574510045605818 -0.08192588858079154 -0.0012537612838515553 -0.04908926495284847 -0.011103400416377519 -0.24375454765947122 -0.5947521865889213 -3.9227375700488856 -1.5475179026580896 -0.3945239576851276 -1.2286351250928909 -0.6594648913453083 -0.3570990305558964 -0.1758633872817637 -0.2597402597402597 -0.20930232558139536 -0.2107506511958323 -0.6438076969188347 -0.4543197616683218 -0.5329854640327991 -3.216911764705882 -2.0234493192133134 -0.33668778730277055 -0.3687238493723849 -0.13316512475469583 -0.08774128854349461 -0.07121057985757885 -0.17651748092472386 -0.11206169418002168 -0.2641867077360502 -0.3182863366815926 -0.36176031824962707 -0.044400592007893445 -0.238954573739888 0.03139306736429037
-0.07620452310717797 -0.04694310942215268 -0.14285714285714285 -0.09319664492078285 -0.17978330753661148 -0.15267175572519082 -0.19328459918225746 -0.1379644197022873 -0.12101910828025478 -0.023467697404748758 -0.10269576379974325 -0.03041362530413625 -0.10003615764734242 -0.08688203622124327 -0.24324670336704646 0.12577034335303733 -0.23963987819409502 -0.048407643312101914 -0.2301857180224954 0.03993390250619664 -0.0975109058249936 -0.062438785504407436 -0.13583363385022237 -0.016668651029884508 -0.1911972282817914 0.024497163486333164 -0.225201072386059 -0.04275116308311329 -0.19555673806039645 0.07239032865209208 -0.17344033134869274 -2.7755575615628915e-18 -0.09858812074001948 -0.0783289817232376 -0.2155718995688562 -0.11112598741464721 -0.28297960882230544 -0.20773073889034976 -0.1733788395904437 -0.057979417306856074 -0.16031305225953044 -0.08229511944222197 -0.35893838419268087 -0.14046328240512568 -0.2585993565949022 0.047768698931489634 -0.13433221389821753 -0.03075740099961553 -0.10806536636794942 -0.07022677395757133 -0.19757409028385645 -0.3911069724129904 -1.6410902427851581 -0.5852722475413767 -0.3266148615832928 -0.046838407494145196 -0.11469624401310816 -0.0062688064192577735 -0.05554837876243379 -0.022206800832755037 -0.26679602231384913 -0.6612244897959185 -4.5606295457255275 -1.8157543391188251 -0.46795270690728075 -1.6596482536537032 -0.939580454716744 -0.4270462633451957 -0.2026252070855104 -0.29842497927604306 -0.22609819121447025 -0.23561449206725077 -0.6869679894497063 -0.47790466732869896 -0.5789539073176793 -3.7732843137254903 -2.3701462430660616 -0.4037768666915144 -0.37918410041841005 -0.14437902999719654 -0.10654299323138632 -0.07347123318639087 -0.19473864024598567 -0.1132666586335703 -0.27958772657268094 -0.3630642623744403 -0.4002983590253605 -0.06413418845584609 -0.24393279402613569 0.017004578155657292
-0.0970993117010816 -0.05812004023695093 -0.15314285714285716 -0.097856477166822 -0.19049886891296586 -0.1765267175572519 -0.20691364143228844 -0.16337891806849814 -0.12738853503184713 -0.046935394809497516 -0.10397946084724004 -0.032846715328467155 -0.10847294202723876 -0.08443465491923643 -0.2330047369094866 0.14463589485599296 -0.23566794651131998 -0.0535031847133758 -0.2288778446246403 0.03304874690167998 -0.09622786759045421 -0.07223310479921644 -0.15025844452458229 -0.0261935944755328 -0.1847812139099192 0.02320783909231563 -0.22922252010723856 -0.06538413177417327 -0.20486896368232008 0.06659910235992471 -0.17991198550349471 -0.019068049100226435 -0.10710808179162612 -0.08578888474449832 -0.21049961957900076 -0.12585352791538357 -0.27604383409626854 -0.23271101761767027 -0.1597269624573379 -0.07392375706624149 -0.15778843726331734 -0.1188707280832095 -0.4197357652285748 -0.17742730409068508 -0.25859935659490224 0.06536769327467001 -0.12012399896667528 -0.02947584262463155 -0.08170795993674221 -0.06291148500365765 -0.21132924846817555 -0.4609475032010244 -2.2045350435180944 -0.7927560566082994 -0.36668285575522097 -0.03697769012695673 -0.11343584572724982 -0.012537612838515547 -0.040046505619429004 -0.023594725884802225 -0.26800873150618487 -0.719533527696793 -5.018480982472875 -2.040296152445685 -0.49782202862476665 -2.1141937081991573 -1.2837583218188668 -0.49453920726469497 -0.2166433031731872 -0.3315833103067145 -0.2196382428940568 -0.2486384087141842 -0.7121448267593814 -0.5089374379344588 -0.6112560566530004 -4.150735294117647 -2.632375189107413 -0.46589638464405514 -0.4040271966527197 -0.159798149705635 -0.09902231135622963 -0.061037639877924724 -0.18221159321261818 -0.11206169418002168 -0.26892548276270584 -0.39331961757231026 -0.4002983590253605 -0.08386778490379873 -0.22899813316739265 0.005232177894048397
-0.09095378564405113 -0.045825416340672845 -0.14971428571428574 -0.08853681267474371 -0.18335516132872964 -0.17294847328244276 -0.1970016107049932 -0.1609584896526685 -0.12738853503184713 -0.04969630038652678 -0.09242618741976892 -0.0218978102189781 -0.11208870676148004 -0.08321096426823299 -0.22276277045192677 0.14337819142246258 -0.21051237918707794 -0.062420382165605096 -0.22495422443107507 0.02478656017625998 -0.08852963818321787 -0.07345739471106758 -0.15386464719317225 -0.03571853792118109 -0.16553317079430258 0.021918514698298093 -0.22252010723860588 -0.06035458317615994 -0.19821737395237463 0.0694947155060084 -0.17473466217965314 -0.027410320581575498 -0.11562804284323273 -0.09449210493596917 -0.20035505959928993 -0.1218369259606373 -0.27604383409626854 -0.2340257691296345 -0.15153583617747438 -0.06377735903754167 -0.15273920727089121 -0.139444507943765 -0.47351806383725015 -0.22794480039428291 -0.2635486265775798 0.0666247642991829 -0.10849909584086799 -0.019223375624759703 -0.06457564575645755 -0.05852231163130943 -0.2175815930974115 -0.5203119543708532 -2.765689418231791 -1.069800911489566 -0.3970373967945605 -0.06532725255762356 -0.10839425258381649 -0.023821464393179538 -0.018085518666838905 -0.03886190145732131 -0.2595197671598351 -0.7428571428571429 -5.310599737689282 -2.2138609054496903 -0.5351586807716242 -2.587317314837751 -1.6417535485491772 -0.5448521290955946 -0.2395820058621129 -0.34401768444321634 -0.20025839793281658 -0.23206251479990522 -0.7061503416856492 -0.5238331678252234 -0.6124984470120513 -4.381127450980392 -2.7950075642965206 -0.5118648279289354 -0.4210251046025105 -0.16820857863751051 -0.07771371270995237 -0.04521306657624054 -0.15487985423072542 -0.1012170140980841 -0.26892548276270584 -0.42841582960183955 -0.42516161113873696 -0.08510113468179577 -0.24517734909769762 -1.5612511283791264e-18
-0.08726647000983286 -0.02794232703699564 -0.14400000000000002 -0.05009319664492079 -0.18454577925943566 -0.1455152671755725 -0.20939164911411226 -0.14159506232603172 -0.14140127388535031 -0.03865267807840972 -0.079589216944801 -0.018248175182481754 -0.10124141255875618 -0.07831620166421928 -0.2138010498015619 0.1597283360583574 -0.1747649940421025 -0.05477707006369427 -0.22364635103321998 0.01790140457174332 -0.08211444701052092 -0.07590597453476981 -0.1550667147493689 -0.0392903917132992 -0.16040035929680482 0.024497163486333164 -0.21179624664879354 -0.05155287312963661 -0.19422642011440736 0.06659910235992471 -0.15920269220812844 -0.03575259206292457 -0.11927945472249273 -0.0845455675742882 -0.19655084960689834 -0.09238184495916454 -0.26910805937023163 -0.21824875098606364 -0.1515358361774744 -0.05363096100884186 -0.14768997727846506 -0.1714481655046291 -0.5401613468958261 -0.27476589452932476 -0.27839643652561247 0.07416719044626022 -0.09299922500645828 -0.005126233499935917 -0.06589351607801791 -0.05120702267739576 -0.22383393772664748 -0.5854964497730183 -3.354328905176363 -1.4116094986807386 -0.4310344827586207 -0.0788857389375077 -0.10713385429795816 -0.020060180541624874 -0.00904275933341946 -0.041637751561415685 -0.25588163958282806 -0.7510204081632652 -5.588410635507333 -2.2988226726544485 -0.5787181082762912 -3.031954421600198 -2.097726416279362 -0.5816664621425941 -0.27144131515228753 -0.3426360873169384 -0.17700258397932817 -0.2119346436182808 -0.6953602685529313 -0.5114200595829196 -0.6149832277301528 -4.491421568627451 -2.9513363590519415 -0.5354702447509008 -0.4341004184100418 -0.1696103167928231 -0.05389822010528953 -0.025997513281338307 -0.11615989067304408 -0.07832268948066032 -0.26063262646605856 -0.4199443301464359 -0.4375932371954252 -0.06413418845584609 -0.24766645924082145 0.0013080444735120995
-0.07743362831858408 -0.029060020118475464 -0.13485714285714287 -0.048928238583411 -0.17859268960590544 -0.1514790076335878 -0.1908065915004337 -0.1488563475735205 -0.13630573248407643 -0.04969630038652678 -0.06546854942233632 -0.027980535279805357 -0.0940098830902736 -0.0697503671071953 -0.19971834592241713 0.17356307382719152 -0.1271018138488018 -0.05859872611464968 -0.20533612346324875 0.011016248967226657 -0.0718501411342058 -0.09427032321253671 -0.1550667147493689 -0.04286224550541731 -0.15013473630180932 0.036101083032490974 -0.1943699731903485 -0.0314346787375833 -0.17826260476253825 0.08976400752859418 -0.15273103805332644 -0.06792992491955667 -0.129016553067186 -0.09449210493596917 -0.18894242962211516 -0.07497656982193066 -0.24275211541129144 -0.21824875098606364 -0.1378839590443686 -0.036237135816785046 -0.13254228730118658 -0.20230883529546234 -0.6138197123816205 -0.34499753573188763 -0.28705765899529817 0.08045254556882464 -0.05812451562903644 0.012815583749839803 -0.050079072219293606 -0.048280907095830286 -0.21508065524571712 -0.6332208124781749 -3.9658726523133305 -1.8253777884384743 -0.44439048081593013 -0.12449155676075434 -0.11469624401310816 -0.03259779338014042 0.011626404857253582 -0.0527411519777932 -0.24254183846713556 -0.7673469387755102 -5.679027065696912 -2.3558684306347857 -0.5948973242065961 -3.487738419618528 -2.6001758573043583 -0.6724751503251932 -0.28163629412514335 -0.38270240397899974 -0.1524547803617571 -0.18470281790196547 -0.6486032849778203 -0.49404170804369407 -0.5963473723443907 -4.571078431372549 -3.0156328794755423 -0.5603180519319171 -0.42756276150627615 -0.1794224838800112 -0.03384306843820506 -0.021476206623714248 -0.08541168431841478 -0.06265815158452825 -0.2404928326027722 -0.4223647585622655 -0.4313774241670811 -0.051800690675875685 -0.23771001866832608 0.017004578155657292
-0.08112094395280238 -0.02794232703699564 -0.1382857142857143 -0.05009319664492079 -0.17502083581378736 -0.15028625954198474 -0.18089456077313842 -0.14764613336560567 -0.12993630573248408 -0.06212037548315848 -0.06161745827984595 -0.045012165450121655 -0.11329396167289381 -0.08076358296622613 -0.1958776085008322 0.1710476669601308 -0.09929829206937643 -0.07261146496815286 -0.20402825006539366 -0.006885155604516663 -0.06543494996150885 -0.10896180215475024 -0.15626878230556557 -0.05476842481247768 -0.13216989606056714 0.029654461062403305 -0.16756032171581767 -0.037721614485099954 -0.15963815351869098 0.0694947155060084 -0.15273103805332644 -0.07984745560719819 -0.14849074975657256 -0.11935844834017158 -0.1838701496322597 -0.06828223323068684 -0.2205576362879734 -0.22482250854588487 -0.12013651877133105 -0.06087838817219887 -0.1338045947992931 -0.24117041947651158 -0.7050157839354613 -0.45835386890093643 -0.30685473892600834 0.056568196103079824 -0.0439163006974942 -0.0012815583749839821 -0.04217185028993147 -0.06876371616678859 -0.21257971739402276 -0.6681410778721919 -4.578561612459917 -2.2619333173422884 -0.46260320543953376 -0.22186614076174038 -0.15376859087471642 -0.06644934804413238 0.03358739180984369 -0.07356002775850104 -0.23284016492845017 -0.7323615160349854 -5.679027065696912 -2.329166160941862 -0.5961418792781581 -3.9038890265048303 -3.204371310136917 -0.7399680942446926 -0.29565439021282014 -0.40480795799944735 -0.14211886304909563 -0.159838977030547 -0.6054429924469488 -0.46176762661370396 -0.5839234687538826 -4.6286764705882355 -3.06732223903177 -0.5839234687538826 -0.43802301255230114 -0.1920381272778245 -0.018801704687891708 -0.02260653328812027 -0.07060699236988954 -0.05181347150259067 -0.2262765075228054 -0.43446690064141347 -0.43262058677274984 -0.05920078934385793 -0.23646546359676418 0.0013080444735121006
-0.06637168141592921 -0.02011847546663686 -0.12114285714285715 -0.03960857409133271 -0.163114656506727 -0.15744274809160305 -0.16602651468219554 -0.15248699019726492 -0.1337579617834395 -0.07730535615681944 -0.05776636713735558 -0.0316301703163017 -0.12173074605279015 -0.07953989231522271 -0.20355908334400205 0.1521821154571752 -0.07679067920031776 -0.08152866242038216 -0.2001046298718284 -0.022032497934453322 -0.06543494996150885 -0.09182174338883448 -0.1550667147493689 -0.04762471722824145 -0.12575388168869497 0.025786487880350695 -0.15817694369973193 -0.03394945303658996 -0.14766529200478914 0.07528594179817576 -0.14625938389852447 -0.08103920867596234 -0.16309639727361247 -0.13179162004227277 -0.18894242962211516 -0.0870263756861695 -0.20668608683589956 -0.2392847751774915 -0.11194539249146758 -0.08262066966226989 -0.14516536228225194 -0.2640301748771288 -0.9236525195837718 -0.6197634302612125 -0.3414996288047513 0.007542426147077302 -0.03487470937742185 -0.015378700499807765 -0.030311017395888252 -0.08046817849305046 -0.20757784169063398 -0.6355488301711094 -4.892349977095739 -2.5545694411129767 -0.4771733851384167 -0.43017379514359666 -0.4524829846231409 -0.13665997993981946 0.01808551866683891 -0.08327550312283137 -0.20130972592772256 -0.6297376093294461 -4.707285084058663 -2.0184488408787473 -0.5550715619166148 -3.9608620262571215 -3.6992840095465396 -0.778009571726592 -0.30967248630049704 -0.4006631666206134 -0.1124031007751938 -0.11958323466729814 -0.4184150581465052 -0.37239324726911616 -0.5093800472108339 -3.854166666666667 -2.6790216843166914 -0.5305006833146975 -0.397489539748954 -0.17521726941407342 -0.0075206818751566845 -0.014694246637278172 -0.05352465550620659 -0.04458368478129896 -0.21561426371283027 -0.4005809028197991 -0.40651417205370466 -0.06906758756783424 -0.22899813316739265 -0.006540222367560496
-0.04916420845624386 -0.011176930814798255 -0.09942857142857144 -0.03145386766076421 -0.13930229789260623 -0.15028625954198474 -0.12390038409119071 -0.1633789180684981 -0.1159235668789809 -0.10353395913859746 -0.033376123234916566 -0.026763990267639905 -0.11570447149572134 -0.07831620166421929 -0.18435539623607733 0.16224374292541816 -0.03045147623460879 -0.07261146496815286 -0.193565262882553 -0.013770311209033322 -0.05773672055427252 -0.08325171400587658 -0.14304603918740233 -0.047624717228241464 -0.10907224432182724 0.016761217122227952 -0.12332439678284182 -0.03520684018609329 -0.12371956897698551 0.07239032865209208 -0.1333160755889205 -0.08103920867596234 -0.17526777020447906 -0.15044137759542459 -0.17752979964494042 -0.09238184495916454 -0.1636842835344708 -0.24191427820141995 -0.09283276450511947 -0.07682272793158426 -0.13506690229739965 -0.28003200365756087 -1.16918040453642 -0.8292262198127156 -0.36253402623113096 -0.010056568196103084 -0.01291655902867476 -0.015378700499807765 -0.019768054823405372 -0.08778346744696416 -0.20007502813555084 -0.5971365382376908 -5.036646816307833 -2.8268169824898055 -0.4735308402136959 -0.6471095772217429 -0.8671540206705319 -0.2093781344032096 0.009042759333419454 -0.10131852879944483 -0.17099199611933064 -0.5306122448979591 -3.723619887921784 -1.7053040417526397 -0.4903546981953951 -3.9125588308149615 -4.073608843110162 -0.8086881825990918 -0.3007518796992481 -0.3840840011052777 -0.06847545219638243 -0.0899834241060857 -0.29492866562762254 -0.30784508440913605 -0.4149583799229718 -3.098039215686275 -2.24155320221886 -0.4683811653621567 -0.3556485355648536 -0.14998598261844687 0.006267234895963899 -0.009042613315248107 -0.04099760847283908 -0.03132907579226413 -0.17888875725624928 -0.3437008350478034 -0.3505718547986077 -0.06413418845584609 -0.19415059116365901 1.734723475976807e-18
-0.04178957718780729 -0.014530010059237736 -0.0902857142857143 -0.03494874184529358 -0.1345398261697821 -0.14670801526717558 -0.10655433031842401 -0.17064020331598692 -0.0980891719745223 -0.09801214798453892 -0.02952503209242619 -0.03041362530413625 -0.12655176569844523 -0.07953989231522271 -0.1958776085008322 0.14463589485599299 -0.00794386336555011 -0.08662420382165606 -0.20402825006539368 -0.01790140457174332 -0.055170644085193746 -0.08080313418217434 -0.1262170934006491 -0.05119657102035957 -0.11163865007057613 0.018050541516245487 -0.12064343163538874 -0.026405130139569976 -0.12904084076094186 0.09121181410163604 -0.11519544395547501 -0.08818972708854725 -0.20082765335929892 -0.18649757553151808 -0.18767435962465126 -0.09773731423215958 -0.1511998890276044 -0.24454378122534842 -0.09692832764505123 -0.07392375706624148 -0.13885382479171926 -0.3108926734483941 -1.4883666549748629 -1.1089206505667817 -0.39841623360554324 -0.04776869893148963 -0.018083182640144663 -0.03075740099961553 -0.02767527675276753 -0.10095098756400878 -0.19007127672877328 -0.564544290536608 -4.99656436097114 -3.0307028064284003 -0.4553181155900923 -0.8985578700850487 -1.392740105873456 -0.2883650952858576 -0.012918227619170653 -0.12491325468424705 -0.15280135823429544 -0.4384839650145773 -2.816263264576129 -1.3921592426265323 -0.45052893590541376 -3.8109982660391375 -4.36000502449441 -0.8430482267762913 -0.32241621001656684 -0.36888643271621996 -0.04780361757105945 -0.07222353776935826 -0.23498381489030096 -0.25571002979145974 -0.3515964716113803 -2.354166666666667 -1.8242561775088248 -0.4162007702820226 -0.3190376569037657 -0.13036164844407064 0.015041363750313364 0.0033909799932180405 -0.03644231864252363 0.00361489336064586 -0.1516408008529795 -0.273508410988745 -0.3232222774738936 -0.04810064134188456 -0.18294959551960174 0.01962066710268149
-0.045476892822025584 -0.008941544651838605 -0.088 -0.03494874184529358 -0.13334920823907606 -0.1431297709923664 -0.09664229959112873 -0.17911170277139052 -0.09936305732484077 -0.10767531750414136 -0.029525032092426184 -0.009732360097323596 -0.12414125587561771 -0.053842388644150765 -0.1933171168864422 0.1521821154571752 0.015887726731100223 -0.08152866242038218 -0.19487313628040806 -0.0013770311209033298 -0.05773672055427252 -0.07590597453476984 -0.10698401250150258 -0.05357780688177164 -0.11548825869369947 0.01031459515214028 -0.11528150134048258 -0.028919904438576637 -0.12771052281495276 0.08831620095555234 -0.11907843644835621 -0.0917649862948397 -0.22882181110029212 -0.2200671391271914 -0.1940147096119706 -0.07765430445842816 -0.11790817034262728 -0.2432290297133842 -0.08054607508532423 -0.07102478620089868 -0.145165362282252 -0.3234655389187336 -1.8332748743131062 -1.4465253819615576 -0.4182133135362534 -0.07668133249528598 -0.010333247222939806 -0.03460207612456748 -0.026357406431207174 -0.10680321872713971 -0.19632362135800924 -0.5156559189849842 -4.823637196518552 -3.149436315663229 -0.44924720738222446 -1.148773573277456 -2.0418452230904967 -0.3623370110330993 -0.021960986952590106 -0.13601665510062458 -0.1418869755032743 -0.33352769679300287 -2.0591391439131987 -1.0875106202209008 -0.3808338518979465 -3.5744364627198406 -4.4705439015199095 -0.8528653822554914 -0.2994775073276411 -0.35507046145344023 -0.03100775193798449 -0.043807719630594356 -0.1702433760939935 -0.18867924528301888 -0.2820226115045348 -1.6875000000000004 -1.423348461926374 -0.35780842340663443 -0.2575836820083681 -0.10513036164844407 0.008774128854349462 0.019215553294902227 -0.038719963557681356 0.02530425352452103 -0.13742447577301264 -0.2045262011376014 -0.3008453505718548 -0.032067094227923046 -0.15432482887367766 0.031393067364290386
-0.04056047197640119 -0.005588465407399128 -0.08571428571428573 -0.032618825722273995 -0.11906179307060365 -0.13000954198473283 -0.06071118820468345 -0.1621687038605833 -0.07898089171974522 -0.0883489784649365 -0.021822849807445442 -0.004866180048661799 -0.11088345185006629 -0.06363191385217817 -0.1958776085008322 0.17230537039366117 0.04898715742089236 -0.067515923566879 -0.18441014909756734 0.013770311209033326 -0.05773672055427252 -0.06733594515181196 -0.1009736747205193 -0.05476842481247768 -0.1167714615680739 0.016761217122227952 -0.09651474530831097 -0.015088645794039984 -0.1090860715711055 0.10279426668597076 -0.11260678229355423 -0.09891550470742463 -0.2616845180136319 -0.25488001989307474 -0.19021049961957898 -0.03614941759271656 -0.06519628242474683 -0.2195635024980279 -0.04778156996587031 -0.03043919408609943 -0.14516536228225196 -0.3371813921591039 -2.1863673564831054 -1.8445046821094138 -0.44419698094531057 -0.08548082966687617 2.7755575615628915e-18 -0.03203895937459951 -0.02503953610964681 -0.10095098756400878 -0.18631986995123168 -0.4527994412757537 -4.5613834173156205 -3.184216838570401 -0.4286061194754735 -1.41871071120424 -2.668263171162087 -0.4425777331995988 -0.024544632476424237 -0.14156835530881334 -0.12005821004123211 -0.2612244897959183 -1.4307857398354598 -0.8217016628231582 -0.313627878033603 -3.2313599207332175 -4.505715362391659 -0.8491839489507914 -0.2765388046387155 -0.3205305332964907 -0.009043927648578812 -0.010655931802036469 -0.116293010430404 -0.16261171797418075 -0.22859982606534976 -1.1580882352941178 -1.0943015632879476 -0.27581065970928076 -0.21835774058577404 -0.08690776562938043 0.027575833542241163 0.039561433254210465 -0.03302585126978704 0.027714182431618273 -0.11373060063973461 -0.14280527653394653 -0.27100944803580307 -0.009866798223976325 -0.12818917237087746 0.061478090255068674
-0.02089478859390364 0.002235386162959649 -0.07085714285714285 -0.033783783783783786 -0.09644005238718896 -0.09303435114503815 -0.028497088340973857 -0.1488563475735205 -0.06369426751592357 -0.07316399779127554 -0.020539152759948654 -0.012165450121654499 -0.10485717729299748 -0.07342143906020557 -0.19971834592241713 0.17733618412778268 0.07414272474513438 -0.05859872611464969 -0.18571802249542244 0.017901404571743322 -0.06286887349243007 -0.06366307541625858 -0.09736747205192933 -0.05953089653530182 -0.13216989606056717 0.03739040742650851 -0.08310991957104556 -0.003772161448509989 -0.10243448184116004 0.11437671927030549 -0.12166709811027701 -0.10249076391371707 -0.31402142161635827 -0.2959094865100087 -0.20669540958660915 -0.00133886731824876 -0.04716326813705089 -0.20510123586642132 -0.040955631399317405 -0.008696912596028412 -0.16157535975763695 -0.34632529431935083 -2.5920729568572427 -2.300394282897979 -0.48626577579806984 -0.11439346323067252 -0.014208214931542234 -0.0461361014994233 -0.054032683183974695 -0.11558156547183615 -0.17006377391521818 -0.4085671051099989 -4.133073751717818 -3.1254497481410413 -0.4164643030597378 -1.6911130284728213 -3.4270229392488027 -0.5466399197592777 -0.059423847048184986 -0.15544760582928524 -0.10671840892553966 -0.20408163265306123 -0.9705496601883871 -0.5935186309018086 -0.2725575606720597 -2.82883329204855 -4.387639743750785 -0.8430482267762915 -0.2752644322671085 -0.30118817352859906 -0.010335917312661497 0.01539190149183045 -0.08032609998801105 -0.12288977159880834 -0.1987824574481302 -0.7671568627450979 -0.8724155320221886 -0.1950552863709778 -0.1961297071129707 -0.05606952621250351 0.028829280521433936 0.03504012659658642 -0.037581141100102494 0.01204964453548621 -0.10662243809975121 -0.1101294929202469 -0.2660367976131278 -0.001233349777997044 -0.12196639701306786 0.07586657946370176
-0.00983284169124877 -0.01676539622219738 -0.07085714285714285 -0.05358807082945014 -0.09524943445648291 -0.10138358778625953 -0.026019080659150047 -0.15732784702892413 -0.07643312101910829 -0.07730535615681942 -0.01797175866495507 -0.024330900243309007 -0.09400988309027358 -0.08198727361722956 -0.20099859172961212 0.1710476669601308 0.0807626108830928 -0.0713375796178344 -0.2014125032696835 -0.002754062241806662 -0.0603027970233513 -0.06978452497551421 -0.09135713427094602 -0.060721514466007855 -0.14115231618118823 0.03223310985043837 -0.07506702412868634 -0.021375581541556637 -0.11573766130105094 0.10424207325901261 -0.11519544395547503 -0.12513407222023598 -0.35905550146056475 -0.3555887106800945 -0.2282525995434948 -0.009372071227741332 -0.023581634068525443 -0.22087825400999211 -0.058703071672354945 -0.02609073778808523 -0.1590507447614239 -0.36347011086981373 -3.0176546241085 -2.762444553967472 -0.5332838406335065 -0.1596480201131364 -0.045207956600361664 -0.08330129437395874 -0.09356879283078545 -0.13899049012435993 -0.14755533324996872 -0.38063089279478524 -3.6349060925332113 -2.946749820100744 -0.39825157843613407 -1.9647479354123014 -4.2790521804890345 -0.6770310932798396 -0.10076217542953107 -0.19153365718251214 -0.07640067911714772 -0.1749271137026239 -0.6688923333730774 -0.4248088360237894 -0.22899813316739265 -2.40029725043349 -4.2017334505715365 -0.8430482267762915 -0.2790875493819294 -0.303951367781155 0.005167958656330749 0.013023916646933456 -0.04076249850137874 -0.09185700099304864 -0.16648030811280903 -0.5477941176470589 -0.7312153303076147 -0.14039011057274195 -0.1712866108786611 -0.046257359125315395 0.025068939583855608 0.029388493274556348 -0.05694112287894317 0.0036148933606458622 -0.09240611301978438 -0.09681713663318407 -0.26727996021879663 -0.00863344844597928 -0.10952084629744865 0.07194244604316546
-0.018436578171091445 -0.02458924779255616 -0.09142857142857143 -0.08387698042870456 -0.09644005238718895 -0.1156965648854962 -0.006195019204559533 -0.16458913227641295 -0.06496815286624205 -0.08144671452236334 -0.028241335044929393 -0.027980535279805357 -0.10365192238158369 -0.09667156142927068 -0.20483932915119704 0.17859388756131303 0.10459420097974315 -0.0802547770700637 -0.19879675647397332 -0.0013770311209033298 -0.0731331793687452 -0.07835455435847208 -0.10578194494530593 -0.08453387308012858 -0.15526754779930707 0.016761217122227952 -0.06702412868632708 -0.04903809883062995 -0.11041638951709458 0.0839727812364268 -0.13461040641988092 -0.1394351090454058 -0.4138266796494644 -0.44137759542459276 -0.244737509510525 -0.017405275137233896 0.013871549452073795 -0.23271101761767027 -0.0546075085324232 -0.02898970865342803 -0.17167381974248924 -0.3726140130300606 -3.4560972758096575 -3.266387382947265 -0.5654540955209106 -0.21873035826524195 -0.06716610694910877 -0.12815583749839804 -0.10542962572482868 -0.15947329919531822 -0.1375515818431912 -0.344546618554301 -3.063444800732937 -2.6577116814583834 -0.3824672170956775 -2.207568100579317 -5.168893370305017 -0.7998996990972917 -0.11368040304870172 -0.21235253296322001 -0.07761338830948339 -0.14577259475218657 -0.38392750685584837 -0.32164097584658335 -0.17797137523335407 -1.9767153827099329 -3.862580077879664 -0.8344582157319916 -0.2586975914362176 -0.30256977065487706 -1.3877787807814458e-18 0.01657589391427895 -0.02397794029492866 -0.0868917576961271 -0.14784445272704683 -0.4301470588235293 -0.5799293998991427 -0.0993912287240651 -0.1307531380753138 -0.04065040650406504 -0.006267234895963899 0.014694246637278174 -0.08768932923357249 -0.015664537896132064 -0.08885203174979267 -0.10407842188067287 -0.2623073097961213 -0.027133695115934886 -0.08587429993777225 0.06932635709614128
-0.02335299901671583 -0.021236168548116687 -0.10514285714285714 -0.08387698042870456 -0.10001190617930707 -0.10257633587786257 -0.006195019204559534 -0.16095848965266854 -0.067515923566879 -0.0759249033683048 -0.030808729139922976 -0.021897810218978103 -0.11088345185006629 -0.09911894273127753 -0.20355908334400205 0.18865551502955602 0.13504567721435193 -0.0751592356687898 -0.20402825006539366 0.0013770311209033354 -0.07313317936874518 -0.07835455435847208 -0.1033778098329126 -0.09882128824860101 -0.15911715642243038 0.001289324394017535 -0.05898123324396783 -0.07544322897019992 -0.11706797924704002 0.05646445634863181 -0.1384933989127621 -0.1310928375640567 -0.47955209347614414 -0.5023001367648887 -0.2599543494800913 -0.014727540500736377 0.03190456373976973 -0.23008151459374182 -0.0546075085324232 -0.039136106682127844 -0.1792476647311285 -0.37718596411018407 -3.865310417397404 -3.735830458353869 -0.5926750804256372 -0.26398491514770583 -0.11883234306380781 -0.16019479687299756 -0.13442277279915657 -0.17264081931236283 -0.12129548580717768 -0.30380630892794785 -2.412963811268896 -2.2595346605900697 -0.36668285575522097 -2.3899913718723034 -6.034786992689691 -0.9077231695085256 -0.14210050381087716 -0.2359472588480222 -0.05821004123211254 -0.08862973760932945 -0.2336950041731251 -0.23546546911032892 -0.13939016801493467 -1.5370324498389893 -3.4241929405853533 -0.7731009939869923 -0.2523257295781828 -0.2707930367504836 -1.0408340855860842e-18 0.024863840871418418 -0.005994485073732163 -0.049652432969215496 -0.12548142626413222 -0.3357843137254902 -0.5042864346949066 -0.04969561436203254 -0.1111401673640167 -0.021026072329688814 -0.005013787916771121 0.018085226630496214 -0.0933834415214668 -0.008434751174840344 -0.08648264423646487 -0.09802735084109888 -0.2834410740924913 -0.03330044400592008 -0.0833851897946484 0.05886200130804449
-0.01720747295968535 -0.007823851570358779 -0.09142857142857144 -0.081547064305685 -0.08691510894154066 -0.10257633587786257 0.013629042250030976 -0.15732784702892413 -0.05987261146496815 -0.07454445057979017 -0.029525032092426184 -0.00851581508515815 -0.10244666747016995 -0.08443465491923641 -0.20868006657278199 0.20123254936485976 0.16814510790414405 -0.06369426751592357 -0.19879675647397335 0.008262186725419996 -0.07826533230690273 -0.07590597453476984 -0.12261089073205915 -0.1047743779021312 -0.17964840241242142 0.009025270758122742 -0.05093833780160858 -0.07670061611970323 -0.11174670746308368 0.055016649775589975 -0.13202174475796014 -0.1346680967703492 -0.5501460564751705 -0.5806291184881263 -0.28151153943697693 -0.02543847904672647 0.04716326813705091 -0.22613726005784907 -0.05324232081911262 -0.021742281490071024 -0.18429689472355465 -0.3737570008000915 -4.21957207997194 -4.146131099063578 -0.6038109378866616 -0.30798240100565677 -0.20537328855592873 -0.17429193899782133 -0.1436478650500791 -0.16532553035844916 -0.11629361010378891 -0.2584099639157257 -1.7808062299587728 -1.8385704005756776 -0.3691112190383682 -2.5292740046838404 -6.891857827073356 -0.9967402206619859 -0.1808551866683891 -0.2539902845246357 -0.03638127577007033 -0.05364431486880468 -0.15977107428162632 -0.18570214831897075 -0.09583074051026758 -1.1159276690611841 -2.8400954653937953 -0.7166523499815928 -0.21409455842997321 -0.243161094224924 0.0012919896640826878 0.04262372720814586 0.013187867162210765 -0.016137040714995037 -0.10436079016026838 -0.26225490196078427 -0.44251134644478063 -0.006211951795254067 -0.06929916317991633 -0.007008690776562937 -0.01002757583354224 0.02825816661015033 -0.09566108643662452 -0.0024099289070972406 -0.08766733799312877 -0.08108435193029166 -0.29462953754351073 -0.028367044893931926 -0.06471686372121967 0.06540222367560498
-0.02335299901671583 -0.001117693081479828 -0.10057142857142858 -0.09669151910531221 -0.0821526372187165 -0.10138358778625951 0.018585057613678607 -0.1621687038605833 -0.050955414012738856 -0.08696852567642187 -0.03722721437740693 -0.010948905109489048 -0.11088345185006628 -0.09055310817425355 -0.21124055818717197 0.19620173563073828 0.20124453859393618 -0.06624203821656051 -0.1817944023018572 -0.008262186725419996 -0.08724659994867848 -0.09916748285994123 -0.15146051208077896 -0.14644600547684247 -0.20402925702553576 -1.2143064331837649e-18 -0.02815013404825737 -0.09053187476423989 -0.09711321005720366 0.041986390618213396 -0.13849339891276208 -0.14896913359551903 -0.7059396299902628 -0.7534502051473331 -0.30687293938625415 -0.04284375418396037 0.05964766264391732 -0.22876676308177757 -0.06552901023890785 -0.021742281490071024 -0.16914920474627618 -0.3623271230997829 -4.267508476557933 -4.404879250862494 -0.5939123979213066 -0.4135763670647391 -0.5037458021183157 -0.23836985774702035 -0.15023721665788087 -0.18141916605705927 -0.1025384519194698 -0.23745780467931552 -1.3169949610627578 -1.491964499880067 -0.343613404565323 -2.505854800936768 -7.31157045626418 -1.044383149448345 -0.17181242733496965 -0.2692574600971548 -0.03153043900072762 -0.045481049562682216 -0.15142482413258612 -0.18327466925597766 -0.06471686372121965 -0.92395343076542 -2.299962316291923 -0.6565222726714934 -0.1771377596533707 -0.24039789997236807 0.003875968992248062 0.05091167416528534 0.014386764176957199 -0.019860973187686197 -0.08448254441545534 -0.24754901960784315 -0.39460413514876447 0.0012423903590508137 -0.03661087866108788 -0.018222596019063637 -0.025068939583855605 0.038431106589804455 -0.09452226397904565 -0.001204964453548621 -0.08529795047980096 -0.07624349509863246 -0.31452013923421185 -0.028367044893931926 -0.04729309271935282 0.05624591236102029
-0.01966568338249754 -0.002235386162959654 -0.10057142857142856 -0.08620689655172414 -0.08691510894154067 -0.09422709923664122 0.007434023045471441 -0.1657993464843277 -0.06624203821656051 -0.08144671452236334 -0.048780487804878044 -0.012165450121654502 -0.10967819693865251 -0.08198727361722957 -0.2176417872231468 0.1848824047289649 0.2184562425526281 -0.07770700636942675 -0.1948731362804081 -0.022032497934453315 -0.09237875288683603 -0.1114103819784525 -0.17550186320471212 -0.17859268960590546 -0.22584370588990116 0.009025270758122744 -0.022788203753351204 -0.0905318747642399 -0.11706797924704007 0.043434197191255235 -0.1397877297437225 -0.16565367655821714 -0.9018987341772153 -1.0157901280616684 -0.34237889931524224 -0.06158789663944304 0.04855042308225828 -0.2405995266894557 -0.10102389078498293 -0.037686621249456445 -0.1666245897500631 -0.34632529431935083 -4.199696013094821 -4.46895022178413 -0.5926750804256372 -0.5681961030798239 -0.9416171531903901 -0.3216711521209791 -0.1897733263046916 -0.19458668617410388 -0.0875328248093035 -0.21184961005703645 -0.9482363719651856 -1.1249700167905972 -0.3254006799417194 -2.409712806606681 -7.504411394000504 -1.0656970912738215 -0.19764888257331098 -0.2650936849410132 -0.03759398496240602 -0.033819241982507284 -0.16215571718135208 -0.1759922320669984 -0.06596141879278158 -0.7059697795392618 -1.8527823137796762 -0.5755307399680942 -0.1873327386262266 -0.21691074882564246 0.0025839793281653735 0.05327965901018232 0.005994485073732166 -0.033515392254220455 -0.08696732513355697 -0.24019607843137253 -0.3794755421079173 0.007454342154304886 -0.045763598326359844 -0.019624334174376222 -0.0313361744798195 0.039561433254210465 -0.09452226397904566 0.003614893360645864 -0.09832958180310389 -0.06535156722739924 -0.35927399303828944 -0.022200296003946723 -0.08089607965152457 0.06540222367560498
-0.0344149459193707 0.0022353861629596503 -0.11200000000000002 -0.09086672879776328 -0.08929634480295273 -0.08826335877862594 -0.0024780076818238144 -0.15006656178143532 -0.07643312101910828 -0.07730535615681944 -0.04749679075738125 -0.0036496350364963502 -0.10244666747016992 -0.09055310817425356 -0.207399820765587 0.19620173563073826 0.25420362769760363 -0.06369426751592357 -0.17133141511901648 -0.015147342329936659 -0.10136002052861175 -0.1114103819784525 -0.20074528188484195 -0.2024050482200262 -0.2296933145130245 -0.0038679731820526015 -0.0026809651474530793 -0.0980761976612599 -0.1077557536251164 0.03040393803387868 -0.1527310380533264 -0.17518770110833037 -1.1112463485881208 -1.2607236105930621 -0.3613999492772001 -0.0696211005489356 0.06658343736995423 -0.2550617933210623 -0.10102389078498293 -0.05218147557617046 -0.14895228477657158 -0.3154646245285176 -3.9717058342102183 -4.462789551503204 -0.5716406829992576 -0.7027027027027027 -1.4582795143373803 -0.3895937459951301 -0.1963626779124934 -0.20190197512801755 -0.07252719769913717 -0.18042137120242116 -0.6436097114063216 -0.8263372511393621 -0.2901894123360855 -2.2790583014914336 -7.448953869422738 -1.0807422266800402 -0.18214700943030618 -0.2553782095766829 -0.03880669415474169 -0.015160349854227406 -0.14307857398354598 -0.16870979487801915 -0.031113876789047923 -0.5412434976467673 -1.4621278733827408 -0.49085777395999497 -0.15037593984962408 -0.19204200055263881 -1.7347234759768072e-19 0.06748756807956427 -0.0059944850737321635 -0.03475670307845084 -0.07454342154304881 -0.2205882352941176 -0.3466969238527483 0.02360541682196546 -0.027458158995815895 -0.015419119708438461 -0.03008272750062672 0.0339097999321804 -0.08655050677599363 -0.013254608989034824 -0.09122141926312048 -0.06777199564322885 -0.3828940825459971 -0.02713369511593488 -0.06845052893590539 0.061478090255068674
-0.04916420845624385 -0.02011847546663686 -0.12342857142857142 -0.12232059645852748 -0.09167758066436481 -0.11688931297709923 -0.012390038409119068 -0.1621687038605833 -0.07261146496815286 -0.08696852567642187 -0.04621309370988446 -0.020681265206812648 -0.09521513800168736 -0.12848751835535976 -0.19715785430802715 0.17356307382719155 0.2899510128425791 -0.07770700636942675 -0.14778969395762492 -0.03167171578077664 -0.11034128817038746 -0.12242899118511263 -0.22598870056497175 -0.25241100130967975 -0.2335429231361478 -0.003867973182052606 0.01742627345844504 -0.09681881051175656 -0.09844352800319275 0.026060518314753145 -0.15143670722236605 -0.20259802168990584 -1.3205939629990264 -1.5827427576774835 -0.380420999239158 -0.09639844691391083 0.08461645165765017 -0.2708388114646332 -0.10102389078498293 -0.05652993187418466 -0.13632920979550617 -0.29831980797805474 -3.6992867999532337 -4.335879743716116 -0.5592675080425638 -0.8661219358893778 -1.9969000258331178 -0.49339997436883254 -0.22535582498682127 -0.2297000731528896 -0.04626735025634613 -0.1652892561983471 -0.40426019239578553 -0.59846485967858 -0.251335599805731 -2.1015653888820416 -7.280060499117722 -1.078234704112337 -0.17697971838263796 -0.2567661346287301 -0.0327431481930633 -0.02798833819241982 -0.1204244664361512 -0.1881296273819638 -0.006222775357809585 -0.45702254149120636 -1.173219444793368 -0.43809056325929563 -0.13635784376194723 -0.18927880630008287 -0.0012919896640826874 0.05683163627752782 -0.017983455221196498 -0.07323733862959285 -0.06957386010684556 -0.22549019607843132 -0.3252647503782148 0.012423903590508139 -0.02615062761506276 -0.029436501261564336 -0.020055151667084475 0.023736859952526283 -0.06946816991231068 -0.030124111338715502 -0.07582040042648977 -0.07745370930654726 -0.40402784684236703 -0.02713369511593488 -0.07342874922215308 0.06017004578155657
-0.03933136676499509 -0.025706940874035987 -0.11542857142857144 -0.130475302889096 -0.0952494344564829 -0.1359732824427481 -0.019824061454590508 -0.17427084593973133 -0.08662420382165605 -0.10491441192711211 -0.050064184852374835 -0.021897810218978096 -0.10124141255875618 -0.12236906510034265 -0.1933171168864422 0.16601685322600931 0.3177545346220045 -0.09171974522292993 -0.15432906094690035 -0.0468190581107133 -0.1077752117013087 -0.15058765915768854 -0.2512321192451016 -0.3143231337063936 -0.25407416912613884 -0.033522434244455904 0.02412868632707775 -0.11819439205331321 -0.12105893308500733 0.0072390328652092075 -0.14496505306756408 -0.22166607079013226 -1.5396786757546252 -1.950764640059679 -0.41592695916814604 -0.13388673182487615 0.06658343736995423 -0.30107809623981063 -0.13924914675767916 -0.07247427163357009 -0.12875536480686695 -0.27888901588753007 -3.3613936630422074 -4.075899457861015 -0.5456570155902005 -1.0106851037083595 -2.6323947300439157 -0.594643085992567 -0.2530311017395888 -0.2501828822238478 -0.021257971739402283 -0.16063322081247816 -0.1775080164910674 -0.4125689613816264 -0.22098105876639146 -1.9043510415382723 -6.9901688933703054 -1.0656970912738215 -0.18473065495414034 -0.26648160999306036 -0.025466893039049237 -0.025655976676384844 -0.10969357338738524 -0.1784197111299915 0.0024891101431238367 -0.39633391132028734 -0.8755181509860568 -0.39023193029819614 -0.12998598190391233 -0.20171318043658468 -0.002583979328165375 0.05564764385507932 -0.013187867162210765 -0.07571996027805362 -0.060877127593489865 -0.2267156862745098 -0.2950075642965204 0.0012423903590508124 -0.023535564853556484 -0.032239977572189514 -0.027575833542241163 0.0056516333220300655 -0.07630110465778386 -0.03614893360645861 -0.07582040042648977 -0.1137601355439913 -0.42391844853306815 -0.0493339911198816 -0.0833851897946484 0.031393067364290386
-0.03810226155358898 -0.03241309936291494 -0.11314285714285714 -0.13630009319664493 -0.09524943445648291 -0.16579198473282442 -0.01486804609094288 -0.1754810601476461 -0.09171974522292993 -0.10767531750414135 -0.043645699614890884 -0.026763990267639905 -0.11088345185006629 -0.12236906510034265 -0.19843810011522214 0.15469752232423592 0.33761419303587975 -0.1070063694267516 -0.16086842793617578 -0.053704213715229966 -0.10392609699769054 -0.1579333986287953 -0.26205072725087153 -0.37266341231098943 -0.25920698062363656 -0.04899432697266633 0.038873994638069696 -0.12448132780082988 -0.11706797924704004 0.005791226292167365 -0.14625938389852444 -0.23715886068406622 -1.766066212268744 -2.405818724356583 -0.4463606391072787 -0.17271388405409024 0.05964766264391733 -0.32605837496713114 -0.16791808873720135 -0.0826206696622699 -0.09972229235041655 -0.2617441993370671 -2.913597568104759 -3.6779201577131593 -0.5147240781984659 -1.1401634192331866 -3.3673469387755097 -0.7010124311162375 -0.26752767527675275 -0.26335040234089246 -0.005001875703388772 -0.14084507042253522 -0.012597343105817699 -0.27104821300071963 -0.17969888295288977 -1.661530876371256 -6.4544996218805135 -1.0042627883650952 -0.17439607285880382 -0.25815405968077726 -0.02304147465437788 -0.02798833819241983 -0.10373196613807083 -0.18934336691346032 0.01991288114499067 -0.3480307158781274 -0.6506720261273709 -0.34237329733709665 -0.10704727921498661 -0.2003315833103067 0.003875968992248062 0.04380771963059437 -0.02637573432442153 -0.08192651439920556 -0.05714995651633744 -0.23529411764705882 -0.27861825516893596 -0.008696732513355697 -0.03268828451882845 -0.032239977572189514 -0.028829280521433947 0.0022606533288120263 -0.07971757203052045 -0.024099289070972408 -0.07345101291316196 -0.11739077816773569 -0.4413227250124316 -0.05056734089787864 -0.08711885500933417 0.02485284499672989
-0.0368731563421829 -0.029060020118475464 -0.10857142857142857 -0.14212488350419386 -0.08572449101083462 -0.16459923664122136 0.006195019204559535 -0.1839525596030497 -0.06751592356687898 -0.11181667586968524 -0.041078305519897294 -0.024330900243309 -0.11811498131854888 -0.1284875183553598 -0.1958776085008322 0.17230537039366117 0.38395339600158873 -0.10191082802547771 -0.14517394716191473 -0.037179840264389974 -0.10392609699769054 -0.16038197845249752 -0.2921024161557879 -0.4333849267769973 -0.2784550237392532 -0.043837029396596186 0.06836461126005362 -0.11945177920281655 -0.1077557536251164 0.026060518314753145 -0.16049702303908878 -0.23239184840900964 -1.9997565725413828 -2.8384930995897055 -0.4780623890438752 -0.18878029187307538 0.048550423082258286 -0.34577964764659475 -0.17064846416382257 -0.07102478620089868 -0.08457460237313809 -0.23774145616641898 -2.4190342569858534 -3.2552981764415967 -0.4714179658500372 -1.245757385292269 -4.169465254456213 -0.7920030757401 -0.26884554559831314 -0.26627651792245793 -0.0012504689258471939 -0.10708881387498545 0.07100320659642693 -0.17630127128807868 -0.14934434191355028 -1.398989276469863 -5.733551802369549 -0.9190070210631894 -0.15243508590621369 -0.22345593337959752 -0.024254183846713552 -0.018658892128279887 -0.09061643018957913 -0.18570214831897072 0.047293092719352836 -0.28610354223433243 -0.477326968973747 -0.30065038655049703 -0.058621129093921254 -0.18789720917380492 0.015503875968992248 0.046175704475491366 -0.031171322383407262 -0.09061569016881828 -0.05218039508013418 -0.23284313725490197 -0.24710035300050426 -0.013666293949558952 -0.024843096234309622 -0.01962433417437623 -0.028829280521433947 0.012433593308466145 -0.07630110465778386 -0.016869502349680682 -0.07108162539983413 -0.09560692242526928 -0.43510691198408746 -0.033300444005920075 -0.08089607965152458 0.045781556572923474
-0.0331858407079646 -0.029060020118475464 -0.10171428571428572 -0.14328984156570362 -0.09167758066436481 -0.1586354961832061 0.0024780076818238113 -0.18274234539513493 -0.08407643312101912 -0.09939260077305356 -0.04236200256739409 -0.025547445255474456 -0.14583584428106544 -0.14072442486539402 -0.20611957495839203 0.15218211545717522 0.4223487356017476 -0.10063694267515924 -0.1504054407533351 -0.028917653538969978 -0.09494482935591482 -0.16038197845249755 -0.326962375285491 -0.4786284081438266 -0.3054022841011164 -0.04254770500257865 0.07908847184986596 -0.1106500691562932 -0.12504988692297458 0.04343419719125525 -0.1617913538700492 -0.2359671076153021 -2.196932814021422 -3.2811140121845086 -0.5173725589652549 -0.2128799036015531 0.023581634068525446 -0.3668156718380226 -0.2020477815699659 -0.07102478620089867 -0.0719515273920727 -0.21602468853583265 -1.9186250438442651 -2.7414982750123214 -0.44419698094531057 -1.353865493400377 -4.983208473262723 -0.8919646289888504 -0.28070637849235636 -0.27212874908558893 0.010003751406777542 -0.07566057502037017 0.11452130096197892 -0.11153753897817223 -0.12506070908207872 -1.148773573277456 -4.9294176959919325 -0.8287362086258776 -0.16535331352538435 -0.19569743233865372 -0.009701673538685422 -0.004664723032069972 -0.08703946583999046 -0.17356475300400534 0.06222775357809583 -0.23284617290066884 -0.3680442155508102 -0.25770033132899745 -0.05224926723588633 -0.1713180436584692 0.01421188630490956 0.042623727208145876 -0.03356911641290013 -0.09061569016881829 -0.053422785439184994 -0.23284313725490194 -0.2571860816944024 -0.01987824574481302 -0.05491631799163179 -0.009812167087188116 -0.00376034093757834 0.02373685995252628 -0.07857874957294157 -0.008434751174840344 -0.07345101291316194 -0.08834563717778048 -0.44629537543510694 -0.02343364578194376 -0.09458618543870567 0.05755395683453237
-0.03687315634218289 -0.024589247792556165 -0.10628571428571428 -0.13746505125815472 -0.10953684962495536 -0.16221374045801526 -0.01610704993185479 -0.1754810601476461 -0.10445859872611465 -0.09249033683048041 -0.04492939666238767 -0.023114355231143552 -0.15427262866096178 -0.149290259422418 -0.22148252464473178 0.14840900515658412 0.4567721435191315 -0.10063694267515924 -0.14778969395762492 -0.02478656017625998 -0.10905824993584809 -0.16772771792360433 -0.4026926313258805 -0.556018573639719 -0.34646477608109844 -0.05028365136668387 0.07238605898123325 -0.1106500691562932 -0.1529865637887455 0.05646445634863182 -0.16826300802485114 -0.2288165892027172 -2.322297955209348 -3.6665423349496455 -0.5566827288866345 -0.25974025974025977 -0.06242197253433209 -0.3865369445174862 -0.24573378839590446 -0.06377735903754167 -0.06311537490532694 -0.19087895759515372 -1.4252309131298957 -2.2067520946278956 -0.423162583518931 -1.4368321810182274 -5.737535520537329 -0.988081507112649 -0.27543489720611486 -0.2750548646671544 -4.163336342344337e-18 -0.0523803980910255 0.11681172698121849 -0.06356440393379707 -0.11534725594949002 -0.9219770738321212 -4.116460801613309 -0.729689067201605 -0.17568789562072085 -0.15683553088133242 -0.01212709192335678 -0.005830903790087464 -0.0775008942410874 -0.15778613909455033 0.06347230864965775 -0.1932127817686401 -0.30775028262781057 -0.21229598723769788 -0.05097489486427934 -0.14783089251174358 0.011627906976744188 0.046175704475491366 -0.0431602925308716 -0.0980635551142006 -0.06708907938874394 -0.23651960784313725 -0.2710539586485124 -0.028574978258168716 -0.06145397489539748 -0.011213905242500703 -0.007520681875156682 0.025997513281338307 -0.07971757203052043 -0.012049644535486202 -0.08174386920980928 -0.08713542296986568 -0.45251118846345106 -0.024666995559940803 -0.10703173615432485 0.06671026814911707
-0.03687315634218289 -0.04582541634067285 -0.12571428571428572 -0.16309412861137 -0.13453982616978213 -0.16698473282442747 -0.04708214595465245 -0.17669127435556092 -0.13630573248407643 -0.08420762009939262 -0.03337612323491655 -0.04257907542579076 -0.1639146679522719 -0.18967205090553108 -0.22276277045192677 0.13583197082128035 0.48722361975374023 -0.1197452229299363 -0.16086842793617578 -0.028917653538969978 -0.10264305876315113 -0.17384916748285992 -0.4543815362423368 -0.6596023336111443 -0.3734120364429616 -0.05286230015471893 0.064343163538874 -0.1144222306048032 -0.1849141944924837 0.07383813522513391 -0.18250064716541547 -0.23000834227148131 -2.381937682570594 -3.981101579012807 -0.6061374587877252 -0.3159726871067078 -0.25939797475378 -0.4220352353405207 -0.30170648464163824 -0.07247427163357009 -0.030295379954556927 -0.1714481655046291 -0.9470361276745001 -1.6966485953671762 -0.38851769364018807 -1.484600879949717 -6.37173856884526 -1.0765090349865436 -0.28729573010015813 -0.2838332114118508 0.021257971739402276 -0.029100221161680834 0.15231333027943197 -0.026385224274406333 -0.07163671685284119 -0.6840872673486996 -3.249306780942778 -0.6155967903711133 -0.16018602247771604 -0.1193615544760583 -0.019403347077370847 -0.013994169096209912 -0.08465482294026469 -0.15535866003155724 0.048537647790914754 -0.15110230369085956 -0.29142067579449815 -0.1693459320161983 -0.07901108703963297 -0.12987012987012986 0.029715762273901807 0.03788775751835188 -0.04196139551612517 -0.12413108242303875 -0.06708907938874395 -0.24387254901960786 -0.2899646999495714 -0.03727171077152442 -0.0928347280334728 -0.00841042893187553 -0.005013787916771119 0.023736859952526283 -0.07060699236988953 -0.03132907579226413 -0.08174386920980928 -0.08471499455403607 -0.4562406762804575 -0.023433645781943763 -0.12570006222775357 0.07063440156965337
-0.03933136676499508 -0.0480608025036325 -0.128 -0.15959925442684064 -0.14525538754613646 -0.1538645038167939 -0.06318919588650725 -0.1657993464843277 -0.14267515923566879 -0.0621203754831585 -0.03465982028241335 -0.05109489051094891 -0.17596721706640955 -0.20802741067058247 -0.2342849827166816 0.1333165639542196 0.4726598702502317 -0.1159235668789809 -0.18964164268898773 -0.009639217846323326 -0.09751090582499358 -0.17997061704211556 -0.5036663060464 -0.8584355280390523 -0.4080585140510715 -0.08896338318720991 0.021447721179624662 -0.12825348924933985 -0.20619928162830914 0.07818155494425945 -0.1747346621796531 -0.21928256465260398 -2.2273612463485883 -3.875419619544946 -0.6023332487953336 -0.37354398179140447 -0.7157719517270079 -0.507494083618196 -0.30716723549488056 -0.07537324249891288 -0.02019691996970462 -0.14630243456395015 -0.6407108616859583 -1.2407589945786106 -0.3526354862657758 -1.3739786297925831 -6.428571428571429 -1.06241189286172 -0.2965208223510807 -0.2648134601316752 0.027510316368638238 -0.005820044232336166 0.1511681172698122 0.009594627008875032 -0.04249635745507528 -0.4807099716504375 -2.5548273254348377 -0.4902206619859578 -0.15243508590621366 -0.06662040249826509 -0.018190637885035173 -0.010495626822157435 -0.08465482294026469 -0.14686248331108145 0.05102675793403858 -0.11642308645033442 -0.26755432734581086 -0.1386673211436986 -0.07263922518159806 -0.11329096435479416 0.025839793281653745 0.03315178782855789 -0.0467569835751109 -0.13157894736842107 -0.07702820226115045 -0.24877450980392157 -0.32526475037821484 -0.05093800472108336 -0.1268305439330544 -0.0014017381553125881 0.01128102281273502 0.020345879959308238 -0.05807994533652203 -0.025304253524521026 -0.07700509418315366 -0.07745370930654727 -0.4450522128294382 -0.009866798223976323 -0.14063472308649658 0.09025506867233485
-0.05408062930186823 -0.04917849558511233 -0.14171428571428574 -0.1770736253494874 -0.15954280271460888 -0.1479007633587786 -0.09292528806839302 -0.1536972044051797 -0.15159235668789808 -0.0455549420209829 -0.033376123234916566 -0.055961070559610714 -0.19043027600337473 -0.2361722956436613 -0.25220842401741134 0.10313168154949062 0.42896862173970607 -0.12738853503184713 -0.2014125032696835 -0.012393280088129992 -0.09879394405953297 -0.17997061704211553 -0.5373241976199062 -0.9513037266341231 -0.45553702040292576 -0.10830324909747294 -0.0549597855227882 -0.1383125864453665 -0.22083277903418916 0.08976400752859418 -0.1786176546725343 -0.20259802168990587 -2.038704965920156 -3.6242695511625023 -0.6036013187927974 -0.4016601954746285 -1.219309196837287 -0.6034709439915856 -0.32081911262798635 -0.08117118422959849 -0.0063115374905326925 -0.12001371585324035 -0.4021980591605286 -0.9204041399704289 -0.30932937391734716 -1.2231301068510372 -6.148282097649187 -1.0162757913622966 -0.27279915656299425 -0.2531089978054133 0.018757033887707893 0.0139681061576068 0.15460375629867157 0.03717917965939074 -0.025497814473045166 -0.35252064587698756 -1.9624401310814221 -0.4012036108324974 -0.12401498514403822 -0.04718945176960443 -0.016977928692699495 -0.013994169096209912 -0.08107785859067604 -0.1335113484646195 0.06098319850653391 -0.10403765172157545 -0.2436879788971235 -0.1386673211436986 -0.05862112909392124 -0.11605415860735009 0.01808785529715762 0.035519772673454894 -0.058745953722575225 -0.12040714995034758 -0.08572493477450616 -0.2450980392156863 -0.3366111951588503 -0.05963473723443906 -0.13336820083682008 -6.938893903907229e-19 0.021308598646277266 0.0339097999321804 -0.052385833048627706 -0.004819857814194478 -0.07108162539983415 -0.05566985356408085 -0.4276479363500746 0.004933399111988157 -0.13316739265712507 0.09941137998691954
-0.04670599803343166 -0.04917849558511233 -0.14057142857142857 -0.17707362534948742 -0.16549589236813905 -0.14432251908396948 -0.09788130343204064 -0.16458913227641292 -0.15668789808917197 -0.052457205963556054 -0.0423620025673941 -0.06934306569343066 -0.2109196094974087 -0.24596182085168872 -0.2714121111253361 0.0855238334800654 0.37468555540844706 -0.1375796178343949 -0.21579911064608948 -0.01652437345083999 -0.10136002052861175 -0.1909892262487757 -0.5661738189686261 -1.0036909155851887 -0.4965995123829077 -0.10959257349149046 -0.10723860589812333 -0.14334213504337984 -0.232805640548091 0.09555523382076155 -0.16438001553196996 -0.18233821952091528 -1.809883154819864 -3.3619296282481663 -0.5833121988333756 -0.4284375418396037 -1.4870301012623108 -0.6547462529581909 -0.32491467576791805 -0.07247427163357009 -0.005049229992426156 -0.10286889930277746 -0.24786624576172103 -0.6148348940364712 -0.27468448403860435 -1.0798240100565681 -5.661327822268149 -0.9714212482378572 -0.24117026884554557 -0.24579370885149965 0.015005627110166314 0.03492026539401699 0.13398992212551536 0.056368433677140804 -0.02185526954832443 -0.2157031924072476 -1.4860095790269725 -0.31218655967903713 -0.10851311200103342 -0.03469812630117973 -0.009701673538685424 -0.006997084548104956 -0.091808751639442 -0.12622891127564026 0.05600497822028625 -0.10651473866732723 -0.2122848888330612 -0.1497116210577985 -0.05862112909392124 -0.1284885327438519 0.01808785529715762 0.029599810561212407 -0.04795588058985733 -0.12040714995034758 -0.08820971549260778 -0.2524509803921569 -0.34165405950579936 -0.08324015405640453 -0.1412133891213389 -0.012615643397813289 0.011281022812735022 0.03390979993218039 -0.07288463728504727 -0.006024822267743098 -0.08529795047980099 -0.04114728306910324 -0.4114868224763799 0.004933399111988158 -0.14063472308649658 0.09941137998691954
-0.04056047197640118 -0.042472337096233374 -0.13714285714285715 -0.16775396085740915 -0.17025836409096323 -0.11927480916030538 -0.10655433031842398 -0.15974827544475373 -0.17197452229299362 -0.04141358365543898 -0.044929396662387676 -0.07664233576642335 -0.22176690370013258 -0.25208027410670586 -0.2829343233900909 0.07420450257829206 0.3349662385806964 -0.14012738853503184 -0.2210306042375098 -0.017901404571743322 -0.09109571465229664 -0.20078354554358474 -0.5709820891934128 -1.0382188355756639 -0.5145643526241499 -0.1263537906137184 -0.15683646112600536 -0.15465861938890985 -0.24743913795397102 0.10134646011292889 -0.15143670722236605 -0.1513526397330473 -1.5859298928919183 -3.031207260972274 -0.5693634288612731 -0.44450394965858886 -1.618809821057012 -0.7033920589008676 -0.3385665529010239 -0.0695753007682273 0.008836152486745772 -0.07886615613212941 -0.0935344323629136 -0.36594381468703785 -0.23509032417718387 -0.9151477058453802 -5.171790235081376 -0.8894015122388824 -0.21613073273589878 -0.2282370153621068 0.020007502813555084 0.04423233616575486 0.11452130096197895 0.07675701607100024 -0.01699854298203011 -0.13681745346973992 -1.0032770355432314 -0.23696088264794382 -0.09430306161994571 -0.019430950728660648 -0.004850836769342712 0.0011661807580174931 -0.10015500178848218 -0.10923655783468866 0.05600497822028625 -0.08422095615556106 -0.18716241678181128 -0.1386673211436986 -0.06881610806677711 -0.1160541586073501 0.021963824289405683 0.026047833293866923 -0.03117132238340727 -0.10799404170804368 -0.0819977636973537 -0.23529411764705882 -0.34165405950579936 -0.06957386010684558 -0.15821129707112971 0.005606952621250353 0.007520681875156678 0.0339097999321804 -0.08313403940325703 -0.0012049644535486177 -0.09714488804644002 -0.048408568316592036 -0.3853804077573346 -0.0024666995559940825 -0.15308027380211575 0.08894702419882275
-0.02212389380530973 -0.04582541634067285 -0.128 -0.17357875116495808 -0.15835218478390284 -0.11092557251908397 -0.11027134184115969 -0.1549074186130945 -0.1681528662420382 -0.04003313086692435 -0.04107830551989731 -0.0754257907542579 -0.22899843316861518 -0.2533039647577093 -0.29189604404045577 0.05533895107533644 0.2753872633390706 -0.13503184713375796 -0.2314935914203505 -0.012393280088129992 -0.09879394405953297 -0.18364348677766895 -0.569780021637216 -1.0167877128229554 -0.5248299756191454 -0.12764311500773595 -0.20107238605898123 -0.14711429649188984 -0.25143009179193826 0.10713768640509629 -0.13202174475796014 -0.12155881301394351 -1.3205939629990262 -2.6395623523560863 -0.5300532589398934 -0.4592314901593252 -1.6826189485365517 -0.7112805679726532 -0.3235494880546075 -0.07102478620089868 0.027770764958343852 -0.05943536404160478 0.0023383608090728316 -0.181123706259241 -0.19673348181143285 -0.7693274670018856 -4.581503487470939 -0.8073817762399077 -0.19109119662625196 -0.2165325530358449 0.022508440665249468 0.05354440693749272 0.1065048098946404 0.08755097145598464 -0.012141816415735793 -0.06409466288672502 -0.6491051172170406 -0.16549648946840526 -0.08138483400077509 -0.0027758501040943753 0.0012127091923356766 0.005830903790087464 -0.10253964468820793 -0.11045029736618521 0.06098319850653391 -0.06316571711667078 -0.17334505715362392 -0.12516873235979875 -0.06499299095195617 -0.09809339596573641 0.03488372093023255 0.02012787118162444 -0.035966910442392995 -0.09930486593843099 -0.08324015405640453 -0.21936274509803924 -0.34291477559253664 -0.06584668902969312 -0.1752092050209205 0.009812167087188114 0.010027575833542244 0.04182208658302249 -0.08313403940325705 0.007229786721291725 -0.10543774434308731 -0.02178385574246642 -0.3530581800099453 0.0049333991119881624 -0.14810205351586808 0.09548724656638326
-0.01229105211406096 -0.05253157482955181 -0.12571428571428572 -0.17823858341099721 -0.15954280271460886 -0.1001908396946565 -0.11646636104571924 -0.1609584896526685 -0.1592356687898089 -0.037272225289895086 -0.04107830551989731 -0.0754257907542579 -0.21212486440882244 -0.25819872736172295 -0.2816540775828959 0.04653502704062381 0.24625976433205352 -0.13121019108280255 -0.22626209782893017 -0.008262186725419996 -0.1052091352322299 -0.18854064642507343 -0.5709820891934128 -0.9739254673175382 -0.5248299756191454 -0.14311500773594638 -0.23458445040214476 -0.1534012322394065 -0.2540907276839165 0.09121181410163601 -0.1203727672793166 -0.0965319985698963 -1.0564751703992208 -2.150938704463509 -0.5008876489982247 -0.465925826750569 -1.7062005826050772 -0.699447804364975 -0.30716723549488056 -0.06667632990288448 0.030295379954556927 -0.040004571951080134 0.043259674967847536 -0.07146377525874817 -0.16951249690670628 -0.6222501571338781 -3.8685094290880913 -0.7035755478662054 -0.15946230890880336 -0.19312362838332112 0.022508440665249468 0.06052846001629612 0.0961978928080623 0.10434156872151594 -0.013355998057309373 -0.016023665721681235 -0.42097302747668264 -0.1078234704112337 -0.060715669810102055 0.009715475364330324 0.007276255154014066 0.004664723032069972 -0.10253964468820793 -0.10195412064570944 0.059738643434972004 -0.058211543225167195 -0.14947870870493657 -0.1104429991409989 -0.053523639607493324 -0.08151423045040067 0.05426356589147287 0.023679848448969927 -0.0035966910442393057 -0.08689175769612711 -0.06584668902969312 -0.21200980392156862 -0.3139183055975795 -0.0720586408249472 -0.1542887029288703 0.009812167087188114 0.012534469791927802 0.04521306657624054 -0.07402345974262613 0.013254608989034827 -0.10306835682975952 -0.01331235628706281 -0.313276976628543 0.00986679822397632 -0.14436838830118232 0.09941137998691955
-0.031956735496558517 -0.0480608025036325 -0.1382857142857143 -0.16658900279589936 -0.17740207167519945 -0.09661259541984735 -0.14868046090942882 -0.1500665617814353 -0.17579617834394903 -0.027609055770292656 -0.055198973042362 -0.06690997566909976 -0.20730384476316738 -0.25085658345570244 -0.29317628984765076 0.030184882404728962 0.1747649940421025 -0.12484076433121019 -0.2328014648182056 -0.008262186725419996 -0.11675647934308439 -0.1848677766895201 -0.5409304002884963 -0.9167758066436482 -0.5145643526241499 -0.13924703455389378 -0.28418230563002683 -0.14585690934238654 -0.25941199946787286 0.08542058780946864 -0.12037276727931659 -0.07508044333214156 -0.7960077896786758 -1.6498818848688301 -0.46411361907177273 -0.465925826750569 -1.7325565265640175 -0.6770970286615831 -0.28532423208191127 -0.07102478620089868 0.016409997475385 -0.01257286547033946 0.05495147901321175 0.03449975357318876 -0.1596139569413512 -0.46888749214330616 -3.0793076724360624 -0.5805459438677432 -0.13969425408539798 -0.15801024140453546 0.011254220332624732 0.06751251309509954 0.09161704076958314 0.11513552410650037 -0.01699854298203011 0.023419203747072594 -0.2999747920342829 -0.05140421263791375 -0.06200749257201913 0.016655100624566273 -0.018190637885035173 0.002332361516034986 -0.13115535948491713 -0.08860298579924748 0.029869321717486002 -0.05697299975229131 -0.160783821127999 -0.09326297705239907 -0.07518796992481203 -0.06631666206134292 0.027131782945736434 0.0319677954061094 -0.005994485073732165 -0.08689175769612711 -0.08696732513355696 -0.21446078431372548 -0.32400403429147756 -0.0720586408249472 -0.17390167364016737 0.002803476310625175 0.006267234895963899 0.04069175991861649 -0.07516228220020499 0.010844680081937588 -0.10899182561307903 -0.01573278470289241 -0.2884137245151666 0.0012333497779970378 -0.14810205351586808 0.08240680183126226
-0.02826941986234021 -0.042472337096233374 -0.13485714285714284 -0.15144454799627216 -0.16787712822955111 -0.10854007633587788 -0.1523974724321645 -0.15611763282100932 -0.1592356687898089 -0.04003313086692435 -0.0564826700898588 -0.06569343065693431 -0.18319874653489215 -0.241067058247675 -0.277813340161311 0.033957992705320086 0.11253806434529327 -0.12993630573248408 -0.21449123724823432 -0.017901404571743322 -0.1193225558121632 -0.18854064642507345 -0.5000601033778098 -0.8679604714847008 -0.4760682663929168 -0.1508509541000516 -0.3096514745308311 -0.14711429649188984 -0.23945723027803645 0.08252497466338496 -0.11260678229355425 -0.054820641163150996 -0.5537974683544304 -1.1301753077209995 -0.41085467917829066 -0.4645869594323203 -1.7394923012900545 -0.6560610044701553 -0.2525597269624573 -0.07537324249891289 0.02145922746781116 0.004571951080123448 0.06898164386764878 0.08501724987678659 -0.13115565454095518 -0.31301068510370833 -2.264272797726685 -0.45110854799436123 -0.10015814443858724 -0.13606437454279444 0.006252344629235959 0.06518449540216506 0.0858909757214842 0.11153753897817223 -0.010927634774162216 0.02834956243066683 -0.21048651373834132 -0.03134403209628885 -0.036171037333677825 0.008327550312283133 -0.021828765462042203 -0.001166180758017492 -0.12757839513532848 -0.07282437188979245 0.0224019912881145 -0.0644042605895467 -0.15575932671774903 -0.09449012148729906 -0.062444246208742206 -0.07460624481901076 0.031007751937984496 0.029599810561212407 -0.0011988970147464354 -0.0881330685203575 -0.07578581190209964 -0.22303921568627452 -0.2861825516893596 -0.08696732513355696 -0.1412133891213389 -0.014017381553125874 -0.008774128854349462 0.03617045326099244 -0.07060699236988954 0.01927943125677793 -0.1042530505864234 -0.01089192787123321 -0.2573346593734461 -0.00493339911198816 -0.14063472308649655 0.07455853499018966
-0.027040314650934115 -0.044707723259193026 -0.12799999999999995 -0.1363000931966449 -0.15597094892249075 -0.08229961832061068 -0.14744145706851688 -0.14643591915769089 -0.14012738853503184 -0.022087244616234118 -0.06546854942233633 -0.0681265206812652 -0.17717247197782332 -0.2214880078316202 -0.2675713737037511 0.02766947553766822 0.03574738514497551 -0.12229299363057325 -0.21318336385037923 -0.017901404571743322 -0.11547344110854503 -0.1860920666013712 -0.4363505228993869 -0.7750922728896299 -0.43885538303605803 -0.15600825167612173 -0.3243967828418231 -0.13705519929586318 -0.20885991752028737 0.08252497466338496 -0.1009578048149107 -0.04051960433798117 -0.35540408958130476 -0.6527415143603134 -0.36266801927466397 -0.41638773597536494 -1.6853932584269669 -0.6297659742308704 -0.21706484641638224 -0.08262066966226989 0.017672304973491544 0.02285975540061721 0.07132000467672162 0.12444553967471661 -0.10888393961890622 -0.17096165933375237 -1.4892792560061996 -0.3216711521209791 -0.09225092250922509 -0.11704462326261884 0.01250468925847192 0.06169246886276336 0.09505267979844252 0.11753418085871911 -1.3877787807814458e-18 0.04807099716504376 -0.1399042097302748 0.0025075225677031097 -0.007750936571502389 0.013879250520471894 -0.027892311423720596 -0.0023323615160349863 -0.12638607368546562 -0.059473237043330504 0.033602986932171744 -0.04334902155065643 -0.12938073106393672 -0.09326297705239908 -0.045877405377851406 -0.07322464769273279 0.027131782945736434 0.01894387875917594 0.013187867162210765 -0.08316782522343595 -0.06833146974779475 -0.2107843137254902 -0.2521432173474534 -0.08075537333830288 -0.1451359832635983 -0.007008690776562937 -0.012534469791927802 0.031649146603368386 -0.07060699236988954 0.02289432461742379 -0.0947755005331122 -0.016942998910807215 -0.2163102933863749 0.00123334977799704 -0.1331673926571251 0.06671026814911706
-0.028269419862340217 -0.021236168548116684 -0.11542857142857141 -0.10950605778191987 -0.14168353375401832 -0.0715648854961832 -0.13257341097757405 -0.1367542054943725 -0.12738853503184713 -0.00966316951960243 -0.07188703465982028 -0.04744525547445256 -0.16270941304085815 -0.1982378854625551 -0.25604916143899625 0.008803924034712609 -0.02515556732424202 -0.10955414012738854 -0.20402825006539368 -0.017901404571743322 -0.10136002052861175 -0.1616062683643487 -0.3522057939656208 -0.6488867722347899 -0.38496086231233156 -0.12377514182568335 -0.3270777479892762 -0.1056205205582799 -0.19156578422242912 0.09700304039380339 -0.08672016567434637 -0.011917530687641517 -0.21421616358325216 -0.23747357951013298 -0.2891199594217601 -0.3668496452001607 -1.5106117353308364 -0.5916381803839075 -0.17201365187713308 -0.08262066966226989 0.0037869224943196137 0.04686249857126529 0.06079738103589384 0.13923114834894035 -0.10022271714922049 -0.05656819610307982 -0.786618444846293 -0.19479687299756504 -0.07380073800738007 -0.08046817849305046 0.005001875703388772 0.06402048655569782 0.09047182775996335 0.13312544974814106 -1.3877787807814458e-18 0.06779243189942069 -0.10083186286866648 0.03134403209628887 0.003875468285751196 0.02359472588480222 -0.027892311423720596 0.01282798833819242 -0.12280910933587696 -0.0327709673504066 0.04107031736154325 -0.04087193460490463 -0.10300213541012435 -0.09694441035709903 -0.028036192175353636 -0.07184305056645482 0.015503875968992248 0.0331517878285579 0.01918235223594293 -0.06703078450844091 -0.06708907938874394 -0.21078431372549017 -0.2118003025718608 -0.07330103118399799 -0.12944560669456068 1.3877787807814458e-18 -0.00877412885434946 0.04747371990505257 -0.07743992711536271 0.0469936136883962 -0.09240611301978438 0.004840856831659202 -0.1926902038786673 0.020966946225949683 -0.13690105787181084 0.08109875735775016
-0.018436578171091445 -0.017883089303677206 -0.11199999999999999 -0.0990214352283318 -0.13930229789260623 -0.08826335877862596 -0.1251393879321026 -0.1476461333656057 -0.12229299363057325 -0.01794588625069023 -0.07060333761232349 -0.036496350364963515 -0.13378329516692783 -0.16397454723445914 -0.2278837536807067 0.02138095837001635 -0.04766318019330067 -0.09681528662420381 -0.17394716191472667 -0.006885155604516661 -0.0949448293559148 -0.13099902056807053 -0.2764755379252314 -0.40004762471722827 -0.32593353009110737 -0.07864878803506961 -0.29892761394101885 -0.0779580032692066 -0.18092324065451637 0.11148110612422182 -0.08283717318146519 0.009534024550113216 -0.189873417721519 -0.12433171702101205 -0.25361399949277197 -0.2985674119694738 -1.0653349979192674 -0.49171706547462524 -0.1569965870307167 -0.07537324249891289 -0.00252461499621308 0.06172133958166648 0.05144393779960248 0.1441596845736816 -0.09403612967087356 -0.020113136392206174 -0.43657969516920686 -0.12943739587338202 -0.05007907221929362 -0.06730065837600584 -0.003751406777541581 0.05936445116982889 0.08360054970224462 0.13192612137203166 -0.006070908207867898 0.06655984222852213 -0.07310310057978323 0.03134403209628887 0.009042759333419453 0.005551700208188758 -0.0327431481930633 0.019825072886297375 -0.12757839513532848 -0.023061051098434274 0.031113876789047916 -0.05201882586078771 -0.10551438261524934 -0.10308013253159895 -0.036956798776602524 -0.06769825918762089 0.01421188630490956 0.03078380298366091 0.01918235223594293 -0.058341608738828196 -0.060877127593489865 -0.2034313725490196 -0.17650025214321732 -0.06584668902969312 -0.1019874476987448 0.0028034763106251754 -0.02256204562547004 0.049734373233864586 -0.08313403940325705 0.054223400409687914 -0.0947755005331122 0.015732784702892414 -0.16285430134261564 0.02220029600394672 -0.1269446172993155 0.07848266841072596
