0.04429678848283499 -0.058107051067158334 0.002287805994051706 -0.0372873456070846 0.041726275631855034 -0.05968723886832995 0.053343257660339906 -0.006056201550387595 0.06379178361826997 -0.0469548404916448 0.0025687130747495497 -0.046206225680933855 0.01808100289296046 -0.013462244523314165 -0.030765286501730556 -0.038886101354741597 0.006614631565021826 0.04966254934419967 0.07079181961195595 0.03305785123966942 -0.03209242618741977 0.0490075961774075 -0.024041351123933165 0.04642304487561004 -0.08344030808729139 0.13939081053175012 0.022818791946308727 0.15086748805632386 -0.014645187058980163 0.12458351441402289 0.05962410887880752 -0.05121486422105764 -0.02553501945525292 -0.017361111111111112 0.016516325752763312 0.0657100710741585 -0.0055386319579063936 -0.043398211467648606 0.046492547518118404 -0.06379585326953749 -0.04419191919191919 0.009148084619782736 -0.1295820686434742 -0.12129380053908356 -0.16083137448966967 0.023863350916855063 0.020790020790020798 0.12702078521939955 -0.017134572294714646 0.07764430120128918 -0.1375515818431912 -0.04311349335819157 -0.4418498168498168 -0.5612183715073751 -0.20383402086872118 -0.036923076923076927 -0.04918032786885246 0.060180541624874614 -0.015505879312572687 -0.02220988339811216 -0.029147437454457126 -0.14817407537043517 -0.6655534351145038 -1.1197285506543868 -0.16923842707814835 -0.3318885448916409 -0.13470980737756516 -0.16341073841995332 0.06765381669645136 -0.042876901798063624 -0.08271940028434793 -0.127856043565763 -0.18824940047961633 -0.28294862248696956 -0.17282108665920676 -0.28777859417095275 -0.162940507768094 -0.1094391244870041 -0.0589236611234778 -0.09113853056646101 -0.058948952715414525 0.016962569263824494 -0.09686609686609686 -0.022902603664416585 -0.07708728652751423 -0.03753481050974694 -0.062297533017692495 0.03085657862256232 0.013710582076529972 -1.908195823574488e-18
0.044296788482834984 -0.055872164487652254 0.010295126973232671 -0.02913073875553484 0.03457319980925131 -0.05849349409096335 0.055824339411983614 -0.013323643410852714 0.056136769584077574 -0.044192791050959815 0.0102748522989982 -0.052285992217898834 0.021697203471552556 -0.01590992534573492 -0.01666453018843738 -0.027596588058203718 0.04101071570313534 0.05093594804533299 0.07079181961195595 0.024793388429752063 -0.034659820282413344 0.04043126684636119 -0.028849621348719795 0.04523271039162004 -0.09884467265725287 0.1587506453278265 0.009395973154362415 0.1646970077948202 -0.035947277326587666 0.14196726061132842 0.05573558003888529 -0.05836112434492615 -0.03526264591439689 -0.022321428571428572 0.003811459789099224 0.07509722408475257 -0.011077263915812794 -0.038137822198842715 0.028715985231779022 -0.056546324488908215 -0.05050505050505051 -0.018296169239565462 -0.18094793369133785 -0.15804949767213922 -0.1855746628726958 0.046470735995980915 0.04287941787941788 0.13728509109571466 -0.007908264136022141 0.0805742748315265 -0.14380392647242715 -0.08622698671638314 -0.8047161172161171 -1.0121117640004798 -0.24993933511283667 -0.07261538461538461 -0.0617906683480454 0.05516549648946839 -0.03230391523452643 -0.008328706274292061 -0.047364585863492834 -0.18084237545210596 -0.9088740458015266 -1.3936015511391178 -0.23145843703334995 -0.6749226006191951 -0.9656301145662848 -0.2825899987713478 0.020423793719683427 -0.07745504840940527 -0.08659687217267674 -0.13969456611814846 -0.19784172661870503 -0.3028046661702656 -0.1802809896804675 -0.36002939015429836 -0.31451307313376275 -0.16664593955975623 -0.07725546680633757 -0.1079641054402692 -0.045152389313934525 0.016962569263824494 -0.08660968660968661 -0.016875602700096432 -0.08064516129032259 -0.03995641118779514 -0.09220034886618489 0.03085657862256232 -0.0024928331048236323 1.0408340855860842e-18
0.05167958656330749 -0.05140239132864007 0.018302447952413637 -0.022139361454206474 0.045302813543156885 -0.053718514981496955 0.05830542116362734 -0.012112403100775194 0.05486093391171217 -0.041430741610274824 0.017980991523246854 -0.059581712062256806 0.024108003857280617 -0.02325296781299719 -0.010255095500576848 -0.03135975915704968 0.07011509458923137 0.03565516363173309 0.07603565810173046 0.016528925619834715 -0.021822849807445442 0.02695417789757413 -0.03005168890491645 0.03213903106773003 -0.08857509627727854 0.1471347444501807 0.018791946308724834 0.1521247171234599 -0.03195313540141127 0.14486455164421266 0.06351263771872974 -0.070271557884707 -0.038910505836575876 -0.028521825396825396 0.008893406174564859 0.07375620222609627 -0.013846579894765992 -0.05128879537085744 0.016409134418159443 -0.057996230245034065 -0.05808080808080809 -0.0548885077186964 -0.23114639271538637 -0.21563342318059303 -0.20165780032166278 0.02135141924139664 0.06626819126819126 0.12573774698486015 -0.0013180440226703584 0.08203926164664518 -0.15505814680505187 -0.14099277557678863 -1.2099358974358974 -1.4821921093656314 -0.2911914583838874 -0.12430769230769231 -0.06431273644388398 0.04262788365095285 -0.028427445406383256 0.006940588561910049 -0.042506679621083315 -0.21117722552794307 -1.091364503816794 -1.6674745516238487 -0.2613240418118467 -1.0179566563467493 -1.8594989298753617 -0.3980833026170291 0.0 -0.10373443983402489 -0.06074705958381802 -0.14916538416005684 -0.18225419664268588 -0.3263837180441797 -0.1641178664677359 -0.4298310066127847 -0.43071870658077555 -0.22136550180325826 -0.06939897865654053 -0.11777902411665733 -0.03511852502194908 0.009046703607373063 -0.07635327635327635 -0.018081002892960465 -0.06759962049335864 -0.06901561932437342 -0.11587341141290805 0.01727968402863491 0.0049856662096472645 -0.010457516339869282
0.06890611541774332 -0.05698960777740529 0.03202928391672386 -0.02563505010487066 0.047687172150691466 -0.06684970753252954 0.06947028904602408 -0.01937984496124031 0.059964276601173774 -0.044192791050959815 0.042383765733367586 -0.06930933852140078 0.04098360655737705 -0.02692448904662832 0.021792077938725802 -0.03135975915704967 0.11641751554438418 0.0152807844135999 0.09570005243838489 0.0 -0.019255455712451863 0.0024503798088703786 -0.025243418680129824 0.005951672419949999 -0.08600770218228497 0.1303562209602478 0.0174496644295302 0.12572290671360323 -0.029290374117960326 0.1303780964797914 0.05832793259883343 -0.08337303477846594 -0.040126459143968875 -0.04216269841269841 0.011434379367297671 0.06436904921550221 0.006923289947382998 -0.06180957390846923 0.02324627375905921 -0.056546324488908215 -0.05303030303030304 -0.08690680388793595 -0.2778426336679897 -0.27199215878461164 -0.2103179512557219 0.012559658377292133 0.10005197505197505 0.12188863228124198 0.007908264136022141 0.08643422209200116 -0.15380767787920469 -0.1980890235376369 -1.6483516483516485 -1.9990406523563977 -0.3288036884251395 -0.1956923076923077 -0.08575031525851198 0.013791374122367103 -0.018090192531334804 0.005552470849528038 -0.047364585863492834 -0.24501225061253065 -1.2213740458015268 -1.891662627241881 -0.3048780487804878 -1.3857585139318886 -2.779806118594989 -0.5246344759798501 -0.030635690579525154 -0.1313969571230982 -0.036189737624402224 -0.15745234994672666 -0.16906474820143888 -0.34623976172747584 -0.14671142608479423 -0.4922850844966936 -0.5267146646456992 -0.27359781121751026 -0.06939897865654053 -0.13740886146943354 -0.01881349554747272 0.006785027705529796 -0.06495726495726496 -0.012054001928640309 -0.0640417457305503 -0.07870202203656618 -0.14577622726140044 0.003702789434707479 0.0012464165524118161 -0.03398692810457517
0.0664451827242525 -0.06257682422617053 0.0263097689315946 -0.017478443253320902 0.041726275631855034 -0.07162468664199595 0.07071082992184592 -0.027858527131782947 0.053585098239346776 -0.044192791050959815 0.021834061135371178 -0.06809338521400779 0.008437801350048218 -0.02202912740178681 -0.001281886937572105 -0.026342197691921733 0.10186532610133617 0.00764039220679995 0.0642370214997378 -0.02203856749311295 -0.021822849807445442 0.0012251899044351867 -0.037264094242096396 0.004761337935959998 -0.09884467265725287 0.11486835312338668 -0.0013422818791946288 0.1131506160422429 -0.041272799893489545 0.12458351441402289 0.03629293583927414 -0.09171033825631253 -0.0668774319066148 -0.052083333333333336 -0.01016389277093127 0.050958830628939245 -0.005538631957906399 -0.0775907417148869 0.009571995077259674 -0.062345947513411624 -0.08207070707070707 -0.09605488850771869 -0.3583936493112304 -0.3185493751531488 -0.2523815415068663 0.0276312484300427 0.09745322245322247 0.13728509109571468 -0.01318044022670357 0.09082918253735717 -0.17006377391521818 -0.2213936145420648 -2.129120879120879 -2.5206859335651757 -0.37369570492598886 -0.25723076923076926 -0.15636822194199246 0.0025075225677031105 -0.02971960201576431 0.013881177123820098 -0.051008015545299976 -0.2776805506942014 -1.3132156488549618 -2.04920019389239 -0.3571428571428571 -1.739938080495356 -3.7341055016996094 -0.6561002580169555 -0.09318355884605566 -0.15905947441217155 -0.04006720951273104 -0.14798153190481828 -0.18225419664268586 -0.3425167535368578 -0.1678478179783663 -0.5094293411707078 -0.6366047745358091 -0.2959830866807611 -0.11391907817205711 -0.13881099270891756 -0.013796563401479995 0.016962569263824494 -0.0660968660968661 -0.00964320154291225 -0.06759962049335864 -0.0956532267829035 -0.19561425367555446 -0.003702789434707481 -0.008724915866882711 -0.04967320261437909
0.06398425003076166 -0.0692814839646888 0.03088538091969801 -0.03379165695642041 0.03934191702432045 -0.07998090008356214 0.06202704379109292 -0.025436046511627907 0.049757591222250576 -0.048335865211987294 0.006421782686873878 -0.0644455252918288 -0.019286403085824497 -0.018357606168155672 -0.021792077938725802 -0.007526342197691929 0.09525069453631434 0.008913790907933275 0.039328788673308857 -0.009641873278236915 -0.021822849807445442 0.0024503798088703734 -0.022839283567736506 0.014284013807880011 -0.09114249037227214 0.1342281879194631 -0.006711409395973153 0.11440784510937892 -0.03328451604313673 0.13327538751267565 0.029812054439403757 -0.10242972844211531 -0.09241245136186771 -0.07564484126984128 -0.034303138101893026 0.046935765052970355 -0.016615895873719193 -0.08811152025249869 -0.004102283604539861 -0.07394519356241844 -0.0946969696969697 -0.12235563178959405 -0.44361428904973144 -0.39451114922813035 -0.2944451317580107 0.01758352172820899 0.09875259875259876 0.1334359763920965 -0.022406748385396073 0.1010840902431878 -0.1863198699512317 -0.251689582847821 -2.621336996336997 -3.079505935963545 -0.42101431691337055 -0.3384615384615385 -0.2837326607818411 -0.030090270812437307 -0.04005685489081277 0.005552470849528038 -0.05222249210590235 -0.2963481507408704 -1.3454198473282442 -2.153417353368881 -0.38078646092583374 -2.081733746130031 -4.630492257333501 -0.776508170536921 -0.12637222364054124 -0.17842323651452283 -0.0491146439188316 -0.13259145258671717 -0.20023980815347722 -0.3449987589972697 -0.18276762402088773 -0.5290227773695813 -0.7136541619300241 -0.30966297724163666 -0.1361791279298154 -0.1233875490745934 -0.016305029474476356 0.018093407214746126 -0.06381766381766382 0.002410800385728057 -0.06404174573055028 -0.07991282237559026 -0.22053326688263147 0.0012342631449024934 -0.006232082762059081 -0.0457516339869281
0.05414051925679834 -0.05475472119789922 0.02745367192862045 -0.02213936145420648 0.036957558416785885 -0.08594962397039514 0.06326758466691478 -0.01453488372093023 0.05868844092880837 -0.048335865211987294 6.938893903907229e-19 -0.05350194552529184 -0.03857280617164899 0.00856688287847265 -0.03973849506473529 -8.673617379884035e-19 0.1124487366053711 0.0025467974022666514 0.03146303093864709 -0.009641873278236915 -0.030808729139922986 0.001225189904435191 -0.036062026685899744 0.013093679323890012 -0.0949935815147625 0.14068146618482189 -0.014765100671140941 0.1131506160422429 -0.03861003861003861 0.13327538751267565 0.020738820479585217 -0.11076703191996189 -0.10457198443579767 -0.08680555555555555 -0.04192605768009148 0.04291269947700147 0.005538631957906393 -0.09205681220410311 0.008204567209079723 -0.07684500507467015 -0.11616161616161617 -0.13722126929674097 -0.5253327107167872 -0.4594462141631953 -0.34022021526660895 0.008791760864104492 0.10265072765072766 0.15396458814472674 -0.030315012521418216 0.12305889246996778 -0.21007877954232837 -0.2598461896993708 -3.1112637362637363 -3.6347283846984055 -0.47439941761708326 -0.4086153846153847 -0.4148802017654477 -0.025075225677031094 -0.04910195115648016 0.029150471960022212 -0.05343696866650473 -0.3033485007583713 -1.3680820610687021 -2.1994667959282603 -0.4056744649079144 -2.4123839009287926 -5.528137983129799 -0.8981447352254577 -0.1595608884350268 -0.21023513139695713 -0.0594545689543751 -0.12193678228957024 -0.21103117505995206 -0.32390171258376765 -0.1989307472336193 -0.5657604702424688 -0.7957559681697614 -0.3245864942171372 -0.16367683645410502 -0.11076836791923723 -0.01881349554747272 0.03279430057672735 -0.07179487179487179 0.01808100289296046 -0.07115749525616699 -0.07022641966339752 -0.2479441814104162 0.009874105159219946 -0.0074784993144708985 -0.04183006535947712
0.04675772117632583 -0.04693261816962789 0.028597574925646307 -0.023304591004427867 0.036957558416785885 -0.09072460307986152 0.06947028904602406 -0.026647286821705425 0.06124011227353917 -0.052478939373014774 -0.002568713074749548 -0.055933852140077824 -0.04942140790742526 0.006119202056051895 -0.05512113831560056 0.020070245860511787 0.12435507342241037 0.0 0.018353434714210803 -0.012396694214876033 -0.03594351732991015 -0.020828228375398185 -0.04688063469166968 -0.00714200690394001 -0.10397946084724004 0.11874032008260196 -0.029530201342281882 0.09177772190093035 -0.0519238450272933 0.1361726785455599 0.01685029163966299 -0.12148642210576466 -0.11673151750972761 -0.11532738095238096 -0.050819463854656334 0.04559474319431407 0.01246192190528939 -0.10257759074171488 0.005469711472719817 -0.07104538205016674 -0.11868686868686869 -0.16580903373356198 -0.6047163203362129 -0.5439843175692233 -0.36743783248793765 0.02009545340366741 0.11564449064449067 0.16422889402104185 -0.023724792408066426 0.1377087606211544 -0.21633112417156433 -0.2854812398042414 -3.5588369963369972 -4.162369588679698 -0.5010919679689396 -0.5575384615384615 -0.5952080706179067 -0.08274824473420261 -0.05427057759400439 0.01249305941143809 -0.042506679621083315 -0.30918212577295534 -1.3358778625954195 -2.198254968492487 -0.4069188651070184 -2.6996904024767803 -6.3414327080448185 -1.0246959085882785 -0.18764360479959152 -0.23789764868603047 -0.051699625177717465 -0.10891440748194625 -0.1918465227817746 -0.3114916852817076 -0.18276762402088775 -0.5780063678667646 -0.8387015283567008 -0.3407536376072628 -0.17153332460390208 -0.12338754907459337 -0.013796563401479995 0.024878434920275923 -0.06267806267806267 0.00723240115718418 -0.06641366223908919 -0.0714372200024216 -0.2591577373536008 0.0012342631449024932 -1.3877787807814458e-18 -0.03790849673202614
0.04921865386981666 -0.06369426751592357 0.029741477922672156 -0.03262642740619902 0.03457319980925132 -0.09788707174406111 0.07195137079766778 -0.03997093023255814 0.06251594794590457 -0.06767021129678222 -0.005137426149499101 -0.06809338521400779 -0.06388621022179364 -0.013462244523314158 -0.058966799128316885 0.016307074761665832 0.1534594523085064 -0.016554183114733223 0.01966439433665443 -0.01790633608815427 -0.041078305519897315 -0.023278608184268565 -0.0516889049164563 -0.013093679323890018 -0.10012836970474966 0.12648425400103253 -0.01610738255033557 0.09052049283379432 -0.03994141925176408 0.1303780964797914 0.01036941023979261 -0.13220581229156741 -0.1325389105058366 -0.13516865079365079 -0.05971287002922119 0.04827678691162666 0.029077817779008586 -0.11704366123093109 0.004102283604539863 -0.0811947223430477 -0.13131313131313133 -0.20583190394511147 -0.7237917347653514 -0.6848811565792697 -0.4020784362241742 -0.012559658377292138 0.13513513513513514 0.13728509109571468 -0.007908264136022143 0.11426897157925578 -0.22633487557834187 -0.3099510603588907 -3.983516483516484 -4.643242595035376 -0.521718029604465 -0.7384615384615386 -0.8688524590163935 -0.15170511534603812 -0.06073136064090967 -0.008328706274292061 -0.034005343696866655 -0.3243495508108739 -1.229723282442748 -2.1558410082404267 -0.39696366351418616 -2.9510835913312694 -7.06534055142893 -1.145103821108244 -0.2029614500893541 -0.2752420470262794 -0.043944681401059844 -0.11009825973718482 -0.16906474820143885 -0.29039463886820555 -0.1678478179783663 -0.5841293166789127 -0.8576480990274093 -0.35070264892426317 -0.14927327484614378 -0.14021312394840155 -0.003762699109494544 0.021485921067511026 -0.045584045584045586 0.007232401157184187 -0.0450664136622391 -0.06054001695120474 -0.2566658360328931 0.003702789434707479 0.021189081391000876 -0.03529411764705882
0.05906238464378 -0.06592915409542965 0.03431708991077556 -0.0372873456070846 0.035765379113018594 -0.09311209263459472 0.08683786130753009 -0.03633720930232558 0.06889512630773156 -0.06490816185609723 -0.008990495761623427 -0.0668774319066148 -0.08678881388621021 -0.046505935625994366 -0.06409434687860531 0.04014049172102358 0.1785950522555894 -0.015280784413599896 0.01966439433665443 -0.009641873278236915 -0.03209242618741977 -0.023278608184268565 -0.057699242697439604 -0.03690036900369004 -0.10526315789473681 0.13680949922560662 -0.025503355704697982 0.10057832537088258 -0.04526694181866596 0.13472403302911778 0.01685029163966299 -0.14530728918532637 -0.15199416342412453 -0.17609126984126985 -0.06225384322195402 0.06436904921550221 0.048463029631680976 -0.11572856391372963 0.009571995077259678 -0.06959547629404088 -0.13005050505050503 -0.22870211549456831 -0.8802241419565725 -0.8870374908110756 -0.44043053321786474 -0.001255965837729215 0.14812889812889812 0.1424172440338722 0.001318044022670356 0.12452387928508642 -0.22508440665249468 -0.30878583080866934 -4.3269230769230775 -4.898668905144501 -0.5374909002669255 -0.9316923076923077 -1.266078184110971 -0.2043630892678034 -0.08915880604729291 -0.009716823986674072 -0.02307505465144523 -0.3161824757904562 -1.1140267175572518 -1.7741153659718853 -0.3870084619213539 -3.1133126934984516 -7.663351378572328 -1.2274235164025065 -0.22210875670155733 -0.29045643153526973 -0.02326483132997286 -0.10062744169527645 -0.14508393285371704 -0.2692975924547034 -0.15417132910605497 -0.5571883419054617 -0.874068460275357 -0.3308046262902624 -0.1296320544716512 -0.1332024677509815 0.003762699109494544 0.02035508311658939 -0.036467236467236465 0.03495660559305688 -0.036764705882352935 -0.05085361423901199 -0.27037129329678544 0.016045420883732408 0.023681914495824505 -0.026143790849673203
0.05906238464378 -0.08380824673147838 0.03546099290780142 -0.05826147751106968 0.0357653791130186 -0.1181807329592933 0.09800272918992681 -0.05208333333333333 0.06761929063536617 -0.08424250794089214 -0.015412278448497302 -0.0656614785992218 -0.09643201542912247 -0.06608738220536041 -0.0628124599410332 0.03763171098845961 0.20637650482868106 -0.02674137272379982 0.02884111169375983 -0.01928374655647383 -0.025673940949935813 -0.01715265866209262 -0.05529510758504628 -0.026187358647780025 -0.10783055198973042 0.14584408879710895 -0.033557046979865765 0.11063615790797084 -0.037278657968313145 0.14341590612777053 0.015554115359688914 -0.15840876607908527 -0.17996108949416345 -0.2021329365079365 -0.06860627620378605 0.06034598363953332 0.05123234561063418 -0.11572856391372961 0.016409134418159443 -0.0724952878062926 -0.1376262626262626 -0.2538593481989708 -1.0681765117908009 -1.0524381279098258 -0.4639366571817395 0.0037678975131876444 0.16632016632016633 0.15396458814472674 0.01581652827204429 0.13184881336067972 -0.21257971739402276 -0.3064553717082265 -4.506639194139194 -5.005396330495264 -0.5326377092938607 -1.1483076923076925 -1.737704918032787 -0.2520060180541625 -0.08915880604729293 -0.01526929483620211 -0.004857906242409519 -0.30218177575545446 -0.7955629770992365 -1.3245273873000483 -0.36709805873568946 -3.1356037151702787 -8.076293591841873 -1.2519965597739282 -0.22976767934643863 -0.28630705394190875 -0.016802378182758183 -0.07339883982478987 -0.10671462829736211 -0.21965748324646314 -0.1317916200422728 -0.5033063923585599 -0.850069470759126 -0.2872777017783858 -0.11130024878879144 -0.12058328659562538 0.011288097328483631 0.03279430057672735 -0.031908831908831904 0.03254580520732883 -0.03795066413662239 -0.029059208136578286 -0.26912534263643156 0.033325104912367315 0.04861024554406083 -0.0130718954248366
0.05906238464378 -0.09051290646999664 0.02287805994051705 -0.07340946166394781 0.04411063423938961 -0.1408618837292587 0.10792705619650167 -0.06661821705426356 0.07782597601428937 -0.09943377986465958 -0.020549704597996404 -0.07660505836575876 -0.10366441658630668 -0.06853506302778117 -0.0615305730034611 0.051430005017561474 0.22357454689773784 -0.0254679740226665 0.04195070791819612 -0.012396694214876033 -0.024390243902439022 -0.02572898799313893 -0.06250751292222624 -0.040471372455660036 -0.10269576379974325 0.123902942694889 -0.01610738255033556 0.09680663816947448 -0.025296232192783923 0.12748080544690715 0.011665586519766688 -0.18103858980466886 -0.22495136186770429 -0.2517361111111111 -0.08004065557108372 0.033525546466407395 0.059540293547493774 -0.13940031562335614 0.013674278681799537 -0.08844425112367696 -0.1452020202020202 -0.274442538593482 -1.4172309129115106 -1.4163195295270767 -0.48744278114561423 -0.025119316754584276 0.1403326403326403 0.1437002822684116 -0.002636088045340712 0.13624377380603572 -0.21132924846817555 -0.2913073875553484 -4.306318681318682 -4.788343926130231 -0.5314244115505945 -1.392 -2.567465321563682 -0.3485456369107322 -0.11241762501615196 -0.043031649083842306 0.008501335924216664 -0.2788472756971182 -0.5641698473282443 -1.0555016965584099 -0.3235440517670483 -2.8842105263157896 -7.456880271937554 -1.2151369947167958 -0.2131733469491958 -0.2766251728907331 -0.010339925035543493 -0.06629572629335859 -0.08033573141486809 -0.18739141226110695 -0.11065522814870074 -0.42738182708792555 -0.7351269420234938 -0.2226091282178834 -0.08380254026450178 -0.09955131800336514 0.0025084660729963624 0.028270948773040823 -0.04102564102564103 0.021697203471552552 -0.03202087286527514 -0.026637607458530093 -0.25541988537253923 0.033325104912367315 0.07977065935435622 -0.0065359477124182965
0.04798818752307124 -0.09721756620851493 -0.0034317089910775576 -0.09205313446749011 0.04291845493562233 -0.15996180016712427 0.12157300583054213 -0.07630813953488372 0.09441183975503956 -0.11186300234774202 -0.029540200359619833 -0.08268482490272373 -0.1205400192864031 -0.07343042467262269 -0.0615305730034611 0.04641244355243352 0.2434184415928033 -0.04329555583853305 0.043261667540639745 -0.027548209366391185 -0.035943517329910135 -0.028179367802009313 -0.07693232359658614 -0.04642304487561004 -0.11168164313222077 0.13680949922560662 -0.00671140939597315 0.09303495096806638 -0.027958993476234862 0.12313486889758077 -0.0025923525599481547 -0.196522153406384 -0.2784533073929961 -0.3100198412698413 -0.10417990090204547 0.022797371597157036 0.06369426751592357 -0.14334560757496054 0.005469711472719815 -0.09569377990430623 -0.1616161616161616 -0.2893081761006289 -1.8363296754611256 -1.8402352364616514 -0.527032042558456 -0.05651846269781462 0.09875259875259874 0.12573774698486015 -0.02240674838539607 0.11573395839437443 -0.21007877954232837 -0.2680027965509205 -4.014423076923077 -4.505336371267537 -0.5326377092938607 -1.6480000000000001 -3.4779319041614123 -0.45887662988966904 -0.14859801007882154 -0.07773459189339257 0.012144765606023808 -0.25201260063003156 -0.3840648854961832 -0.7840523509452254 -0.2936784469885515 -2.6278637770897832 -6.705275084980485 -1.172134168816808 -0.19657901455195304 -0.27385892116182575 -0.028434793847744604 -0.06037646501716585 -0.08633093525179855 -0.15884834946636883 -0.10070869078701976 -0.36737692872887584 -0.6302892509789061 -0.17037681880363137 -0.07201780803980622 -0.09674705552439708 -0.003762699109494544 0.02940178672396245 -0.06039886039886039 0.022902603664416585 -0.041508538899430736 -0.013318803729265047 -0.2628955893346624 0.030856578622562324 0.07977065935435622 -0.00261437908496732
0.03814445674910791 -0.09274779304950273 -0.013726835964310227 -0.08972267536704731 0.042918454935622324 -0.1468306076160917 0.12157300583054213 -0.07388565891472867 0.08803266139321256 -0.117387101229112 -0.03467762650911894 -0.08146887159533074 -0.12295081967213115 -0.08199730755109533 -0.07050378156646583 0.04515805318615154 0.2526789257838339 -0.03820196103399975 0.026219192448872573 -0.027548209366391185 -0.042362002567394086 -0.011026709139916688 -0.08775093160235606 -0.041661706939650045 -0.11681643132220794 0.14842540010325248 0.009395973154362419 0.10183555443801862 -0.03594727732658768 0.1303780964797914 -0.0012961762799740782 -0.210814673654121 -0.31736381322957197 -0.35466269841269843 -0.12831914623300725 0.040230655759688885 0.06646358349487677 -0.14071541294055762 -0.009571995077259672 -0.10149340292880964 -0.1830808080808081 -0.3064608347627215 -2.251926219939295 -2.303357020338152 -0.5740442904862056 -0.11429289123335847 0.05457380457380456 0.08852963818321787 -0.05931198102016607 0.08350424846176384 -0.2038264349130924 -0.24469820554649266 -3.6286630036630036 -4.123995682935604 -0.5326377092938607 -1.9064615384615387 -4.365699873896595 -0.574222668004012 -0.18994702157901538 -0.10827318156579677 0.024289531212047608 -0.20884377552210948 -0.25166984732824427 -0.5538051381483278 -0.2588352414136387 -2.320743034055728 -5.900793151202317 -1.0959577343654012 -0.1838141434771509 -0.2614107883817427 -0.03101977510663048 -0.043802533443826216 -0.079136690647482 -0.11789525936957061 -0.10319532512744001 -0.2853294146460935 -0.559555387141594 -0.09202835468225347 -0.06285190519837633 -0.07711721817162087 -0.01755926251097454 0.04071016623317879 -0.06837606837606838 0.024108003857280617 -0.0498102466793169 -0.013318803729265045 -0.2703712932967855 0.04443347321648976 0.08724915866882713 0.011764705882352943
0.03445305770887166 -0.09163034975974968 -0.024021962937542895 -0.08389652761594034 0.033381020505484034 -0.11818073295929332 0.11785138320307656 -0.048449612403100764 0.07655014034192396 -0.10357685402568706 -0.038530696121243255 -0.08268482490272373 -0.12656702025072325 -0.08811650960714723 -0.07691321625432637 0.045158053186151535 0.29633549411297794 -0.031834967528333126 0.03932878867330886 -0.016528925619834708 -0.04621309370988446 -0.017152658662092625 -0.09736747205192933 -0.05237471729556005 -0.12965340179717585 0.1806917914300465 0.04026845637583893 0.11817953231078704 -0.031953135401411266 0.14051861509488628 -0.002592352559948152 -0.23225345402572653 -0.3696498054474708 -0.4141865079365079 -0.14610595858213696 0.05095883062893926 0.09692605926336194 -0.13940031562335614 0.0027348557363599093 -0.10149340292880962 -0.18308080808080807 -0.3327615780445969 -2.672192388512725 -2.833864248958589 -0.5888902635160214 -0.18839487565938207 0.031185031185031176 0.05517064408519373 -0.06722024515618821 0.06152944623498389 -0.18882080780292607 -0.24819389419715687 -3.202838827838827 -3.6778990286605113 -0.5314244115505945 -2.150153846153846 -5.244640605296343 -0.6858074222668004 -0.21579015376663652 -0.137423653525819 0.03279086713626428 -0.1656749504141874 -0.16221374045801526 -0.3805138148327678 -0.22523643603782975 -2.0012383900928796 -5.087498426287297 -0.997665560879715 -0.16339034975746744 -0.23651452282157676 -0.025849812588858732 -0.034331715401917845 -0.05995203836930454 -0.08935219657483247 -0.08578888474449833 -0.2375704139113397 -0.49134773272704296 -0.027359781121751033 -0.02749770852428964 -0.05608524957936063 -0.03386429198545089 0.03279430057672735 -0.07293447293447293 0.014464802314368372 -0.061669829222011384 -0.003632401017072286 -0.27535509593820084 0.05677610466551468 0.08849557522123894 0.03006535947712418
0.03076165866863541 -0.09051290646999666 -0.028597574925646307 -0.08040083896527615 0.03218884120171674 -0.09908081652142772 0.11909192407889842 -0.04239341085271318 0.07017096198009697 -0.08976660682226212 -0.03981505265861803 -0.08511673151750972 -0.11812921890067503 -0.0942357116631991 -0.06922189462889373 0.056447566482689414 0.3426379150681307 -0.0254679740226665 0.05768222338751966 -0.013774104683195593 -0.050064184852374835 -0.0294045577064445 -0.1129943502824859 -0.0952267587192001 -0.14505776636713735 0.16133195663397007 0.05771812080536913 0.1093789288408348 -0.03861003861003861 0.13472403302911778 -0.020738820479585224 -0.24654597427346353 -0.4170719844357976 -0.4774305555555555 -0.16262228433490025 0.06168700549818962 0.12184990307394075 -0.14597580220936351 0.005469711472719815 -0.09569377990430623 -0.18686868686868688 -0.3453401943967982 -3.0959607751576 -3.36559666748346 -0.6012619077075344 -0.234865611655363 -0.014293139293139292 0.04105722350526044 -0.08699090549624358 0.06592440668033987 -0.17256471176691257 -0.2237240736425076 -2.725503663003663 -3.1694447775512655 -0.5156515408881339 -2.3753846153846156 -6.056746532156369 -0.7886158475426278 -0.2403411293448766 -0.14991671293725709 0.0376487733786738 -0.130673200326683 -0.11331106870229009 -0.2714493456131846 -0.2015928322548532 -1.6842105263157894 -4.294347223970792 -0.9042879960683129 -0.1506254786826653 -0.22268326417704012 -0.016802378182758176 -0.031964010891440756 -0.03717026378896883 -0.0757011665425664 -0.06962576153176676 -0.1873622336517267 -0.4446128584059618 0.02487252829250095 -0.0013094146916328418 -0.03505328098710039 -0.03511852502194908 0.028270948773040826 -0.06267806267806268 -0.013259402121504338 -0.05811195445920303 -0.020583605763409615 -0.29155245452280093 0.05924463095531968 0.0934812414308862 0.04183006535947713
0.03322259136212625 -0.1016873393675271 -0.03889270189887898 -0.10020974131903986 0.021459227467811166 -0.1014683060761609 0.12157300583054213 -0.050872093023255814 0.06251594794590457 -0.09252865626294711 -0.03210891343436938 -0.0899805447470817 -0.11933461909353907 -0.10647411577530289 -0.06922189462889373 0.06397390868038133 0.37438814658023545 -0.02164777791926652 0.055060304142632396 -0.01790633608815427 -0.05519897304236201 -0.039206076941926 -0.12621709340064913 -0.1023687656231401 -0.1681643132220796 0.1742385131646877 0.07785234899328859 0.10686447070656276 -0.0519238450272933 0.13327538751267565 -0.02851587815942968 -0.266793711291091 -0.4863813229571984 -0.5716765873015872 -0.19184347605132765 0.05498189620490814 0.13985045693713652 -0.14597580220936351 -0.009571995077259674 -0.10439321444106134 -0.18434343434343434 -0.3567753001715266 -3.496381041326173 -3.8863023768684153 -0.6099220586415935 -0.3077116302436574 -0.08056133056133055 -0.006415191172696946 -0.10017134572294714 0.04394960445355992 -0.1488058021758159 -0.22488930319272896 -2.227564102564102 -2.6262141743614347 -0.5023052657122058 -2.569846153846154 -6.878940731399747 -0.9139919759277835 -0.27006073136064096 -0.19017212659633537 0.042506679621083315 -0.1026718002566795 -0.058444656488549615 -0.20964614638875423 -0.17297162767546043 -1.3746130030959751 -3.4785345587309586 -0.7986239095712003 -0.13020168496298187 -0.19778699861687415 0.006462453147214682 -0.02486089736000947 -0.013189448441247 -0.06825515016133035 -0.04351610095735422 -0.14450159196669116 -0.3852469369710749 0.062181320731252335 0.037973026057352366 -0.03505328098710039 -0.02759312680295999 0.021485921067511023 -0.05014245014245015 -0.020491803278688523 -0.05574003795066414 -0.03269160915365056 -0.30525791178669326 0.04566773636139225 0.08600274211641531 0.03529411764705882
0.03937492309585333 -0.11286177226505756 -0.056051246854266754 -0.10254020041948264 0.0011921793037672865 -0.10385579563089412 0.10916759707232356 -0.04844961240310077 0.048481755549885173 -0.0952907057036321 -0.037246339583868485 -0.09119649805447469 -0.12897782063645127 -0.10035491371925101 -0.07050378156646583 0.08278976417461115 0.40613837809234027 -0.014007385712466573 0.05506030414263241 -0.009641873278236915 -0.05263157894736842 -0.039206076941926 -0.13463156629402573 -0.10951077252708011 -0.1681643132220796 0.17940113577697472 0.1221476510067114 0.10686447070656273 -0.03328451604313673 0.12168622338113863 -0.027219701879455604 -0.2846593616007622 -0.5678501945525293 -0.662202380952381 -0.22741710074958704 0.036207590183719995 0.1564663528108557 -0.15649658074697528 -0.024613701627239165 -0.12614180078294912 -0.17803030303030304 -0.3659233847913093 -3.8571095026850335 -4.375153148738055 -0.6260051960905605 -0.40065310223561923 -0.19750519750519752 -0.05388760585065435 -0.13312244628970607 0.017579841781423973 -0.12379642365887207 -0.22022838499184338 -1.738782051282051 -2.0961746012711355 -0.4756127153603494 -2.680615384615385 -7.646910466582598 -0.9979939819458374 -0.28427445406383256 -0.20682953914491947 0.051008015545299976 -0.08050402520126007 -0.03697519083969465 -0.174503150751333 -0.15306122448979592 -1.108359133126935 -2.7118217298250036 -0.6954171274112299 -0.1136073525657391 -0.17427385892116182 0.009047434406100554 -0.040250976678110575 -0.017985611510791366 -0.06453214197071235 -0.043516100957354226 -0.1138868479059515 -0.34988000505241884 0.10446461882850391 0.06023307581511065 -0.011217049915872128 -0.02759312680295999 0.02035508311658939 -0.05014245014245015 -0.0156702025072324 -0.05218216318785579 -0.030270008475602378 -0.3289309743334164 0.058010367810417185 0.09223482487847438 0.0392156862745098
0.025839793281653745 -0.12291876187283494 -0.07549759780370624 -0.10836634817058961 -0.011921793037672868 -0.1205682225140265 0.10048381094157052 -0.048449612403100764 0.038275070170961975 -0.09667173042397459 -0.03596198304649371 -0.10457198443579765 -0.13500482160077146 -0.10280259454167176 -0.07563132931675427 0.08655293527345712 0.42995105172641884 -0.006366993505666621 0.05637126376507604 -0.012396694214876033 -0.05263157894736842 -0.049007596177407506 -0.14905637696838564 -0.11665277943102012 -0.18100128369704752 0.2026329375322664 0.14630872483221477 0.11692230324365101 -0.039941419251764074 0.1303780964797914 -0.03370058327932599 -0.3037160552644116 -0.654182879377432 -0.7576884920634921 -0.2566382924660145 0.012069196727906666 0.1744669066740515 -0.1657022619673856 -0.019143990154519352 -0.1420907641003335 -0.1767676767676768 -0.3727844482561463 -4.162969880924586 -4.821122273952463 -0.6457998267969813 -0.4885707108766642 -0.36122661122661126 -0.08981267641775725 -0.17925398708316856 0.0029299736302373243 -0.09753657621608103 -0.20741085993940805 -1.269459706959707 -1.5817244273893751 -0.45134676049502537 -2.737230769230769 -8.26733921815889 -1.0481444332998995 -0.29590386354826204 -0.20821765685730148 0.05100801554529997 -0.059502975148757443 -0.029818702290076337 -0.15511391177896267 -0.13315082130413142 -0.8842105263157893 -2.0181291703386632 -0.5971249539255437 -0.0957365330610161 -0.14937759336099582 0.010339925035543493 -0.04735409020954185 -0.03117505995203837 -0.06453214197071233 -0.0360561979360935 -0.10164095028165565 -0.3069344448654794 0.12436264146250464 0.07594605211470473 0.001402131239484016 -0.012542330364981813 0.016962569263824494 -0.034188034188034185 -0.002410800385728061 -0.04269449715370018 -0.021794406102433713 -0.34388238225766254 0.06911873611453963 0.10220615729776891 0.0457516339869281
0.01107419712070875 -0.12291876187283494 -0.08808053077099062 -0.10137497086926126 -0.02145922746781116 -0.11221200907246032 0.10916759707232353 -0.03633720930232558 0.05103342689461597 -0.08562353266123464 -0.033393269971744154 -0.11429961089494163 -0.14585342333654774 -0.10157875413046139 -0.06922189462889373 0.07651781234320121 0.47493054636856724 -0.007640392206799948 0.06423702149973781 -0.01790633608815427 -0.06033376123234917 -0.06248468512619456 -0.17429979564851544 -0.14522080704678014 -0.17715019255455713 0.19488900361383585 0.19597315436241608 0.10435001257229067 -0.027958993476234855 0.12892945096334926 -0.05184705119896306 -0.3132444020962363 -0.7575389105058365 -0.8717757936507937 -0.2845889975860755 0.016092262303875553 0.22016062032677933 -0.16175697001578118 -0.01093942294543963 -0.13774104683195593 -0.17676767676767677 -0.3693539165237278 -4.376605183282746 -5.189904435187454 -0.6445626623778301 -0.6028636021100227 -0.5769230769230769 -0.1462663587374904 -0.20429682351390532 -0.02343978904189862 -0.07502813555083157 -0.1841062689349802 -0.8402014652014653 -1.1332294040052764 -0.41373453045377334 -2.752 -8.704918032786884 -1.1045636910732195 -0.2803979842356894 -0.22071071626873956 0.04857906242409521 -0.04433555011083888 -0.029818702290076333 -0.1454192922927775 -0.11324041811846688 -0.6885448916408669 -1.4251542238448947 -0.4988327804398575 -0.06637732958897116 -0.11341632088520055 0.002584981258885871 -0.052089499230496036 -0.03597122302158273 -0.06577314470091834 -0.014919806042521449 -0.09919177075679646 -0.25514715169887586 0.1318243999502549 0.11653790755532278 -0.0028042624789680324 -0.0025084660729963624 0.02035508311658939 -0.02279202279202279 0.010848601735776276 -0.023719165085388988 -0.02179440610243371 -0.3364066782955395 0.07158726240434461 0.12713448834600524 0.0457516339869281
0.011074197120708748 -0.12068387529332887 -0.09723175474719745 -0.0943835935679329 -0.030996661897949453 -0.09549958218932791 0.09676218831410495 -0.01695736434108527 0.042102577188058175 -0.07319431017815219 -0.029540200359619833 -0.1203793774319066 -0.14826422372227582 -0.09301187125198875 -0.07434944237918215 0.0865529352734571 0.49874322000264587 0.0 0.060304142632406924 -0.02066115702479339 -0.07573812580231065 -0.078412153883852 -0.2103618223344152 -0.18093084156648018 -0.2002567394094994 0.18456375838926178 0.2187919463087248 0.08046266029670604 -0.026627612834509384 0.11299435028248588 -0.05573558003888529 -0.323963792282039 -0.8852140077821012 -1.0205853174603177 -0.31762164909160207 0.0013410218586562966 0.2658543339795071 -0.17227774855339295 -0.020511418022699304 -0.14934029288096276 -0.17676767676767677 -0.3579188107489994 -4.494513191688069 -5.504778240627298 -0.6594086354076458 -0.7221803566942979 -0.8718814968814967 -0.2065691557608417 -0.2451561882166864 -0.04834456489891591 -0.08003001125422034 -0.17478443253320905 -0.4807692307692307 -0.757884638445857 -0.4040281485076437 -2.710153846153846 -9.018915510718788 -1.1634904714142427 -0.29202739372011893 -0.24014436424208774 0.048579062424095217 -0.030334850075837128 -0.027433206106870223 -0.12481822588463402 -0.09706321553011447 -0.5609907120743034 -0.9580762935918419 -0.427570954662735 -0.05616543272912944 -0.10926694329183957 0.0012924906294429356 -0.06511187403812005 -0.0671462829736211 -0.06949615289153635 -0.027352977744622652 -0.07959833455792309 -0.2425161045850701 0.14301703768188034 0.10868141940552574 0.002804262478968031 -0.003762699109494544 0.005654189754608165 -0.02621082621082621 0.009643201542912247 -0.018975332068311188 -0.036324010170722856 -0.3725392474458011 0.053073315230807216 0.11840957247912254 0.02745098039215686
0.008613264427217913 -0.12515364845234106 -0.09837565774422329 -0.09671405266837567 -0.03814973772055317 -0.08236838963829532 0.08807840218335193 -0.013323643410852714 0.02806838479203878 -0.08286148322054965 -0.025687130747495505 -0.10943579766536964 -0.15790742526518806 -0.09545955207440951 -0.084604537879759 0.07777220270948319 0.5080037041936765 -0.005093594804533299 0.04195070791819612 -0.03581267217630855 -0.08215661103979462 -0.07228620436167607 -0.2416155787955283 -0.21068920366623023 -0.2259306803594352 0.19876097057305112 0.20939597315436242 0.07543374402816191 -0.05458660631074423 0.1086484137331595 -0.06480881399870382 -0.33230109575988565 -1.0749027237354087 -1.2958829365079367 -0.35954770677169356 0.028161459031782222 0.3018554417058987 -0.16701735928458708 -0.02324627375905921 -0.14209076410033347 -0.1691919191919192 -0.3361921097770154 -4.23301424235349 -5.4165645675079634 -0.6495113200544353 -0.870384325546345 -1.4150207900207898 -0.28098537336412627 -0.2530644523527086 -0.07617931438617052 -0.07127672877328997 -0.1468189233278956 -0.3136446886446886 -0.5144501738817605 -0.3773355981557874 -2.5390769230769235 -8.689785624211853 -1.1609829488465395 -0.2894430805013568 -0.24986118822876185 0.06072382803011902 -0.024501225061253063 -0.009541984732824426 -0.11148812409112943 -0.08337481333997013 -0.47678018575851383 -0.7944101724789123 -0.3575377810541836 -0.05233597140668879 -0.09543568464730291 0.003877471888328808 -0.06747957854859714 -0.07434052757793765 -0.09059319930503848 -0.023623026233992293 -0.09061964241978934 -0.21472780093469743 0.13431165277950505 0.11522849286368993 -0.022434099831744252 -0.0012542330364981812 0.021485921067511026 -0.03076923076923076 0.01928640308582449 -0.021347248576850088 -0.02663760745853009 -0.3974582606528781 0.06294742039002715 0.10220615729776891 0.03006535947712418
0.00984373077396333 -0.12515364845234106 -0.09951956074124915 -0.09787928221859707 -0.04530281354315689 -0.06446221797779635 0.09180002481081753 -0.004844961240310077 0.015310028068384792 -0.0704322607374672 -0.02183406113537118 -0.11186770428015565 -0.15911282545805208 -0.11014563700893402 -0.09357774644276375 0.08906171600602109 0.5331393041407594 0.006366993505666623 0.0367068694284216 -0.027548209366391185 -0.08729139922978177 -0.08453810340602794 -0.2680610650318548 -0.2511605761218903 -0.251604621309371 0.18972638100154882 0.2442953020134228 0.06537591149107366 -0.06257489016109705 0.10430247718383312 -0.06869734283862605 -0.3311100524059075 -1.287694552529183 -1.6220238095238095 -0.395121331469953 0.032184524607751105 0.34477983937967327 -0.18148342977380327 -0.030083413099958982 -0.13629114107583007 -0.14646464646464646 -0.32246998284734135 -3.833761382208732 -5.202156334231806 -0.6111592230607449 -1.0273800552624968 -2.027027027027027 -0.3746471644855017 -0.2570185844207196 -0.09961910342806915 -0.06127297736651244 -0.13050570962479607 -0.19803113553113555 -0.34536515169684606 -0.3409366658578015 -2.3421538461538463 -8.16141235813367 -1.1346539618856568 -0.26876857475125987 -0.24569683509161572 0.0680106873937333 -0.012833975032084938 -0.0011927480916030491 -0.10542898691226368 -0.06719761075161773 -0.39999999999999997 -0.6597003651013471 -0.2961051726256297 -0.04595353586928771 -0.08160442600276625 0.007754943776657619 -0.06274416952764296 -0.08273381294964029 -0.10672623479771655 -0.022379709063782165 -0.08939505265735978 -0.19072881141846657 0.13679890560875513 0.12832263978001832 -0.021031968592260235 0.003762699109494544 0.02714011082211919 -0.02051282051282051 0.020491803278688527 -0.007115749525616698 -0.019372805424385527 -0.3887366060304012 0.07775857812885707 0.11093107316465163 0.043137254901960784
0.00984373077396333 -0.12850597832160018 -0.10638297872340426 -0.11069680727103241 -0.050071530758226034 -0.07401217619672915 0.09924327006574868 -0.012112403100775193 0.014034192396019394 -0.07319431017815219 -0.02825584382224506 -0.11916342412451361 -0.16875602700096431 -0.11504099865377555 -0.10511472888091271 0.07651781234320122 0.5529831988358249 -0.005093594804533301 0.04195070791819612 -0.03443526170798898 -0.09114249037227214 -0.11271747120803725 -0.29450655126818126 -0.3094869658374003 -0.2670089858793324 0.19230769230769235 0.28993288590604027 0.0628614533568016 -0.05458660631074423 0.11299435028248588 -0.07777057679844458 -0.3346831824678418 -1.5017023346303502 -2.0176091269841274 -0.4205310633972812 0.032184524607751105 0.3877042370534478 -0.19331930562861652 -0.027348557363599073 -0.12759170653907495 -0.12373737373737374 -0.29388221841052026 -3.434508522063974 -4.860328350894389 -0.5728071260670542 -1.1580005023863351 -2.639033264033264 -0.44778034385424687 -0.2451561882166864 -0.10254907705830649 -0.06127297736651244 -0.10137497086926126 -0.1407967032967033 -0.2206499580285406 -0.306964329046348 -2.084923076923077 -7.633039092055485 -1.0569207622868606 -0.2480940690011629 -0.20821765685730148 0.08136992956035947 -0.0093338000233345 0.015505725190839698 -0.0920988851187591 -0.041065206570433055 -0.32941176470588235 -0.5463930504847034 -0.2395871728713601 -0.02170028082716365 -0.062240663900414925 0.006462453147214683 -0.05445720374097314 -0.08393285371702638 -0.10796723752792256 -0.011189854531891088 -0.1040901298065148 -0.16420361247947451 0.12311901504787963 0.13879795731308103 -0.035053280987100394 0.012542330364981813 0.02374759696935429 -0.014814814814814814 0.019286403085824494 0.014231499051233392 -0.014529604068289136 -0.3787690007475704 0.07652431498395457 0.11840957247912251 0.047058823529411764
0.004921865386981665 -0.12962342161135323 -0.10066346373827499 -0.12701002097413192 -0.05364806866952789 -0.1026620508535275 0.10048381094157052 -0.041182170542635656 0.02041337075784639 -0.09943377986465958 -0.016696634985872077 -0.11916342412451361 -0.15911282545805208 -0.1174886794761963 -0.08845019869247531 0.08655293527345712 0.5754729461568991 -0.005093594804533301 0.0367068694284216 -0.0371900826446281 -0.09499358151476249 -0.12129380053908356 -0.326962375285491 -0.36900369003690037 -0.28883183568677795 0.17681982447083122 0.30872483221476515 0.0427457882826251 -0.05991212887764612 0.09416195856873823 -0.06740116655865197 -0.33230109575988565 -1.6913910505836576 -2.4801587301587302 -0.4472112819209757 0.010728174869250368 0.40708944890612014 -0.219621251972646 -0.04102283604539861 -0.13774104683195593 -0.10858585858585859 -0.2790165809033734 -2.9815549848237217 -4.391080617495712 -0.5493010021031794 -1.2748053252951521 -3.354989604989605 -0.5452912496792404 -0.25438249637537896 -0.1215939056548491 -0.06502438414405401 -0.07807037986483337 -0.08241758241758242 -0.14989806931286723 -0.2766318854646931 -1.8461538461538463 -6.984867591424968 -1.0092778335005015 -0.2403411293448766 -0.20821765685730148 0.08379888268156424 -0.019834325049585814 0.02743320610687023 -0.09936984973339798 -0.02239920358387257 -0.3021671826625387 -0.44315749716731706 -0.2162427816685096 0.0025529742149604296 -0.07192254495159059 -0.006462453147214682 -0.04972179472001895 -0.08273381294964029 -0.11169024571854058 -0.003729951510630363 -0.09919177075679644 -0.15030946065428824 0.11441363014550429 0.1374885426214482 -0.04206393718452047 0.025084660729963626 0.02714011082211919 -0.005698005698005696 0.024108003857280614 0.03320683111954459 -0.027848407797554188 -0.3812609020682781 0.05924463095531966 0.11467032282188708 0.02745098039215686
-0.001230466346745418 -0.1262710917420941 -0.1052390757263784 -0.12234910277324632 -0.06437768240343347 -0.10982451951772712 0.11164867882396726 -0.04239341085271317 0.03317172748150038 -0.10219582930534457 -0.020549704597996404 -0.1191634241245136 -0.1759884281581485 -0.1174886794761963 -0.1038328419433406 0.09909683893627698 0.5992856197909775 0.0 0.02097535395909806 -0.030303030303030297 -0.0975609756097561 -0.12741975006125952 -0.3738430099771607 -0.4023330555886204 -0.3080872913992298 0.19359834796076408 0.34362416107382554 0.0427457882826251 -0.054586606310744246 0.09705924960162247 -0.0712896953985742 -0.3287279656979514 -1.8932392996108949 -2.919146825396825 -0.4815144200228687 2.7755575615628915e-18 0.43062863472722235 -0.23145712782745925 -0.058799398331737994 -0.13919095258808178 -0.09974747474747475 -0.2595769010863351 -2.506420733130983 -3.8912031364861557 -0.5282692069776073 -1.3777945239889478 -4.122920997920998 -0.6402360790351552 -0.2596546724660604 -0.14356870788162907 -0.05752157058897086 -0.061757166161733844 -0.05837912087912087 -0.08754047247871449 -0.2450861441397719 -1.593846153846154 -6.261034047919294 -0.9390672016048145 -0.22871171986044708 -0.19711271515824547 0.07894097643915474 -0.016334150040835375 0.026240458015267178 -0.08240426563257393 -0.009955201592832252 -0.24767801857585137 -0.34873473498678076 -0.17446860793709298 0.02425325504212407 -0.05394190871369294 -0.007754943776657619 -0.04261868118858767 -0.09592326139088729 -0.09679821295606851 0.0 -0.08817046289493018 -0.13894151825186307 0.11441363014550428 0.14010737200471388 -0.03785754346606842 0.03261005894895271 0.02714011082211919 -0.014814814814814814 0.03857280617164899 0.03439278937381404 -0.04116721152681922 -0.3750311487665089 0.04566773636139224 0.11591673937429892 0.013071895424836602
-0.002460932693490833 -0.12627109174209408 -0.10981468771448182 -0.11302726637147517 -0.06914639961850264 -0.08833711352512832 0.10792705619650167 -0.030281007751937976 0.03062005613676958 -0.0911476315426046 -0.025687130747495505 -0.12767509727626458 -0.16996142719382837 -0.12727940276587932 -0.10639661581848481 0.09407927747114903 0.6244212197380605 0.003820196103399973 0.022286313581541695 -0.027548209366391185 -0.0962772785622593 -0.14212202891448178 -0.3990864286572905 -0.4654207832400905 -0.32092426187419776 0.17423851316468766 0.3718120805369128 0.03394518481267287 -0.04526694181866596 0.0985078951180646 -0.08554763447828903 -0.32991900905192945 -2.067120622568093 -3.4052579365079367 -0.5170880447211281 -0.0026820437173125933 0.41955137081140964 -0.24592319831667542 -0.0820456720907972 -0.13049151805132667 -0.09217171717171717 -0.2572898799313894 -2.026616857342984 -3.353344768439108 -0.4923914388222195 -1.4745038934940973 -4.886954261954262 -0.728765717218373 -0.25306445235270864 -0.15528860240257836 -0.048768288108040514 -0.03961780470752738 -0.033195970695970696 -0.05396330495263223 -0.19291434117932543 -1.3710769230769233 -5.466582597730138 -0.8613340020060182 -0.20157643106344486 -0.17629094947251528 0.08501335924216663 -0.011667250029168127 0.027433206106870233 -0.06907416383906931 0.004977600796416127 -0.20433436532507745 -0.2706785849175375 -0.13883769504853177 0.04723002297676793 -0.03872752420470262 -0.012924906294429364 -0.040250976678110575 -0.09232613908872903 -0.09307520476545049 0.007459903021260722 -0.08327210384521186 -0.12757357584943793 0.11690088297475439 0.14141678669634672 -0.029444756029164333 0.03261005894895271 0.020355083116589394 -0.006837606837606836 0.03616200578592093 0.04743833017077799 -0.05206441457803608 -0.36755544480438573 0.04443347321648974 0.1308737380032407 0.0130718954248366
-0.009843730773963333 -0.13521063806011843 -0.10867078471745595 -0.11419249592169659 -0.06437768240343347 -0.07878715530619552 0.1252946284580077 -0.02906976744186046 0.052309262566981374 -0.07871840905952217 -0.025687130747495505 -0.13010700389105062 -0.17839922854387658 -0.13095092399951047 -0.10639661581848481 0.10662318113396889 0.6627860828151872 0.007640392206799948 0.02490823282642895 -0.015151515151515155 -0.10783055198973042 -0.1494731683410929 -0.4339463877869936 -0.5356505177955004 -0.35173299101412075 0.15745998967475475 0.38791946308724834 0.017601206939904447 -0.054586606310744246 0.09561060408518035 -0.0881399870382372 -0.32753692234397336 -2.1656128404669257 -3.8839285714285716 -0.5247109642993266 -0.009387153010594073 0.42924397673774584 -0.2630194634402946 -0.07794338848625736 -0.11454255473394229 -0.09722222222222221 -0.2389937106918239 -1.5830025682932525 -2.7860818426856166 -0.4602251639242855 -1.5134388344637029 -5.583419958419959 -0.810880164228894 -0.2346118360353236 -0.14942865514210374 -0.06002250844066524 -0.010487065951992544 -0.030906593406593408 -0.016788583763041137 -0.17714147051686485 -1.1372307692307693 -4.621689785624211 -0.7785857572718154 -0.19123917818839647 -0.14991671293725709 0.08744231236337138 -0.0023334500058336247 0.03816793893129771 -0.06059137178865729 0.03733200597312095 -0.1634674922600619 -0.19514037517310834 -0.10935004300282591 0.08169517487873372 -0.02627939142461963 -0.018094868812201112 -0.03669941991239494 -0.09952038369304557 -0.08687019111442046 0.006216585851050603 -0.06857702669605682 -0.13009978527219906 0.10570824524312894 0.13879795731308106 -0.023836231071228266 0.02884735983945817 0.015831731312902865 -0.02051282051282051 0.0349566055930569 0.04032258064516129 -0.05206441457803609 -0.3650635434836781 0.0357936312021723 0.12090240558394613 0.020915032679738564
0.002460932693490832 -0.12515364845234106 -0.09723175474719743 -0.10603588907014683 -0.05245588936576061 -0.05729974931359675 0.1364594963404044 -0.00484496124031007 0.059964276601173774 -0.059384062974727245 -0.012843565373747753 -0.11429961089494163 -0.16875602700096431 -0.1395178068779831 -0.1025509550057685 0.10787757150025087 0.6985050932663052 0.007640392206799948 0.027530152071316205 -0.015151515151515152 -0.11553273427471118 -0.15192354814996323 -0.4796249549224666 -0.6154029282228306 -0.3863928112965341 0.12648425400103253 0.3919463087248322 -2.0816681711721684e-18 -0.06124350951937159 0.08547008547008547 -0.09591704471808166 -0.3191996188661267 -2.2130350194552526 -4.3092757936507935 -0.5564731292084869 -0.0335255464664074 0.35724176128496254 -0.2893214097843241 -0.1271707917407357 -0.1087429317094389 -0.07828282828282827 -0.21612349914236706 -1.1568993696007472 -2.207792207792208 -0.4218730669305951 -1.551117809595579 -6.21881496881497 -0.8968437259430331 -0.22802161592197182 -0.15528860240257836 -0.08253094910591471 0.017478443253320902 -0.037774725274725265 0.009593476436023502 -0.17228827954380005 -0.9083076923076924 -3.8360655737704916 -0.6895687061183551 -0.20286858767282595 -0.13187118267629092 0.09108574204517854 -0.0035001750087504378 0.041746183206106874 -0.05695588948133786 0.04728720756595321 -0.12507739938080492 -0.15359435981367242 -0.07617643445140683 0.08041868777125351 -0.015214384508990314 -0.010339925035543493 -0.023677045104770932 -0.08273381294964029 -0.08190618019359644 0.012433171702101207 -0.05265735978447219 -0.1389415182518631 0.1256062678771297 0.13879795731308106 -0.011217049915872135 0.011288097328483631 0.023747596969354294 -0.03988603988603988 0.03013500482160077 0.024905123339658445 -0.04964281389998789 -0.382506852728632 0.04073068378178228 0.10719182350741618 0.019607843137254898
0.006152331733727082 -0.12738853503184716 -0.09723175474719743 -0.10953157772081101 -0.05245588936576062 -0.07878715530619554 0.1240540875821858 -0.025436046511627907 0.04337841286042358 -0.07457533489849469 -0.014127921911122526 -0.11429961089494163 -0.16875602700096431 -0.15909925345734915 -0.1230611460069222 0.10411440040140492 0.6998280195793095 -0.0012733987011333257 0.009176717357105402 -0.023415977961432508 -0.1129653401797176 -0.15927468757657437 -0.5180911167207596 -0.7213426972979408 -0.430038510911425 0.10196179659266906 0.37718120805369126 -0.023887352275584608 -0.07722007722007723 0.06808633927277995 -0.08684381075826311 -0.30967127203430206 -2.2106031128404666 -4.733382936507936 -0.5831533477321814 -0.10862277055115999 0.22569925228468563 -0.341925302472383 -0.1613564884452345 -0.1232419892706974 -0.06691919191919192 -0.19668381932532875 -0.7634835395750643 -1.651555991178633 -0.3835209699369046 -1.5423260487314745 -6.732068607068608 -0.9609956376700026 -0.22933965994464214 -0.1464986815118664 -0.07627860447667875 0.03379165695642041 -0.040064102564102554 0.027581244753567574 -0.16136859985440427 -0.6953846153846153 -3.0706179066834807 -0.6005516549648945 -0.20674505750096914 -0.10827318156579677 0.09715812484819043 0.008167075020417688 0.054866412213740445 -0.04241396025206011 0.06470881035340967 -0.08916408668730655 -0.1158252549414579 -0.04791743457427203 0.08552463620117437 -0.009681881051175654 -0.010339925035543493 -0.013022374807624009 -0.08273381294964029 -0.0757011665425664 0.002486634340420241 -0.04898359049718344 -0.17051913603637742 0.1318243999502549 0.09951551656409587 -0.0014021312394840169 0.00877963125548727 0.023747596969354294 -0.045584045584045586 0.033751205400192864 0.010673624288425046 -0.05448601525608428 -0.3962123099925243 0.027153789187854854 0.08600274211641531 0.01045751633986928
0.00369139904023625 -0.12515364845234106 -0.10409517272935254 -0.12584479142391053 -0.053648068669527905 -0.08833711352512832 0.13397841458876067 -0.03875968992248062 0.03955090584332738 -0.08009943377986466 -0.016696634985872077 -0.11551556420233462 -0.17719382835101255 -0.19214294456002937 -0.13716190232021536 0.09031610637230306 0.7117343563963489 -0.017827581815866547 -0.0091767173571054 -0.03305785123966942 -0.11168164313222081 -0.15927468757657437 -0.5517490082942661 -0.8510891560528508 -0.4557124518613607 0.08002065049044915 0.37718120805369126 -0.026401810409856674 -0.09319664492078286 0.07822685788787484 -0.08684381075826311 -0.28704144830871836 -2.1838521400778212 -5.017361111111111 -0.6123745394486089 -0.16896875419069332 0.09554140127388529 -0.3879537085744345 -0.1846027622042937 -0.12469189502682325 -0.047979797979797977 -0.17953116066323613 -0.4190987625496148 -1.129625091889243 -0.3303228999133985 -1.5222305953278072 -7.166060291060292 -1.0302797023351296 -0.21484117569526823 -0.15968356284793433 -0.06252344629235965 0.06874854346306222 -0.021749084249084248 0.05276412039812928 -0.13467604950254794 -0.49476923076923074 -2.3430012610340483 -0.5015045135406218 -0.19769996123530173 -0.07495835646862854 0.1056594607724071 0.014000700035001751 0.059637404580152674 -0.04968492486669899 0.08213041314086611 -0.06439628482972136 -0.06168953795795039 -0.04177417373141664 0.10084248149093693 -0.01383125864453665 0.0012924906294429356 -0.010654670297146918 -0.05875299760191847 -0.09307520476545048 0.02237970906378217 -0.0698016164584864 -0.17051913603637742 0.11068275090162916 0.09951551656409585 -0.018227706113292205 0.021321961620469083 0.027140110822119194 -0.027350427350427347 0.014464802314368374 0.011859582542694494 -0.05811841627315656 -0.3862447047096936 0.02221673660824488 0.0697993269350617 0.011764705882352938
0.0073827980804725 -0.11621410213431668 -0.10180736673530084 -0.12118387322302493 -0.06199332379589891 -0.09072460307986152 0.11412976057561094 -0.04239341085271317 0.03955090584332738 -0.08424250794089214 -0.02183406113537118 -0.1240272373540856 -0.17598842815814852 -0.2019336678497124 -0.14998077169593643 0.07526342197691922 0.6654319354411959 -0.01782758181586655 -1.0408340855860842e-18 -0.026170798898071623 -0.11424903722721438 -0.16662582700318548 -0.562567616300036 -0.9082252112843708 -0.48395378690629015 0.05937016004130098 0.3328859060402684 -0.03268795574553683 -0.07988283850352816 0.0869187309865276 -0.0764744005184705 -0.27274892806098144 -1.979571984435798 -4.800347222222222 -0.6009401600813111 -0.24004291269947703 -0.22292993630573252 -0.4734350341925303 -0.1969096130179133 -0.13919095258808178 -0.03535353535353535 -0.16009148084619781 -0.26500116740602386 -0.8074001470227884 -0.2944451317580106 -1.3815624215021354 -6.93866943866944 -1.0161662817551962 -0.20429682351390538 -0.14796366832698504 -0.06377391521820683 0.0757399207643906 -0.022893772893772896 0.06475596594315865 -0.11768988109682117 -0.38030769230769235 -1.8802017654476675 -0.4225175526579739 -0.17573329887582376 -0.051360355358134366 0.1056594607724071 0.023334500058336254 0.06202290076335878 -0.038778477944740666 0.08213041314086611 -0.049535603715170275 -0.028956313735364468 -0.02948765204570586 0.11233086545825888 -0.006915629322268328 6.938893903907229e-19 -0.0023677045104770924 -0.05635491606714628 -0.0757011665425664 0.01864975755315181 -0.061229488121479304 -0.17557155488189974 0.1094391244870041 0.09034961372266596 0.0042063937184520445 0.022576194656967263 0.020355083116589394 -0.015954415954415956 0.0156702025072324 0.013045540796963944 -0.05085361423901199 -0.3625716421629704 0.01604542088373241 0.06979932693506169 0.003921568627450979
-0.0012304663467454166 -0.12180131858308192 -0.11324639670555936 -0.1211838732230249 -0.0810681926561755 -0.1026620508535275 0.0806351569284208 -0.05208333333333333 0.03317172748150038 -0.08148045850020716 -0.025687130747495505 -0.12281128404669261 -0.1904532304725169 -0.19826214661608127 -0.16536341494680168 0.060210737581535376 0.5887022092869427 -0.022921176620399848 -0.009176717357105403 -0.01928374655647383 -0.1142490372272144 -0.16540063709875033 -0.576992426974396 -0.9451255802880609 -0.5134788189987164 0.03355704697986578 0.2536912751677852 -0.035202413879808894 -0.08920250299560646 0.08981602201941184 -0.06610499027867789 -0.266793711291091 -1.7485408560311289 -4.484126984126984 -0.5907762673103799 -0.28831969961110365 -0.44309055663251173 -0.5168332456601789 -0.19143990154519347 -0.13774104683195593 -0.03409090909090909 -0.13036020583190394 -0.20079383609619422 -0.5415339377603527 -0.2820734875664976 -1.2094951017332332 -6.4527027027027035 -0.9545804464973054 -0.202978779491235 -0.1171989452094931 -0.060022508440665256 0.08156606851549755 -0.012591575091575094 0.07794699604269098 -0.10191701043436059 -0.2843076923076923 -1.510718789407314 -0.3472918756268807 -0.15505879312572685 -0.026374236535258184 0.09472917172698568 0.023334500058336254 0.05486641221374046 -0.02787203102278235 0.07341961174713788 -0.043343653250773995 -0.017625582273700115 -0.018429782528566162 0.11743681388817973 0.004149377593360995 0.0012924906294429334 -0.007103113531431278 -0.055155875299760196 -0.07073715562174236 0.01740644038294169 -0.06367866764633848 -0.1768346595932803 0.09949011317000372 0.07463663742307189 0.007010656197420079 0.022576194656967263 0.014700893361981226 -0.021652421652421653 0.007232401157184187 0.002371916508538898 -0.05690761593413246 -0.3563418888612011 0.011108368304122438 0.05234949520129626 -0.00392156862745098
0.0 -0.12515364845234106 -0.11095859071150767 -0.12001864367280353 -0.08583690987124465 -0.1014683060761609 0.04962163503287433 -0.049660852713178286 0.025516713447307982 -0.06490816185609723 -0.03082455689699461 -0.12159533073929962 -0.1988910318225651 -0.20438134867213315 -0.17818228432252275 0.06146512794781737 0.5146183357586983 -0.022921176620399848 -0.02097535395909806 -0.004132231404958678 -0.11681643132220798 -0.15682430776770398 -0.5781944945305926 -0.9617902630639209 -0.5340179717586649 0.002581311306143516 0.16510067114093957 -0.04400301734976113 -0.10651045133803756 0.08547008547008547 -0.0596241088788075 -0.25607432110528827 -1.5114299610894943 -4.104662698412699 -0.5704484817685174 -0.3526887488266059 -0.5870949875380782 -0.5720673329826407 -0.19143990154519347 -0.14354066985645933 -0.027777777777777773 -0.11778158947970266 -0.1284146626196591 -0.3651065915216859 -0.26227885686007674 -1.0537553378548106 -5.914760914760914 -0.9019758788811906 -0.20166073546856467 -0.09815411661295048 -0.05001875703388771 0.07690515031461198 -0.00457875457875458 0.08394291881520566 -0.08493084202863382 -0.2264615384615385 -1.1475409836065575 -0.3021564694082247 -0.13309213076624887 -0.022209883398112158 0.0935146951663833 0.015167425037918564 0.06202290076335878 -0.033931168201648085 0.07466401194624192 -0.05944272445820433 -0.007553820974442904 -0.02457304337142155 0.11488383967321932 0.0013831258644536632 0.0012924906294429356 -0.013022374807624009 -0.052757793764988015 -0.07197815835194839 0.008703220191470845 -0.06490325740876805 -0.180623973727422 0.10073373958462876 0.0523765876653136 0.022434099831744252 0.02759312680295999 0.016962569263824494 -0.021652421652421653 0.012054001928640309 -0.004743833017077798 -0.03995641118779514 -0.3376526289558934 0.017279684028634903 0.03739249657235448 -0.00392156862745098
0.011074197120708748 -0.12962342161135323 -0.12125371768474033 -0.11768818457236074 -0.08941344778254649 -0.09191834785722812 0.03349460364719018 -0.04966085271317829 0.01658586374075019 -0.06352713713575472 -0.025687130747495505 -0.12889105058365757 -0.19889103182256512 -0.21539591237302655 -0.17561851044737853 0.02132463622679377 0.45244079904749307 -0.03947535973513307 -0.013109596224436287 -0.015151515151515152 -0.11810012836970474 -0.15069835824552805 -0.569780021637216 -0.946315914772051 -0.5365853658536585 -0.018069179143004648 0.09664429530201343 -0.038974101081216996 -0.11316735454666489 0.0985078951180646 -0.049254698639014896 -0.23820867079561694 -1.285262645914397 -3.6272321428571432 -0.5475797230339221 -0.3620759018372 -0.6784824148435337 -0.5746975276170436 -0.18460276220429372 -0.1348412353197042 -0.007575757575757576 -0.08690680388793595 -0.08055101564324071 -0.24748836069590788 -0.23382407521959667 -0.9105752323536802 -5.231288981288981 -0.8198614318706697 -0.18057203110583894 -0.08203926164664517 -0.037514067775415785 0.08855744581682592 -0.0022893772893772904 0.10552824079625853 -0.07401116233923805 -0.16861538461538464 -0.8827238335435057 -0.24072216649949846 -0.11758625145367618 -0.00277623542476402 0.10808841389361186 0.02333450005833625 0.06440839694656489 -0.021812893843916624 0.07466401194624192 -0.037151702786377715 0.017625582273700112 -0.007371913011426465 0.10977789124329844 0.01106500691562932 0.020679850071086987 -0.026044749615248018 -0.06235011990407674 -0.08190618019359644 6.938893903907229e-19 -0.09674259123193729 -0.16420361247947454 0.08083571695062802 0.04452009951551657 0.011217049915872124 0.03511852502194908 0.019224245165667758 -0.027350427350427347 0.02531340405014465 -0.008301707779886149 -0.007264802034144568 -0.2977822078245701 0.034559368057269814 0.03614608001994266 0.007843137254901962
0.019687461547926662 -0.1363280813498715 -0.1166781056966369 -0.12118387322302496 -0.07987601335240821 -0.08117464486092874 0.018608113137327877 -0.0569282945736434 0.008930849706557794 -0.062146112415412236 -0.008990495761623425 -0.12767509727626458 -0.18442622950819673 -0.21539591237302655 -0.16536341494680168 -0.005017561465127949 0.37041936764122235 -0.0560295428498663 -0.01179863660199266 -0.024793388429752067 -0.11039794608472402 -0.1359960793923058 -0.5192931842769564 -0.901083204380431 -0.5096277278562259 -0.030975735673722256 0.04563758389261746 -0.038974101081216996 -0.11316735454666489 0.09995654063450674 -0.03370058327932599 -0.21796093377798947 -1.0408560311284047 -3.1336805555555554 -0.5107356117392962 -0.3593938581198874 -0.7546386042647467 -0.5589163598106259 -0.17776562286339395 -0.12179208351457153 0.006313131313131312 -0.06289308176100629 -0.05019845902404857 -0.13109531977456507 -0.21774093777062972 -0.7623712635016329 -4.478950103950103 -0.7313317936874519 -0.16475550283379464 -0.060064459419865227 -0.03001125422033262 0.09904451176881846 0.009157509157509158 0.12111764000479672 -0.06309148264984227 -0.10215384615384615 -0.6897856242118537 -0.18931795386158473 -0.10595684196924668 0.013881177123820101 0.10930289045421426 0.01750087504375219 0.058444656488549615 -0.03029568589432865 0.07341961174713789 -0.05077399380804953 0.023920433085735868 -0.017201130359995088 0.0970130201684963 1.3877787807814458e-18 0.036189737624402224 -0.02959630638096366 -0.04196642685851319 -0.08438818565400844 0.0074599030212607245 -0.11511143766838108 -0.1477832512315271 0.05223230941425196 0.03797302605735237 -0.007010656197420076 0.03261005894895271 0.023747596969354294 -0.02621082621082621 0.03013500482160077 -0.011859582542694497 0.01695120474633733 -0.2666334413157239 0.041964946926684774 0.017449831733765422 0.014379084967320262
0.015996062507690412 -0.13297575148061236 -0.11095859071150767 -0.13516662782568167 -0.07153075822603719 -0.09430583741196133 0.009924327006574862 -0.06904069767441859 0.01148252105128859 -0.0718132854578097 -0.008990495761623425 -0.1203793774319066 -0.18201542912246865 -0.2117243911393954 -0.15639020638379694 -0.011289513296537886 0.285752083608943 -0.0560295428498663 -0.013109596224436287 -0.026170798898071623 -0.10526315789473686 -0.11884342073021319 -0.4844332251472534 -0.836805142244971 -0.4903722721437741 -0.029685080020650494 -0.00939597315436241 -0.030173497611264775 -0.11716149647184129 0.102853831667391 -0.019442644199611146 -0.19652215340638401 -0.8073929961089494 -2.569444444444444 -0.45991614788463986 -0.3553707925439185 -0.7989476599279979 -0.5523408732246187 -0.16272391631341449 -0.12759170653907492 0.011363636363636364 -0.028587764436821032 -0.05370067709549382 -0.06248468512619456 -0.21897810218978103 -0.5915599095704598 -3.6902286902286896 -0.6120092378752887 -0.15948332674311325 -0.03808965719308526 -0.032512192072027005 0.1118620368212538 -0.0022893772893772886 0.135507854658832 -0.07158456685270566 -0.029538461538461534 -0.5586380832282472 -0.12537612838515547 -0.10078821553172246 0.0416435313714603 0.1056594607724071 0.025667950064169876 0.05486641221374046 -0.025448376151236057 0.06844201095072175 -0.061919504643962855 0.030215283897771627 -0.022115739034279394 0.08935409752361502 -0.006915629322268327 0.03231226573607342 -0.0331478631466793 -0.05155875299760192 -0.10176222387689253 -0.009946537361680965 -0.1396032329169728 -0.1490463559429077 0.03730879243875139 0.019641220374492604 -0.025238362310712283 0.03135582591245453 0.030532624674884084 -0.04102564102564103 0.04339440694310511 -0.02490512333965845 0.04479961254389151 -0.2354846748068776 0.04443347321648976 0.008724915866882715 0.01568627450980392
0.012304663467454163 -0.12738853503184716 -0.10867078471745595 -0.12467956187368914 -0.06556986170720076 -0.08953085830249492 -0.00992432700657487 -0.060562015503875966 0.002551671344730799 -0.07457533489849469 -0.005137426149499099 -0.11551556420233462 -0.16513982642237218 -0.2019336678497124 -0.15126265863350852 -0.038886101354741597 0.19314724169863737 -0.058576340252132944 -0.013109596224436287 -0.03168044077134986 -0.08985879332477535 -0.10781671159029652 -0.4303401851184036 -0.7499107249137007 -0.44672657252888326 -0.02323180175529169 -0.04697986577181207 -0.015086748805632388 -0.11449873518839035 0.10140518615094887 -0.015554115359688916 -0.18461171986660316 -0.610408560311284 -1.976686507936508 -0.4129081438190827 -0.3352554646640741 -0.8335641096649129 -0.5247238295633877 -0.147682209763435 -0.12904161229520078 0.021464646464646464 -0.005717552887364208 -0.04319402288115807 -0.03798088703749082 -0.20289496474081403 -0.45214770158251694 -2.9028066528066523 -0.4811393379522711 -0.15157506260709108 -0.011719894520949315 -0.026259847442791046 0.11652295502213934 0.008012820512820512 0.12471519366830555 -0.05581169619024508 -0.015999999999999993 -0.44892812105926866 -0.0827482447342026 -0.0814058663910066 0.03886729594669628 0.11294632013602139 0.030334850075837128 0.06560114503816794 -0.010906446921958314 0.07217521154803384 -0.04829721362229102 0.040287045197028824 -0.007371913011426465 0.08424814909369416 -0.0013831258644536645 0.049114643918831594 -0.023677045104770925 -0.020383693045563544 -0.10672623479771656 0.008703220191470845 -0.15307372030369826 -0.11115321460149048 0.038552418853376444 0.0196412203744926 -0.025238362310712283 0.03888122413144362 0.04184100418410042 -0.013675213675213677 0.053037608486017365 -0.008301707779886149 0.03753481050974694 -0.18938450037378518 0.03332510491236732 0.00997133241929453 -0.00784313725490196
0.015996062507690416 -0.11062688568555146 -0.09723175474719745 -0.10720111862036823 -0.06318550309966618 -0.07639966575146233 -0.024810817516437163 -0.06782945736434107 -0.005103342689461596 -0.06767021129678222 -0.008990495761623425 -0.11065175097276267 -0.15188042430086787 -0.16888997674703218 -0.13972567619535958 -0.035122930255895635 0.10318825241434049 -0.04966254934419967 -0.02490823282642895 -0.02203856749311295 -0.06803594351732992 -0.09556481254594462 -0.3594181993028008 -0.6499226282585406 -0.3902439024390244 -0.006453278265358802 -0.07248322147651007 -0.005028916268544123 -0.107841831979763 0.1086484137331595 0.00388852883992223 -0.15483563601715106 -0.4559824902723735 -1.4223710317460319 -0.34811332740439593 -0.28027356845916596 -0.7975630019385213 -0.47606522882693325 -0.10118966224531656 -0.10294330868493547 0.022727272727272728 0.017152658662092625 -0.030352556619192155 -0.008576329331046318 -0.18186316961524188 -0.3039437327304697 -2.1361746361746365 -0.34642032332563505 -0.12785027019902465 0.02636976267213595 -0.006252344629235962 0.12467956187368909 0.024038461538461543 0.14150377743134668 -0.032759039068187334 0.017230769230769227 -0.3341740226986129 -0.046389167502507524 -0.04134901150019382 0.052748473070516375 0.09837260140879281 0.05133590012833975 0.0691793893129771 0.021812893843916624 0.06595321055251369 -0.029721362229102165 0.05287674682110034 0.0036859565057132337 0.10084248149093696 0.013831258644536654 0.03489724699495929 -0.013022374807624009 -0.026378896882494007 -0.09059319930503848 0.008703220191470845 -0.14939995101640952 -0.07957559681697612 0.02860340753637607 0.026188293832656806 -0.030846887268648336 0.03386429198545089 0.03957932828225715 -0.012535612535612537 0.06870781099324977 -0.009487666034155597 0.05327521491706018 -0.14453027660104661 0.02345099975314737 -0.0012464165524118161 -0.00915032679738562
0.011074197120708748 -0.09051290646999664 -0.09151223976206818 -0.10487065951992544 -0.054840247973295175 -0.06207472842306314 -0.03225406277136831 -0.04239341085271317 0.006379178361826996 -0.04281176633061732 -0.008990495761623425 -0.10578793774319066 -0.13862102217936353 -0.14196548770040388 -0.11921548519420588 -0.021324636226793776 0.043656568329144066 -0.030561568827199792 -0.01179863660199266 -0.006887052341597796 -0.06546854942233632 -0.07596177407498163 -0.28969828104339457 -0.5130341625996906 -0.33504492939666247 0.01806917914300464 -0.09798657718120804 0.02765903947699271 -0.09852216748768475 0.1303780964797914 0.005184705119896307 -0.12744163887565507 -0.3319552529182879 -0.8568948412698415 -0.2820480243933427 -0.21322247552635107 -0.7227914705067848 -0.4182009468700684 -0.07520853274989744 -0.0840945338552994 0.022727272727272728 0.0274442538593482 -0.03735699276208265 0.01470227885322225 -0.17567734751948533 -0.1934187390102989 -1.4293139293139292 -0.22581472927893248 -0.10544352181362857 0.03662467037796661 -0.022508440665249464 0.13633185737590303 0.020604395604395608 0.1582923611943878 -0.03154574132492114 0.04553846153846154 -0.266078184110971 -0.007522567703109326 -0.0271352887970022 0.06524153248195447 0.08136992956035947 0.06300315015750788 0.06083015267175573 0.023024721279689773 0.05102040816326531 -0.035913312693498456 0.04909983633387889 0.00982921734856862 0.09446004595353588 0.01936376210235131 0.024557321959415793 0.0 -0.025179856115107913 -0.09431620749565649 0.012433171702101207 -0.1322556943423953 -0.036630036630036625 0.04352692451187663 0.049757758282047926 -0.0182277061132922 0.021321961620469083 0.03957932828225715 -0.012535612535612537 0.0626808100289296 -0.008301707779886147 0.04964281389998789 -0.10964365811113883 0.028388052332757346 -0.0012464165524118161 -0.00784313725490196
