-0.21723212106419335 -0.5806094182825484 -0.45225002805521264 -0.5158730158730159 -0.08718499940284248 -0.3697996918335901 -0.030833744449926002 -0.356090373280943 -0.03741452715778608 -0.14644351464435146 -0.2392222080081873 -0.682902949455391 -1.2226652168660144 -0.580494404132333 -0.20597839738759105 -0.17879627297909848 -0.029294274300932094 -0.12967004750288869 0.0026458526260087377 -0.07355021216407356 -0.03975888162113633 -0.3553608372885481 -0.331984769157544 -0.27375971309025704 -0.20884824518042513 -0.004945598417408509 -0.22565320665083138 0.04055252819667977 -0.20440458921271265 0.1287232450232001 -0.09047434406100556 -0.13614300935243281 -0.18323353293413175 -0.22256977863330124 -0.06342747726184776 -0.14863332913465171 -0.08105634723493267 -0.07575757575757576 -0.09819967266775777 -0.010562848951260001 -0.12131934790850499 -0.11363636363636362 -0.23560817084493965 -0.1856987821053901 -0.16346153846153846 -0.15513271118652283 -0.2319458375125376 -0.21580010095911156 -0.2521452145214521 -0.14274981217129978 -0.06877579092159561 -0.09381514940931204 -0.08594368427004409 -0.013930810308799632 -0.028815122176118025 0.11323936875075294 -0.1583016321020984 0.14332003988035893 -0.20182291666666666 0.25460299194476405 0.03709909047391097 -0.21256931608133084 -0.07122839794488557 -0.22490530303030307 0.029719448407037562 -0.19455252918287935 -0.003666585186995841 -0.12177301509985386 -0.08597799974712353 -0.07284953768562621 -0.1238192494255808 -0.3812213201553124 -0.23022087180086478 -0.3909738144081091 -0.16470305361865833 -0.27250900360144054 -0.15198319535400967 -0.2949127549766527 -0.18327310273618996 -0.1796657381615599 -0.2305295950155763 -0.4620238900157764 -0.6785795068988916 -0.47200481637567737 -0.21708519126965503 -0.13142315889178308 -0.19336678497123977 -0.050189741706451206 -0.19363762102351312 0.07227332457293037
-0.22821576763485477 -0.5828254847645429 -0.561104253170239 -0.5357142857142857 -0.10987698554878778 -0.3366125400023705 -0.05673408978786384 -0.3180255402750491 -0.05160624435556701 -0.11018131101813111 -0.2737623129077651 -0.8762697344266307 -2.0913374411018486 -0.8092485549132948 -0.26375282592313487 -0.25308486527323093 -0.08521970705725698 -0.19643086403902943 -0.031750231512104786 -0.1357850070721358 -0.07823521867384892 -0.42472921990994283 -0.46049500237981916 -0.38374178123132097 -0.2706376668314385 -0.07542037586547971 -0.2876748482449195 -0.043087061208972245 -0.2756165106158513 0.05538093099835355 -0.08788936280211969 -0.14206227062862556 -0.22754491017964068 -0.2394128970163619 -0.08018190521780758 -0.12344123945081245 -0.11374035821676036 -0.05778120184899845 -0.11729405346426622 0.009053870529651422 -0.14785795526349044 -0.14204545454545453 -0.29596100278551535 -0.227903050765706 -0.20673076923076925 -0.19027996606471942 -0.29087261785356067 -0.2536597677940434 -0.30231023102310234 -0.17430503380916604 -0.10754032762285856 -0.12161223071577484 -0.157186475178107 -0.06849315068493152 -0.08298755186721991 0.049391639561498606 -0.21352313167259784 0.08100697906281157 -0.2578125 0.19131185270425774 0.023934897079942556 -0.20910351201478744 -0.12377393741242411 -0.2189867424242425 0.019020446980504042 -0.1519941634241245 -0.020777316059643117 -0.06453969800292254 -0.09482867619168037 -0.019613337069207065 -0.15062547868266532 -0.4153429815272385 -0.3131938763585369 -0.44648244237963075 -0.1899495070930512 -0.3037214885954382 -0.18534536018781664 -0.3207176210371098 -0.20005162622612285 -0.20612813370473537 -0.29283489096573206 -0.6062654947036286 -1.2440624293146345 -0.670680313064419 -0.3003989673785496 -0.22022259057542035 -0.27046873087749357 -0.13465540457828376 -0.2665660756947064 0.00657030223390277
-0.23431779350744444 -0.5916897506925207 -0.6520031421838178 -0.5648926237161531 -0.12062582109160395 -0.324759985776935 -0.05673408978786384 -0.30329076620825146 -0.04257515159334278 -0.09762900976290097 -0.30318536522962775 -1.0733080406315016 -2.9358463211308448 -1.0293936785143278 -0.30268776689274046 -0.28330395366406447 -0.12117177097203731 -0.23237899602002826 -0.05953168408519647 -0.15841584158415842 -0.12312427856868027 -0.48679566751855907 -0.5925749643027131 -0.48057381948595335 -0.33489866534849233 -0.12858555885262118 -0.35233570863024544 -0.10391585350399188 -0.34550969273374654 0.005987127675497683 -0.07237947524880445 -0.1562684976914881 -0.2538922155688622 -0.2634744947064485 -0.08018190521780758 -0.1146240080614687 -0.10851091645966793 -0.057781201848998466 -0.11320240043644299 0.018107741059302847 -0.16428661695943383 -0.14772727272727276 -0.3331012070566388 -0.2315205595080188 -0.2235576923076923 -0.18300812022785115 -0.31093279839518556 -0.26123170116102984 -0.37491749174917494 -0.1758076634109692 -0.12129548580717768 -0.12161223071577484 -0.1741490444419315 -0.08590666357093105 -0.07261410788381742 0.03493554993374291 -0.1816173763651982 0.06854436689930209 -0.21484375 0.18124280782508626 -0.013164193393968408 -0.24491682070240292 -0.18566090611863614 -0.2722537878787879 -0.013076557299096531 -0.18725680933852137 -0.04888780249327792 -0.11203117389186557 -0.1289669996206853 0.001400952647800506 -0.1672198110799081 -0.42710907165548884 -0.37980600677807647 -0.46940991915047664 -0.1995672036547247 -0.28811524609843936 -0.18781663165698753 -0.3072007864340133 -0.21037687145069697 -0.19220055710306408 -0.36386292834890965 -0.7516339869281046 -1.8287717710925129 -0.8464780252859724 -0.34029570523351327 -0.2817901965427421 -0.2839309754008078 -0.21055208715877094 -0.2791399471897397 -0.04599211563731932
-0.2111300951916036 -0.6393351800554016 -0.6935248569184155 -0.6360877684407096 -0.08240773916159082 -0.38402275690411275 -0.004933399111988164 -0.37328094302554027 0.025803122177783515 -0.1701534170153417 -0.34795957528463606 -1.2801370701260555 -3.8395553944665934 -1.2569179682695855 -0.36548605877920115 -0.34500125912868296 -0.17842876165113183 -0.2978559506997047 -0.12038629448339729 -0.20933521923620937 -0.16416570475824033 -0.5890227576974565 -0.7175154688243695 -0.602510460251046 -0.3818586258032625 -0.2138971315529179 -0.39060438110319345 -0.2116335065264225 -0.37847817486482926 -0.09878760664571172 -0.06979449398991858 -0.21072570143246122 -0.28263473053892213 -0.33926852743022134 -0.06941120153183342 -0.19901750850233027 -0.08105634723493269 -0.15279917822290706 -0.07910529187124932 -0.07695789950203713 -0.179451535447997 -0.15681818181818183 -0.38416898792943355 -0.2628723019413964 -0.22836538461538458 -0.18906799175857472 -0.31344032096288865 -0.27006562342251395 -0.37623762376237624 -0.17731029301277235 -0.1500562711016631 -0.15751679406995597 -0.24199932149722944 -0.12189459020199675 -0.13024435223605346 -0.007228044813877848 -0.22824886489139767 0.002492522432701899 -0.26432291666666663 0.11651323360184118 -0.009573958831977022 -0.2795748613678374 -0.21602055114432508 -0.32552083333333337 -0.004755111745126014 -0.23346303501945523 -0.018332925934979226 -0.16561130053580125 -0.09862182323934758 -0.05043429532081815 -0.2055144243043145 -0.45417107895046477 -0.4884889564099567 -0.5273319657294557 -0.25006011060351047 -0.3025210084033614 -0.23106388236747807 -0.3207176210371099 -0.25296850800206505 -0.21030640668523679 -0.42990654205607476 -0.9308091052512959 -2.5107441755258995 -1.041541240216737 -0.4236094813424079 -0.37532559791617337 -0.3610329213070616 -0.32806953115436405 -0.359612724757953 -0.1471747700394218
-0.21845252623871123 -0.6404432132963989 -0.7631017843115251 -0.6535947712418301 -0.11823719097097815 -0.3496503496503497 -0.04686729156388752 -0.3388998035363458 -0.027093278286672684 -0.12691771269177127 -0.37994115389535627 -1.4832945783869784 -4.7565543071161045 -1.4413971221251998 -0.4257724189902035 -0.3664064467388567 -0.24101198402130491 -0.3222493259725253 -0.19447016801164177 -0.22489391796322492 -0.1680133384635116 -0.6437872702932944 -0.8174678724416944 -0.6766288105200239 -0.3892733564013841 -0.21760633036597427 -0.3853259435207178 -0.21416803953871497 -0.3745219570090993 -0.09579404280796287 -0.06979449398991858 -0.23913815555818635 -0.32095808383233526 -0.37415784408084696 -0.09573958831977022 -0.20657513540748207 -0.09935939338475618 -0.16820749871597326 -0.107746863066012 -0.0829938131884714 -0.213572602047264 -0.16704545454545455 -0.43175487465181056 -0.27010731942602195 -0.26802884615384615 -0.19512786328929826 -0.3548144433299899 -0.2751135790005048 -0.429042904290429 -0.17881292261457551 -0.15505814680505187 -0.1702571230020848 -0.27818613592672176 -0.1323426979335965 -0.15675426463808206 -0.0036140224069389298 -0.26874463124309733 0.011216350947158529 -0.30078125 0.13952819332566171 -0.022738152225945434 -0.277264325323475 -0.25455394675385334 -0.3397253787878788 -0.020209224916785545 -0.21279182879377428 -0.04277682718161818 -0.14856307842182173 -0.13908205841446455 -0.032221910899411586 -0.2476384988511616 -0.49535239439934103 -0.5831482996377235 -0.5659466634487752 -0.31618177446501566 -0.31332533013205277 -0.3014951192388485 -0.3280904399115262 -0.32782653588022714 -0.21448467966573817 -0.45981308411214944 -1.0840658102321388 -3.1486089120108574 -1.2052980132450333 -0.4693733865289838 -0.40729339332228276 -0.4001958144657937 -0.3684661525278492 -0.4048786621400729 -0.16819973718791065
-0.21479131071515742 -0.6337950138504155 -0.8068679160588037 -0.6337535014005602 -0.15167801265973962 -0.30816640986132515 -0.09866798223976321 -0.28487229862475444 -0.0838601470777964 -0.07949790794979081 -0.4055264167839324 -1.6852282462366908 -5.667512383713906 -1.5816012790554668 -0.49233860838985183 -0.37270209015361366 -0.3209054593874833 -0.31069456926434713 -0.2764915994179124 -0.22489391796322492 -0.18853405155829164 -0.7058537179019108 -0.9566872917658259 -0.7543335325762104 -0.42634700939199216 -0.22997032640949552 -0.41435735022433356 -0.22557343809403116 -0.40485296056969544 -0.11525220775333034 -0.07625694713713325 -0.2545282348762875 -0.3568862275449102 -0.3873917228103946 -0.13523216850167544 -0.20027711298652226 -0.13204340436658388 -0.15921931176168463 -0.1513911620294599 -0.07393994265881998 -0.1984076835587009 -0.14999999999999997 -0.4294336118848654 -0.2375497407452068 -0.24399038461538458 -0.14058901951278632 -0.32347041123370107 -0.2082281675921252 -0.3947194719471947 -0.1277235161532682 -0.12754783043641366 -0.1702571230020848 -0.2600927287119756 -0.14511260738332948 -0.1267865375749193 -0.015660763763401992 -0.21597742054239782 -0.003738783649052836 -0.2421875 0.11363636363636365 -0.032312111057922456 -0.26455637707948243 -0.2849135917795423 -0.32078598484848486 -0.041607227769852595 -0.16293774319066148 -0.053776582742605716 -0.09498295177788603 -0.1517258819066886 0.007004763239002525 -0.2514679601736023 -0.5141781386045416 -0.6474231623232442 -0.5731869192711476 -0.32700168309689837 -0.2809123649459784 -0.30396639070801923 -0.27525190464487587 -0.32137325761486835 -0.16573816155988857 -0.4909657320872274 -1.2609871534820825 -3.8735580185478398 -1.3835039133052378 -0.5057498239849801 -0.465309022022259 -0.41488189940031817 -0.4284490145672664 -0.41870992078460956 -0.2325886990801577
-0.19282401757383452 -0.621606648199446 -0.8046234990461227 -0.599906629318394 -0.133763286755046 -0.2560151712694086 -0.07030093734583129 -0.22470530451866405 -0.05676686879112371 -0.023709902370990237 -0.4170397850837918 -1.9128625627218212 -6.51081309653256 -1.7058172426515803 -0.5174579251444361 -0.4004029211785444 -0.3342210386151797 -0.336371806393632 -0.2844291572959386 -0.24186704384724184 -0.18468641785302037 -0.7849580138736766 -1.0935268919562113 -0.8344291691572024 -0.44364804745427583 -0.22997032640949558 -0.409078912641858 -0.21416803953871497 -0.39694052485823555 -0.0972908247268373 -0.0775494377665762 -0.2497928258553333 -0.3796407185628742 -0.36092396535129934 -0.1483963618956438 -0.14107570222949992 -0.1372728461236763 -0.09630200308166408 -0.16230223677032188 -0.01207182737286858 -0.19335271072917984 -0.14545454545454545 -0.442200557103064 -0.20378632581695405 -0.2391826923076923 -0.0993818931038662 -0.3121865596790371 -0.16784452296819785 -0.38811881188118813 -0.07963936889556723 -0.12254595473302488 -0.1911049339819319 -0.268008594368427 -0.1718133271418621 -0.11987090825265098 -0.026502830984218774 -0.1926616762792981 -0.011216350947158522 -0.20963541666666669 0.1021288837744534 -0.03350885591191958 -0.2841959334565619 -0.30359645025688925 -0.3314393939393939 -0.036852116024726586 -0.1580739299610895 -0.03544365680762649 -0.09498295177788602 -0.13908205841446455 0.005603810591202013 -0.27572121521572635 -0.5435933639251675 -0.7280588991468973 -0.575600337878605 -0.34984371243087287 -0.2388955582232893 -0.31385147658470286 -0.2273285819611698 -0.31879194630872487 -0.11838440111420612 -0.5109034267912772 -1.4581924723912554 -4.62791223705044 -1.5388320288982542 -0.5104435578502698 -0.51977267345489 -0.39162893158732104 -0.47374219610723456 -0.38979001634603294 -0.2588699080157687
-0.1769587503051013 -0.6304709141274238 -0.7956458309953989 -0.599906629318394 -0.11823719097097815 -0.24771838331160367 -0.05796743956586089 -0.21733791748526526 -0.039994839375564445 -0.01813110181311018 -0.44134578482793907 -2.1478399216742137 -7.255044098103179 -1.7931373754765711 -0.5413212760612912 -0.4457315537647948 -0.36351531291611183 -0.40313262292977275 -0.3241169466860696 -0.30127298444130124 -0.2167500320636142 -0.8531094073262748 -1.2815326035221322 -0.8726838015540943 -0.4943153732081068 -0.18545994065281898 -0.4499868039060438 -0.1457356482068179 -0.4457338784122379 -0.0044903457566232655 -0.08659687217267675 -0.294779211554398 -0.4131736526946107 -0.4042348411934552 -0.15078985160363811 -0.19145988159717847 -0.12812132304876456 -0.15023112480739598 -0.15002727768685215 -0.05885015844273428 -0.21230885883988374 -0.1761363636363636 -0.474698235840297 -0.23393223200289398 -0.2704326923076923 -0.13331717367591805 -0.34478435305917754 -0.19939424533064104 -0.4237623762376237 -0.11419984973703981 -0.14380392647242715 -0.1783646050498031 -0.31550378830713555 -0.13814720222892965 -0.1532964499769479 0.030116853391157695 -0.2294760093262977 0.06106679960119641 -0.25520833333333337 0.18411967779056387 -0.0430828147438966 -0.3038354898336414 -0.32695002335357304 -0.34919507575757575 -0.04873989538754161 -0.17996108949416345 -0.03911024199462234 -0.1156843643448612 -0.14161082311290935 -0.018212384421406554 -0.2897625733980087 -0.6083068596305448 -0.8203809746406451 -0.6178351635091107 -0.37268574176484737 -0.2557022809123649 -0.3299147411343136 -0.22364217252396168 -0.3420237480640166 -0.11142061281337048 -0.5595015576323987 -1.6306062654947038 -5.415064465053155 -1.6026490066225165 -0.5374325275756864 -0.4901728628936774 -0.4161057398115286 -0.4345697147753702 -0.42499685653212615 -0.21024967148488832
-0.16475469855992192 -0.6526315789473685 -0.7743238693749298 -0.623249299719888 -0.12062582109160398 -0.29749911105843313 -0.06906758756783425 -0.27873280943025536 -0.058057024900012896 -0.07252440725244073 -0.42471536395036463 -2.3558927915799783 -7.891748217953365 -1.8595498708645923 -0.528761617683999 -0.443213296398892 -0.3688415446071904 -0.3954294517909872 -0.33337743087710014 -0.2814710042432814 -0.23727074515839425 -0.9443835949860044 -1.5099952403617327 -0.9396294082486548 -0.5350963914977755 -0.19287833827893175 -0.4895750857746107 -0.1558737802559878 -0.5037584069629434 0.004490345756623248 -0.08918185343156262 -0.32674322244583875 -0.43113772455089816 -0.42829643888354185 -0.15916706558161803 -0.2116135533442499 -0.13335076480585698 -0.1643554185927067 -0.16775777414075285 -0.05734118002112572 -0.2072538860103627 -0.20227272727272724 -0.48746518105849573 -0.2580489569516459 -0.27644230769230765 -0.1636165313295358 -0.3610832497492477 -0.23977788995456845 -0.44884488448844884 -0.16228399699474078 -0.15380767787920469 -0.1644660643965717 -0.36526065814768743 -0.1102855816113304 -0.19133241124942374 0.0927599084447657 -0.27733464228739724 0.13958125623130607 -0.31380208333333337 0.26611047180667435 -0.04786979415988512 -0.3408040665434381 -0.3503035964502569 -0.3752367424242424 -0.052306229196386125 -0.19212062256809337 -0.037888046932290385 -0.13395031660983928 -0.14287520546213178 -0.0350238161950126 -0.2986979831503702 -0.7071420167078479 -0.9162089517354213 -0.687824303125377 -0.3654724693435923 -0.3109243697478991 -0.3187940195230446 -0.29982796755959695 -0.3316985028394424 -0.1908077994428969 -0.5869158878504672 -1.8503493351363534 -6.176204478624745 -1.6977724262492475 -0.5702886646327153 -0.5150367037650959 -0.4515971117366296 -0.46517321581588933 -0.4652332453162328 -0.22733245729303547
-0.16353429338540398 -0.6415512465373961 -0.7361687801593535 -0.6034080298786181 -0.11704287591066524 -0.28683181225554105 -0.06290083867784906 -0.2762770137524558 -0.05676686879112373 -0.0878661087866109 -0.4451835742612255 -2.5688410231305836 -8.460794974024406 -1.8989054236871232 -0.5375533785481035 -0.46461848400906575 -0.388814913448735 -0.4262421363461291 -0.34660669400714383 -0.3224893917963224 -0.26548672566371684 -1.0453936959961054 -1.7812946216087577 -1.0197250448296473 -0.5573405832921404 -0.2138971315529179 -0.5133280548957508 -0.18375364339120515 -0.5340894105235394 -0.02245172878311631 -0.10081426909654904 -0.3433171540191784 -0.4634730538922155 -0.42829643888354185 -0.17113451412158928 -0.19271948608137046 -0.1385802065629494 -0.14894709809964046 -0.17184942716857612 -0.04828730949147428 -0.21862757487678505 -0.2159090909090909 -0.5118384401114205 -0.2628723019413964 -0.26322115384615385 -0.16119258271724637 -0.3247241725175526 -0.23472993437657746 -0.41320132013201316 -0.15627347858752816 -0.17756658747030135 -0.18647208709752142 -0.42293339364469074 -0.13466449965172975 -0.22130013831258646 0.07107577400313217 -0.30801325315989697 0.10842472582253242 -0.35286458333333337 0.22871116225546606 -0.0777884155098133 -0.38585951940850277 -0.39934609995329284 -0.40127840909090906 -0.0867807893485497 -0.21035992217898833 -0.05866536299193351 -0.1631758402338042 -0.16942723479580227 -0.07004763239002522 -0.31912177687005366 -0.7895046476056006 -1.0728058899146897 -0.7336792566670688 -0.3642702572733831 -0.3349339735894358 -0.3138514765847028 -0.3280904399115262 -0.32524522457408367 -0.2298050139275766 -0.6093457943925233 -2.057696641875141 -6.884189097489255 -1.785671282360024 -0.5831964327622623 -0.5588444233956903 -0.46750703708236446 -0.5190353776472028 -0.48409405255878274 -0.28383705650459923
-0.1464486209421528 -0.6227146814404432 -0.6250701380316462 -0.5765639589169 -0.08837931446315538 -0.29986962190352023 -0.041933892451899366 -0.28855599214145383 -0.03225390272222939 -0.10599721059972107 -0.422156837661507 -2.6251376820462613 -8.10438564697354 -1.814045012913541 -0.4797789500125596 -0.4696549987408713 -0.3355525965379494 -0.43908075491077153 -0.29236671517396484 -0.32248939179632247 -0.2872899833269206 -1.1464037970062066 -2.127558305568777 -1.0555887627017335 -0.5746416213544242 -0.19658753709198812 -0.525204539456321 -0.16221011278671904 -0.5472768033759725 0.004490345756623252 -0.1059842316143208 -0.3504202675506097 -0.4646706586826347 -0.43190567853705486 -0.1759214935375778 -0.18516185917621866 -0.13465812524513007 -0.13739085772984075 -0.16503000545553737 -0.03621548211860571 -0.2148363452546443 -0.23181818181818184 -0.5060352831940576 -0.2664898106837092 -0.25240384615384615 -0.1611925827172464 -0.3046639919759278 -0.2221100454316002 -0.39735973597359736 -0.13673929376408717 -0.17881705639614853 -0.20268705119295807 -0.42745674544837725 -0.13466449965172975 -0.21438450899031816 0.07228044813877849 -0.28347036446189716 0.11590229312063809 -0.31770833333333337 0.2502876869965478 -0.08377213977979894 -0.40549907578558225 -0.39701074264362446 -0.40127840909090906 -0.07964812173086068 -0.20549610894941633 -0.04888780249327793 -0.15221626887481735 -0.152990264255911 -0.05884001120762118 -0.3472044932346184 -0.9659959995293562 -1.3077012971835924 -0.7614335706528297 -0.34984371243087287 -0.3565426170468187 -0.3027307549734338 -0.3514376996805112 -0.3200826019617966 -0.24930362116991645 -0.5931464174454828 -2.108406581023214 -6.8423433612304905 -1.6664659843467793 -0.5256981929124619 -0.5209566658773384 -0.4026434952882144 -0.48108703635695926 -0.4061360492895763 -0.23915900131406045
-0.1342445691969734 -0.6005540166204986 -0.5218269554483224 -0.5403828197945846 -0.06688164337752298 -0.31053692070641226 -0.025900345337937843 -0.2996070726915521 -0.02064249774222681 -0.11436541143654115 -0.3978508379173596 -2.6006608738220534 -7.615077926785067 -1.6283359980322225 -0.4370761115297664 -0.411735079325107 -0.2969374167776298 -0.38130697136988057 -0.2606164836618601 -0.26732673267326734 -0.2860074387584968 -1.2656687355482537 -2.4357448833888626 -1.069934249850568 -0.5610479485912012 -0.1829871414441147 -0.4948535233570864 -0.14446838170067164 -0.5116708426744033 0.02394851070199072 -0.1305415535737366 -0.36699419912394926 -0.4730538922155688 -0.4523580365736285 -0.18549545236955484 -0.2191711802494017 -0.1385802065629494 -0.1566512583461736 -0.16912165848336058 -0.04074241738343144 -0.19840768355870084 -0.2522727272727273 -0.4886258124419685 -0.282165681900398 -0.2271634615384615 -0.19512786328929826 -0.2683049147442327 -0.25492175668854117 -0.3656765676567657 -0.1758076634109692 -0.16506189821182943 -0.1980542043085476 -0.41162501413547437 -0.1102855816113304 -0.1855693868142001 0.1108300204794603 -0.23683887593569763 0.1582751744765703 -0.26432291666666663 0.29919447640966634 -0.09932982288176159 -0.450554528650647 -0.3946753853339561 -0.4450757575757575 -0.0879695672848312 -0.27602140077821014 -0.05622097286726961 -0.235021919142718 -0.16057655835124543 -0.13449145418884842 -0.39060505488894565 -1.2213201553123896 -1.5554516769895992 -0.7686738264752021 -0.35585477278191885 -0.3517406962785114 -0.3101445693809465 -0.347751290243303 -0.33815178110480126 -0.24791086350974928 -0.5644859813084111 -2.1489745323416725 -6.581090251074417 -1.5135460565924141 -0.4470781506688571 -0.45465309022022254 -0.3230938685595398 -0.41498347410943814 -0.3281780460203697 -0.1800262812089356
-0.12326092262631191 -0.5695290858725761 -0.4230726068903602 -0.49719887955182074 -0.05254986265376806 -0.29512860021334597 -0.023433645781943756 -0.28978388998035365 -0.030963746613340216 -0.10320781032078105 -0.3543558910067801 -2.511320523803696 -6.965083967621119 -1.4254089287910465 -0.36799799045465964 -0.3953664064467388 -0.23302263648468707 -0.36590062909230964 -0.20769943114168546 -0.27157001414427157 -0.2898550724637681 -1.4323962516733602 -2.787958115183246 -1.0914524805738197 -0.5289174493326743 -0.17927794263105837 -0.45394563209290045 -0.1432011151945254 -0.46287748912040094 0.0149678191887442 -0.15122140364482356 -0.38830353971824316 -0.4790419161676646 -0.4692011549566891 -0.19147917663954045 -0.243103665449049 -0.1438096483200418 -0.17719568567026192 -0.18548827059465353 -0.060359136864342855 -0.19335271072917978 -0.24659090909090914 -0.47934076137418763 -0.2809598456529604 -0.22235576923076922 -0.20482365773845596 -0.25952858575727183 -0.24987380111055021 -0.30231023102310234 -0.17731029301277235 -0.18006752532199571 -0.20847810979847115 -0.4410268008594368 -0.12305549106106337 -0.2132319041032734 0.09516925671605832 -0.2761074978524972 0.14207377866400797 -0.30859375 0.27474108170310707 -0.09813307802776447 -0.450554528650647 -0.3865016347501168 -0.41785037878787873 -0.07845934379457917 -0.25413424124513617 -0.04888780249327793 -0.2082318558207501 -0.15299026425591097 -0.11627906976744187 -0.4225172325759511 -1.5966584304035767 -1.8452728760079466 -0.7783275009050319 -0.34864150036066366 -0.36254501800720285 -0.3089089336463611 -0.3624969279921356 -0.3304078471863707 -0.2604456824512535 -0.5358255451713394 -2.1489745323416725 -6.291562994797557 -1.390728476821192 -0.4013142454822812 -0.43926118872839215 -0.2973932199241219 -0.40886277390133435 -0.2904564315352697 -0.18659658344283836
-0.09885281913595313 -0.5074792243767314 -0.33105150937044103 -0.4096638655462185 -0.019109040965006575 -0.22756904112836315 0.01973359644795264 -0.21856581532416502 0.010321248871113404 -0.026499302649930258 -0.3236535755404887 -2.3191775792436666 -6.171318110426484 -1.148690198007625 -0.3378548103491585 -0.2543439939561823 -0.21571238348868174 -0.21954037745538582 -0.19843894695065487 -0.14427157001414426 -0.27959471591637813 -1.6295484970183765 -3.1722989052831982 -1.050806933652122 -0.5042016806722689 -0.12240356083086053 -0.4328318817629981 -0.07350145735648206 -0.4430963998417513 0.08681335129471635 -0.1382964973503942 -0.36462649461347224 -0.46946107784431135 -0.42468719923002884 -0.16634753470560076 -0.17382541881849098 -0.10197411426330238 -0.10143810991268618 -0.1432078559738134 0.010562848951259996 -0.1908252243144193 -0.23522727272727276 -0.47818012999071496 -0.24478475822983237 -0.22956730769230765 -0.16604047994182525 -0.26078234704112335 -0.20696617869762743 -0.3089108910891089 -0.13523666416228403 -0.18006752532199571 -0.1957377808663424 -0.4398959629085152 -0.08938936614813094 -0.19824804057169204 0.13371882905674018 -0.29328751994109703 0.19690927218344964 -0.32291666666666663 0.3279631760644419 -0.11129727142173287 -0.4736598890942699 -0.4040168145726296 -0.4060132575757575 -0.07608178792201617 -0.24075875486381326 -0.050109997555609874 -0.19605455431076474 -0.15551902895435582 -0.11347716447184086 -0.4659177942302783 -2.093187433815743 -2.151454949164427 -0.7566067334379147 -0.34864150036066366 -0.3457382953181273 -0.3101445693809465 -0.35881051855492746 -0.33815178110480126 -0.24791086350974928 -0.5233644859813082 -2.044173991435655 -5.7961999547613665 -1.193257074051776 -0.3602440741609951 -0.33151787828557894 -0.27658793293354544 -0.2864487697392582 -0.26153652709669306 -0.0735873850197109
-0.08664876739077373 -0.5085872576177286 -0.2693300415217147 -0.39915966386554624 -0.005971575301564551 -0.2690529809173877 0.02096694622594968 -0.26277013752455797 0.011611404980002581 -0.08507670850767086 -0.28399641806319564 -2.1196915922163746 -5.243445692883896 -0.9322346574837042 -0.2888721426777191 -0.20271971795517496 -0.19041278295605857 -0.16561817948388755 -0.17198042069056754 -0.099009900990099 -0.31422341926381947 -1.9410977242302543 -3.553069966682532 -1.0627615062761506 -0.5153237765694513 -0.17804154302670622 -0.45658485088413825 -0.13686478266379418 -0.46155874983515754 0.016464601107618614 -0.14734393175649477 -0.4001420622706286 -0.4910179640718562 -0.43551491819056787 -0.15916706558161803 -0.19020027711298654 -0.08890050987057133 -0.11427837699024139 -0.13229678123295147 -0.016598762637694282 -0.17692404903323644 -0.23977272727272725 -0.46541318477251625 -0.24237308573495717 -0.22836538461538464 -0.15513271118652286 -0.2683049147442326 -0.18929833417465924 -0.32079207920792074 -0.11570247933884299 -0.19257221458046764 -0.19226314570303454 -0.44555015266312326 -0.06268864638959833 -0.19479022591055786 0.14937959282014218 -0.2822432200269972 0.2093718843469591 -0.31510416666666663 0.320771001150748 -0.14001914791766396 -0.5360443622920518 -0.4308734236338159 -0.3882575757575758 -0.07964812173086068 -0.23954280155642022 -0.052554387680273776 -0.1887481734047735 -0.14666835250979895 -0.11768002241524236 -0.5067653816696451 -2.7026709024591127 -2.3992053289704334 -0.7493664776155424 -0.337821591728781 -0.34813925570228094 -0.30396639070801934 -0.36495453428360775 -0.33815178110480126 -0.24930362116991645 -0.5084112149532709 -1.8988054992111791 -5.214883510517983 -0.9957856712823603 -0.3156536024407416 -0.2545583708264267 -0.2545588055317586 -0.2056555269922879 -0.23638878410662642 -0.014454664914586074
-0.0671222845984867 -0.5240997229916898 -0.19189765458422176 -0.41900093370681607 0.05016123253314224 -0.33542728457982696 0.08386778490379872 -0.34626719056974453 0.0786995226422397 -0.16457461645746166 -0.25969041831904827 -1.9324440093011865 -4.320405944182676 -0.77481244619358 -0.23612157749309218 -0.18509191639385544 -0.15046604527296942 -0.1669020413403518 -0.1389072628654584 -0.09900990099009897 -0.3090932409901245 -2.251429962273336 -3.78867206092337 -1.0723251643753735 -0.4411764705882352 -0.23615232443125617 -0.37344945896014775 -0.2052971739956913 -0.3679282605828828 -0.05089058524173029 -0.15509887553315235 -0.422635255120161 -0.5161676646706587 -0.42949951876804615 -0.14839636189564387 -0.17382541881849098 -0.09020787030984442 -0.08988186954288649 -0.13229678123295147 0.01961671948091142 -0.18956148110703905 -0.26136363636363635 -0.4596100278551532 -0.25684312070420834 -0.23317307692307693 -0.16361653132953582 -0.2770812437311936 -0.20065623422513879 -0.3313531353135314 -0.10969196093163033 -0.19257221458046764 -0.21542738012508691 -0.4138866900373176 -0.046436034362665427 -0.15675426463808206 0.1578123117696663 -0.23070315376119765 0.22308075772681954 -0.24739583333333334 0.33803222094361335 -0.17233125897558638 -0.6504158964879851 -0.46006539000467067 -0.3894412878787879 -0.060627674750356644 -0.2480544747081712 -0.03911024199462234 -0.1911836337067706 -0.13655329371601974 -0.10927430652843935 -0.5859075823334184 -3.3992234380515356 -2.587355381558958 -0.7771207916013031 -0.337821591728781 -0.38775510204081637 -0.3163227480538737 -0.42270828213320233 -0.3549303045947341 -0.30362116991643456 -0.4573208722741432 -1.738787469010593 -4.469577018774034 -0.798314268512944 -0.20535085660643043 -0.17878285578972294 -0.13707012605556232 -0.11996572407883459 -0.10939268200678991 0.0657030223390276
-0.05491823285330729 -0.49972299168975065 -0.14139827179890024 -0.3944911297852474 0.08837931446315538 -0.33779779542491406 0.12456832757770105 -0.3462671905697446 0.1264352986711392 -0.1631799163179916 -0.22387105027504156 -1.7060335332272671 -3.440860215053764 -0.619849956954864 -0.17332328560663152 -0.14102241249055653 -0.0892143808255659 -0.12967004750288874 -0.0859902103452838 -0.06082036775106081 -0.32961395408490446 -2.537422416940489 -4.048072346501666 -1.0448296473401075 -0.4226396440929313 -0.24604352126607315 -0.36421219319081544 -0.21923710556329995 -0.3639720427271529 -0.0688519682682233 -0.12924906294429364 -0.4392091866935006 -0.4958083832335329 -0.43070259865255045 -0.08257539492580185 -0.1662677919133392 0.010458883514184858 -0.06933744221879815 -0.023186033824331688 0.05281424475629999 -0.20219891318084166 -0.2852272727272727 -0.4572887650882079 -0.2845773543952731 -0.22596153846153846 -0.18058417161556176 -0.27081243731193577 -0.2158001009591115 -0.32211221122112205 -0.11870773854244927 -0.16256096036013504 -0.22585128561501042 -0.3629989822458442 -0.04295333178546552 -0.07837713231904102 0.15660763763402002 -0.12026015462019882 0.21934197407776673 -0.13541666666666666 0.3322784810126583 -0.18669219722355193 -0.7578558225508318 -0.4670714619336759 -0.4095643939393939 -0.02020922491678555 -0.2699416342412451 0.02199951112197507 -0.20214320506575745 -0.06195473511189785 -0.11627906976744184 -0.6586673474597907 -4.089892928579833 -2.7509641229402835 -0.7819476288162182 -0.3390238037989902 -0.41656662665066024 -0.32744346966514276 -0.46080117965101997 -0.3729994837377388 -0.34261838440111425 -0.44859813084112143 -1.5697543385170158 -3.73671115132323 -0.6381697772426249 -0.17249471954940157 -0.10774331044281318 -0.11871251988740665 -0.05631044191455499 -0.10184835910976994 0.12220762155059132
-0.051257017329753476 -0.47534626038781164 -0.10997643362136686 -0.37231559290382815 0.11345993072972652 -0.3413535616925447 0.15416872224963002 -0.36222986247544203 0.1535285769578119 -0.17573221757322174 -0.1880516822310349 -1.471056174274875 -2.654343361121179 -0.5017832984872709 -0.12182868625973373 -0.110803324099723 -0.03595206391478027 -0.09372191552188987 -0.02778145257309168 -0.02545968882602545 -0.3450044889059895 -2.8587075575027385 -4.24559733460257 -1.0388523610280933 -0.39050914483440435 -0.2794263105835806 -0.331221958300343 -0.2661259662907109 -0.3336410391665568 -0.11674898967220478 -0.14475895049760887 -0.46643778856398715 -0.5305389221556885 -0.42829643888354185 -0.08855911919578749 -0.14611412016626782 -0.0013073604392731032 -0.055213148433487416 -0.04500818330605564 0.06488607212916855 -0.213572602047264 -0.29545454545454547 -0.4584493964716806 -0.290606535632461 -0.21274038461538458 -0.19512786328929826 -0.2545135406218656 -0.22841998990408885 -0.2983498349834984 -0.13673929376408714 -0.16506189821182943 -0.26407227241139675 -0.35282144068754945 -0.07429765498026467 -0.06339326878745963 0.11805806529333815 -0.10308013253159895 0.16575274177467597 -0.11458333333333337 0.28193325661680096 -0.23934897079942555 -0.8710720887245842 -0.5184493227463802 -0.38233901515151514 -0.013076557299096531 -0.23467898832684822 0.042776827181618196 -0.17413541159279106 -0.034138323429004934 -0.08405715886803028 -0.7327035996936431 -4.755853629838805 -2.864321608040201 -0.751779896223 -0.3366193796585718 -0.3985594237695078 -0.31879401952304465 -0.4497419513393954 -0.3639648941662365 -0.33426183844011154 -0.39376947040498445 -1.4086094207798059 -2.9405111965618635 -0.5322095123419627 -0.08918094344050696 -0.09235140895098273 -0.022029127401786787 -0.05263802178969272 0.007544322897020006 0.12352168199737187
-0.037832560410056136 -0.45207756232686985 -0.08304342946919539 -0.3338001867413632 0.14092917711692343 -0.30342538817115083 0.19733596447952642 -0.3167976424361493 0.20255450909560055 -0.13528591352859137 -0.17781757707560444 -1.2287357728552197 -1.952398211912529 -0.3874062230967901 -0.11680482290881686 -0.08939813648954925 -0.03994673768308921 -0.08216715881371169 -0.03175023151210477 -0.02121640735502122 -0.3757855585481596 -3.186077643908969 -4.377677296525464 -0.9994022713687987 -0.365793376173999 -0.28189910979228483 -0.30087094220110844 -0.26105690026612594 -0.30067255703547413 -0.11974255350995362 -0.16026883805092412 -0.5055049129868592 -0.562874251497006 -0.42829643888354185 -0.0861656294877932 -0.12596044841919637 0.022225127467642828 -0.03210066769388802 -0.015002727768685217 0.09355666213973142 -0.23505623657272845 -0.29545454545454547 -0.45844939647168054 -0.28216568190039787 -0.22956730769230765 -0.18058417161556178 -0.2670511534603811 -0.20191822311963653 -0.3089108910891089 -0.10368144252441773 -0.16256096036013504 -0.27565438962242295 -0.3166346262580572 -0.07429765498026467 -0.02420470262793916 0.10360197566558246 -0.041722910786599565 0.13958125623130607 -0.046875 0.25316455696202533 -0.30876017233125896 -1.0027726432532347 -0.5698271835590846 -0.3456439393939394 -0.027341892534474565 -0.18604085603112835 0.03055487655829871 -0.1156843643448612 -0.053104058667341004 -0.023816195012608572 -0.8297166198621394 -5.388869278738675 -2.929765104592731 -0.7047182333775794 -0.3798990141861025 -0.3673469387755103 -0.36698381317187695 -0.4042762349471615 -0.4155911202891069 -0.28272980501392764 -0.39501557632398754 -1.18999323867478 -2.203121465731735 -0.38169777242624925 -0.07157944144567005 -0.010655931802036478 -0.01468608493452454 0.03672420124862285 0.013831258644536654 0.19448094612352168
-0.05491823285330729 -0.40221606648199454 -0.08865447200089778 -0.2661064425770308 0.12062582109160395 -0.24771838331160362 0.16896891958559448 -0.24312377210216113 0.18062185524448457 -0.06136680613668062 -0.1458359984648842 -0.9680577652674092 -1.2999879183278966 -0.2558110933464518 -0.08791760864104495 -0.04029211785444472 -0.02796271637816245 -0.03209654641160613 -0.02381267363407858 0.02121640735502121 -0.3937411825060921 -3.5158817086527927 -4.426463588767254 -0.9288702928870294 -0.3534354918437963 -0.2682987141444115 -0.30614937978358403 -0.25091876821695597 -0.2980350784649875 -0.10477473432120939 -0.19645857567532635 -0.5410204806440155 -0.6131736526946108 -0.4102502406159769 -0.09813307802776448 -0.10958559012470084 0.009151523074911752 -0.008988186954288647 -0.027277686852154932 0.11770031688546853 -0.2337924933653482 -0.3068181818181818 -0.43175487465181056 -0.2640781381888339 -0.21634615384615383 -0.17816022300327233 -0.2670511534603811 -0.19182231196365473 -0.3023102310231023 -0.10668670172802405 -0.17631611854445414 -0.2930275654389622 -0.301933732896076 -0.06733224982586486 -0.008068234209313069 0.093964582580412 -0.0208614553932998 0.13958125623130607 -0.005208333333333316 0.25604142692750287 -0.4140737194830062 -1.2003234750462106 -0.64105558150397 -0.29592803030303033 -0.05706134094151213 -0.13132295719844356 -0.0012221950623319377 -0.0438382854359474 -0.08977114679479074 0.05323620061641916 -0.9011998978810313 -5.95481821390752 -2.884188383779362 -0.6323156751538554 -0.37629237797547493 -0.3157262905162065 -0.3657481774372915 -0.33546325878594246 -0.4181724315952504 -0.21309192200557106 -0.39376947040498445 -0.9916610322289836 -1.4996607102465507 -0.25165562913907286 -0.04811077211922084 0.03670376509590339 0.006119202056051892 0.08813808299669482 0.04149377593360996 0.2378449408672799
-0.036612155235538194 -0.3944598337950139 -0.06845471888676917 -0.2310924369747899 0.14570643735817507 -0.21690174232547116 0.19610261470152937 -0.20505893909626724 0.20255450909560055 -0.011157601115760108 -0.12152999872073685 -0.7489903316607515 -0.9049172405460914 -0.16849096052146106 -0.0640542577241899 0.013850415512465375 -0.0013315579227696412 0.02952882269867761 -0.003968778939013096 0.07637906647807638 -0.3809157368218546 -3.7483266398929045 -4.214659685863875 -0.8511655708308428 -0.28423133959466135 -0.263353115727003 -0.23093164423330698 -0.2559878342415409 -0.22682315706184886 -0.12123933542882806 -0.2055060100814269 -0.6582218539126317 -0.6754491017964072 -0.40423484119345526 -0.08257539492580182 -0.09447033631439729 0.030069290103281465 0.01412429378531073 -0.008183306055646473 0.1403349932095971 -0.23758372298748895 -0.31818181818181823 -0.40970287836583097 -0.25684312070420834 -0.19471153846153846 -0.16846442855411464 -0.23069207622868607 -0.18677435638566384 -0.26798679867986797 -0.09767092411720513 -0.17506564961860696 -0.3312485522353486 -0.26687775641750544 -0.06965405154399813 0.02881512217611803 0.09516925671605832 0.023315744263099757 0.13334995014955137 0.031250000000000014 0.23878020713463752 -0.5624700813786501 -1.7190388170055453 -0.695936478281177 -0.2994791666666667 -0.05943889681407514 -0.14591439688715954 -0.0012221950623319377 -0.06332196785192401 -0.09609305854090278 0.03502381619501261 -0.89354097523615 -5.99482292034357 -2.5931985508940048 -0.5707735006636901 -0.34503486415003615 -0.2761104441776711 -0.3410354627455826 -0.29368395183091667 -0.38719669592152817 -0.17130919220055713 -0.3813084112149533 -0.819247239125535 -1.054060167382945 -0.1866345574954847 -0.035203003989673784 0.07103954534690979 -0.0012238404112103723 0.11996572407883462 0.03772161448509995 0.2628120893561104
-0.02318769831584086 -0.39224376731301946 -0.04825496577264056 -0.22058823529411767 0.15764958796130418 -0.20979020979020974 0.20720276270350274 -0.20260314341846758 0.20900528964004644 -0.008368200836820083 -0.06652168351029807 -0.5654142699791949 -0.4627280415609521 -0.11683679744188906 0.005023863350916852 0.03273734575673633 0.07456724367509986 0.03594813198099884 0.0767297261542532 0.0806223479490806 -0.3988713607797871 -3.842034805890228 -3.9635887672536896 -0.7375971309025703 -0.26816608996539787 -0.21513353115727005 -0.22697281604645023 -0.21163350652642246 -0.22418567849136223 -0.08980691513246519 -0.2145534444875275 -0.832248135432698 -0.7437125748502995 -0.40784408084696827 -0.06342747726184778 -0.09698954528278121 0.06144594064583604 -8.326672684688674e-18 0.017730496453900707 0.12524520899351138 -0.23126500695058766 -0.3125 -0.3644382544103993 -0.2303147232605812 -0.15384615384615385 -0.11634953338989214 -0.18304914744232698 -0.13755678950025238 -0.20726072607260723 -0.037565740045078885 -0.21007877954232837 -0.3659949038684272 -0.2521768630555242 -0.05804504295333178 0.03688335638543107 0.11323936875075294 0.030678610872499696 0.1483050847457627 0.04296874999999999 0.25604142692750287 -0.7563427477261848 -2.2955175600739373 -0.7461466604390471 -0.2616003787878788 -0.08796956728483121 -0.09484435797665369 -0.03544365680762649 -0.009741841207988312 -0.1277026172714629 0.0952647800504343 -0.8858820525912687 -5.792446170137664 -2.302208718008648 -0.526125256425727 -0.3137773503245973 -0.25450180072028816 -0.31632274805387367 -0.2850823298107643 -0.3562209602478059 -0.15877437325905291 -0.37009345794392523 -0.6197881451431146 -0.7577471160370959 -0.10836845273931364 -0.03989673785496362 0.12668718920198913 -0.012238404112103784 0.17627616599338963 0.03394945303658996 0.3061760840998686
-0.012204051745179401 -0.39224376731301946 -0.01346650207608574 -0.207749766573296 0.18631314940881405 -0.20741969894512263 0.24543660582141094 -0.19769155206286834 0.24770997290672173 -0.0013947001394700176 -0.07547652552129974 -0.44303022885815696 -0.22834360275462123 -0.09100971590210306 -0.003767897513187649 0.0491060186351045 0.0559254327563249 0.05392219797149826 0.05423997883317899 0.10466760961810466 -0.38604591509554953 -3.895582329317269 -3.566158971918134 -0.630005977286312 -0.22862086010874938 -0.17433234421364985 -0.17946687780416998 -0.17361551134203526 -0.1780298035078465 -0.053884149079479124 -0.2378182758175003 -1.077305552267077 -0.8550898203592816 -0.40784408084696827 -0.04906653901388224 -0.09321073183020533 0.09151523074911753 0.005136106831022081 0.04909983633387889 0.1358080579447714 -0.25527612789081255 -0.33977272727272734 -0.36792014856081706 -0.24599059447726995 -0.15504807692307693 -0.10422979032844507 -0.17552657973921765 -0.11357900050479555 -0.20330033003300327 -0.012021036814425252 -0.24759284731774417 -0.433171183692379 -0.2352142937916996 -0.0487578360807987 0.059935454126325505 0.13974219973497165 0.07362866609399925 0.1807078763708873 0.09375000000000001 0.30063291139240506 -0.937051220679751 -2.919362292051756 -0.7811770200840727 -0.2734375 -0.0903471231573942 -0.10335603112840468 -0.02933268149596675 -0.02435460301997077 -0.12138070552535085 0.09106192210703279 -0.8820525912688282 -5.425344158136252 -1.9574617272408557 -0.48027030288403527 -0.2957441692714595 -0.22689075630252103 -0.29902384776967744 -0.2506758417301548 -0.34460505937016006 -0.12952646239554316 -0.34392523364485983 -0.46878521523551947 -0.4501244062429315 -0.03973509933774835 -0.019948368927481808 0.17996684821217146 0.009790723289683024 0.2325866079079447 0.04903809883062995 0.3653088042049934
-0.020746887966804982 -0.39778393351800556 -0.010099876557064305 -0.19957983193277312 0.1767586289263108 -0.20860495436766624 0.22323630981746426 -0.19891944990176819 0.22577731905560575 -0.01394700139470014 -0.07803505181015735 -0.38061436788642755 -0.1280657242962426 -0.1069979092362563 -5.551115123125783e-18 -0.006295643414756987 0.035952063914780286 -0.011554756708178194 0.04497949464214844 0.04101838755304102 -0.3911760933692445 -3.77023244493124 -3.1235126130414095 -0.5415421398684998 -0.2236777063766683 -0.12487636003956479 -0.2005806281340723 -0.1241921176023318 -0.20704206778319928 0.007483909594372095 -0.29468786351298953 -1.3353853439090801 -1.0311377245508981 -0.40543792107795956 -0.0909526089037817 -0.08691270940924549 0.04052817361746632 0.00385208012326656 -0.0013638843426077463 0.14938886373924853 -0.2856059648679389 -0.3659090909090909 -0.383008356545961 -0.26166646569395874 -0.16826923076923078 -0.11634953338989215 -0.2043630892678034 -0.11736496718828873 -0.22178217821782176 -0.019534184823441037 -0.3276228585719645 -0.5733148019457956 -0.25556937690828907 -0.08358486185279776 0.04725680036883356 0.10119262739428983 0.06503865504969934 0.1321036889332004 0.078125 0.2689873417721519 -1.086644327429392 -3.486598890942699 -0.8325548808967772 -0.2687026515151515 -0.12244412743699477 -0.09727626459143969 -0.06844292349058909 -0.01826595226497808 -0.15299026425591097 0.10647240123283834 -0.8552463620117436 -4.9488175079421115 -1.5916793268668925 -0.46458308193556175 -0.2656888675162299 -0.2460984393757503 -0.28790312615840846 -0.2592774637503072 -0.32782653588022714 -0.1309192200557103 -0.34018691588785044 -0.42934415145368493 -0.31327753901832167 -0.07465382299819386 -0.017601501994836892 0.10419133317546769 0.0 0.14077610478638752 0.03520684018609329 0.28777923784494086
-0.03417134488650232 -0.3778393351800554 -0.011222085063404783 -0.17973856209150324 0.15526095784067842 -0.17186203626881594 0.19363591514553527 -0.15839882121807466 0.1948135724422655 0.03486750348675034 -0.07291799923244212 -0.37082364459674455 -0.09786154403769481 -0.14758332308449146 0.015071590052750569 -0.07932510702593806 0.054593874833555246 -0.10270894851713956 0.062177536711205184 -0.04243281471004243 -0.357829934590227 -3.4854569794328825 -2.66301761066159 -0.4494919306634787 -0.19649036085022242 -0.06058358061325418 -0.19398258115597783 -0.054492459764288424 -0.19781089278649605 0.09280047897021404 -0.33863254491404937 -1.625429146442524 -1.1736526946107784 -0.4162656400384986 -0.10531354715174723 -0.07179745559894193 0.01830304614982351 0.0115562403697997 -0.0204582651391162 0.15995171269050854 -0.30582585618602304 -0.42727272727272736 -0.40157845868152275 -0.320752441818401 -0.15504807692307696 -0.17937219730941703 -0.17928786359077234 -0.190560323069157 -0.19801980198019803 -0.09316303531179564 -0.41890709015880956 -0.7157748436414176 -0.2838403256813299 -0.12885999535639656 0.04034117104656525 0.04939163956149862 0.057675788440299434 0.07352941176470588 0.07161458333333333 0.23014959723820477 -1.1871708951651505 -4.036506469500924 -0.8629145259224661 -0.2852746212121212 -0.15097479790775084 -0.11065175097276266 -0.10877536054754337 -0.03653190452995616 -0.20356555822480718 0.10226954328943683 -0.8118458003574164 -4.354629956465467 -1.2726422811733085 -0.4476891516833595 -0.2380379899014186 -0.25090036014405764 -0.25330532559001606 -0.26419267633325144 -0.28781621063500257 -0.13788300835654596 -0.31277258566978194 -0.4169483885508226 -0.25107441755258997 -0.1155930162552679 0.0023468669326449213 0.0402557423632489 0.025700648635417933 0.0685518423307626 0.06286935747516659 0.22733245729303547
-0.05003661215523554 -0.34570637119113573 -0.02917742116485243 -0.15873015873015872 0.12779171145348142 -0.14578641697285766 0.15786877158362114 -0.13138506876227898 0.14449748419558764 0.06276150627615062 -0.0703594729435845 -0.31697466650348793 -0.06644919656880513 -0.14512360103308325 0.02511931675458427 -0.08310249307479226 0.054593874833555246 -0.11683142893824625 0.056885831459187707 -0.06082036775106081 -0.34500448890598945 -3.161737860533041 -2.288196097096621 -0.36939629408248653 -0.20266930301532377 -0.007418397626112757 -0.23621008181578249 0.0012672665061462419 -0.2584728999076883 0.15716210148181411 -0.3670673387617939 -1.9320468805493074 -1.2958083832335328 -0.43310875842155927 -0.09095260890378172 -0.09195112734601336 0.04445025493528566 -0.017976373908577294 -0.0013638843426077476 0.12524520899351138 -0.34247440920005057 -0.4625000000000001 -0.4375580315691737 -0.33763414928252744 -0.16466346153846156 -0.19149194037086414 -0.1968405215646941 -0.20696617869762748 -0.22442244224422442 -0.12021036814425243 -0.5727147680380142 -0.9068797776233495 -0.3629989822458442 -0.1462735082423961 -0.001152604887044728 0.03493554993374294 -0.006135722174499941 0.05857427716849452 -0.007812499999999989 0.2229574223245109 -1.2194830062230733 -4.400415896487985 -0.8675852405418029 -0.2876420454545455 -0.15691868758915833 -0.1215953307392996 -0.10877536054754337 -0.06453969800292256 -0.20482994057402962 0.07144858503782574 -0.7467449578759255 -3.6839628191551945 -1.0085310272291692 -0.43079522143115734 -0.2067804760759798 -0.25690276110444177 -0.22735697516372172 -0.2727942983534038 -0.2710376871450697 -0.14484679665738165 -0.3177570093457944 -0.3797610998422357 -0.24089572494910652 -0.13485851896447923 -0.03285613705702886 0.016575893914278956 -0.03549137192510097 0.03182764108213977 -0.01131648434552999 0.19448094612352168
-0.08054674151818403 -0.33019390581717445 -0.05723263382336439 -0.1598972922502334 0.06449301325689719 -0.15526846035320613 0.060434139121854934 -0.15594302554027503 0.034834214940007734 0.03765690376569038 -0.055008315210438787 -0.30228858156896343 -0.018122508155128673 -0.15004304513589964 0.038934940969605626 -0.110803324099723 0.0559254327563249 -0.14892797534985236 0.06350046302420954 -0.09335219236209334 -0.32063614210593816 -2.829499817451625 -1.8860066634935744 -0.3024506873879259 -0.1841324765200198 0.014836795252225518 -0.23357086302454472 0.010138132049169938 -0.2571541606224449 0.1646460110761862 -0.45237172030502776 -2.2315615011246597 -1.4682634730538922 -0.4716073147256978 -0.1842987075155577 -0.14359491119788387 -0.09020787030984442 -0.08346173600410887 -0.14457174031642114 0.05885015844273426 -0.369013016555036 -0.5261363636363636 -0.4665738161559888 -0.3653683829735922 -0.16105769230769235 -0.2120955035753242 -0.18681043129388167 -0.2271580010095911 -0.20990099009900987 -0.14575507137490606 -0.7227710391396773 -1.2404447533009035 -0.45007350446680994 -0.1694915254237288 -0.07376671277086215 0.013251415492109389 -0.12148729905509881 0.028664007976071777 -0.12760416666666669 0.18987341772151897 -1.255385351842987 -4.604898336414047 -0.8921064922933208 -0.3172348484848485 -0.21992391821207796 -0.1507782101167315 -0.2004399902224395 -0.10472479298587434 -0.3072449108610444 0.026618100308209585 -0.6573908603523104 -2.9838804565242976 -0.7479256748860582 -0.3909738144081091 -0.15508535705698487 -0.24369747899159666 -0.1729890028419622 -0.25559105431309903 -0.215539494062984 -0.12256267409470753 -0.3214953271028037 -0.32228983547441964 -0.2035738520696675 -0.1312462372065021 -0.04341703825393099 0.007103954534690986 -0.06975890343899156 0.024482800832415226 -0.03772161448509996 0.1773981603153745
-0.10007322431047108 -0.32022160664819943 -0.0718213444057906 -0.1598972922502334 0.017914725904693663 -0.15645371577574968 -0.0037000493339911177 -0.149803536345776 -0.033544058831118564 0.03626220362622036 -0.03581936804400665 -0.2876024966344389 0.021747009786154407 -0.14389374000737915 0.04647073599598091 -0.10828506673382018 0.053262316910785625 -0.14892797534985236 0.06879216827622701 -0.09052333804809051 -0.2937027061690394 -2.4437142509431666 -1.514754878629224 -0.2259414225941423 -0.18166089965397925 0.05440158259149358 -0.25468461335444703 0.05322519325814219 -0.27561651061585124 0.2035623409669211 -0.47046658911722894 -2.4612288386409378 -1.5449101796407183 -0.48123195380173234 -0.18549545236955484 -0.13981609774530798 -0.1032814747025755 -0.0783256291730868 -0.1377523186033824 0.06639505055077712 -0.39807911032478194 -0.6079545454545455 -0.5211234911792015 -0.3894851079223442 -0.17668269230769235 -0.20724760635074535 -0.20060180541624878 -0.22968197879858657 -0.21386138613861388 -0.1322314049586777 -0.8203076153557584 -1.7037294417419506 -0.5292321610313242 -0.17297422800092874 -0.11065006915629323 0.0012046741356463054 -0.16198306540679838 0.011216350947158518 -0.16666666666666669 0.16973532796317606 -1.2075155576831018 -4.6164510166358586 -0.8465670247547873 -0.30658143939393945 -0.2187351402757965 -0.13375486381322957 -0.22121730628208264 -0.0779347296639065 -0.3274750284486029 0.04903334267301766 -0.5744191983660965 -2.2814448758677495 -0.5317284094893071 -0.3656329190298057 -0.12262563116133687 -0.2376950780312125 -0.1420981094773261 -0.254362251167363 -0.17165720185854413 -0.11977715877437327 -0.3364485981308411 -0.2659454586432274 -0.19226419362135266 -0.10957254665863936 -0.07862004224360479 0.01894387875917595 -0.12238404112103782 0.0379483412902436 -0.08298755186721991 0.19316688567674115
-0.10495484500854282 -0.2958448753462604 -0.06508809336774773 -0.14589169000933705 0.01313746566344202 -0.13748962901505274 -0.022200296003946712 -0.14734774066797643 -0.04128499548445362 0.04323570432357042 -0.03198157861072022 -0.281483294578387 0.05195119004470219 -0.12913540769893003 0.0728460185882944 -0.09065726517250064 0.08521970705725698 -0.13737321864167415 0.12038629448339729 -0.06647807637906647 -0.25394382454790304 -2.0481927710843375 -1.157782008567349 -0.1972504482964734 -0.1693030153237766 0.05192878338278931 -0.2507257851675904 0.030414396147509827 -0.26242911776341815 0.18260739410267926 -0.48726896729998714 -2.596187995738132 -1.6263473053892212 -0.4667949951876804 -0.1854954523695548 -0.11084519460889279 -0.12812132304876453 -0.0603492552645095 -0.15139116202945987 0.0769578995020371 -0.41577151522810557 -0.7034090909090909 -0.5710306406685237 -0.42807186784034734 -0.14663461538461542 -0.21936734941219246 -0.1554663991975928 -0.25618374558303886 -0.14785478547854786 -0.15026296018031554 -0.9178441915718395 -2.2422978920546677 -0.6174375212032116 -0.21360575806826101 -0.14753342554172427 -0.03975424647632815 -0.2086145539329979 -0.036141575274177475 -0.20963541666666669 0.1251438434982739 -1.1512685495452368 -4.504390018484288 -0.7975245212517514 -0.3030303030303031 -0.20328102710413692 -0.14105058365758755 -0.21510633097042292 -0.08524111056989772 -0.3047161461625997 0.04202857943401514 -0.5029359203472045 -1.5837157312625014 -0.39032371158116164 -0.3620127911186195 -0.10579466217840827 -0.23649459783913565 -0.1309773878660571 -0.2752519046448759 -0.15745998967475477 -0.13927576601671307 -0.32897196261682243 -0.2389001577642551 -0.16851391087989145 -0.09993979530403371 -0.06805914104670266 0.02723182571631542 -0.11993636029861707 0.04651732158158893 -0.07921539041870992 0.20630749014454666
-0.09519160361239931 -0.32132963988919666 -0.056110425317023906 -0.17623716153127916 0.01074883554281619 -0.16593575915609812 -0.030833744449925992 -0.19032416502946953 -0.049025932137788664 0.013947001394700138 -0.03965715747729308 -0.25088728429812757 0.04832668841367646 -0.11437707539048088 0.0552624968600854 -0.044069503903298904 0.05992010652463382 -0.09372191552188987 0.0926048419103056 -0.02263083451202263 -0.21418494292676668 -1.6137276378240233 -0.8281770585435508 -0.14345487148834427 -0.15076618882847254 0.08902077151335312 -0.24544734758511483 0.06716512482575085 -0.2690228141896347 0.2170333782367909 -0.48597647667054417 -2.6861607671362617 -1.6550898203592812 -0.48965351299326276 -0.1902824317855433 -0.12973926187177226 -0.1359654856844032 -0.0783256291730868 -0.1636661211129296 0.06790402897238569 -0.46126627069379494 -0.7829545454545455 -0.6650417827298051 -0.47027613650066324 -0.18028846153846156 -0.21451945218761362 -0.19182547642928788 -0.2599697122665321 -0.19537953795379537 -0.14274981217129976 -0.980367637864199 -2.631457030345147 -0.7045120434241773 -0.22289296494079402 -0.17058552328261872 -0.010842067220816765 -0.24297459811019756 -0.003738783649052846 -0.27734375000000006 0.15247410817031073 -1.0519387266634754 -4.276802218114602 -0.7368052312003737 -0.29711174242424243 -0.1806942463147884 -0.14105058365758755 -0.2004399902224395 -0.09376522162688747 -0.29080794032115315 0.028019052956010086 -0.43655859075823333 -0.9130485939522297 -0.2874839312843286 -0.3680463376372632 -0.10940129838903583 -0.24009603841536614 -0.13962683800815517 -0.301056770705333 -0.1664945792462571 -0.1573816155988858 -0.3252336448598131 -0.2039666441289159 -0.1560732865867451 -0.08669476219145093 -0.07275287491199249 0.07459152261425527 -0.13707012605556237 0.1016036234545232 -0.10939268200678991 0.2575558475689882
-0.11227727605565048 -0.2980609418282548 -0.05835484232970486 -0.17273576097105509 -0.009554520482503286 -0.16356524831101102 -0.05550074000986679 -0.19523575638506876 -0.06966842988001547 0.002789400278940026 -0.046053473199437124 -0.2521111247093379 0.04953485562401837 -0.11191735333907268 0.04270283848279327 -0.047846889952153124 0.025299600532623156 -0.10014122480421109 0.06614631565021828 -0.03677510608203678 -0.20135949724252916 -1.2498478763539003 -0.6128034269395528 -0.11356843992827255 -0.16683143845773601 0.09520276953511375 -0.2876748482449195 0.07730325687492079 -0.3033100356059607 0.23349797934440955 -0.467881607858343 -2.583165620930508 -1.5520958083832332 -0.48484119345524535 -0.18070847295356626 -0.16248897846076332 -0.14250228788076874 -0.12968669748330766 -0.16775777414075282 0.022634676324128557 -0.4928598508783015 -0.8022727272727271 -0.6998607242339834 -0.4871578439647896 -0.20673076923076925 -0.23997091261665254 -0.23445336008024076 -0.2940434124179707 -0.23894389438943894 -0.18482344102178813 -0.9978742028260597 -2.63724808895066 -0.7316521542462965 -0.24378918040399347 -0.2028584601198709 -0.04577761715455968 -0.2871517977665971 -0.04112662013958126 -0.31770833333333337 0.1251438434982739 -0.898755385351843 -3.7396025878003685 -0.6562354040168147 -0.2781723484848485 -0.17831669044222537 -0.13132295719844356 -0.2065509655340992 -0.08889430102289334 -0.29080794032115315 0.028019052956010083 -0.40847587439366856 -0.6447817390281207 -0.25709945074208246 -0.33425847713285867 -0.11781678288050013 -0.21008403361344538 -0.15445446682318054 -0.27033669206193167 -0.18198244708311823 -0.13231197771587747 -0.3190031152647975 -0.18030200585981518 -0.15268038905225065 -0.098735701384708 -0.06923257451302511 0.042623727208145876 -0.1297270835883001 0.06610356224752112 -0.1056205205582799 0.21944809461235212
-0.13546497437149135 -0.28476454293628806 -0.07406576141847156 -0.17740429505135386 -0.045383972291890604 -0.17067678084627236 -0.10360138135175134 -0.19891944990176816 -0.1264352986711392 -0.008368200836820085 -0.0844313675323014 -0.2570064863541794 0.008457170472393378 -0.12544582462181772 -0.025119316754584276 -0.0642155628305213 -0.06657789613848202 -0.11297984336885351 -0.03175023151210478 -0.05940594059405942 -0.13851481338976526 -0.9833272483874893 -0.40575916230366504 -0.12074118350268978 -0.11492832427088484 0.06923837784371908 -0.24808656637635265 0.054492459764288424 -0.26111037847817486 0.21553659631791647 -0.44849424841669894 -2.4091393394104417 -1.4371257485029938 -0.4619826756496631 -0.17951172809956917 -0.16500818742914725 -0.16603477578768464 -0.13225475089881872 -0.1895799236224768 0.006035913686434277 -0.5231896878554279 -0.8193181818181818 -0.7370009285051068 -0.5136862414084167 -0.24519230769230765 -0.28239001333171737 -0.2820962888665998 -0.33064109035840483 -0.2957095709570957 -0.2329075882794891 -0.9753657621608101 -2.6106092193653003 -0.7203437747370802 -0.25075458555839325 -0.1970954356846473 -0.06264305505360798 -0.2822432200269972 -0.041126620139581245 -0.31510416666666663 0.11795166858457998 -0.710866443274294 -3.107670979667283 -0.585007006071929 -0.253314393939394 -0.16286257727056588 -0.1179474708171206 -0.1955512099731117 -0.07062834875791524 -0.2844860285750411 0.036424768842813114 -0.3867755935665049 -0.5706553712201435 -0.238401308869931 -0.3378786050440449 -0.14787208463572973 -0.23649459783913565 -0.1927591745953293 -0.28999754239370856 -0.22973670624677336 -0.16295264623955436 -0.30778816199376946 -0.18368266846968673 -0.1334539696901154 -0.11920529801324506 -0.057498239849800514 0.022495856026521422 -0.10769795618651327 0.045293181539968155 -0.0892744876147366 0.20367936925098556
-0.15133024164022454 -0.2714681440443213 -0.1021209740769835 -0.18207282913165265 -0.07763047892033918 -0.17778831338153372 -0.14676862358164774 -0.20260314341846758 -0.1793316991355954 -0.019525801952580198 -0.07803505181015735 -0.2619018479990209 0.021747009786154403 -0.13897429590456278 -0.02763124843004271 -0.08058423570888944 -0.07456724367509987 -0.12581846193349594 -0.03968778939013097 -0.08203677510608204 -0.12184173400025648 -0.7168066204210782 -0.33079485959067106 -0.12791392707710697 -0.12975778546712802 0.04327398615232443 -0.28899445764053844 0.03168166265365606 -0.3033100356059607 0.1975752132914234 -0.4329843608633837 -2.151059547768439 -1.2946107784431136 -0.4391241578440808 -0.19506941120153182 -0.16752739639753117 -0.20002614720878548 -0.13482280431432975 -0.21685761047463173 -0.010562848951260004 -0.5484645520030329 -0.8522727272727272 -0.7567316620241412 -0.5534788375738574 -0.2872596153846154 -0.3514725487819658 -0.34102306920762293 -0.41014639071176173 -0.3537953795379538 -0.3140495867768595 -0.9253470051269226 -2.5642807505211955 -0.7011195295714123 -0.2553981889946598 -0.19133241124942368 -0.08312251535959522 -0.29328751994109703 -0.04985044865403788 -0.34505208333333337 0.10356731875719216 -0.5229775011967449 -2.4526340110905727 -0.5301261092947221 -0.2225378787878788 -0.1771279125059439 -0.10700389105058365 -0.22855047665607434 -0.049926936190940095 -0.32115311670249086 0.047632390025217144 -0.36379882563186106 -0.554182845040593 -0.223209068598808 -0.36080608181489077 -0.16470305361865833 -0.2821128451380552 -0.2150006178178673 -0.34037847136888677 -0.25167785234899326 -0.21309192200557106 -0.3040498442367601 -0.19833220644579672 -0.1198823795521375 -0.13365442504515354 -0.06101854024876789 0.005919962112242494 -0.1113694774201444 0.0318276410821398 -0.09053187476423992 0.18922470433639946
-0.1403465950695631 -0.2581717451523546 -0.08753226349455728 -0.18440709617180204 -0.07524184879971335 -0.18134407964916438 -0.14430192402565364 -0.20997053045186642 -0.17159076248226038 -0.016736401673640173 -0.03965715747729308 -0.25823032676538976 0.07007369819983086 -0.13282499077604232 0.0364230092941472 -0.07554772097708387 0.017310252996005325 -0.12581846193349594 0.051594126207170264 -0.08203677510608204 -0.0756701295370014 -0.5476451259583789 -0.24512137077582102 -0.12552301255230128 -0.08032624814631734 0.02349159248269041 -0.2150963314858802 0.0038017995184387323 -0.2320981142028221 0.15267175572519084 -0.3786997544267804 -1.8716704155321415 -1.0694610778443114 -0.4054379210779596 -0.15198659645763524 -0.15367174707141956 -0.16472741534841157 -0.12198253723677452 -0.17184942716857607 -0.004526935264825715 -0.5269809174775685 -0.8522727272727272 -0.7219127205199628 -0.5619196913059206 -0.2692307692307693 -0.37813598351714944 -0.3234704112337011 -0.45305401312468446 -0.3392739273927393 -0.3591284748309542 -0.8315618356883834 -2.41139680333565 -0.6321384145651928 -0.1985140469003947 -0.13946519133241125 -0.019274786170340917 -0.2294760093262977 0.023678963110667993 -0.2747395833333333 0.16110471806674337 -0.35423647678314985 -1.8310998151571163 -0.4226996730499767 -0.19886363636363633 -0.1367094626723728 -0.09849221789883268 -0.18332925934979222 -0.034096444227959086 -0.2693134403843722 0.05323620061641916 -0.30380393158029106 -0.4824096952582656 -0.16244010751431576 -0.31736454688065646 -0.11421014666987257 -0.24009603841536614 -0.14333374521191153 -0.3035143769968051 -0.17165720185854413 -0.18523676880222845 -0.2616822429906542 -0.15212981744421908 -0.05994118977606876 -0.07344972907886814 0.00117343346632246 0.09116741652853422 -0.019581446579366047 0.12731056432855917 0.0012573871495033194 0.2706964520367937
-0.10495484500854287 -0.2459833795013851 -0.05162159129166198 -0.1680672268907563 -0.03582945180938731 -0.1777883133815337 -0.09620128268376911 -0.20260314341846758 -0.12901561088891758 -0.011157601115760116 -0.015351157733145706 -0.19336678497123977 0.10148604566872055 -0.05903332923379658 0.057774428535543834 0.008813900780659786 0.03195739014647138 -0.02567723712928489 0.06350046302420956 0.007072135785007072 -0.03462870334744133 -0.4575879274674454 -0.18562589243217514 -0.10639569635385535 -0.03583786455758775 0.0370919881305638 -0.15307468989179204 0.010138132049169944 -0.18857971778979296 0.1556653195629397 -0.32312265736073414 -1.5532141588729727 -0.8574850299401199 -0.36212704523580364 -0.1148875059837243 -0.14737372465045978 -0.13204340436658385 -0.10529019003595275 -0.1404800872885979 0.012071827372868566 -0.4979148237078225 -0.7749999999999999 -0.6778087279480037 -0.485952007717352 -0.25240384615384615 -0.3017816022300327 -0.3297392176529589 -0.3697627460878344 -0.33531353135313535 -0.2870022539444027 -0.7302738526947605 -2.2666203381978227 -0.5778581929209544 -0.16368702112839567 -0.11641309359151683 0.02047946030598723 -0.21475027610749783 0.07228315054835494 -0.2630208333333333 0.2056962025316456 -0.20105313547151749 -1.217652495378928 -0.31877627276973375 -0.185842803030303 -0.07727056585829765 -0.10578793774319066 -0.1087753605475434 -0.028007793472966384 -0.1972436464786952 0.05463715326421966 -0.28465662496808786 -0.4106365454759383 -0.13673016244010752 -0.2727163026426934 -0.10218802596778072 -0.19447779111644656 -0.14827628815025332 -0.2592774637503072 -0.17681982447083117 -0.15598885793871864 -0.25295950155763236 -0.12283074149199909 -0.0327980095001131 -0.038531005418422644 0.015254635062191973 0.12550319677954064 -0.014686084934524543 0.17505202595176889 -0.003772161448510032 0.3140604467805519
-0.0854283622162558 -0.2315789473684211 -0.0403995062282572 -0.15522875816993462 -0.03582945180938731 -0.15645371577574968 -0.09373458312777502 -0.17190569744597248 -0.12901561088891758 0.01952580195258019 0.020468210310860938 -0.18357606168155674 0.13048205871692642 -0.030746525642602385 0.08666164280331574 0.02770083102493075 0.06790945406125166 0.005135447425856973 0.09921947347532743 0.0396039603960396 0.0038476337052712473 -0.3979554581964221 -0.14635887672536887 -0.06335923490735207 -0.01359367276322293 0.07789317507418397 -0.11480601741884403 0.05069066024584971 -0.15297375708822364 0.19009130369705135 -0.2740080134419026 -1.20516159583284 -0.6646706586826349 -0.3224254090471607 -0.09693633317376738 -0.13225847084015618 -0.11896979997385282 -0.08859784283513097 -0.12138570649208943 0.024143654745737132 -0.4600025274864148 -0.7193181818181817 -0.6337047353760445 -0.44133606656216084 -0.234375 -0.2775421161071385 -0.30842527582748247 -0.3419989904088844 -0.3102310231023102 -0.2614575507137491 -0.5702138301863199 -2.058142228399352 -0.4941761845527535 -0.14046900394706294 -0.07837713231904103 0.03975424647632815 -0.16198306540679835 0.0922233300099701 -0.20963541666666666 0.215765247410817 -0.1017233125897559 -0.7208872458410351 -0.22769733769266692 -0.14796401515151514 -0.036852116024726565 -0.0620136186770428 -0.07822048398924467 0.032878714076960545 -0.16563408774813498 0.11347716447184084 -0.268062292570845 -0.34356983174491124 -0.12621245763702232 -0.23048147701218777 -0.09858138975715316 -0.15486194477791118 -0.14086247374274066 -0.21872695994101746 -0.16520392359318534 -0.12395543175487467 -0.23302180685358254 -0.10930809105251296 -0.018095453517303777 0.003612281757977123 0.02698896972541657 0.16457494672034095 0.0036715212336311197 0.22524176765822013 0.012573871495033317 0.3600525624178712
-0.04271418110812788 -0.22825484764542942 -2.7755575615628915e-18 -0.1610644257703081 0.017914725904693667 -0.15882422662083678 -0.027133695115934865 -0.16208251473477406 -0.05934718100890209 0.025104602510460244 0.015351157733145706 -0.16032309386855953 0.12444122266521687 -0.0245972205140819 0.07410198442602361 0.0503651473180559 0.04127829560585884 0.030812684555141873 0.06482338933721392 0.06789250353606788 0.043606515326407594 -0.32858707557502737 -0.10471204188481678 -0.015540944411237306 0.016065249629263464 0.12982195845697328 -0.08841382950646608 0.11785578507160058 -0.13714888566530398 0.2559497081275258 -0.17836370686312525 -0.8772345211317628 -0.4491017964071857 -0.2706929740134745 -0.021541407371948297 -0.10580677667212494 -0.04575761537455876 -0.06291730868002054 -0.04909983633387889 0.04376037422664856 -0.4220902312650069 -0.6545454545454545 -0.5779944289693594 -0.4268660315929097 -0.22235576923076925 -0.27390619318870446 -0.30967903711133393 -0.3331650681474003 -0.3181518151815182 -0.250939143501127 -0.42140802801050387 -1.686356265925411 -0.39579328282257153 -0.08474576271186442 -0.02650991240202859 0.1120346946151066 -0.08712725487789912 0.19067796610169493 -0.13411458333333337 0.3178941311852704 -0.02513164193393968 -0.39625693160813313 -0.1506305464736105 -0.09706439393939395 0.013076557299096537 -0.019455252918287938 -0.032999266682962616 0.07915245981490501 -0.12264508787457325 0.161109554497058 -0.26167985703344393 -0.30121190728320985 -0.12036928830197502 -0.24858211656811874 -0.10218802596778072 -0.1680672268907563 -0.155690102557766 -0.23961661341853033 -0.18714506969540526 -0.15181058495821728 -0.21059190031152647 -0.11156186612576065 -0.0033928975344944636 0.03130644190246839 0.04107017132128608 0.1929907648591049 0.030596010280259444 0.25339698861549764 0.03646422733559662 0.4021024967148489
-0.018306077617769097 -0.20498614958448752 0.020199753114128607 -0.14939309056956115 0.05254986265376806 -0.14815692781794476 0.016033547113961526 -0.1473477406679764 -0.0051606244355567096 0.03486750348675034 0.011513368299859283 -0.16399461510219066 0.12202488824453303 -0.060263190259500665 0.06907812107510676 -0.011332158146562582 0.04394141145139813 -0.03594813198099885 0.05423997883317899 0.0014144271570014134 0.06284468385276389 -0.2957283680175246 -0.08567348881485007 -0.014345487148834438 0.030894710825506672 0.12240356083086054 -0.07785695434151495 0.11405398555316182 -0.12791771066860083 0.2484657985331537 -0.14992891301538064 -0.5978453888954658 -0.311377245508982 -0.24302213666987488 -0.013164193393968395 -0.12218163496662049 -0.036606092299647015 -0.08731381612737543 -0.053191489361702135 0.00603591368643428 -0.3841779350435991 -0.5556818181818182 -0.5037140204271122 -0.38586759918003133 -0.21754807692307693 -0.2617864501272573 -0.3121865596790371 -0.3243311458859162 -0.3405940594059406 -0.2494365138993238 -0.31386770038764533 -1.192958072735696 -0.29967205699423277 -0.06965405154399815 0.0011526048870447113 0.12408143597156969 -0.06258436617989938 0.21311066799601197 -0.12239583333333337 0.3308400460299195 -0.0011967448539971254 -0.20448243992606288 -0.11209715086408223 -0.05800189393939394 0.023775558725630065 0.014591439688715948 -0.025666096308970904 0.11203117389186557 -0.12011632317612844 0.1877276548052676 -0.2438090375287209 -0.2553241557830333 -0.10517704803085197 -0.22927476770845906 -0.09737917768694397 -0.14285714285714285 -0.15569010255776597 -0.20766773162939295 -0.19747031491997932 -0.1253481894150418 -0.19439252336448598 -0.11606941627225602 0.006785795068988918 0.026490066225165566 0.051631072518188215 0.17996684821217146 0.045282095214783984 0.23993144815766926 0.04149377593360996 0.3850197109067017
