0.09397119843788138 -0.18495957470373242 0.08744394618834081 -0.1801380278395134 -0.015500178848217477 -0.6261837121212123 -0.2506791800444554 -0.44997547817557626 0.2092482562645311 -0.21981079577072898 -0.048525092580768744 -0.04032750824880851 -0.05530175522962251 -0.16488249046388584 -0.2070523277701092 -0.767009791614361 -0.7387267904509283 -0.37169956421430406 -0.058216459380788566 -0.15653645466083768 0.1513014489037056 -0.11926493854204696 0.10518766435572557 -0.25026942881092085 -0.023506123963874796 -0.5707564689860096 -0.2818578801111552 -0.6224747474747476 0.06532462338354886 -0.6366874443455031 0.018078512396694214 0.024878568889941954 0.09729729729729729 0.020566174691507382 0.1456953642384106 -0.06197824437136351 0.0407948414265035 -0.1442369607211848 0.2018399011396403 -0.09486523113988855 0.11012658227848102 -0.01705320600272851 0.2143522833178006 -0.027845036319612593 0.3203191103589991 -0.15074155117918792 0.4673132636352185 -0.19706922688226375 0.2786994027869941 -0.16233278220351718 0.12894341512268404 0.05444856348470806 0.20523868919378616 0.12216404886561956 0.22543352601156066 -0.02654760468203209 0.14041138071191034 -0.06218905472636817 0.30330762191136096 -0.13465119610371007 0.0394359464627151 -0.1362429280683524 0.13809245172615567 -0.09950248756218905 0.20334928229665072 -0.21948542860626752 0.08083282302510715 -0.24172872665120254 0.23634053367217275 -0.20419580419580421 0.11243132745624125 -0.04349870679520339 0.20155586987270152 -0.05833029529711995 0.267457339949171 -0.19674109837054918 0.1743462017434621 -0.2061473892112085 0.29327796522190497 -0.15463917525773196 -0.1096846566122398 -0.24458972046889088 -0.10423748017221846 -0.41072722879922685 -0.20369716236900975 -0.648565330803889 -1.288539491462965 -0.7556644213104715 -0.18511522478277295 -0.5420585161964471
0.09519160361239933 -0.2004651677926681 0.08408071748878923 -0.19300502982805007 -0.014307857398354596 -0.7256155303030305 -0.4680167942701902 -0.5345757724374693 0.20666494445879616 -0.26293823038397324 -0.07406461499169967 -0.10387388488329466 -0.0877614811252705 -0.2202534760674296 -0.23340444221357762 -1.1298016570424303 -1.347480106100796 -0.5460138426044605 -0.10584810796507012 -0.23268932449583976 0.11155276317476596 -0.1460387002555677 0.051398517810184084 -0.26583642677523656 -0.08412718050228876 -0.6574223102637118 -0.4419743284372105 -0.7171717171717173 -0.014664711371817084 -0.6841792816859602 -0.0103305785123967 -0.01066224380997512 0.06246246246246247 0.0 0.12161348585189646 -0.11383759170250443 -0.04474272930648767 -0.21764327108821635 0.15927502402855967 -0.13702755609095013 0.1139240506329114 -0.06480218281036834 0.21901211556383968 -0.06295399515738499 0.34449413755590474 -0.2054461463651836 0.4559768232774909 -0.2627589691763517 0.31055076310550767 -0.2119344656545919 0.09639459188783173 0.03127896200185357 0.16328381902710057 0.09889470622454916 0.18728323699421962 -0.08567636056473996 0.06281561768690724 -0.1380597014925373 0.24839848346189042 -0.20484171322160152 0.03107074569789675 -0.16857175845745295 0.12521942656524288 -0.1255626628760957 0.19976076555023922 -0.2682599682965492 0.0232700551132884 -0.30399218654620924 0.21346886912325283 -0.2405594405594406 0.09837741152421108 -0.08347049141782271 0.18151815181518152 -0.10450844574067324 0.2517245552462786 -0.26795413397706697 0.13200498132004984 -0.30366621404764843 0.2634310926550739 -0.23126219002507659 -0.189455315966596 -0.3077096483318305 -0.1869476546566961 -0.4783764194249819 -0.2931826209819851 -0.7979606355228835 -1.7368873602751507 -0.9589712186160441 -0.31230323636821555 -0.6452455590386624
0.09275079326336343 -0.22040093033558533 0.07062780269058296 -0.21873903380512338 -0.02026946464766901 -0.7919034090909091 -0.6013830575450728 -0.588523786169691 0.19633169723585636 -0.3088480801335559 -0.08300344783552548 -0.15153366735915924 -0.10459245010819909 -0.26331979820351914 -0.2647760070272305 -1.6005523474767762 -2.3580901856763927 -0.7011022814662906 -0.1468642498015348 -0.30038076434917504 0.10385946916271316 -0.17281246196908845 0.0334688022950036 -0.29816788408573824 -0.10268464678955833 -0.7539928191160085 -0.5385735080058225 -0.8257575757575758 -0.04666044527396347 -0.7465123181953102 -0.04261363636363637 -0.03080203767326146 0.036036036036036036 -0.035083474473747885 0.08549066827212523 -0.1543131798633949 -0.08685353335965258 -0.2949130714745653 0.12632157078127146 -0.216834814034031 0.10253164556962024 -0.06593906321055025 0.21901211556383968 -0.06053268765133172 0.33482412667714245 -0.21517140773158278 0.41692908426754 -0.2791814047498737 0.28798938287989384 -0.21944987223808807 0.08137205808713069 0.019694161260426318 0.16214990361719014 0.05235602094240838 0.17572254335260115 -0.14963195366236273 0.03448700578889026 -0.21393034825870644 0.24186168126552485 -0.25927517547629286 0.020315487571701728 -0.17434476388407805 0.10415447630193098 -0.13740819710968966 0.16267942583732056 -0.29386660163394707 -0.04409063074096757 -0.3357343425711146 0.17153748411689962 -0.2615384615384616 0.10476555512967933 -0.07759228779684928 0.1826968411126827 -0.10329323125531657 0.2505143410383638 -0.28605914302957147 0.12826899128268993 -0.33699543266263426 0.2621334025434726 -0.2521593758707161 -0.24180481116789226 -0.3482867448151488 -0.24473147518694766 -0.5170330997825562 -0.35676439420699396 -0.973440834716623 -2.401424886377595 -1.0606246172688303 -0.38282332199974817 -0.6687565308254964
0.09275079326336344 -0.2392291505150072 0.036995515695067274 -0.24915194759621007 -0.04053892929533802 -0.8428030303030303 -0.7335144480118548 -0.640019617459539 0.13949883750968745 -0.34501947690595436 -0.09577320904099093 -0.17475253574483687 -0.13224332772301034 -0.2768549280177187 -0.3049316099887062 -2.037408988199849 -3.396551724137931 -0.7908228659318123 -0.19449589838581635 -0.2989705260188972 0.09231952814463393 -0.1630765486187173 0.025101601721252698 -0.27781104059394085 -0.12619077075343313 -0.7725640708183732 -0.6417890697366679 -0.84469696969697 -0.08398880149313423 -0.7183140397744138 -0.045196280991735546 -0.0497571377798839 0.018018018018018018 -0.04718122429228163 0.0662251655629139 -0.15557804199342268 -0.1000131596262666 -0.3309723116548616 0.0988603597418646 -0.23641017918988103 0.10379746835443038 -0.07389722601182355 0.20270270270270271 -0.06295399515738499 0.3384503807566784 -0.21395575006078288 0.40559264390981237 -0.29939363314805456 0.28931652289316523 -0.22095295355478733 0.09389083625438156 0.03012048192771084 0.16668556525683184 0.08493310063990692 0.17687861271676303 -0.12067093037287317 0.014780145338095824 -0.17164179104477612 0.23532487906915933 -0.2077066322876379 0.017925430210325048 -0.1847361736520032 0.09128145114101813 -0.15754560530679934 0.15071770334928228 -0.32800877941714424 -0.07348438456827924 -0.3772433158344524 0.14739517153748413 -0.2923076923076923 0.11115369873514758 -0.06936280272748648 0.15676567656765678 -0.0887106574310366 0.219048771632579 -0.2679541339770669 0.07098381070983811 -0.3246512776200469 0.20503503763301317 -0.21872387851769295 -0.27670447463542314 -0.39337240757439135 -0.29231815091774305 -0.5375694612225175 -0.4073943247380196 -1.1358785866729904 -3.1654587888465793 -1.1439069197795468 -0.42815766276287615 -0.6792058516196448
0.10739565535757871 -0.24698194705947504 0.047085201793721984 -0.2631886770382501 -0.033385000596160716 -0.8723958333333334 -0.8063719436897999 -0.6694458067680235 0.1136657194523379 -0.3631051752921536 -0.11875877921082875 -0.21385799828913604 -0.16229862947823998 -0.31622985111357205 -0.3664198770234659 -2.4868189806678385 -4.445623342175066 -0.9048961804665471 -0.2831436888065626 -0.3201241009730645 0.10129503782536223 -0.16916149446269926 0.023906287353573995 -0.29098311579451563 -0.13979957936409748 -0.8480871610746563 -0.7542675664946408 -0.9103535353535355 -0.12398346887081721 -0.7376075986939745 -0.03873966942148761 -0.05923468783319512 0.049249249249249255 -0.058069199128962024 0.06742925948223961 -0.1505185934733114 -0.08027372022634556 -0.3541532517707663 0.08101057256625015 -0.24544496310796565 0.09113924050632911 -0.09549795361527967 0.19221808014911462 -0.0944309927360775 0.31306660219992744 -0.25285679552637974 0.36528530041566953 -0.36255684689236983 0.23755806237558064 -0.276566962272659 0.10390585878818226 0.039388322520852635 0.16668556525683184 0.11518324607329844 0.17225433526011563 -0.09291661638711234 0.0012316787781746414 -0.13059701492537312 0.21963655379788202 -0.15040825096691018 0.015535372848948372 -0.19743678559057845 0.08543007606787595 -0.1859748874674248 0.12799043062200957 -0.36946713815388366 -0.10532761788120026 -0.41264802832377 0.11054637865311309 -0.32307692307692315 0.10093266896639837 -0.0752410063484599 0.1438000942951438 -0.0923563008871066 0.19605470168219777 -0.2872661436330718 0.013698630136986295 -0.3431675101839279 0.15702050350376334 -0.21175814990247982 -0.3078648884457186 -0.456492335437331 -0.3478359392703376 -0.5943464604977047 -0.482750500412104 -1.3848707612046478 -4.07935143102813 -1.2859767299448868 -0.5263820677496537 -0.7432079414838035
0.11349768123016843 -0.2580573706944291 0.052690582959641255 -0.2585097672242368 -0.007153928699177303 -0.8794981060606061 -0.83847863670042 -0.6780284453163314 0.1239989666752777 -0.3631051752921536 -0.14046737326012004 -0.25418550653794453 -0.194758355373888 -0.36175710594315247 -0.41034006776258 -2.924930956565403 -5.474801061007958 -1.0087157139195078 -0.35326806033342156 -0.33845719926667606 0.10001282215668676 -0.18741633199464522 0.015539086779823089 -0.3101424979044426 -0.14598540145985403 -0.9508480871610745 -0.8482201931983593 -0.9924242424242425 -0.12531662445007333 -0.7569011576135352 -0.037448347107438024 -0.06989693164317025 0.043243243243243246 -0.0592789741108154 0.060204695966285374 -0.14798886921325577 -0.06579813133307014 -0.3811976819059884 0.07277220925442812 -0.2589971389850926 0.0759493670886076 -0.09777171441564347 0.16309412861137002 -0.09079903147699758 0.2731778073250332 -0.23705324580598103 0.30860309862703117 -0.35624052551793833 0.185799601857996 -0.2615361491056666 0.08763144717075613 0.03127896200185357 0.1440072570586234 0.10936591041303083 0.15028901734104047 -0.10981054663931458 -0.04310875723611283 -0.15547263681592038 0.1843378219375082 -0.15470562956596476 -0.010755258126195029 -0.19743678559057845 0.06553540081919251 -0.1824212271973466 0.09569377990430622 -0.37922204609194 -0.13104715248009796 -0.41631058478818217 0.08259212198221093 -0.30629370629370634 0.07793535198671267 -0.08934869503879614 0.09900990099009901 -0.10329323125531657 0.14764613336560573 -0.3258901629450815 -0.1158156911581569 -0.36909023577336136 0.07267064624967559 -0.21315129562552243 -0.33279321949395485 -0.5094679891794409 -0.38749150237933383 -0.6499154385117177 -0.5357353114329447 -1.6552051221247333 -5.011669328092372 -1.4047764849969382 -0.5969021533811862 -0.7863113897596656
0.09397119843788139 -0.2624875401484107 0.015695067264573988 -0.2631886770382501 -0.03219267914629785 -0.8747632575757576 -0.9125710051864658 -0.6755762628739578 0.10204081632653061 -0.3589315525876461 -0.15451411058613204 -0.26640596358303803 -0.22481365712911763 -0.39867109634551495 -0.4442213577613251 -3.342957569671102 -6.412466843501326 -1.1086900794668033 -0.3942842021698862 -0.37371315752362155 0.10770611616873957 -0.18376536448825603 0.01792971551518049 -0.32810441863249906 -0.1385624149449462 -1.046180512566547 -0.9143840148206962 -1.0454545454545454 -0.09332089054792693 -0.7598693974473137 -0.0503615702479339 -0.07345101291316194 0.031231231231231237 -0.09436244858456327 0.04214328717639977 -0.16063749051353404 -0.060534280826424515 -0.4172569220862846 0.06453384594260607 -0.28158409878030416 0.0518987341772152 -0.09095043201455208 0.13746505125815472 -0.10290556900726393 0.2357065151698296 -0.23705324580598103 0.2531805013225848 -0.3562405255179383 0.14465826144658261 -0.25402074252217044 0.07135703555332998 0.03475440222428174 0.12473069509014625 0.09656777196044211 0.13063583815028904 -0.11705080246168698 -0.06404729646508191 -0.15422885572139303 0.17910838018041578 -0.148975791433892 -0.04182600382409178 -0.19859138667590345 0.0468110005851375 -0.2049277422411751 0.06818181818181819 -0.41336422387513716 -0.12859767299448868 -0.44072762788426323 0.08259212198221093 -0.32867132867132876 0.04854989140155871 -0.08934869503879614 0.07307873644507308 -0.11787580507959657 0.1246520634152245 -0.3826191913095957 -0.24283935242839352 -0.40982594741389955 0.05580067479885803 -0.24101421008637508 -0.35647513398977937 -0.5421550946798919 -0.42601404939950155 -0.7054844165257308 -0.5793006004945249 -1.9433246383685083 -5.872742906276871 -1.4966319657072873 -0.6296436217101121 -0.8281086729362592
0.09519160361239933 -0.24365931996898885 0.021300448430493273 -0.2514914025032168 -0.008346250149040184 -0.8321496212121211 -0.927389478883675 -0.6461500735654733 0.10462412813226556 -0.3394546466332777 -0.18771548972034224 -0.27862642062813153 -0.25486895888434724 -0.43558508674787744 -0.48312209813025475 -3.737132814461461 -7.29840848806366 -1.1804665470392206 -0.4326541413072241 -0.39768720913834443 0.09873060648801128 -0.1618595594499209 -0.0047812574707147976 -0.29697042270386775 -0.16949152542372886 -1.1056085180141142 -1.0400952759031363 -1.0265151515151514 -0.12265031329156113 -0.6797269219352924 -0.05036157024793388 -0.03554081269991706 0.028828828828828833 -0.05202032421969514 0.04214328717639977 -0.08727548697192006 -0.03816291617318067 -0.3618802318094012 0.06178772483866538 -0.22285800331275413 0.04177215189873418 -0.07617098681218737 0.13397017707362535 -0.10169491525423728 0.22603650429106734 -0.2054461463651836 0.23176722509132142 -0.32339565437089435 0.13669542136695423 -0.22395911618818581 0.055082623935903866 0.04749768303985172 0.10091847148202744 0.09075043630017451 0.09942196531791907 -0.11584409315795825 -0.1305579504865131 -0.15049751243781093 0.12942868348803765 -0.13465119610371007 -0.06094646271510516 -0.16972635954277798 0.02691632533645406 -0.15991471215351813 0.039473684210526314 -0.35117668577002803 -0.1457440293937538 -0.35526797704797947 0.05209656925031767 -0.23916083916083916 0.024274945700779357 -0.08817305431460146 0.05421970768505422 -0.1446105237574432 0.09923756504901368 -0.4502112251056126 -0.38231631382316317 -0.43821750401185044 0.025953802232027 -0.25494566731680135 -0.3676928829614857 -0.5365193868349865 -0.4430092907319284 -0.6970282676975115 -0.6158012480866597 -2.1745316575764764 -6.669942267534701 -1.494182486221678 -0.6699408134995594 -0.7954545454545454
0.07322431047107641 -0.23147635397053942 0.002242152466367717 -0.2421335828751901 -0.028615714796709192 -0.8167613636363636 -0.9903679920968139 -0.6608631682197156 0.06458279514337381 -0.3631051752921535 -0.2260247733367386 -0.2835146034461689 -0.2933397451310412 -0.43189368770764125 -0.5421006399799222 -4.078583981923173 -8.145888594164457 -1.238144065624199 -0.49351680338713944 -0.42025102242278944 0.07693294012052829 -0.14725568942436412 -0.025101601721252687 -0.28020596335768166 -0.19918347148336016 -1.2232264454624242 -1.2253539764456796 -1.0643939393939394 -0.1559792027729636 -0.6663698426832887 -0.059400826446280995 -0.028432650159933664 0.008408408408408412 -0.038712799419308004 0.008428657435279947 -0.06071338224133569 -0.06579813133307014 -0.37089504185447525 0.006865302759851704 -0.216834814034031 0.04177215189873418 -0.06480218281036836 0.114165890027959 -0.10411622276029057 0.18614770941617306 -0.23583758813518113 -0.11966242599823655 -0.38276907529055076 0.08095554080955543 -0.2870885314895536 0.05383074611917878 0.05560704355885079 0.0986506406622066 0.09773123909249563 0.08439306358381501 -0.11222396524677207 -0.12193619903929057 -0.15049751243781093 0.12681396260949146 -0.11889414124050994 -0.06811663479923517 -0.15240734326290267 0.014043300175541252 -0.1492537313432836 0.01435406698564593 -0.3682477746616266 -0.14574402939375383 -0.36869735075082405 0.034307496823379934 -0.24615384615384617 0.003832886163280963 -0.09287561721138021 0.02593116454502593 -0.16405395552314986 0.04719835410867723 -0.5902232951116477 -0.5803237858032378 -0.5159856807801506 -0.044121463794445884 -0.331568682084146 -0.3514894677801321 -0.5196122633002705 -0.42601404939950155 -0.675283884996376 -0.612268927351937 -2.398624614654968 -7.131801989927527 -1.472137170851194 -0.640977206900894 -0.8072100313479623
0.08298755186721993 -0.19160482888470481 0.017937219730941707 -0.19183530237454677 -0.004769285799451531 -0.7137784090909091 -0.9446776981970857 -0.5689063266307014 0.081374321880651 -0.28519755147467996 -0.2107010598901801 -0.2798484663326408 -0.29454195720125037 -0.42697182232065956 -0.5496298155351989 -4.356013055485815 -8.811671087533158 -1.2624967956934117 -0.5041016141836465 -0.431532929065012 0.08206180279523016 -0.1509066569307533 -0.02988285919196748 -0.29697042270386775 -0.20413212915996543 -1.410177045932896 -1.3854704247717347 -1.130050505050505 -0.147980269297427 -0.6841792816859601 -0.04648760330578512 -0.020139793863286345 0.00720720720720721 -0.04718122429228162 -0.0024081878386514044 -0.051859347331140906 -0.03947887879984208 -0.3876368319381841 -0.01373060551970342 -0.2379159765095618 0.06455696202531645 -0.030695770804911326 0.1130009319664492 -0.06174334140435837 0.17164269309802974 -0.19572088499878434 -0.11210479909308477 -0.34108135421930275 0.06768414067684143 -0.25251766120547126 0.06009013520280421 0.09615384615384616 0.10318630230184829 0.14310645724258292 0.06936416184971098 -0.05912875588270786 -0.12193619903929057 -0.08955223880597014 0.12812132304876453 -0.05873084085374588 -0.0621414913957935 -0.11546010853250202 0.025746050321825625 -0.12437810945273634 0.0011961722488038214 -0.3621509572003414 -0.14084507042253522 -0.35038456842876325 0.026683608640406614 -0.220979020979021 0.024274945700779364 -0.05643075476134494 0.04479019330504479 -0.10086280228460325 0.04598813990076243 -0.6457453228726614 -0.7770859277708593 -0.42834217997778057 -0.04022839345964184 -0.21733073279465032 -0.3165898043126013 -0.4801623083859333 -0.3965556310899615 -0.63904324716115 -0.604026845637584 -2.5883329381076594 -7.524874094091634 -1.4047764849969382 -0.6107543130588087 -0.785005224660397
0.09763241396143521 -0.1617011850703289 0.04035874439461884 -0.16727102585097678 0.032192679146297844 -0.6297348484848485 -0.8261299086194122 -0.5026974006866112 0.12141565486954278 -0.25041736227045075 -0.2094240837696335 -0.2749602835146034 -0.2873286847799953 -0.4171280915466962 -0.5483749529426528 -4.53427065026362 -9.281167108753317 -1.2573699051525247 -0.5107171209314633 -0.4428148357072345 0.08334401846390563 -0.1521236460995497 -0.02988285919196748 -0.2993653454676087 -0.2103179512557219 -1.6243654822335025 -1.5746989546116186 -1.1704545454545454 -0.13998133582189037 -0.699020480854853 -0.05423553719008265 -0.03198673142992536 0.009609609609609614 -0.07500604887490926 0.0012040939193257078 -0.07209714141158614 0.02763521515988946 -0.44172569220862845 -0.004119181655911028 -0.29363047733775033 0.0759493670886076 -0.0068212824010914054 0.12465051258154707 -0.02300242130750607 0.18010395261694667 -0.16776075857038658 -0.08061468698828568 -0.32592218292066705 0.07962840079628401 -0.24500225462197506 0.05257886830245369 0.10078776645041705 0.09978455607211702 0.15474112856311809 0.048554913294797684 -0.055508627971521673 -0.169971671388102 -0.07338308457711443 0.08367106811347888 -0.04010886692450937 -0.04660611854684512 -0.10506869876457683 0.04447045055588063 -0.1314854299928927 0.013157894736842101 -0.408486769906109 -0.09430496019595835 -0.38212672445366863 0.04701397712833546 -0.2517482517482518 0.04216174779609046 -0.04349870679520339 0.066006600660066 -0.09235630088710658 0.050828996732421625 -0.8774894387447194 -1.0523038605230386 -0.44192075052462665 -0.022060731897222945 -0.22151016996377818 -0.2829365573974822 -0.44634806131650134 -0.36823022886924994 -0.6148828219376661 -0.5851878017190628 -2.747213658999289 -7.755803955288046 -1.331292100428659 -0.6031985895982874 -0.7654127481713688
0.10983646570661458 -0.1561634732528519 0.05717488789237668 -0.1661012983974734 0.03696196494574938 -0.5717329545454547 -0.6606569523339096 -0.4597842079450711 0.12012399896667528 -0.22954924874791321 -0.1966543225641681 -0.26029573506049125 -0.26568886751622994 -0.3999015626922604 -0.5370811896097377 -4.54180266131057 -9.242705570291779 -1.193283773391438 -0.4855781952897592 -0.4174305457622339 0.11796384151814336 -0.15212364609954973 0.01673440114750179 -0.30295772961321993 -0.17444018310033405 -1.8286492509595145 -1.769220590181289 -1.2007575757575757 -0.07199040127982936 -0.699020480854853 -0.02324380165289256 -0.022509181376614153 0.03843843843843844 -0.08589402371158963 0.014449127031908487 -0.07589172780166961 0.10659297275957362 -0.4623309723116549 0.023342029383495812 -0.31320584249360034 0.0860759493670886 0.013642564802182813 0.13397017707362535 -0.0012106537530266344 0.16680768765864862 -0.14952589350838802 -0.07809547801990176 -0.3082364830722587 0.06237558062375581 -0.22997144145498266 0.08637956935403104 0.11353104726598703 0.13266810295951922 0.1838278068644561 0.06589595375722543 -0.024134186074574637 -0.14780145338095824 -0.023631840796019897 0.10720355602039484 0.022919352528291075 -0.01912045889101338 -0.10506869876457683 0.07138677589233469 -0.13622364368633028 0.005980861244019137 -0.42189976832093645 -0.0820575627679118 -0.3772433158344524 0.05209656925031766 -0.24335664335664334 0.054938035007026965 -0.04349870679520339 0.07307873644507308 -0.09235630088710658 0.030255355197870017 -1.1997585998793 -1.4533001245330015 -0.43451425749907424 -0.028549182455229683 -0.20897185845639452 -0.21563006356724418 -0.4159152389540127 -0.2979832313618853 -0.5883063541918337 -0.5263157894736843 -2.830211050509841 -7.709126642918558 -1.1977954684629517 -0.5125299080720314 -0.7144723092998955
0.11593849157920429 -0.13290508361944842 0.06726457399103139 -0.1345186571528834 0.04650053654465244 -0.5007102272727273 -0.56433687330205 -0.400931829328102 0.12141565486954278 -0.19198664440734559 -0.1774996807559699 -0.22241231822070145 -0.24645347439288293 -0.36175710594315247 -0.5057096247960848 -4.209138840070299 -8.486737400530505 -1.061266341963599 -0.4630854723471819 -0.3652517275419546 0.111552763174766 -0.13386880856760375 0.011953143676786994 -0.292180577176386 -0.20413212915996537 -2.146836696793364 -2.264125975916369 -1.1717171717171715 -0.09332089054792694 -0.651528643514396 -0.007747933884297523 0.009477550053311216 0.046846846846846854 -0.03871279941930801 0.009632751354605668 -0.0025297242600556546 0.10396104750625082 -0.377334191886671 0.01373060551970342 -0.22436380063243488 0.08481012658227846 0.029558890404729428 0.13047530288909598 0.02300242130750605 0.15109391998066 -0.11427182105519088 -0.08943191837762943 -0.2716018191005558 0.04114134041141341 -0.19389748985420113 0.09764646970455684 0.10658016682113067 0.1440072570586234 0.18615474112856317 0.07052023121387282 -0.021720767467117173 -0.13794802315556104 -0.016169154228855717 0.12289188129167213 0.022919352528291075 -0.009560229445506692 -0.09467728899665166 0.08191925102399064 -0.12556266287609572 0.00956937799043062 -0.43287403975124983 -0.09185548071034906 -0.35770968135758757 0.06607369758576874 -0.22657342657342655 0.029385460585153962 -0.08229485069362803 0.042432814710042434 -0.14218009478672988 -0.03630642623744403 -1.7284248642124322 -2.1457036114570363 -0.5098136032588569 -0.11160134959771609 -0.2633045416550571 -0.16951265112800698 -0.38210099188458074 -0.25266258780874684 -0.5677699927518723 -0.4803956199222891 -2.757884752193503 -7.1846210539245785 -1.1267605633802815 -0.47601057801284485 -0.7092476489028213
0.10251403465950695 -0.11075423634954037 0.06502242152466367 -0.10761492572230671 0.032192679146297844 -0.4545454545454546 -0.5223511978266239 -0.36414909269249635 0.09816584861792818 -0.17111853088480802 -0.15579108670667857 -0.20408163265306123 -0.2163981726376533 -0.3297649809277716 -0.4718283347973397 -3.841325633944263 -7.69893899204244 -0.9587285311458599 -0.4405927494046044 -0.33140600761528705 0.10898833183741508 -0.1618595594499209 -0.0047812574707147976 -0.3316968027781104 -0.22763825312384017 -2.547975733564442 -2.7471218737594283 -1.241161616161616 -0.11465137981602454 -0.7108934401899674 -0.02066115702479339 0.005923468783319513 0.034834834834834835 -0.049600774255988384 -0.033714629741119814 -0.03415127751075133 0.046058691933149105 -0.4172569220862846 -0.035699574351228884 -0.2605029363047734 0.08860759493670886 0.029558890404729428 0.14911463187325258 0.027845036319612586 0.14021515774205245 -0.10454655968879165 -0.12344123945081246 -0.2501263264274886 0.0013271400132714051 -0.16533894483691566 0.10766149223835755 0.09615384615384615 0.1632838190271006 0.1652123327515998 0.08670520231213874 -0.044648244237963076 -0.0948392659194482 -0.04353233830845771 0.16211269446986534 -0.005729838132072765 -0.009560229445506687 -0.10968710310587693 0.08425980105324751 -0.15754560530679934 -0.007177033492822962 -0.525545665162785 -0.14451928965094918 -0.4175314369429862 0.07115628970775095 -0.27552447552447557 -0.007665772326561901 -0.11168586879849518 0.03182461103253183 -0.17256045692064653 -0.08834563717778046 -2.2908871454435724 -2.8032378580323787 -0.5690655474632761 -0.1544251232805606 -0.29952633045416555 -0.13710582076529976 -0.35617673579801634 -0.21074099252209383 -0.5689780140130466 -0.4332980101259861 -2.6891154849419023 -6.483233018056748 -1.0936925903245562 -0.43445409897997733 -0.7353709508881923
0.08664876739077373 -0.09967881271458633 0.06838565022421525 -0.09474792373377003 0.028615714796709196 -0.43442234848484845 -0.4939491232403063 -0.34575772437469343 0.09945750452079566 -0.16555370061213134 -0.1430213255012131 -0.1588659415862153 -0.19115171916326043 -0.27439399532422787 -0.41535951813276445 -3.4433843836304296 -6.815649867374004 -0.8369648807997949 -0.38237629002381585 -0.28909885770695254 0.09744839081933582 -0.14360472191797494 -0.004781257470714799 -0.30894503652257216 -0.24743288383026102 -2.894639098675251 -3.234087600899828 -1.2209595959595958 -0.11331822423676843 -0.6856634016028494 -0.01420454545454546 0.013031631323302928 0.036036036036036036 -0.03508347447374788 -0.02287778446718844 -0.048064760941057424 0.051322542439794706 -0.4301352221506762 -0.012357544967733069 -0.2620087336244542 0.08734177215189873 0.04888585720782175 0.15144454799627213 0.06537530266343825 0.13538015230267136 -0.07415511791879406 -0.12218163496662049 -0.21222839818089945 0.005308560053085618 -0.12174958665263791 0.1214321482223335 0.11468952734012974 0.17915863476584648 0.1652123327515998 0.09826589595375722 -0.06274888379389407 -0.06774233279960587 -0.05845771144278607 0.1921819845731468 -0.03294656925941842 -0.017925430210325048 -0.09005888465535158 0.07840842598010533 -0.14096185737976782 -0.025119617224880375 -0.5682233873917815 -0.21065523576240047 -0.4077646197045538 0.07623888182973317 -0.25594405594405595 -0.04471700523827775 -0.12109099459205266 -0.0023573785950023575 -0.18106695831814315 -0.1609584896526685 -2.8557634278817137 -3.478206724782068 -0.6085668435995556 -0.22060731897222943 -0.3259960991919755 -0.09846690764053348 -0.2772768259693418 -0.16088828461364155 -0.4795844406861562 -0.3708936771458847 -2.474507944036045 -5.646726446382508 -0.9406001224739745 -0.3727490240523864 -0.6556948798328108
0.06346106907493287 -0.07309779599069663 0.0515695067264574 -0.0725231021172067 0.008346250149040186 -0.40009469696969696 -0.4816003951592987 -0.30407062285434033 0.07879101007491604 -0.13355592654424042 -0.13280551653684075 -0.12220457045093484 -0.16590526568886754 -0.2239448751076658 -0.37771364035638094 -3.036655787095154 -5.920424403183023 -0.724173288900282 -0.34532945223604133 -0.2608940911013962 0.07308629311450186 -0.12900085189241814 -0.026296916088931394 -0.27900850197581123 -0.2857849808239515 -3.174445957657546 -3.7779542146354372 -1.1679292929292928 -0.1399813358218904 -0.6248144850103887 -0.02195247933884298 0.016585712593294628 0.03603603603603604 -0.025405274618920875 -0.0325105358217941 -0.05438907159119656 0.018423476773259638 -0.44172569220862845 -0.01922284772758478 -0.25447974702605036 0.09240506329113925 0.059117780809458856 0.16658900279589933 0.06900726392251814 0.15955517949957693 -0.06442985655239483 -0.0730570600831339 -0.19075290550783222 0.053085600530856 -0.10220952953554789 0.12018027040560841 0.11121408711770157 0.18936387345504024 0.17219313554392093 0.09595375722543352 -0.049475081452878 -0.060352260130557944 -0.031094527363184084 0.20264086808733167 -0.01145967626414553 -0.017925430210325048 -0.09467728899665165 0.0772381509654769 -0.15043828476664298 -0.038277511961722493 -0.6633337397878307 -0.31353337415799143 -0.42241484556220243 0.06607369758576874 -0.27132867132867133 -0.06388143605468251 -0.11168586879849515 -0.0165016501650165 -0.18592781625956983 -0.21178748638509015 -3.3952926976463487 -4.062266500622665 -0.6196765831378841 -0.23877498053464827 -0.32320980774589025 -0.08849557522123894 -0.21866546438232648 -0.14049399501472923 -0.4119352500604011 -0.34145767102319546 -2.2302584775907044 -4.7967080211276265 -0.8132271892222901 -0.3500818536708223 -0.6060606060606061
0.07932633634366608 -0.0609148299922472 0.08183856502242152 -0.05263773540765002 0.03934660784547513 -0.36931818181818177 -0.4198567547542604 -0.26851397743992156 0.08395763368638595 -0.10434056761268781 -0.11875877921082875 -0.11487229622387878 -0.1370521760038471 -0.19195275009228496 -0.3262642740619902 -2.6475018830027617 -5.029177718832891 -0.6318892591643169 -0.2910822969039428 -0.24256099280778448 0.04872419540966791 -0.15334063526834613 -0.051398517810184084 -0.28978565441264514 -0.32413707781764195 -3.4926334034913955 -4.313881169776367 -1.1868686868686869 -0.1719770697240368 -0.647076283763728 -0.01420454545454546 -0.0011846937566639022 0.05045045045045045 -0.015727074764093872 -0.026490066225165566 -0.07842145206172527 -0.0052638505066456166 -0.45717965228589835 -0.012357544967733072 -0.24243336846860414 0.11012658227848102 0.050022737608003645 0.18872320596458528 0.0774818401937046 0.17768644989725613 -0.05835156819839532 -0.034009321073183024 -0.19580596260737745 0.08228268082282682 -0.09168796031865326 0.13269904857285927 0.11468952734012974 0.1984351967343236 0.1780104712041885 0.09132947976878611 -0.04102811632677687 -0.04926715112698606 -0.019900497512437814 0.20133350764805855 -0.010027216731127341 0.008365200764818356 -0.114305507447177 0.10415447630193098 -0.15162283819000238 -0.031100478468899517 -0.7950249969515912 -0.44213104715248014 -0.4419484800390673 0.04701397712833546 -0.26713286713286716 -0.06132617861249521 -0.14225252762755702 -0.022395096652522394 -0.2114473204520598 -0.2589858404937674 -3.9565479782739894 -4.577833125778332 -0.6826317738550796 -0.2854918245522969 -0.35246586792978546 -0.05982799451576717 -0.1735798016230838 -0.10310446408339 -0.35878231456873644 -0.28847286000235484 -1.969409532843254 -3.944232895221718 -0.711573790569504 -0.30222893842085374 -0.5668756530825496
0.09030998291432754 -0.07199025362720124 0.09753363228699552 -0.04795882559363668 0.04292357219506379 -0.3764204545454546 -0.38034082489503585 -0.2697400686611084 0.09816584861792818 -0.11825264329437953 -0.08811135231771164 -0.11242820481486009 -0.09257032940610724 -0.15380829334317705 -0.26979545739741495 -2.2470499623399447 -4.155172413793102 -0.5370417841579083 -0.23286583752315432 -0.2115357495416726 0.03205539171688678 -0.1655105269563101 -0.05259383217786279 -0.2945754999401269 -0.34516887294321413 -3.768726012133218 -4.794230514754533 -1.1969696969696968 -0.1853086255165978 -0.657465123181953 -0.012913223140495872 -0.016585712593294635 0.04684684684684685 -0.0241954996370675 -0.03732691149909693 -0.12395648874272705 -0.06185024345308594 -0.4816484224082421 -0.023342029383495805 -0.24544496310796568 0.14303797468354432 0.04320145520691223 0.22017707362534944 0.09322033898305085 0.2091139852532334 -0.05348893751519571 0.046605365915102656 -0.20212228398180895 0.1512939615129396 -0.09619720426875097 0.14271407110665998 0.11005560704355884 0.21657784329289034 0.18382780686445616 0.10173410404624277 -0.03378786050440448 -0.006158393890873271 -0.006218905472636817 0.24970584390116354 -0.0014324595330181833 0.02031548757170172 -0.12931532155640227 0.11000585137507315 -0.15636105188343996 -0.04904306220095693 -0.992561882697232 -0.6001224739742805 -0.46880722744475645 0.05844980940279543 -0.26853146853146853 -0.04343937651718411 -0.16341406066306136 -0.00825082508250825 -0.22724510876169646 -0.26987776836500055 -4.44176222088111 -4.957658779576588 -0.7159609924700654 -0.2699195432130807 -0.37336305377542484 -0.03988532967717812 -0.14765554553651936 -0.07138001359619306 -0.31046146412176856 -0.2507947721653126 -1.6884040787289543 -3.1089546738729887 -0.6282914880587875 -0.26696889560508746 -0.536833855799373
0.12814254332438366 -0.07642042308118285 0.14349775784753363 -0.04444964323312668 0.11684750208656254 -0.3693181818181819 -0.26055816250926156 -0.2464443354585581 0.19504004133298888 -0.10712298274902617 -0.06384880602732729 -0.10876206770133204 -0.06011060351045925 -0.13289036544850497 -0.2083071903626553 -1.8641727341200103 -3.324933687002653 -0.44347603178672135 -0.1733262767928023 -0.17769002961500496 0.04487754840364149 -0.1667275161251065 -0.04661726033946929 -0.30056280684947906 -0.3476432017815168 -3.9990095332425404 -5.185920338758767 -1.1691919191919191 -0.1759765364618051 -0.6337192045117245 -0.001291322314049588 -0.02487856888994195 0.08168168168168168 -0.03629324945560125 0.004816375677302831 -0.17202124968378446 -0.047374654559810506 -0.5112685125563425 0.05766854318275436 -0.2605029363047734 0.1607594936708861 0.06139154160982265 0.2539608574091333 0.11501210653753027 0.24779402876828235 -0.008509603695599322 0.12344123945081245 -0.15790803436078832 0.22030524220305242 -0.05260784608447318 0.16649974962443667 0.12164040778498611 0.2403900669010092 0.176847004072135 0.11560693641618495 -0.034994569808133216 0.04680379357063676 -0.006218905472636809 0.28761929664008373 -0.004297378599054567 0.047801147227533466 -0.13855213023900242 0.14277355178466938 -0.15636105188343993 -0.022727272727272724 -1.258383124009267 -0.7507654623392529 -0.4724697839091686 0.12833545108005082 -0.2545454545454546 -0.008943401047655555 -0.1622384199388667 0.029467232437529467 -0.21509296390812982 -0.23478155633547138 -4.807483403741701 -5.169364881693649 -0.7221330699913591 -0.20114196729820924 -0.3566453050989133 0.004985666209647263 -0.09580703336339043 -0.0351234987536823 -0.26697269871949747 -0.20134228187919465 -1.403841593549917 -2.314212013266183 -0.5437844458052663 -0.22667170381564034 -0.49634273772204807
0.1257017329753478 -0.0930335585336139 0.14237668161434977 -0.06901391975669668 0.11923214498628829 -0.41074810606060613 -0.22227710545813778 -0.3003923491907798 0.20537328855592868 -0.16694490818030053 -0.04214021197803601 -0.0928754735427105 -0.028853089685020445 -0.11320290390057833 -0.14305433555025723 -1.5026362038664325 -2.56763925729443 -0.3845167905665213 -0.10452500661550672 -0.1720490762938937 0.04615976407231696 -0.16916149446269932 -0.03346880229500358 -0.30295772961321993 -0.3476432017815168 -4.174817382691593 -5.54982135768162 -1.1477272727272725 -0.17730969204106123 -0.6248144850103888 0.012913223140495866 -0.03554081269991708 0.10210210210210209 -0.056859424147108636 0.01926550270921132 -0.25297242600556535 -0.08553757073299119 -0.5653573728267869 0.0851297542221612 -0.2951362746574311 0.16455696202531644 0.050022737608003645 0.27609506057781924 0.08716707021791767 0.2695515532454974 -0.02917578409919767 0.1776042322710669 -0.19580596260737748 0.252156602521566 -0.0856756350518563 0.1702553830746119 0.1170064874884152 0.2449257285406509 0.15706806282722519 0.11445086705202312 -0.04464824423796307 0.08252247813770168 -0.01865671641791045 0.3020002614720879 -0.011459676264145532 0.048996175908221806 -0.1616441519455028 0.13809245172615564 -0.189528547737503 -0.05143540669856459 -1.5595659065967564 -1.033680342927128 -0.5151996093273105 0.10927573062261756 -0.2839160839160839 -0.019164430816404752 -0.1998589231130966 0.00825082508250825 -0.25762547089561305 -0.2650369115333414 -5.1973445986722995 -5.341220423412205 -0.8097765707937292 -0.23488191019984428 -0.4346614655893005 0.02492833104823632 -0.08791704238052298 -0.011330160888284615 -0.25610050736892964 -0.16013187330742967 -1.1572207730614184 -1.6189657290259176 -0.5009185548071035 -0.1813373630525123 -0.48328108672936254
0.13180375884793755 -0.10078635507808173 0.14573991031390138 -0.0830506491987367 0.11446285918683677 -0.4296875000000001 -0.22104223265003703 -0.3249141736145169 0.1847067941100491 -0.211463550361714 -0.04597114033967564 -0.0904313821336918 -0.03606636210627555 -0.09351544235265166 -0.1279959844397039 -1.1360783329148882 -1.9429708222811672 -0.3114586003588823 -0.08864779042074622 -0.1565364546608377 0.047441979740992436 -0.18254837531945967 -0.023906287353573995 -0.3173272661956652 -0.33898305084745767 -4.268911724650241 -5.819769749900754 -1.1148989898989898 -0.1786428476203173 -0.6010685663401604 0.02195247933884297 -0.011846937566639024 0.0912912912912913 -0.01572707476409388 -0.022877784467188446 -0.25297242600556535 -0.22239768390577708 -0.5215711526078557 0.027461211039406835 -0.23641017918988103 0.14683544303797472 0.05229649840836744 0.25163094128611374 0.09079903147699758 0.22845400701075785 -0.012156576707999031 0.16878700088172316 -0.18443658413340072 0.21366954213669542 -0.07966330978505938 0.1815222834251377 0.09731232622798887 0.2517292210001134 0.1268179173938336 0.12254335260115605 -0.07481597683118137 0.15149648971548219 -0.048507462686567165 0.3490652372859197 -0.053001002721673116 0.04182600382409178 -0.1593349497748528 0.1181977764774722 -0.1812366737739872 -0.10526315789473684 -1.8802585050603582 -1.3864053888548684 -0.5164204614821145 0.06099110546378652 -0.26573426573426573 -0.028107831864060316 -0.2151422525276276 0.0023573785950023575 -0.27342325920524974 -0.28319012465206345 -5.379601689800845 -5.352428393524285 -0.8455746204172325 -0.2543472618738645 -0.46531067149623845 0.04113174622958993 -0.07889990982867445 0.013596193065941533 -0.23677216719014255 -0.12363122571529495 -0.9378705240692436 -1.0735781844982186 -0.45927740355174534 -0.14355874574990557 -0.470219435736677
0.10739565535757871 -0.0930335585336139 0.12443946188340807 -0.060825827582173364 0.09657803743889352 -0.4131155303030304 -0.23092121511484315 -0.2967140755272192 0.16920692327563938 -0.19198664440734556 -0.04980206870131528 -0.058658193816448746 -0.03847078624669392 -0.050449120216562074 -0.09787928221859706 -0.7958825006276676 -1.4403183023872677 -0.22045629325813892 -0.07012437152685894 -0.1170497814130588 0.0448775484036415 -0.19228428866983086 -0.04183600286875448 -0.3448688779786852 -0.3451688729432142 -4.345672898353349 -6.0129681090379785 -1.1325757575757578 -0.2066391147846954 -0.641139804096171 0.006456611570247933 0.003554081269991706 0.08168168168168169 0.009678199854827004 -0.05177603853100542 -0.2871237035163167 -0.35662587182524014 -0.5074050225370252 -0.0027461211039406784 -0.21834061135371177 0.12784810126582277 0.07617098681218736 0.2388164026095061 0.11016949152542373 0.2139489906926145 0.03768538779479698 0.19523869504975438 -0.13769580596260736 0.21897810218978103 -0.03908011423418007 0.17651477215823735 0.09499536607970342 0.24265789772083002 0.09773123909249563 0.09942196531791907 -0.09291661638711234 0.16258159871905403 -0.06592039800995025 0.3477578768466466 -0.08165019338203695 0.00478011472275334 -0.1547165454335527 0.07021650087770627 -0.17294479981047145 -0.17942583732057413 -2.305816363858066 -1.8028169014084507 -0.5457209131974118 -0.011435832274459972 -0.27552447552447557 -0.04854989140155871 -0.19633200094051256 -0.00942951438000943 -0.25154939846882973 -0.2940820525232966 -5.354254677127338 -5.216687422166876 -0.829527218861869 -0.2880872047754996 -0.42630259125104486 0.05484232830611992 -0.04508566275924257 0.02945841830953999 -0.2017395506160909 -0.08830801836806781 -0.7588332938107658 -0.6989313352168037 -0.4237599510104103 -0.11459513915124038 -0.44278996865203757
0.11349768123016842 -0.09414110089710932 0.13452914798206278 -0.060825827582173364 0.11923214498628829 -0.4202178030303031 -0.16917757470980488 -0.29916625796959295 0.22216481529320592 -0.19476905954368393 -0.05107904482186183 -0.039105462544299155 -0.03366193796585718 -0.025839793281653745 -0.07529175555276696 -0.6464976148631685 -1.2108753315649867 -0.17687772366059984 -0.035723736438211175 -0.09448596812861373 0.04103090139761508 -0.18254837531945964 -0.03466411666268228 -0.31612980481379477 -0.32661140665594457 -4.126532128265445 -5.84623527854969 -1.0782828282828283 -0.17997600319957338 -0.6233303650934996 -0.01291322314049587 -0.004738775026655618 0.06006006006006006 -0.006048874909266881 -0.06622516556291391 -0.4477611940298508 -0.5079615738913015 -0.5640695428203477 0.02196896883152547 -0.24544496310796568 0.12151898734177217 0.07844474761255116 0.22716682199440816 0.10532687651331721 0.2103227366130787 0.0437636761487965 0.22420959818616953 -0.14022233451238 0.24153948241539483 -0.02855854501728544 0.15773660490736102 0.10078776645041705 0.22111350493253204 0.10936591041303083 0.05664739884393062 -0.10739712803185712 0.10346101736667075 -0.05472636815920399 0.3189959471826382 -0.0572983813207277 -0.02868068833652008 -0.17549936496940305 0.025746050321825635 -0.2037431888178157 -0.2607655502392344 -2.995976100475551 -2.17636252296387 -0.6214137467952631 -0.08767471410419314 -0.3020979020979021 -0.02555257442187301 -0.16341406066306136 0.014144271570014143 -0.21387774942277313 -0.26261648311751185 -4.966807483403742 -4.635118306351183 -0.8134798173065054 -0.2569426420970672 -0.3998328225132348 0.04362457933441356 -0.034941388638412986 0.027192386131883073 -0.1848272529596521 -0.08359825738843754 -0.678207256343372 -0.5810097039675715 -0.3845682792406614 -0.0944465432565168 -0.41013584117032387
0.10495484500854287 -0.08528076198914608 0.12780269058295962 -0.05614691776816002 0.11565518063669963 -0.39654356060606066 -0.16794270190170413 -0.26728788621873467 0.21053991216739862 -0.17529215358931555 -0.06257182990678074 -0.04521569106684589 -0.04087521038711229 -0.054140519256798324 -0.06274312962730581 -0.5649008285212151 -0.9814323607427056 -0.17431427839015634 -0.017200317544323895 -0.11987025807361444 0.033337607385562254 -0.17037848363149566 -0.028687544824288792 -0.29098311579451563 -0.2981566250154645 -3.819487433453015 -5.578933439195448 -0.986111111111111 -0.13331555792560995 -0.5802908875037104 -0.03228305785123967 -0.015401018836630729 0.03843843843843845 -0.02056617469150738 -0.0806742925948224 -0.6273716164938022 -0.7803658376102118 -0.5859626529298133 0.012357544967733097 -0.23189278723083873 0.10126582278481015 0.07958162801273305 0.20852749301025164 0.07506053268765132 0.19219146621539945 0.02309749574519815 0.2531805013225847 -0.1579080343607883 0.26410086264100857 -0.054110927401172404 0.13269904857285927 0.09962928637627433 0.19503345050459236 0.08376963350785341 0.002312138728323687 -0.19428019790032583 0.009853430225397197 -0.08333333333333334 0.2627794482938946 -0.08881249104712792 -0.06453154875717018 -0.15125274217757764 -0.028086600351082503 -0.17412935323383089 -0.3564593301435407 -3.604438483111815 -2.560930802204532 -0.6006592601635942 -0.1956797966963151 -0.2545454545454546 -2.7755575615628915e-18 -0.1351986832823889 0.03182461103253183 -0.2005103900838498 -0.237201984751301 -4.494870247435124 -4.0672478206724785 -0.7937291692383655 -0.2517518816506618 -0.3831150738367233 0.043624579334413556 -0.030432822362488732 0.027192386131883066 -0.1751630828702585 -0.0765336159189921 -0.6177377282428266 -0.5232772386684682 -0.3417023882424985 -0.08563153255257523 -0.3892371995820271
0.11227727605565048 -0.08306567726215527 0.12443946188340808 -0.060825827582173364 0.12400143078573982 -0.3740530303030304 -0.1469498641639911 -0.2513487003433056 0.21312322397313355 -0.16277128547579298 -0.06384880602732727 -0.05377001099841135 -0.05169511901899495 -0.046757721176325824 -0.05772367925712135 -0.4770273663068039 -0.8687002652519894 -0.1384260446039477 -0.009261709446943638 -0.09307572979833593 0.03205539171688678 -0.16916149446269926 -0.028687544824288785 -0.2861932702670339 -0.26846467895583326 -3.429491147703355 -5.207092761677915 -0.904040404040404 -0.11865084655379284 -0.5387355298308104 -0.06456611570247935 -0.02843265015993366 0.004804804804804805 -0.03145414952818776 -0.1300421432871764 -0.8208955223880597 -1.1738386629819713 -0.6078557630392789 -0.050803240422902664 -0.23490438187020027 0.08734177215189873 0.08526603001364255 0.19571295433364397 0.07869249394673124 0.17647769853741085 0.04984196450279601 0.25192089683839275 -0.12758969176351692 0.2694094226940942 -0.006012325266796936 0.11767651477215821 0.08341056533827619 0.18029255017575688 0.05002908667830134 -0.035838150289017344 -0.3294316399179438 -0.07636408424682842 -0.10199004975124379 0.23663223950843246 -0.09024495058014612 -0.08484703632887189 -0.15702574760420274 -0.05617320070216501 -0.16939113954039325 -0.4126794258373205 -4.217778319717107 -2.842620943049602 -0.6238554511048712 -0.25412960609911056 -0.24475524475524474 0.0178868020953111 -0.11403715024688457 0.04596888260254597 -0.17499088589135986 -0.19605470168219774 -3.955340977670489 -3.4657534246575343 -0.7381804715467226 -0.2296911497534389 -0.33017553636110336 0.04362457933441356 -0.05297565374211001 0.027192386131883066 -0.19811548683256824 -0.06946897444954667 -0.5892814797249228 -0.46554477336936484 -0.325780771586038 -0.07681652184863366 -0.37617554858934166
0.1257017329753478 -0.09746372798759552 0.1289237668161435 -0.08422037665224004 0.15142482413258612 -0.3752367424242425 -0.08026673252654977 -0.2599313388916135 0.2596228364763627 -0.17250973845297718 -0.05235602094240838 -0.06599046804350484 -0.06251502765087762 -0.06890611541774332 -0.03388128999874513 -0.4418779814210395 -0.7519893899204244 -0.13586259933350422 0.022492722942577398 -0.10858835143139192 0.046159764072316964 -0.17889740781307045 -0.014343772412144396 -0.30894503652257216 -0.22763825312384012 -3.0952086170607895 -4.696308058753474 -0.898989898989899 -0.09332089054792694 -0.5966162065894924 -0.055526859504132234 -0.04264897523990049 -0.0024024024024023975 -0.05927897411081538 -0.12161348585189644 -1.0295977738426512 -1.5054612449006448 -0.6400515132002575 -0.017849787175614456 -0.24996235506700795 0.09367088607594935 0.06593906321055025 0.18289841565703632 0.05690072639225182 0.1668076876586486 0.010940919037199123 0.26577654616450436 -0.16548762001010608 0.28400796284007956 -0.03757703291748084 0.11767651477215824 0.07414272474513439 0.164417734437011 0.013961605584642234 -0.07052023121387282 -0.6359358030650416 -0.16873999260992734 -0.14676616915422885 0.22094391423715515 -0.12462397937258271 -0.09082217973231357 -0.16626255628680292 -0.08308952603861908 -0.183605780620706 -0.4533492822966507 -4.768930618217291 -3.005511328842621 -0.6592601635941887 -0.2871664548919949 -0.24755244755244754 0.04088411907499681 -0.1175640724194686 0.06482791136256483 -0.17256045692064653 -0.14038484811811688 -3.4749547374773684 -2.8418430884184303 -0.7418837180594987 -0.19724889696340517 -0.35525215937587074 0.0548423283061199 -0.0563570784490532 0.031724450487196916 -0.208987678183136 -0.04827505004121041 -0.5560825231207019 -0.3881587028620562 -0.3196570728720147 -0.046593628006548295 -0.3735632183908046
0.12082011227727604 -0.11075423634954037 0.13228699551569506 -0.09006901391975672 0.15977107428162635 -0.3752367424242424 -0.045690293899728326 -0.27587052476704266 0.27899767501937484 -0.19755147468002227 -0.03958625973694292 -0.06599046804350484 -0.040875210387112296 -0.07628891349821583 -0.002509725185092232 -0.39668591513934226 -0.6684350132625995 -0.12304537298128684 0.039693040486901296 -0.10717811310111407 0.06411078343377356 -0.1630765486187173 0.010757829309108295 -0.2969704227038678 -0.17815167635778797 -2.721307416119846 -4.123329363504036 -0.840909090909091 -0.05332622317024396 -0.589195607005046 -0.06456611570247935 -0.0521265252932117 -0.021621621621621616 -0.07984514880232277 -0.14449127031908487 -1.2332405767771313 -1.9213054349256482 -0.6825499034127496 -0.04805711931896197 -0.2815840987803041 0.09367088607594935 0.06707594361073214 0.18639328984156572 0.04721549636803875 0.16197268221926747 -0.004862630683199615 0.2657765461645044 -0.16927741283476505 0.3065693430656934 -0.049601683451074706 0.10015022533800702 0.08572752548656164 0.14967683410817553 0.01861547411285631 -0.11676300578034682 -0.9400265476046821 -0.2943712279837419 -0.18781094527363185 0.2130997516015165 -0.15327317003294655 -0.09918738049713195 -0.16741715737212792 -0.0983031012287888 -0.1978204217010187 -0.4892344497607655 -5.0493842214364095 -3.0569503980404167 -0.7056525454767427 -0.3138500635324015 -0.28251748251748254 0.07538009454452536 -0.07759228779684926 0.10726072607260725 -0.12638230647709323 -0.06172092460365484 -2.933011466505733 -2.214196762141967 -0.6394272312060238 -0.13366208149493902 -0.2883811646698244 0.06481366072541443 -0.054102795311091065 0.04532064355313845 -0.20777965692196182 -0.022371364653243846 -0.49205596395541856 -0.30831593170372185 -0.30985915492957744 -0.01385215967762247 -0.3605015673981191
0.12082011227727607 -0.10078635507808173 0.13004484304932737 -0.08889928646625338 0.16215571718135213 -0.3349905303030303 -0.022227710545813777 -0.2709661598822952 0.2699560836993026 -0.18781302170283803 -0.040863235857489466 -0.052547965293902 -0.0709305121423419 -0.07874984619170666 -0.015058351110553392 -0.36279186542806935 -0.6312997347480106 -0.132017431427839 0.027785128340830904 -0.12269073473417007 0.08719066546993205 -0.15455762443714252 0.02151565861821659 -0.2802059633576817 -0.1397995793640975 -2.3300730469233626 -3.5212385867407705 -0.7777777777777778 -0.019997333688841483 -0.5713861680023745 -0.06069214876033058 -0.05804999407653122 -0.015615615615615613 -0.10404064843939027 -0.1601444912703191 -1.439413103971667 -2.316094222924069 -0.7417900837089505 -0.06453384594260607 -0.328263815690408 0.06455696202531644 0.05002273760800363 0.13630009319664496 0.004842615012106538 0.07977758974978846 -0.09846827133479212 0.14737372465045975 -0.23370389085396664 0.21765096217650962 -0.0946941229520517 0.0701051577366049 0.10194624652455979 0.10318630230184829 0.02326934264107039 -0.2208092485549133 -1.449257873778207 -0.5012932627170834 -0.1890547263681592 0.11896979997385279 -0.13751611516974643 -0.08962715105162525 -0.17203556171342801 -0.0983031012287888 -0.21914238332148778 -0.47727272727272724 -5.274966467503962 -2.9491733006736065 -0.7605908924429251 -0.3214739517153748 -0.3300699300699301 0.08687875303436822 -0.03879614389842463 0.1107967939651108 -0.0814193705188966 -0.025414498366210802 -2.4453832226916115 -1.7073474470734744 -0.5665967164547586 -0.12068518037892555 -0.2326553357481192 0.07478499314470896 -0.04283137962128043 0.044187627464309986 -0.2101956994443102 -0.0070646414694454235 -0.44344320607066645 -0.2518118167301314 -0.3147581139007961 0.008815010703941566 -0.3631138975966562
0.10983646570661458 -0.10189389744157715 0.11434977578475336 -0.10293601590829338 0.12400143078573986 -0.3373579545454545 -0.04816003951592987 -0.2942618930848455 0.20149832084732622 -0.21007234279354484 -0.03830928361639638 -0.039105462544299155 -0.06732387593171436 -0.08121077888519748 -0.013803488518007279 -0.3100677880994226 -0.5676392572944298 -0.13714432196872597 0.038369939137337924 -0.13679311803694824 0.08334401846390563 -0.14238773274917854 0.01792971551518049 -0.2730211950664591 -0.12247927749597923 -1.923981676364987 -2.9337038507344184 -0.7323232323232323 -0.006665777896280492 -0.578806767586821 -0.05423553719008264 -0.05923468783319512 -0.034834834834834835 -0.11855794822163077 -0.1962673088500903 -1.6000505944852013 -2.629293328069483 -0.77269800386349 -0.12220238912536044 -0.35837976208402345 0.04050632911392406 0.029558890404729428 0.08038210624417523 -0.01694915254237288 -0.0012087513598452837 -0.15317286652078774 0.006298022420959804 -0.25265285497726125 0.1353682813536828 -0.1037126108522471 0.032548823234852274 0.0753012048192771 0.05669577049552103 -0.011634671320535195 -0.2890173410404624 -2.2155182816459513 -0.7131420125631236 -0.2611940298507463 0.04183553405673945 -0.18621973929236502 -0.0920172084130019 -0.17319016279875304 -0.10181392627267409 -0.22624970386164417 -0.4880382775119617 -5.079868308742835 -2.8034292712798528 -0.7691368575265535 -0.3850063532401525 -0.34685314685314683 0.08049060942889996 -0.03291794027745122 0.09075907590759076 -0.08020415603353992 -0.018153213118722 -2.0048280024140013 -1.2839352428393522 -0.5209233427971856 -0.13625746171814174 -0.21593758707160768 0.07229216003988533 -0.05410279531109108 0.0555177883525946 -0.2162358057501812 0.011774402449075712 -0.42210101968223857 -0.2039061540351308 -0.3086344151867728 0.0365193300591865 -0.35266457680250785
0.09885281913595313 -0.09746372798759553 0.10201793721973093 -0.09942683354778337 0.11088589483724812 -0.31841856060606055 -0.04445542109162757 -0.28445316331535064 0.17954017049857918 -0.20589872008903728 -0.044694164219129105 -0.0452156910668459 -0.07333493628276028 -0.07998031253845206 -0.02258752666583009 -0.2724077328646749 -0.5159151193633952 -0.13329915406306075 0.023815824292140776 -0.1410238330277817 0.08590844980125659 -0.13630278690519654 0.02390628735357399 -0.2598491198658843 -0.0964988246938018 -1.5055094713383683 -2.32896652110626 -0.654040404040404 0.02266364484735369 -0.5565449688334818 -0.07747933884297521 -0.055680606563203415 -0.062462462462462454 -0.12339704814904429 -0.22516556291390727 -1.6974449784973438 -2.8240557968153706 -0.7804249839021249 -0.16202114513250035 -0.3659087486824273 0.024050632911392405 0.02160072760345612 0.0477632805219012 -0.03268765133171913 -0.04714130303396591 -0.2966204716751763 -0.14989293361884368 -0.28928751894896415 0.09024552090245523 -0.1172403427025402 -0.0012518778167250916 0.05676552363299351 0.02041047737838757 -0.03257707969749855 -0.3236994219653179 -2.753710631108966 -0.899125508067496 -0.30970149253731344 -0.016995685710550407 -0.21343647041971064 -0.1075525812619503 -0.1547165454335527 -0.1240491515506144 -0.20966595593461265 -0.485645933014354 -4.803072796000487 -2.559706062461727 -0.7398364058112562 -0.40533672172808133 -0.3384615384615384 0.08432349559218091 -0.007053844345168117 0.10254596888260255 -0.06683679669461659 0.018153213118722016 -1.511164755582378 -0.899128268991283 -0.4579681520799902 -0.11030365948611473 -0.1908609640568404 0.06107441106817899 -0.043958521190261494 0.049852707908452296 -0.20415559313843926 0.012951842693983282 -0.42328669670381797 -0.18793759980346397 -0.3000612369871402 0.037778617302606725 -0.3487460815047022
0.08176714669270198 -0.10632406689555876 0.08183856502242151 -0.11112410808281672 0.08942410873971621 -0.33025568181818177 -0.03334156581872068 -0.3052967140755272 0.16791526737277188 -0.2086811352253756 -0.02681649853147746 -0.03666137113528046 -0.04568405866794902 -0.08490217792543372 0.006274312962730582 -0.2510670348983179 -0.42705570291777184 -0.13586259933350425 0.0621857634294787 -0.15230573967000421 0.1025772534940377 -0.11196300352926858 0.04422663160411188 -0.22272781702790087 -0.07299270072992702 -1.1526556889934383 -1.750694720127035 -0.6123737373737372 0.06665777896280496 -0.568417928168596 -0.07877066115702479 -0.07818978793981755 -0.06366366366366366 -0.16210984756835228 -0.21914509331727872 -1.799898811029598 -2.871430451375181 -0.8383773341918866 -0.14142523685294522 -0.42764643878933895 0.02025316455696202 0.018190086402910418 0.040773532152842504 -0.03268765133171912 -0.07977758974978848 -0.513007537077559 -0.28718982239576774 -0.31328954017180394 0.0637027206370272 -0.1127310987524425 -0.007511266900350528 0.05213160333642262 0.010205238689193787 -0.041884816753926704 -0.353757225433526 -3.049354410522505 -1.0210617071067865 -0.3495024875621891 -0.06144594064583606 -0.23492336341498357 -0.10516252390057361 -0.14547973675095258 -0.11585722644821532 -0.20137408197109688 -0.4533492822966506 -4.457992927691744 -2.2449479485609305 -0.7093151019411549 -0.3888182973316391 -0.32727272727272727 0.09198926791874282 0.023512814483893727 0.10018859028760019 -0.0352412200753433 0.03872685465327362 -1.0935425467712734 -0.6027397260273971 -0.3876064683372423 -0.09473137814689853 -0.15881861242685988 0.05982799451576717 -0.03944995491433724 0.05098572399728076 -0.21019569944431024 0.01059696220416814 -0.4280294047901352 -0.1719690455717971 -0.3110838946723821 0.06170507492759099 -0.3565830721003135
0.0732243104710764 -0.10189389744157715 0.056053811659192807 -0.10293601590829338 0.06319303684273278 -0.3006628787878788 -0.048160039515929856 -0.28567925453653753 0.1291655902867476 -0.19198664440734556 -0.01787766568765164 -0.043993645362336554 -0.044481846597739835 -0.08613264427217916 -0.01003890074036893 -0.2259603314084861 -0.3925729442970822 -0.1281722635221738 0.04630854723471818 -0.14525454801861512 0.111552763174766 -0.09735913350371182 0.06813291895768588 -0.18081666866243565 -0.03958926141284177 -0.8084684907762785 -1.213444488553659 -0.4974747474747475 0.10265297960271964 -0.5001484119916889 -0.08651859504132231 -0.07937448169648147 -0.08288288288288288 -0.1524316477135253 -0.23479831426851297 -1.7859853275992918 -2.9306487695749444 -0.8100450740502254 -0.15515584237264862 -0.41108266827285045 0.012658227848101267 0.0034106412005457027 0.008154706430568497 -0.05447941888619854 -0.142632660461743 -0.6904935570143448 -0.4622748456984507 -0.354977261243052 -0.013271400132714006 -0.135277318502931 -0.007511266900350533 0.03475440222428175 0.007937407869372946 -0.04072134962187318 -0.35722543352601155 -3.1881259804513093 -1.1035841852444883 -0.3893034825870647 -0.07582690547784025 -0.26786993267440196 -0.0944072657743786 -0.12469691721510216 -0.10181392627267405 -0.1788675669272684 -0.4078947368421053 -4.0092671625411525 -1.8481322718922228 -0.6470516420461482 -0.3481575603557814 -0.29230769230769227 0.11115369873514755 0.0340935810016459 0.11197548326261197 -0.008506501397496664 0.07624349509863246 -0.7447193723596863 -0.3325031133250312 -0.31847920009875325 -0.046716844017648584 -0.12677626079687937 0.06107441106817898 -0.046212804328223625 0.05211874008610923 -0.20173955061609083 0.012951842693983284 -0.40550154138012806 -0.14371698808500186 -0.2927127985303123 0.08940939428283592 -0.34352142110762796
0.06956309494752258 -0.10189389744157713 0.052690582959641255 -0.10878465317581003 0.06319303684273278 -0.2935606060606061 -0.03704618424302298 -0.3003923491907798 0.11108240764660296 -0.20589872008903726 -0.01787766568765164 -0.04032750824880851 -0.043279634527530655 -0.08367171157868833 -0.011293763332915048 -0.1908109465227216 -0.35543766578249336 -0.12048192771084336 0.02778512834083091 -0.14384430968833734 0.1384792922169509 -0.08275526347815504 0.09323452067893856 -0.16764459346186086 0.003711493257453921 -0.5695183855391853 -0.7767632658462353 -0.4330808080808081 0.1519797360351953 -0.4749183734045711 -0.08006198347107438 -0.08648264423646487 -0.07327327327327328 -0.1657391725139124 -0.22034918723660443 -1.6772071844168983 -2.7872088432688513 -0.790727623953638 -0.17575175065220378 -0.4261406414696582 0.04556962025316456 0.005684402000909503 0.037278657968313145 -0.05569007263922519 -0.12208388734437325 -0.7281789448091418 -0.449678800856531 -0.3537139969681657 0.023888520238885203 -0.14279272508642715 0.026289434151226844 0.02085264133456905 0.04308878557659599 -0.06399069226294357 -0.3017341040462428 -3.2146735851333412 -1.0185983495504372 -0.4154228855721394 -0.016995685710550414 -0.30511388053287497 -0.08245697896749521 -0.10968710310587693 -0.0772381509654769 -0.15280739161336176 -0.34090909090909094 -3.31788806243141 -1.4611145131659524 -0.5847881821511415 -0.30241423125794153 -0.2881118881118881 0.11626421361952217 0.048201269691982136 0.12376237623762376 0.0060760724267833275 0.1137601355439913 -0.6167773083886543 -0.22914072229140717 -0.25058634736452295 0.007786140669608093 -0.10587907495123991 0.09846690764053348 -0.04170423805229937 0.08724223883979153 -0.19449142304904565 0.061226892735193696 -0.3734882617974863 -0.08475617246038569 -0.27066748315982847 0.15237375645384713 -0.3265412748171369
0.09030998291432756 -0.11850703289400819 0.07511210762331837 -0.10878465317581006 0.08823178728985334 -0.2900094696969696 0.03828105705112374 -0.3089749877390878 0.16920692327563935 -0.20868113522537562 0.006384880602732727 -0.034217279726261755 -0.013224332772301037 -0.05660145195028917 0.02509725185092232 -0.14561888024102437 -0.2745358090185676 -0.08074852601896948 0.07409367557554909 -0.10294739811028064 0.16540582125913578 -0.06936838262139466 0.11714080803251256 -0.146090288588193 0.03340343931708524 -0.3974247864306054 -0.43668122270742354 -0.369949494949495 0.1813091587788295 -0.43336301573167113 -0.0490702479338843 -0.07463570666982586 -0.03843843843843843 -0.15001209774981855 -0.18904274533413606 -1.4748292436124462 -2.487169364390051 -0.7083065035415325 -0.12769463133324177 -0.3900015057973197 0.08734177215189873 -0.003410641200545703 0.07921714818266543 -0.043583535108958835 -0.07615133567025263 -0.7464138098711404 -0.38291976319435694 -0.34739767559373413 0.1141340411413404 -0.14279272508642715 0.055082623935903866 0.02085264133456905 0.06803492459462525 -0.04653868528214078 -0.2670520231213873 -3.1567515385543623 -0.9557827318635301 -0.3768656716417911 0.007844162635638637 -0.26786993267440196 -0.052581261950286805 -0.12238771504445216 -0.03276770040959625 -0.14925373134328357 -0.2535885167464115 -2.6143153273990976 -1.0398040416411514 -0.5188621657917226 -0.21473951715374842 -0.2713286713286713 0.15459307525233168 0.03644486245003527 0.17326732673267325 0.017013002794993314 0.19847513009802736 -0.5347012673506337 -0.0647571606475716 -0.19627206517713863 0.1258759408253309 -0.08637503482864306 0.10719182350741618 -0.030432822362488725 0.09064128710627692 -0.16429089151969073 0.06358177322500884 -0.31657576476167887 -0.06141751627564179 -0.20943049601959585 0.17000377786173027 -0.2638453500522466
0.07322431047107639 -0.1284749141654668 0.045964125560538124 -0.10176628845479004 0.042923572195063785 -0.28053977272727265 0.004939491232403059 -0.3052967140755273 0.10074916042366314 -0.20728992765720644 0.020431617928744733 -0.03666137113528046 -0.004808848280836737 -0.06275378368401625 0.02886183962856067 -0.12427818227466733 -0.22015915119363397 -0.06921302230197385 0.07541677692511246 -0.10012692144972501 0.18463905628926786 -0.07545332846537667 0.13626583791537175 -0.13291821338761822 0.05567239886180873 -0.30580661136560605 -0.1865819769749901 -0.3396464646464647 0.20930542594320758 -0.42742653606411396 -0.04777892561983471 -0.08055917545314537 -0.052852852852852836 -0.16452939753205903 -0.20590006020469595 -1.2825701998482166 -2.180550072377944 -0.6658081133290406 -0.1510366607167376 -0.38247251919891584 0.09620253164556962 -0.02273760800363802 0.08271202236719478 -0.06900726392251814 -0.07373383295056204 -0.7926088013615367 -0.3904773900995087 -0.3625568468923698 0.1141340411413404 -0.17736359537050952 0.05257886830245369 0.008109360518999072 0.06576709377480441 -0.03955788248981966 -0.25549132947976877 -3.05418124773742 -0.9188323685182904 -0.359452736318408 -0.010458883514184874 -0.267869932674402 -0.03465583173996175 -0.1373975291536774 -0.02106495026331188 -0.1610992655768775 -0.2093301435406699 -1.9485428606267525 -0.7274954072259645 -0.48467830545720914 -0.1994917407878018 -0.2853146853146853 0.18142327839529832 0.042323066071008705 0.20155586987270152 0.012152144853566655 0.24083262737504535 -0.4803862401931201 0.031133250311332482 -0.16664609307492903 0.18946275629379702 -0.08637503482864306 0.1246416552411816 -0.0281785392245266 0.10763652843870383 -0.16187484899734234 0.07888849640880727 -0.30353331752430635 -0.024567006510256718 -0.22167789344764238 0.1989673844603954 -0.2821316614420063
0.07810593116914816 -0.13401262598294386 0.06502242152466368 -0.10878465317581006 0.04411589364492667 -0.28409090909090906 0.019757964929612244 -0.3040706228543404 0.09945750452079567 -0.20868113522537562 0.02426254629038437 -0.024440914090186977 0.013224332772301037 -0.05291005291005291 0.037645877776383486 -0.09038413256339443 -0.1684350132625995 -0.04614201486798257 0.08997089177030962 -0.08038358482583555 0.19361456596999613 -0.05233053425824511 0.14582835285680135 -0.10777152436833912 0.07546702956822962 -0.21542651974743104 -0.011909487892020626 -0.28156565656565663 0.2519664044794028 -0.38883941822499263 -0.04390495867768595 -0.07226631915649806 -0.03843843843843843 -0.16573917251391243 -0.19145093317278744 -1.0726030862635973 -1.8028687985261214 -0.6052801030264005 -0.14279829740491554 -0.37494353260051194 0.09873417721518987 -0.023874488403819925 0.09669151910531222 -0.08353510895883776 -0.07373383295056206 -0.8059810357403355 -0.41315027081496397 -0.36887316826680133 0.09422694094226941 -0.19540057117090032 0.07260891337005508 0.005792400370713626 0.08844540197301282 -0.02675974403723095 -0.20578034682080926 -2.7874984916133707 -0.8030545633698732 -0.3308457711442786 0.02091776702836971 -0.25354533734422 -0.013145315487571701 -0.12238771504445214 0.01287302516091281 -0.1528073916133617 -0.13157894736842107 -1.309596390684063 -0.4347826086956522 -0.4236356977170065 -0.12325285895806863 -0.26853146853146853 0.20697585281717132 0.05643075476134494 0.2333804809052334 0.024304289707133303 0.279559482028319 -0.38986119493059745 0.11207970112079702 -0.10862856437476856 0.25304957176226317 -0.05711897464474784 0.1395986538701234 -0.031559963931469794 0.1348289145705869 -0.16066682773616814 0.10832450253149654 -0.30353331752430635 0.017196904557179697 -0.22290263319044704 0.23926457624984257 -0.28082549634273773
0.08298755186721991 -0.10521652453206336 0.05381165919282512 -0.0865598315592467 0.03934660784547513 -0.24857954545454547 0.045690293899728326 -0.2623835213339873 0.1136657194523379 -0.17390094602114634 -0.005107904482186185 0.012220457045093489 -0.019235393123346954 -0.0036913990402362485 -0.005019450370184464 -0.022596033140848605 -0.1790450928381963 0.007690335811330429 0.05424715533209843 -0.03807643491750105 0.19617899730734706 -0.04016064257028113 0.15419555343055225 -0.09699437193150522 0.07670419398738092 -0.14237959638479633 0.07542675664946408 -0.24747474747474754 0.26663111585121985 -0.3621252597209855 -0.0490702479338843 -0.039094893969908784 -0.04084084084084084 -0.1379143479312848 -0.19024683925346175 -0.8221603845180876 -1.3870246085011184 -0.5112685125563425 -0.1290676918852121 -0.32675801837072727 0.07468354430379748 0.018190086402910415 0.06989748369058714 -0.026634382566585964 -0.08944760062855067 -0.7269632871383419 -0.42196750220430773 -0.27286508337544213 0.07033842070338422 -0.1127310987524425 0.08137205808713069 -0.016218721037998145 0.1043202177117587 -0.05235602094240838 -0.1583815028901734 -2.5280559913116933 -0.6712649341051853 -0.31965174129353235 0.04052817361746632 -0.2592751754762928 -0.005975143403441682 -0.06812146403417621 0.010532475131655937 -0.0888415067519545 -0.09688995215311004 -0.8316059017193027 -0.25842008573178205 -0.275912586985716 -0.07878017789072427 -0.1552447552447552 0.20442059537498403 0.07053844345168117 0.2215935879302216 0.05833029529711994 0.2759288394045746 -0.2872661436330718 0.14445828144458278 -0.0666584372299716 0.2751103036594861 -0.03900808024519363 0.13710582076529976 -0.010144274120829572 0.1416270111035577 -0.1340903599903358 0.10243730130695868 -0.2976049324164098 0.011055152929615533 -0.1971830985915493 0.2505981614406246 -0.2664576802507837
0.07810593116914814 -0.09192601617011852 0.054932735426008975 -0.040940460872616685 0.038154286395612254 -0.20478219696969696 0.049394912324030614 -0.19127023050514957 0.12012399896667528 -0.1029493600445186 -0.006384880602732729 0.030551142612733718 0.003606636210627557 0.022148394241417495 0.005019450370184466 0.03138337936228973 -0.14721485411140584 0.07177646757241733 0.0621857634294787 0.018333098293611617 0.18720348762661876 -0.017037848363149567 0.15300023906287355 -0.06466291462100347 0.08289001608313745 -0.06438033923486444 0.11247849675797275 -0.18055555555555552 0.27196373816824426 -0.307212822796082 -0.03873966942148761 -0.009477550053311218 -0.03483483483483483 -0.06653762400193561 -0.16255267910897048 -0.5008854034910195 -0.9501250164495326 -0.3399871216999356 -0.10435260194974598 -0.1987652461978618 0.08227848101265822 0.030695770804911315 0.08970177073625349 0.0024213075060532676 -0.04351504895443005 -0.6455142231947485 -0.3615064869630935 -0.19959575543203636 0.10617120106171203 -0.05711709003457087 0.10640961442163246 -0.026645041705282667 0.1440072570586234 -0.04886561954624782 -0.052023121387283225 -2.023651502353083 -0.4655745781500184 -0.3072139303482587 0.1202771604131259 -0.2635725540753474 0.00717017208413002 -0.043874841242350776 0.03510825043885313 -0.0379057095475006 -0.0598086124401914 -0.37922204609194 -0.16656460502143294 -0.15504822366011478 -0.03430749682337993 -0.07272727272727271 0.20058770921170307 0.06583588055490242 0.2263083451202263 0.07291286912139992 0.2807696962362338 -0.19191309595654799 0.16064757160647572 -0.02962597210220961 0.29587334544510774 -0.02229033156868207 0.13710582076529979 0.009017132551848508 0.15748923634715611 -0.09422565837158733 0.11538914400094195 -0.2655916528337681 0.03316545878884657 -0.13227189222290264 0.2707467573353482 -0.21029258098223616
0.08054674151818404 -0.06645254180972424 0.06390134529147981 -0.004678909814013338 0.05126982234410397 -0.14796401515151514 0.07038775006174362 -0.13119176066699362 0.15629036424696463 -0.04034501947690592 1.3877787807814458e-18 0.02444091409018697 0.013224332772301034 0.017226528854435826 0.01631321370309951 0.011298016570424303 -0.136604774535809 0.053832350679313 0.06880127017729558 0.004230714990833456 0.18848570329529424 -0.0012169891687963965 0.15658618216590964 -0.04191114836546521 0.09031300259804528 -0.025999752383310627 0.1349741961095673 -0.1351010101010101 0.2786295160645248 -0.28198278420896405 -0.08006198347107438 0.009477550053311218 -0.07087087087087088 -0.038712799419308004 -0.18422636965683323 -0.2643561851758158 -0.6158705092775365 -0.23953638119768192 -0.07826445146230947 -0.14154494804999246 0.10632911392405064 0.038653933606184625 0.12465051258154707 0.010895883777239709 0.02538377855675087 -0.5956722586919525 -0.24058445648066504 -0.16675088428499246 0.1632382216323822 -0.03908011423418008 0.12643965948923386 0.011584800741427249 0.15648032656763805 0.017452006980802792 0.0046242774566473965 -1.2284300711958487 -0.2820544402019952 -0.18034825870646765 0.16603477578768466 -0.1733276034952013 -0.008365200764818354 -0.015009814109225268 0.0023405500292568715 -0.007107320540156352 -0.08492822966507177 -0.263382514327521 -0.1751377832210655 -0.08790135514589181 -0.07115628970775094 -0.029370629370629377 0.21208636770154593 0.08582177286621209 0.23455917020273453 0.09478672985781991 0.28803098148372264 -0.1315630657815329 0.1843088418430884 0.01481298605110481 0.3140410070075266 0.008358874338255783 0.1470771531845943 0.01352569882777277 0.15409018808067076 -0.08697753080454217 0.11892146473566467 -0.2442494664453403 0.039307210416410755 -0.11145131659522352 0.27074675733534825 -0.1972309299895507
