-0.03535291966353773 0.037727474478473154 -0.03583025417086553 0.07754670426506874 -0.04053409632808774 -0.17241379310344826 -0.3357195754134782 -0.15642320482818078 0.05420054200542007 0.05723858718414073 0.01789137380191693 -0.08922023955023221 -0.16580559894268893 -0.1651466600936653 -0.2187853640135798 -0.4551741481202062 -0.6698437913688112 -0.4374037968188815 -0.2259812343068587 -0.14384430968833734 -0.0012807377049180307 -6.938893903907229e-19 -0.06102668421682422 -0.010795250089960417 -0.13125309559187714 -0.17044040806170688 -0.2887034829823864 -0.16025236593059938 -0.1133031191682218 0.07449344457687725 0.06591702210158976 -0.030809337599241614 0.04686936666266074 -0.020611057225994173 0.013310745401742496 -0.14889589905362774 -0.1909402159599684 -0.16653756777691714 -0.22755311857436605 -0.16136329362087165 0.048052604957005564 -0.009104358711733243 0.14313976492493888 -0.03632840881569387 0.17020762916465473 -0.12639766650461837 0.0615655233069481 -0.18310392726354335 0.0449557054079069 -0.11428571428571428 -0.021252656582072756 0.03014492753623188 0.05099150141643059 0.04197271773347323 0.11222954992479464 -0.03626254079535838 -0.002470966147763776 -0.08326084255001863 0.02872062663185378 0.04160091808922679 0.05259383217786277 -0.02193742062117538 0.03861003861003861 -0.0237276070708269 0.2017533325327249 -0.16636085626911312 0.25618918586032763 -0.13573000733675716 0.30511060259344014 -0.12605042016806728 -0.10962396430847673 -0.0105832549388523 -0.19144937749588914 -0.09249117682852623 -0.26439695762404924 -0.19572308807538966 -0.19269020387866734 0.023523585489661998 -0.1834625322997416 0.06556005021620867 -0.08347869424370795 -0.02930568079350767 -0.18665158371040722 -0.03507923067618242 -0.25329877474081053 -1.0535693075187078 -0.30776806598547335 -0.007361059992638941 -0.18502202643171808 -0.010473946059177794
-0.051200780202364994 0.011096316023080345 -0.0425484268279028 0.05052285277875691 -0.059608965188364324 -0.2211652794292509 -0.6973586768699087 -0.3066880157654883 0.012904890953671444 0.016752757224626567 -0.020447284345047924 -0.13444145685651432 -0.2126637029917097 -0.18733053980773975 -0.29925814158179304 -0.5343895385389161 -1.2549642573471007 -0.6965110312981017 -0.36870622439540107 -0.19602312790861656 -0.011526639344262294 -0.012165450121654495 -0.07777910733516813 -0.01439366678661389 -0.1659237246161466 -0.21273948743468524 -0.369487485101311 -0.23343848580441642 -0.17062116768861635 0.0402264600715137 0.06850200336047564 -0.045029031875814675 0.04686936666266074 -0.03273520853540252 0.012100677637947723 -0.1589905362776025 -0.20542533579141428 -0.19752130131680867 -0.22755311857436605 -0.17493590710300103 0.03540718259989885 -0.03072721065209969 0.11753753054812055 -0.05085977234197142 0.12433606953162724 -0.1507049100631988 -0.017590149516270893 -0.2083596413688597 -0.03437789237075235 -0.12932330827067667 -0.026253281660207524 0.0255072463768116 0.03852691218130312 0.022152267692666434 0.08677542519958348 -0.07977758974978848 -0.029651593773165306 -0.10811482540077048 0.022193211488250653 0.014345144168698892 0.06454697585464979 -0.056575453180925994 0.05499005499005498 -0.058132637323525915 0.20295424522637204 -0.2311926605504587 0.2598842221948515 -0.19442406456346298 0.34324942791762014 -0.17787114845938376 -0.11727214786488209 -0.025870178739416744 -0.20436927413671602 -0.11683096020445419 -0.33441989617288426 -0.32378881237163226 -0.27473893585280956 -8.326672684688674e-18 -0.21834625322997417 0.05021620867624495 -0.1270869673560927 -0.07100991884580704 -0.24547511312217196 -0.09556066287649692 -0.40881244109330817 -2.001425347428436 -0.4838113997291641 -0.08342534658324133 -0.2466960352422908 -0.06808064938465566
-0.08411556747531392 0.005548158011540173 -0.08621654909864515 0.04699800258489015 -0.12041010968049592 -0.24019024970273484 -1.1429276721797088 -0.43478260869565216 -0.08130081300813008 -0.0013960631020521973 -0.043450479233226834 -0.1491077976044977 -0.23549201009251472 -0.20335223071234906 -0.321891110272853 -0.5997736703130894 -1.9089224252051893 -1.0351462288353002 -0.4308180256376371 -0.2651248060922296 -0.030737704918032783 -0.031630170316301706 -0.09812133540744288 -0.046779417056495146 -0.1906884596334819 -0.2625031102264245 -0.4251092570520461 -0.32302839116719245 -0.21594241535590508 -0.008939213349225258 0.07108698461936151 -0.037919184737528144 0.06970316067780315 -0.029097963142580015 0.022991287512100674 -0.1476340694006309 -0.19752436133789836 -0.21430415698424993 -0.2001370801919123 -0.17795204343236312 0.03667172483560951 -0.050073972914532826 0.1198650064005586 -0.08113344635504965 0.12675036214389185 -0.18716577540106952 -0.03015454202789295 -0.25887106957949235 -0.026444532592886427 -0.17894736842105266 -0.04125515689461182 0.018550724637681162 0.03286118980169972 0.008161361781508687 0.07173435149832234 -0.09670010878762239 -0.0531257721769212 -0.1379396048216727 0.010443864229765003 -0.015779658585568797 0.07171886206072199 -0.0635030596928761 0.06786006786006785 -0.06762368015185667 0.21136063408190223 -0.2507645259938838 0.28451779775834457 -0.20542920029347028 0.3953724891939995 -0.17927170868347342 -0.14276609305289995 -0.04468485418626529 -0.22785999530185577 -0.1448217110867713 -0.41168658698539173 -0.5122628971849703 -0.3567876678269518 -0.04952333787297265 -0.2583979328165375 -0.0013948946854512438 -0.1719411911288313 -0.09806131650135258 -0.29751131221719457 -0.1475746945687674 -0.5454759660697455 -2.9742249673357883 -0.6266157823464237 -0.1496748865169918 -0.27942101950912523 -0.1230688661953391
-0.0792393026941363 -0.005548158011540162 -0.08397715821296607 0.054047702972623665 -0.11564139246542678 -0.24137931034482757 -1.4996297210565293 -0.5333169109496244 -0.09807717124790294 0.005584252408208865 -0.04600638977635783 -0.13810804204351015 -0.24029796948215792 -0.1824007887601676 -0.32692065887086635 -0.609832767509116 -2.654222928249934 -1.2891226269881992 -0.48367913307783794 -0.24397123113806227 -0.02433401639344262 -0.0510948905109489 -0.08495871724302981 -0.06357202830754469 -0.19068845963348194 -0.2998258273202289 -0.43835253608793534 -0.39621451104100947 -0.22927219408157823 -0.04618593563766388 0.081426909654905 -0.03554923569143263 0.08532628289869006 -0.013336566440349168 0.030251694094869313 -0.1337539432176656 -0.18567289965762443 -0.2130131680867544 -0.1877998629198081 -0.21263761122002708 0.045523520485584223 -0.013656538067599863 0.1361573373676248 -0.03875030273674014 0.12554321583775954 -0.12396694214876032 -0.05151400929765045 -0.19068064149513825 -0.03834457225968531 -0.10526315789473686 -0.03500437554694337 0.016231884057971026 0.036260623229461754 0.02098635886673662 0.06942034015966678 -0.10516136830653935 -0.061774153694094405 -0.15036659624704857 0.016971279373368134 -0.03012480275426769 0.08606263447286637 -0.050802447754300886 0.062010062010062005 -0.05101435520227785 0.1909451182899003 -0.23363914373088684 0.2709693311984235 -0.16629982880899977 0.39664378337147216 -0.13445378151260504 -0.13511790949649458 -0.030573847601128884 -0.22785999530185577 -0.12169891687963977 -0.4756730653144996 -0.695904313156941 -0.41645947289905527 -4.163336342344337e-18 -0.27260981912144705 0.0432417352489887 -0.2018440069773237 -0.10482416591523895 -0.3416289592760181 -0.15483246643280513 -0.6927426955702167 -3.885259532010928 -0.7780376708112767 -0.1778922831554411 -0.33857772183763374 -0.1544907043728725
-0.06582957454589784 -0.02219263204616067 -0.0750195946702497 0.05169780284337917 -0.08226037195994276 -0.2544589774078478 -1.77240187607998 -0.6466313585416923 -0.0503290747193186 -0.004188189306156623 -0.047284345047923323 -0.14666340747983378 -0.23669349993992556 -0.17377372442691644 -0.3030303030303031 -0.609832767509116 -3.4246756685199897 -1.5931246793227296 -0.47310691158979773 -0.2185869411930616 -0.034579918032786885 -0.05231143552311436 -0.09572813210482231 -0.06836991723641597 -0.19811788013868253 -0.3271958198556855 -0.4595417825453582 -0.45552050473186123 -0.24926686217008798 -0.07747318235995232 0.07884192839601913 -0.027254414030098352 0.08893161879581782 0.012124151309408342 0.03751210067763794 -0.0870662460567823 -0.17118777982617855 -0.1729925122643945 -0.16723783413296778 -0.1704117026089579 0.03540718259989884 -0.00910435871173324 0.13382986151518678 -0.04117219665778639 0.12795750845002413 -0.10816723383568302 -0.05151400929765045 -0.17047607021088523 -0.023800079333597783 -0.07819548872180451 -0.027503437929741213 0.023188405797101456 0.055524079320113315 0.012824997085227935 0.08330440819160013 -0.11966638462468271 -0.05436125525080306 -0.16527898595749968 0.04699738903394256 -0.05881509109166548 0.07889074826679418 -0.057730054266250996 0.038610038610038595 -0.06762368015185669 0.16572595172330973 -0.2458715596330275 0.2574208646385023 -0.15774027879677183 0.4068141367912535 -0.1330532212885154 -0.13766730401529637 -0.05409219190968956 -0.2290345313601127 -0.15577461360593892 -0.5275866232041532 -1.0462728041560951 -0.45002486325211344 -0.0309520861706079 -0.2428940568475452 0.0432417352489887 -0.2317468228258161 -0.1352569882777277 -0.3755656108597285 -0.21047538405709448 -0.8152686145146089 -4.780852832878014 -0.8728302351348024 -0.22451232977548768 -0.34864694776589056 -0.1963864886095837
-0.07314397171766426 -0.03661784287616511 -0.07949837644160788 0.027023851486311846 -0.09179780639008107 -0.286563614744352 -1.9094050851641569 -0.7303855154575687 -0.06839592205445863 -0.032109451347200876 -0.030670926517571882 -0.1478856025421657 -0.20905923344947736 -0.17747103771259548 -0.25524959134917646 -0.6274361876021628 -4.30368016944665 -2.0613134940995383 -0.421567331835602 -0.25384289945000693 -0.010245901639344263 -0.04744525547445256 -0.062223285868134505 -0.06117308384310903 -0.15354135710747893 -0.3421249066932073 -0.41451463382333464 -0.5173501577287066 -0.17861903492402026 -0.08939213349225267 0.08013441902546206 -0.03199431212228937 0.10094940511957698 -0.001212415130940838 0.04477250726040658 -0.10094637223974763 -0.13826705293652883 -0.18977536793183578 -0.13708019191226867 -0.17946011159704417 0.024026302478502785 -0.005690224194833273 0.13266612358896773 -0.047226931460402036 0.13640753259295027 -0.11789013125911522 -0.02261590652091972 -0.1767899987372143 0.01586671955573184 -0.09022556390977444 -0.026253281660207524 0.045217391304347834 0.07138810198300284 0.023318176518596252 0.09371745921555016 -0.11120512510576575 -0.014825796886582653 -0.1466384988194358 0.11488250652741516 -0.03299383158800747 0.09562514941429598 -0.05888465535157602 0.05967005967005967 -0.08304662474789418 0.16932868980425125 -0.2581039755351682 0.2992979430964405 -0.14795793592565418 0.47292143401983217 -0.11624649859943977 -0.1631612492033142 -0.041157102539981186 -0.25017618040873857 -0.15090665693075334 -0.6579741639502596 -1.551286698079014 -0.5183988065638986 -0.0037142503404729577 -0.2661498708010336 0.06137536615985493 -0.20931971093944682 -0.12285843101893598 -0.34615384615384615 -0.19233095439700013 -0.830584354382658 -5.435324860434731 -0.8297427058968362 -0.1717580664949086 -0.25298930144745124 -0.14663524482848914
-0.10118249420943556 -0.015534842432312467 -0.11420893516963385 0.05404770297262369 -0.13471626132570336 -0.2330558858501784 -2.045174031103431 -0.7488606971301884 -0.14840624596722157 -0.015356694122574338 -0.07156549520766774 -0.16866291860180885 -0.27634266490448156 -0.17377372442691644 -0.3156041745253364 -0.6085753803596127 -5.326979083929044 -2.4461262185736277 -0.5061451037399235 -0.2340995628261176 -0.0038422131147541018 -0.029197080291970795 -0.05025726935503172 -0.046779417056495146 -0.14858841010401186 -0.3334162727046529 -0.4794067010991922 -0.5564668769716088 -0.21327645961077044 -0.0700238379022646 0.06591702210158976 0.008294821661334282 0.07931738973681049 0.049709020368574205 0.006050338818973855 -0.02523659305993691 -0.1764550961285225 -0.09553317841466562 -0.1973954763536669 -0.07841954456341427 0.00885179564997471 0.006828269033799929 0.09542650994995924 -0.04238314361830951 0.10140028971511347 -0.09844433641225087 -0.0402060560371906 -0.1502714989266321 -0.006611133148221607 -0.061654135338345864 -0.025003125390673835 0.07768115942028986 0.07818696883852691 0.06412498542613967 0.08908943653823904 -0.061646319352109256 -0.016061279960464542 -0.07456194855225551 0.1266318537859008 0.04303543250609668 0.07650011953143677 -0.03348343147442558 0.03744003744003743 -0.04389607308102978 0.09607301549177374 -0.20795107033639146 0.21431210740238943 -0.07092198581560286 0.39410119501652685 -0.037815126050420166 -0.20140216698534097 -0.05174035747883349 -0.3018557669720461 -0.16794450529390287 -0.839067970542074 -2.1952398211912527 -0.6315266036797613 -0.01609508480871611 -0.334625322997416 0.05300599804714744 -0.2317468228258161 -0.11158701532912534 -0.3891402714932126 -0.17539615338091205 -0.9177662582469368 -6.007839410856396 -0.9060691862612336 -0.1472211998527788 -0.29955947136563876 -0.12175962293794189
-0.10118249420943559 0.01775410563692854 -0.11084984884111522 0.09399600516978031 -0.14306151645207438 -0.17717003567181927 -2.1056529252036533 -0.7205320852321716 -0.16647309330236157 0.02233700963283542 -0.09584664536741214 -0.1808848692251283 -0.2967679923104649 -0.18363322652206066 -0.34703885326291967 -0.6173770904061361 -6.30262112787927 -2.8168291431503336 -0.5550416281221092 -0.23833027781695107 -0.011526639344262294 -0.014598540145985403 -0.049060667703721444 -0.032385750269881254 -0.14487369985141157 -0.34585717840258773 -0.5310554893391604 -0.61198738170347 -0.23593708344441477 -0.06108462455303933 0.07496445650769032 0.05095390449105345 0.08172094700156232 0.11517943743937924 -0.010890609874152957 0.056782334384858045 -0.17250460890176456 0.002581977794990964 -0.20973269362577113 0.01960488614085356 0.006322711178553364 0.014794582906566517 0.09659024787617829 -0.03875030273674013 0.08932882665379045 -0.1008750607681089 -0.04146249528835281 -0.14522035610556888 -0.0066111331482216155 -0.061654135338345864 -0.023752969121140145 0.1136231884057971 0.07818696883852692 0.11076133846333214 0.0740483628369779 -0.004835005439381118 -0.033358042994810974 0.014912389710451095 0.11879895561357703 0.13054081193515996 0.09682046378197466 -0.009236808682600161 0.05733005733005734 -0.015422944596037486 0.07325567431247751 -0.19327217125382262 0.2118487498460401 -0.020787478601124974 0.4068141367912535 0.002801120448179273 -0.2332695984703633 -0.05174035747883349 -0.3182992717876439 -0.18985031033223804 -0.9923940601231438 -2.957593330916999 -0.7197911486822477 -0.042094837192026745 -0.37984496124031003 0.02231831496721997 -0.22925492150510843 -0.09580703336339046 -0.3891402714932126 -0.16329986694084914 -0.9448633364750234 -6.499584273666706 -0.9183799089006524 -0.1349527665317139 -0.6167400881057269 -0.11914113642314741
-0.10362062660002438 0.004438526409232135 -0.11868771694099207 0.05992245329573494 -0.14544587505960896 -0.17954815695600476 -2.1241668723771907 -0.7427023032393152 -0.1845399406375016 -0.011168504816417697 -0.09201277955271565 -0.2322170618430702 -0.29676799231046497 -0.23416317475967463 -0.33949453036589966 -0.6613856406387526 -7.226634895419646 -3.1888147768086195 -0.5537201004361042 -0.31730362431250886 -0.0012807377049180349 -0.009732360097323601 -0.04068445614454948 -0.02278997241213866 -0.13125309559187717 -0.3483453595421747 -0.5694609985432393 -0.6788643533123028 -0.22660623833644356 -0.05214541120381404 0.0633320408427039 0.05569380258324447 0.05648359572166808 0.12487875848690591 -0.05203291384317521 0.0807570977917981 -0.19225704503555438 0.03356571133488252 -0.27964359150102813 0.04976624943447443 -0.0278199291856348 0.002276089677933313 0.048876992901198645 -0.061758294986679584 0.016900048285852252 -0.14098201263976665 -0.12187460736273399 -0.19699457002146734 -0.11106703689012296 -0.12481203007518796 -0.017502187773471685 0.1055072463768116 0.0736543909348442 0.09210679724845516 0.057850283466388985 -0.02901003263628672 -0.04571287373362985 -0.012426991425375917 0.10313315926892952 0.10471955243150195 0.07769543389911546 -0.013855213023900243 0.023400023400023392 -0.028473128484992293 0.0024018253872943513 -0.20183486238532114 0.15149648971548219 -0.00978234287111764 0.3229087210780575 0.014005602240896359 -0.2562141491395794 -0.06467544684854186 -0.35118628141883956 -0.2178410612145552 -1.1590003621876133 -3.8117675486287306 -0.7956240676280458 -0.06561842268168874 -0.42764857881136953 -0.01813363091086623 -0.21554946424121607 -0.11384129846708746 -0.38348416289592757 -0.18265392524494978 -0.9566446748350611 -6.8951181850576075 -0.9159177643727687 -0.17298490982701512 -0.6142227816236627 -0.15579994763026972
-0.09874436181884676 -0.013315579227696406 -0.10861045795543614 0.029373751615556342 -0.14067715784453982 -0.20689655172413796 -2.088373241175019 -0.7624091636901096 -0.19744483159117307 -0.07538740751081949 -0.09584664536741214 -0.259105353214373 -0.30517842124234057 -0.26004436775942813 -0.33446498176788636 -0.6764742864327926 -8.076515753243315 -3.441508465879938 -0.5563631558081141 -0.346918629248343 0.003842213114754098 -0.054744525547445244 -0.029915041282756977 -0.052776778217584266 -0.13992075284794453 -0.4292112465787509 -0.6621639517944644 -0.8201892744479494 -0.2745934417488669 -0.1191895113230036 0.06591702210158976 0.028439388553146105 0.057685374354043986 0.10063045586808923 -0.06534365924491772 0.01640378548895899 -0.1804055833552805 -0.014200877872450297 -0.30294722412611375 -0.01357261348212938 -0.054375316135558925 0.002276089677933312 0.022111020598161297 -0.04964882538144829 -0.030178657653307572 -0.14219737481769568 -0.17590149516270887 -0.1692132845056194 -0.18775618140949357 -0.1007518796992481 -0.017502187773471685 0.0672463768115942 0.07252124645892352 0.040806808907543436 0.042809209765127844 -0.12933639550344495 -0.06300963676797629 -0.08574624083509381 0.07963446475195822 0.037297374838617114 0.03585943103036098 -0.036947234730400645 -0.015210015210015203 -0.05220073555581919 -0.08646571394259638 -0.27645259938837924 0.054193866239684696 -0.05380288579114698 0.22629036359013477 -0.03221288515406163 -0.27915869980879543 -0.0834901222953904 -0.39346957951609113 -0.24218084459048317 -1.3147410358565739 -4.758970641536789 -0.8627548483341622 -0.0854277578308778 -0.4651162790697675 -0.05300599804714745 -0.20558185895838524 -0.12398557258791702 -0.36312217194570134 -0.1802346679569372 -0.9130537229029217 -7.133863879320584 -0.8691370183429769 -0.17911912648754758 -0.6217747010698552 -0.1610369206598586
-0.09752529562355237 -0.01442521083000443 -0.11084984884111523 0.028198801550934082 -0.13471626132570338 -0.20095124851367424 -1.951370032090842 -0.708215297450425 -0.20905923344947733 -0.09493229093955048 -0.08945686900958466 -0.2701051087753606 -0.30277544154751895 -0.2637416810451072 -0.33446498176788636 -0.6689299635357726 -8.770187979878212 -3.556952283222165 -0.5616492665521343 -0.37935411084473275 -0.002561475409836065 -0.0462287104622871 -0.03709465119061865 -0.02278997241213866 -0.1597325408618128 -0.4155262503110227 -0.7588398887564562 -0.8479495268138801 -0.2985870434550786 -0.0893921334922527 0.059454568954375085 0.017774617845716316 0.05287825982454032 0.10063045586808923 -0.079864472410455 0.002523659305993685 -0.16328680537266266 -0.0025819777949909585 -0.32350925291295407 -0.022621022470215652 -0.04678806272129489 0.010242403550699896 0.034912137786570464 -0.03511746185517075 -0.028971511347175273 -0.16771998055420517 -0.1595677848976002 -0.16668771309508776 -0.1890784080391379 -0.11729323308270675 -0.03750468808601075 0.03826086956521738 0.05099150141643059 0.023318176518596245 0.008099039685294459 -0.18977396349570896 -0.11737089201877933 -0.11432832111345843 0.03394255874673628 -0.0028690288337397756 0.047812574707147976 -0.04849324558365085 -0.012870012870012871 -0.04745521414165381 -0.10087666626636245 -0.31681957186544346 0.06404729646508192 -0.03546099290780141 0.24154589371980678 -0.016806722689075647 -0.2982791586998088 -0.1011288805268109 -0.409913084331689 -0.2580017037848363 -1.4596160811300254 -5.70134106560348 -0.9236698160119344 -0.1238083446824316 -0.5142118863049095 -0.11298646952155114 -0.18813854971343133 -0.1160955816050496 -0.34728506787330315 -0.1572517237208177 -0.8565032987747407 -6.463950587955813 -0.8100455496737657 -0.15826278984173722 -0.6104468219005663 -0.16889238020424197
-0.09386809703766916 0.0 -0.1007725898555593 0.039948302197156615 -0.11921793037672868 -0.18073721759809752 -1.6600839298938534 -0.6072176376401035 -0.19744483159117304 -0.07817953371492392 -0.0766773162939297 -0.259105353214373 -0.29196203292082185 -0.26127680552132115 -0.3042876901798063 -0.6538413177417326 -9.123643102991794 -3.5813237557721913 -0.487643716135853 -0.3680722042025102 -1.3877787807814458e-18 -0.024330900243309007 -0.040684456144549484 0.0035984166966534724 -0.15354135710747893 -0.40059716347350094 -0.8700834326579262 -0.8593059936908517 -0.26526259664089574 -0.038736591179976146 0.0710869846193615 0.020144566891811825 0.072106717942555 0.1091173617846751 -0.06292352371732819 0.0037854889589905337 -0.12904924940742696 0.015491866769945784 -0.30568882796435914 -0.0075403408234052186 -0.04678806272129489 0.051212017753499484 0.03142092400791342 -0.0024218939210462614 -0.02776436504104297 -0.160427807486631 -0.1369518783766805 -0.14774592751610052 -0.1639561020758958 -0.09924812030075188 -0.040005000625078134 0.024347826086956514 0.043059490084985844 0.020986358866736617 -0.004628022677311111 -0.21274023933276925 -0.1334321719792439 -0.12675531253883432 0.02219321148825065 -0.015779658585568783 0.05617977528089887 -0.03579263364507562 -0.0023400023400023382 -0.043896073081029774 -0.11288579320283414 -0.3608562691131499 0.05788890257420866 -0.015896307165566153 0.2517162471395881 0.014005602240896359 -0.30847673677501597 -0.0834901222953904 -0.4439746300211416 -0.2555677254472435 -1.58517445370035 -6.669083001087351 -0.954748881153655 -0.09657050885229665 -0.5297157622739018 -0.09903752266703865 -0.14951407924246196 -0.08904418394950406 -0.2997737556561086 -0.10765694931655982 -0.7292648444863337 -5.714455398503384 -0.6536993721531454 -0.10796221322537111 -0.5349276274386406 -0.12437810945273631
-0.039010118249420946 0.006657789613848203 -0.029112081513828235 0.05169780284337916 -0.02145922746781115 -0.16052318668252083 -1.2071093557146384 -0.4939031900480355 -0.05291005291005289 -0.051654334775931884 -0.04600638977635783 -0.2554387680273772 -0.25832031719331977 -0.255114616711856 -0.27285301144222307 -0.6425248333962027 -9.290442149854382 -3.49153412006157 -0.4189242764635919 -0.34832886757862075 0.039702868852459015 -0.004866180048661807 -0.007179609907861674 0.033585222502099076 -0.11020307082714216 -0.4055735257526748 -0.9839756323665739 -0.8908517350157729 -0.18661690215942414 -0.0044696066746126115 0.09952177846710611 0.014219694276573052 0.08412450426631415 0.1163918525703201 -0.027831558567279768 -0.007570977917981073 -0.052673163023439565 0.016782855667441258 -0.24537354352296092 -0.0045242044940431245 -0.03540718259989884 0.07169682485489928 0.03956708949144652 0.029062727052555092 -0.018107194591984545 -0.13733592610597956 -0.1030280185953009 -0.10481121353706276 -0.1375115694830094 -0.06917293233082707 -0.015001875234404296 0.025507246376811586 0.05212464589235129 0.027981811822315496 0.006942034015966681 -0.22120149885168622 -0.1124289597232518 -0.10811482540077048 0.050913838120104436 -5.551115123125783e-18 0.08725794884054508 -0.03810183581572566 0.024570024570024572 -0.05101435520227785 -0.10808214242824546 -0.4281345565749236 0.09730262347579752 -0.02078747860112497 0.3152809560132214 0.009803921568627447 -0.3033779477374124 -0.07878645343367827 -0.44514916607939864 -0.2519167579408543 -1.6914161535675478 -7.593330916998914 -0.9634510193933368 -0.07428500680945897 -0.5219638242894056 -0.07950899707072119 -0.07101918764016946 -0.06424706943192064 -0.2183257918552036 -0.05927180355630821 -0.5513666352497644 -4.921011996674189 -0.43949279822725595 -0.061342166605324475 -0.40528634361233473 -0.07855459544383347
-0.034133853468243325 0.018863737239236573 -0.017915127085432768 0.07637175420044648 0.001192179303767292 -0.12485136741973839 -0.8553443594174277 -0.3608818820051731 0.0038714672861014155 -0.002792126204104428 -0.06517571884984026 -0.24932779271571742 -0.2691337258200169 -0.23539561252156763 -0.2753677857412297 -0.6148623161071294 -9.34736563410114 -3.3440225756798356 -0.3819215012554513 -0.31166267099139755 0.02305327868852459 0.006082725060827247 -0.02752183798013641 0.05397625044980209 -0.12877662209014365 -0.426723065439164 -1.2382465898556483 -0.9413249211356467 -0.20127965875766463 0.022348033373063177 0.07625694713713324 0.010664770707429789 0.06249248888354766 0.10548011639185258 -0.048402710551790906 -0.039116719242902206 -0.06847511193047143 -0.014200877872450297 -0.27690198766278273 0.013572613482129403 -0.056904400606980265 0.06486855582109934 0.01629233096706622 0.03269556793412448 -0.033800096571704484 -0.15435099659698587 -0.10554089709762533 -0.11743907058972092 -0.13751156948300935 -0.07368421052631578 -0.04250531316414552 0.0208695652173913 0.02946175637393768 0.03147953830010493 -0.019669096378572257 -0.22966275837060315 -0.12972572275759825 -0.10811482540077048 0.024804177545691905 -2.0816681711721684e-18 0.07530480516375807 -0.03579263364507563 0.03042003042003042 -0.058132637323525915 -0.14290861054401344 -0.5137614678899083 0.07390072669047913 -0.024455857177794083 0.3165522501906941 0.016806722689075633 -0.3301465901848311 -0.07408278457196614 -0.4686398872445384 -0.23974686625289027 -1.800072437522637 -8.45596230518304 -0.9833416210840378 -0.05818992200074287 -0.5180878552971576 -0.0571906821035012 -0.07974084226264641 -0.05522993688007214 -0.21153846153846154 -0.032659973388169825 -0.46300659754948165 -4.141822069129351 -0.3570109565431491 -0.03557845663108821 -0.4015103838892385 -0.044514270751505616
-0.04998171400707058 0.03772747447847315 -0.02127421341395141 0.09282105510515805 -0.022651406771578435 -0.08323424494649226 -0.5912120464082943 -0.22047050129326276 -0.029681249193444316 0.057238587184140724 -0.07284345047923321 -0.27499388902468835 -0.27754415475189237 -0.27113630761646534 -0.29925814158179304 -0.6739595121337859 -9.31691818903892 -3.19138019497178 -0.3951367781155016 -0.3497391059088986 0.032018442622950824 0.009732360097323598 -0.015555821467033626 0.06836991723641597 -0.12382367508667658 -0.4453844239860662 -1.4964905310554892 -0.9779179810725551 -0.17861903492402026 0.07896305125148988 0.09305932531989143 -0.0023699490460955103 0.07330849657493091 0.06910766246362755 -0.04477250726040659 -0.10347003154574133 -0.036871214116407695 -0.07100438936225148 -0.2563399588759424 -0.030161363293620867 -0.03287809812847749 0.05690224194833275 0.03374839986035145 0.0290627270525551 -0.014485755673587637 -0.17501215362177927 -0.06282196255811032 -0.12249021341078419 -0.10710035700118999 -0.07969924812030074 -0.026253281660207527 -0.003478260869565214 0.03852691218130311 0.0023318176518596244 -0.021983107717227817 -0.2840565695636407 -0.10378057820607858 -0.15658009195973654 0.0391644908616188 -0.037297374838617135 0.07530480516375807 -0.03348343147442558 0.04212004212004212 -0.05694625696998458 -0.18974420559625316 -0.6201834862385321 0.035718684567064916 -0.004891171435558816 0.30256801423849483 0.060224089635854336 -0.3467176545570427 -0.04938852304797743 -0.4768616396523373 -0.19836923451381283 -1.9026922612579984 -9.18327896580887 -1.0355544505221281 0.0024761668936486235 -0.5697674418604651 -0.03347747245082997 -0.05108397707450786 -0.03381424706943191 -0.18325791855203621 -0.010886657796056612 -0.36050895381715364 -3.39589024824801 -0.265911609011449 -0.03189792663476874 -0.3801132787916929 -0.03404032469232783
-0.04876264781177618 0.04216600088770528 -0.020154517971111847 0.11162025613911408 -0.005960896518836425 -0.053507728894173615 -0.4591458899037274 -0.1564232048281808 -2.2204460492503132e-17 0.07119921820466285 -0.0996805111821086 -0.28110486433634807 -0.3171933197164484 -0.26497411880700017 -0.3533257890104363 -0.662643027788256 -9.03891977760127 -2.771934325295023 -0.44271177481168217 -0.31166267099139755 -0.008965163934426229 -0.026763990267639908 -0.07538590403254757 0.023989444644356483 -0.2092620108964834 -0.5561084846976859 -1.9573566415044366 -1.0826498422712934 -0.28792322047454016 0.04320619785458879 0.102106759725992 -0.0035549235691432644 0.07571205383968273 0.06304558680892339 -0.03509196515004841 -0.12492113564668768 -0.010534632604687916 -0.09036922282468371 -0.2577107607950651 -0.042225908611069216 -0.02149721800708143 0.05462615227039945 0.03258466193413243 0.0290627270525551 -0.025350072428778358 -0.16407389402041808 -0.07287347656740797 -0.11112514206339182 -0.12296707655692182 -0.06466165413533834 -0.030003750468808606 -0.02782608695652174 0.018130311614730877 -0.024484085344526056 -0.05206525511975009 -0.3179016076393085 -0.12849023968371634 -0.19386106623586433 5.551115123125783e-18 -0.07746377851097404 0.04781257470714799 -0.02655582496247546 0.009360009360009358 -0.05457349626290189 -0.27500900684520235 -0.8844036697247706 -0.044340436014287464 -0.0293470286133529 0.25934401220442405 0.05042016806722689 -0.35054174633524543 -0.05409219190968957 -0.4956542165844491 -0.19106729950103446 -1.9159724737413977 -9.602512987797514 -1.0952262555942318 0.002476166893648618 -0.6085271317829457 -0.012554052169061244 -0.06478943433840019 -0.040577096483318295 -0.2081447963800905 -0.01814442966009435 -0.32987747408105567 -2.7853664330680603 -0.2609873199556815 -0.05275426328057907 -0.42290748898678404 -0.039277297721916724
-0.04022918444471535 0.039946737683089206 -0.005598477214197738 0.1163200563976031 0.03338102050548404 -0.04875148632580262 -0.33448531226857564 -0.12070452026111589 0.06065298748225578 0.07399134440876727 -0.06389776357827477 -0.25177218284038133 -0.2751411750570708 -0.25018486566428394 -0.2980007544322897 -0.632465736200176 -8.518665607625099 -2.344792201128784 -0.362098585965376 -0.27922718939500774 -0.005122950819672129 -0.04744525547445256 -0.07418930238123729 0.009595777857742594 -0.21916790490341756 -0.6568798208509579 -2.3109521917626803 -1.1419558359621453 -0.2612636630231938 0.03724672228843862 0.11503166602042134 -0.016589643322668563 0.09373873332532148 0.0666828322017459 -0.0024201355275895453 -0.14763406940063092 0.05135633394785357 -0.10973405628711592 -0.18368745716244 -0.04373397677575026 -0.012645422357106717 0.045521793558666215 0.03956708949144653 0.03148462097360136 -0.013278609367455336 -0.1640738940204181 -0.051514009297650466 -0.13132971334764487 -0.09916699722332406 -0.07819548872180453 -0.025003125390673835 -0.02318840579710145 0.020396600566572238 -0.01049317943336831 -0.057850283466388985 -0.29130907772271236 -0.11366444279713368 -0.17397787995526287 0.006527415143603138 -0.05738057667479559 0.04183600286875449 -0.02655582496247546 0.009360009360009362 -0.05220073555581919 -0.3062327368800289 -1.2097859327217126 -0.04557211479246213 -0.04035216434336024 0.29494024917365874 0.05182072829131653 -0.34289356277884003 -0.03410159924741299 -0.4991778247592201 -0.17646342947547766 -1.8821682965109257 -9.812734082397004 -1.120089507707608 -0.0012380834468243146 -0.6201550387596899 0.005579578741804975 -0.0373785198106155 -0.032687105500450855 -0.18099547511312214 0.004838514576025155 -0.24740810556079174 -2.2377954626440193 -0.17481226147974888 -0.02821739663844927 -0.38137193203272496 -0.0274941084053417
-0.01950505912471047 0.025521526853084776 0.03247116784234688 0.10809540594524732 0.09537434430138295 -0.046373365041617126 -0.17526536657615405 -0.08991255080674962 0.15485869144405728 0.08515984922518498 -0.038338658146964855 -0.21999511121975068 -0.2390964796347471 -0.2144441705693862 -0.25650697849867976 -0.5771407016220295 -7.936192745565263 -1.9368907131862492 -0.2933791462931149 -0.2228176561838951 -0.02433401639344262 -0.05961070559610706 -0.0909417254995812 0.0 -0.27365032194155525 -0.7576511570042298 -2.8194941067408292 -1.1899053627760252 -0.3145827779258864 0.032777115613825986 0.12924906294429364 -0.016589643322668563 0.11296719144333614 0.06304558680892339 0.024201355275895457 -0.1690851735015773 0.0948116934421912 -0.1252259230570617 -0.12474297464016451 -0.04373397677575026 -0.012645422357106726 0.04552179355866621 0.034912137786570464 0.02785178009203197 -0.018107194591984548 -0.1531356344190569 -0.0603090840557859 -0.13764364187397396 -0.10445590374190136 -0.06466165413533834 -0.053756719589948744 -0.02434782608695652 -0.011331444759206805 -0.016322723563017373 -0.10760152724748351 -0.2913090777227124 -0.15319990116135407 -0.19386106623586433 -0.030026109660574406 -0.06455314875914502 0.03705474539803969 -0.02886502713312551 0.011700011700011698 -0.04864159449519515 -0.33385372883391384 -1.5755351681957186 -0.054193866239684696 -0.037906578625580827 0.3330790744978388 0.07422969187675069 -0.318674314850223 -0.029397930385700856 -0.4827343199436223 -0.1679445052939029 -1.8024870216105273 -9.834481092183157 -1.092739930382894 -0.01238083446824317 -0.5762273901808787 0.02510810433812245 -0.0174433092449539 -0.029305680793507666 -0.15610859728506785 0.021773315592113218 -0.18850141376060317 -1.7899988122104766 -0.1304936599778407 -0.01594896331738437 -0.04908747640025173 -0.010473946059177789
-0.0036571985858832117 0.02996005326231691 0.05486507669913783 0.12101985665609212 0.1144492131616595 -0.02497027348394768 -0.10861515675141939 -0.05665722379603401 0.19615434249580593 0.11028898506212478 -0.03194888178913738 -0.16132974822781715 -0.23188754055028235 -0.16391422233177227 -0.2514774299006664 -0.4979253112033195 -7.333862854117024 -1.5354027706516162 -0.2761992863750496 -0.13961359469750384 -0.02433401639344262 -0.08029197080291972 -0.08854852219696063 -0.029986805805445604 -0.2909856364536899 -0.8957452102513062 -3.3465766123692227 -1.2302839116719242 -0.32524660090642493 5.551115123125783e-18 0.1486364223859377 -0.03673421021448039 0.13700276409085446 0.03394762366634335 0.04235237173281704 -0.2258675078864353 0.09612852251777719 -0.19235734572682675 -0.09595613433858807 -0.10556477152767305 -0.005058168942842694 0.06145442130419939 0.044222041196322594 0.03996124969726326 -0.01931434089811685 -0.11545940690325715 -0.06407840180927252 -0.08713221366334131 -0.09520031733439112 -0.018045112781954885 -0.045005625703212905 -0.017391304347826087 0.013597733711048155 -0.02098635886673662 -0.09834548189286127 -0.26834280188565207 -0.14331603657029895 -0.17646327824033803 -0.00783289817232376 -0.04303543250609669 0.03705474539803969 -0.048493245583650854 0.01521001521001521 -0.08541938545497688 -0.38789480004803656 -2.069724770642202 -0.12439955659563987 -0.11983370017119102 0.32290872107805735 0.0028011204481792674 -0.2766093052899936 -0.015286923800564445 -0.4439746300211416 -0.1582085919435317 -1.687794277435712 -9.653256010631871 -1.0815514669318749 -0.023523585489662 -0.5439276485788114 0.046031524619891184 -0.009967605282830805 -0.013525698827772773 -0.13800904977375564 0.02903108745615096 -0.13901979264844486 -1.459793324622877 -0.10341007017111906 -0.014722119985277874 -0.05412208936438011 -0.020947892118355585
0.010971595757649642 0.035508211273857074 0.06718172657037284 0.12571965691458112 0.14663805436337624 -0.010701545778834715 -0.016045420883732408 -0.035718684567064896 0.26713124274099886 0.1214574898785425 -0.028115015974440893 -0.15399657785382542 -0.21987264207617446 -0.14049790485580482 -0.24519049415314975 -0.4539167609707029 -6.649457241196717 -1.224987172909184 -0.240518038852914 -0.11281906642222536 -0.039702868852459015 -0.07177615571776155 -0.11607036017709704 -0.015593139018831715 -0.31575037147102525 -0.9654142821597411 -3.8736591179976165 -1.192429022082019 -0.3145827779258864 0.03873659117997615 0.15122140364482356 -0.04739898092191018 0.14301165725273404 0.026673132880698343 0.06292352371732816 -0.244794952681388 0.1290492494074269 -0.22850503485670023 -0.0507196710075394 -0.1281857939978887 0.00379362670713202 0.06714464549903267 0.04305830327010357 0.03996124969726326 -0.028971511347175277 -0.09601361205639279 -0.05653976630229929 -0.0770299280212148 -0.08330027766759221 -0.012030075187969924 -0.05000625078134767 -0.0034782608695652162 -0.004532577903682727 0.0011659088259298122 -0.12264260094874464 -0.2054877311736975 -0.14702248579194463 -0.13172610910898472 -0.005221932114882507 -0.0028690288337397786 0.06574229022232848 -0.0461840434130008 0.03276003276003276 -0.08779214616205955 -0.3975021015972139 -2.4905198776758413 -0.12193619903929057 -0.14551235020787479 0.3724891939994915 -0.014005602240896364 -0.260038240917782 0.008231420507996235 -0.4275311252055438 -0.11074601436047218 -1.5863817457442955 -9.237646490274255 -1.0939830929885628 0.009904667574594525 -0.5400516795865633 0.10322220672339237 0.004983802641415396 0.001127141568981066 -0.1346153846153846 0.06411031813233338 -0.08011310084825636 -1.1770994179831333 -0.029545734334605438 0.015948963317384372 -0.0075519194461925706 -0.0013092432573972225
0.0280385224917713 0.03328894806924101 0.06494233568469376 0.12924450710844787 0.15498330948974726 0.0059453032104637375 0.02221673660824488 0.011085109003571875 0.2981029810298103 0.16752757224626555 -0.0038338658146964853 -0.141774627230506 -0.18502943650126155 -0.12447621395119549 -0.20872626681755313 -0.40236388784106625 -5.901509134233519 -0.9671626475115443 -0.178406237610678 -0.07897334649555775 -0.024334016393442622 -0.10097323600973236 -0.1064975469666148 -0.040782055895406025 -0.31327389796929167 -1.0960437919880568 -4.395444312011654 -1.2012618296529969 -0.27592641962143427 0.03128724672228843 0.16931627245702466 -0.045029031875814675 0.1478187717822377 0.014548981571290013 0.07139399806389156 -0.2649842271293375 0.1303660784830129 -0.24657887942163698 -0.02878684030157642 -0.12969386216256976 0.025290844714213452 0.06942073517696597 0.0605143721633888 0.05328166626301768 -0.009657170449058422 -0.041322314049586764 -0.022615906520919733 -0.032832428336911225 -0.03702234563004099 0.03759398496240601 -0.031253906738342295 0.017391304347826087 0.0067988668555240715 0.02098635886673662 -0.12611361795672799 -0.1450501631814336 -0.12601927353595255 -0.0733192494097179 0.02219321148825066 0.061684119925405255 0.06813291895768589 -0.05888465535157603 0.03042003042003042 -0.10677423181872106 -0.45394499819863104 -2.9920489296636084 -0.2032269983988176 -0.18464172169234533 0.3508771929824561 -0.032212885154061635 -0.22689611217335875 0.022342427093132642 -0.4040404040404041 -0.07788730680296947 -1.45840878908608 -8.756795940558176 -1.0778219791148682 0.05323758821344558 -0.5103359173126616 0.1729669409959548 0.028656865188138547 0.009017132551848512 -0.10520361990950225 0.07741623321640256 -0.032987747408105554 -0.9941798313338877 0.03570109565431491 0.030671083302662255 0.030207677784770303 0.017020162346163922
0.034133853468243325 0.044385264092321346 0.05486507669913783 0.13981905769004815 0.14425369575584168 0.014268727705112963 0.025919526042952362 0.032023648232540954 0.2787456445993032 0.16613150914421332 0.015335463258785941 -0.14299682229283792 -0.16220112940045656 -0.14296278037959084 -0.16723249088394315 -0.39481956494404635 -5.119142176330421 -0.7606464853771165 -0.121580547112462 -0.09589620645889156 -0.020491803278688523 -0.12773722627737227 -0.09213832715089146 -0.07196833393306945 -0.31451213472015843 -1.2552873849216222 -4.935770096675936 -1.2176656151419558 -0.2585977072780592 -0.00893921334922527 0.14088147860928008 -0.026069439507050596 0.0949405119576974 0.026673132880698353 0.01573088092933203 -0.2662460567823344 0.08032657361074534 -0.23625096824167308 -0.07813570938999315 -0.09953249886894887 0.03034901365705615 0.05690224194833275 0.07331548935179798 0.036328408815693866 0.008450024142926124 -0.03767622751579971 0.017590149516270887 -0.04167192827377194 -0.006611133148221602 0.024060150375939848 -0.013751718964870607 0.035942028985507246 0.024929178470254953 0.04430453538533287 -0.11107254425546684 -0.08944760062855074 -0.08648381517173213 -0.03728097427612773 0.06657963446475197 0.0961124659302826 0.04781257470714798 -0.03810183581572567 -0.007020007020007021 -0.07830110333372878 -0.5296024978984027 -3.4948012232415904 -0.2894445128710432 -0.17730496453900713 0.3127383676582761 -0.014005602240896368 -0.2217973231357553 0.008231420507996235 -0.3770260747004933 -0.09614214433491543 -1.3292285403839188 -8.209496194273289 -1.0641471904525113 -0.02847591927695926 -0.5077519379844961 0.11438136420700236 0.0423623224520309 0.00563570784490532 -0.09502262443438914 0.07136808999637112 0.0117813383600377 -0.8955933008670863 0.09725470885140958 0.015948963317384376 0.06922592825676527 -0.005236973029588893
0.012190661952944045 0.018863737239236573 0.02687269062814914 0.10457055575138056 0.0977587029089175 -0.034482758620689655 -0.02838805233275734 -0.012316787781746514 0.21680216802168023 0.12006142677649027 0.023003194888178913 -0.15399657785382548 -0.15138772077375945 -0.13926546709391174 -0.1445995221928832 -0.35584056330944297 -4.371194069367222 -0.5566957414058492 -0.08061318884630633 -0.08884501480750248 -0.055071721311475405 -0.17761557177615575 -0.11607036017709704 -0.1235456399184359 -0.3665180782565626 -1.4605623289375467 -5.497285127797643 -1.2542586750788642 -0.2879232204745401 -0.08194278903456495 0.10986170350264961 -0.026069439507050596 0.06369426751592358 0.024248302618816685 -0.04961277831558568 -0.2826498422712934 -0.02106926520937582 -0.24270591272915049 -0.16038382453735434 -0.08897602171618159 0.03793626707132018 0.035279390007966316 0.075642965204236 0.01210946960523129 0.0024142926122646064 -0.03403014098201263 0.026385224274406326 -0.05303699962116428 0.017188946185376173 0.02706766917293233 -0.022502812851606456 0.03942028985507247 0.007932011331444755 0.04080680890754343 -0.15503875968992248 -0.07977758974978848 -0.10995799357548801 -0.04100907170374052 0.05613577023498696 0.08893989384593315 -0.0011953143676787016 -0.042720240157025746 -0.06669006669006669 -0.09372404792976628 -0.6556983307313557 -4.129663608562692 -0.49759822638255946 -0.21887992174125706 0.15382659547419272 -0.037815126050420166 -0.19502868068833656 -0.012935089369708372 -0.35118628141883956 -0.1058780576852866 -1.1698659905831221 -7.537755225323184 -1.0144206862257583 -0.09285625851182369 -0.4651162790697675 0.08229878644162365 0.019935210565661603 -0.018034265103697024 -0.10859728506787329 0.037498487964194985 -0.007068803016022621 -0.8421427723007483 0.08001969715622306 -0.03680529996319469 0.03398363750786658 -0.06284367635506677
-0.0024381323905888095 0.031069684864624948 0.016795431642593218 0.10927035600986956 0.07391511683357177 -0.02497027348394768 -0.05183905208590471 5.551115123125783e-18 0.18712091882823592 0.10470473265391596 0.060063897763578275 -0.14910779760449763 -0.12014898474107893 -0.14666009366526989 -0.10687790770778324 -0.3130894002263297 -3.640455387873973 -0.3950743971267316 -0.01982291529007532 -0.10153715978000281 -0.06787909836065573 -0.19464720194647206 -0.12803637669019982 -0.1439366678661389 -0.3875681030212976 -1.6334909181388404 -5.9780161568004235 -1.2176656151419556 -0.2865902426019728 -0.10727056019070322 0.12795657231485072 -0.027254414030098352 0.07691383247205866 0.014548981571290009 -0.048402710551790906 -0.29905362776025235 -0.051356333947853584 -0.25045184611412336 -0.17820424948594926 -0.09500829437490574 0.05816894284269095 0.0432457038807329 0.09193529617130222 0.006054734802615645 0.004828585224529212 -0.014584346135148269 0.0590526448046237 -0.04040914256850612 0.03966679888932963 0.025563909774436087 -0.011251406425803226 0.041739130434782605 0.023796033994334272 0.030313629474175117 -0.1596667823672336 -0.07010757887102624 -0.0914257474672597 -0.039766372561202926 0.0926892950391645 0.10041600918089226 -0.0023906287353573966 -0.036947234730400645 -0.07605007605007605 -0.08067386404081148 -0.684520235378888 -4.76697247706422 -0.5998275649710556 -0.2359990217657129 0.11950165268243071 -0.04761904761904762 -0.17590822179732318 -0.016462841015992474 -0.33591731266149866 -0.12048192771084339 -1.0394784498370153 -6.743989368128548 -1.0082048731974143 -0.13618917915067474 -0.48320413436692505 0.048821313990793674 0.052329927734861705 -0.01916140667267809 -0.0757918552036199 0.04112737389621386 0.051837888784165884 -0.7649364532604823 0.14403545488120154 -0.03435161329898172 0.07551919446192575 -0.06808064938465566
-0.0012190661952944048 0.04438526409232135 0.0067181726570372914 0.11514510633298085 0.061993323795898905 -0.03210463733650416 -0.09256973586768699 -0.013548466559921169 0.152277713253323 0.07538740751081949 0.08306709265175719 -0.12588609142019067 -0.09732067764027397 -0.12940596499876753 -0.08047277756821324 -0.24141833270463975 -2.9745830023828437 -0.25012827090815803 -0.017179859918065293 -0.10012692144972501 -0.0742827868852459 -0.20437956204379565 -0.14239559650592315 -0.1643276958138419 -0.40861812778603257 -1.816372231898482 -6.411071381274003 -1.1671924290220816 -0.30658491069048255 -0.134088200238379 0.10339925035543493 -0.013034719753525298 0.05287825982454031 0.030310378273520854 -0.0883349467570184 -0.29148264984227124 -0.1435343692388728 -0.23495997934417767 -0.24948594928032897 -0.0754034082340522 0.05058168942842691 0.048935928075566175 0.08611660654020714 -0.014531363526277546 -0.01931434089811685 -0.02066115702479339 0.0402060560371906 -0.06566485667382245 0.017188946185376166 0.0 -0.027503437929741213 0.05681159420289854 0.009065155807365435 0.03964090008161362 -0.19090593543908363 -0.02901003263628672 -0.12478379046207069 0.0024853982850751807 0.07963446475195822 0.1477549849375986 -0.010757829309108301 -0.026555824962475466 -0.0936000936000936 -0.07948748368727013 -0.7109403146391258 -5.459327217125383 -0.7032885823377264 -0.293470286133529 0.07882023900330534 -0.10504201680672269 -0.16953473550031867 -0.009407337723424265 -0.3347427766032417 -0.13508579773640017 -0.9199565374864178 -5.87290080947203 -1.0082048731974143 -0.19190293425776897 -0.5051679586563308 0.018133630910866227 0.04734612509344631 -0.00563570784490532 -0.07579185520361992 0.07499697592838998 0.06715362865221489 -0.6639743437462882 0.16127046657638802 0.02208317997791683 0.06670862177470108 -0.024875621890547258
4.8572257327350596e-18 0.04549489569462938 0.013436345314074574 0.12571965691458115 0.07510729613733905 -0.016646848989298448 -0.0728215255492471 0.006158393890873265 0.1755065169699316 0.08934803853134161 0.09073482428115016 -0.0965534099242239 -0.0792983299291121 -0.12447621395119546 -0.046523324531623264 -0.2112410411165598 -2.380195922689966 -0.21549512570549 0.030395136778115495 -0.1424340713580595 -0.06787909836065573 -0.1897810218978102 -0.12683977503888955 -0.1547319179560993 -0.3937592867756315 -2.0092062702164717 -6.576612369222619 -1.0611987381703467 -0.26526259664089574 -0.12663885578069128 0.08918185343156262 -0.027254414030098352 0.03364980170652565 0.02546071774975752 -0.11858664085188772 -0.3255520504731861 -0.24097972083223596 -0.2517428350116189 -0.2481151473612063 -0.08143568089277636 0.0417298937784522 0.04096961420279959 0.06982427557314093 -0.03148462097360135 -0.04104297440849831 -0.04132231404958678 0.026385224274406326 -0.1022856421265311 0.013222266296443208 -0.03308270676691729 -0.03125390673834229 0.0626086956521739 0.0067988668555240715 0.03964090008161362 -0.20826102047900036 -0.08823884926870543 -0.1507289350135903 -0.0012426991425375955 0.09530026109660575 0.15062401377133838 -0.013148458044465702 -0.05311164992495093 -0.1017901017901018 -0.09609680863684897 -0.7145430527200672 -6.033027522935781 -0.7784209878063801 -0.34727317192467594 0.03941011950165267 -0.13445378151260506 -0.15423836838750798 -0.01175917215428034 -0.305379375146817 -0.13021784106121453 -0.7968127490039841 -5.040473601546454 -0.9075087021382396 -0.23523585489662008 -0.4444444444444445 -0.018133630910866238 0.05232992773486171 0.009017132551848512 -0.058823529411764705 0.08830289101245917 0.10014137606032045 -0.6259650789880034 0.1982026344946448 0.019629493313703852 0.10069225928256767 -0.03534956794972506
0.0036571985858832147 0.05104305370616955 0.01007725898555593 0.14216895781929267 0.06556986170720076 0.011890606420927468 -0.08269563070846704 0.03202364823254096 0.16389211511162732 0.10889292196007258 0.07028753993610223 -0.07944267905157662 -0.08530577916616605 -0.12324377618930242 -0.05155287312963659 -0.1961523953225198 -1.9234842467566853 -0.2167778347870703 0.02775208140610545 -0.18615145959667184 -0.0704405737704918 -0.18856447688564476 -0.12564317338757924 -0.16792611251049538 -0.40614165428429905 -2.2132371236626027 -6.689180241027678 -0.9905362776025235 -0.2559317515329245 -0.14898688915375446 0.10081426909654907 -0.030809337599241614 0.03845691623602933 0.012124151309408348 -0.12221684414327205 -0.36088328075709775 -0.30418751646036346 -0.26981667957655564 -0.24400274160383822 -0.10104056703362993 0.03414264036418817 0.04210765904176625 0.058186896310950774 -0.04964882538144829 -0.06397875422501206 -0.06319883325230918 0.00753863550697324 -0.12122742770551835 -0.002644453259288642 -0.0556390977443609 -0.03125390673834229 0.06028985507246376 0.007932011331444756 0.015156814737087559 -0.22214508851093367 -0.19702647165478063 -0.16431924882629106 -0.029824779420902205 0.12924281984334202 0.1248027542676804 -0.014343772412144401 -0.05773005426625101 -0.12402012402012401 -0.10084233005101435 -0.7241503542692447 -6.496636085626912 -0.8806503263948763 -0.3864025434091464 -0.01017035341978133 -0.14985994397759103 -0.13766730401529637 -0.009407337723424272 -0.26896875734085035 -0.11926493854204696 -0.6797054207412773 -4.268454754137973 -0.8092988562904028 -0.24142627213074164 -0.39276485788113696 -0.03347747245082997 0.0647894343384002 0.015779981965734897 -0.03619909502262443 0.083464376436434 0.13666352497643733 -0.5950825513718969 0.24867659731626243 0.004907373328425965 0.1485210824417873 -0.04844200052369728
0.007314397171766428 0.062139369729249896 -0.004478781771358191 0.15861825872400426 0.04887935145445874 0.040428061831153383 -0.11478647247593185 0.05788890257420866 0.13550135501355015 0.131229931592908 0.0817891373801917 -0.07210950867758495 -0.06367896191277184 -0.11461671185605127 -0.020118194392053302 -0.1420847478938765 -1.5157532433148 -0.1706003078501796 0.043610413638165715 -0.18474122126639403 -0.05507172131147542 -0.19708029197080293 -0.1136771568744765 -0.190716084922634 -0.38632986627043087 -2.3787011694451357 -6.645477420209244 -0.9148264984227129 -0.21327645961077044 -0.16388557806912993 0.09435181594933437 -0.046214006398862424 0.033649801706525664 -0.004849660523763338 -0.1415779283639884 -0.39621451104100947 -0.4016328680537266 -0.28789052414149247 -0.25359835503769707 -0.10858090785703514 0.04678806272129489 0.03983156936383293 0.07680670313045503 -0.05085977234197142 -0.05432158377595364 -0.06562955760816723 0.03392385978137957 -0.11743907058972092 0.03437789237075234 -0.06766917293233082 -0.0037504688086010722 0.06028985507246376 0.0396600566572238 0.004663635303719249 -0.2175170658336226 -0.2864740722833313 -0.1952063256733383 -0.03603827513359017 0.13446475195822455 0.11476115334959117 -0.017929715515180498 -0.05888465535157602 -0.13923013923013924 -0.09609680863684897 -0.7265521796565391 -6.884403669724771 -0.9890380588742458 -0.4120811934458303 -0.0775489448258327 -0.1484593837535014 -0.11217335882727852 -0.002351834430856067 -0.24077989194268268 -0.09735913350371184 -0.5831220572256428 -3.5665096049293217 -0.7483838886126304 -0.22656927076884986 -0.3863049095607235 -0.027897893709024978 0.05731373037627709 0.016907123534715962 -0.022624434389140274 0.09193177694447804 0.15197926484448634 -0.5499465494714337 0.2634494644835651 0.013495276653171398 0.15733165512901195 -0.044514270751505616
-0.024381323905888087 0.06768752774079007 -0.03694994961370507 0.16449300904711553 0.009537434430138287 0.053507728894173615 -0.18020241915576402 0.06651065402143122 0.07226738934056008 0.13402205779701243 0.058785942492012765 -0.08066487411390859 -0.05647002282830711 -0.12077890066551637 -0.022632968691059973 -0.10687790770778323 -1.21260259465184 -0.15007696254489483 0.02907360909211047 -0.18756169792694966 -0.07940573770491802 -0.20072992700729925 -0.14239559650592318 -0.19311502938706968 -0.42471520554730063 -2.5155511321224187 -6.523639253079063 -0.8416403785488958 -0.23993601706211676 -0.16984505363528007 0.049114643918831594 -0.03673421021448039 -0.016824900853262825 0.004849660523763339 -0.22265246853823814 -0.41514195583596214 -0.5846721095601791 -0.27756261296152857 -0.3399588759424263 -0.07841954456341425 0.041729893778452196 0.030727210652099702 0.08844408239264517 -0.061758294986679584 -0.06760019314340897 -0.07292173067574137 0.042718934539515016 -0.13638085616870818 0.04495570540790691 -0.08120300751879699 -0.022502812851606453 0.06144927536231883 0.0022662889518413583 0.005829544129649061 -0.2834663889853061 -0.4363592409041461 -0.264393377810724 -0.05343606312911645 0.10443864229765012 0.10185052359776217 -0.03944537413339708 -0.04502944232767579 -0.16965016965016969 -0.0759283426266461 -0.7313558304311277 -7.142507645259938 -1.0740238945682967 -0.3937393005624847 -0.13475718281210272 -0.10504201680672269 -0.1453154875717017 0.005879586077140169 -0.25369978858350956 -0.07910429597176585 -0.5493178799951708 -2.962425999758366 -0.7235206364992541 -0.20304568527918782 -0.4147286821705426 -0.011159157483609992 0.047346125093446295 0.01127141568981064 -0.022624434389140267 0.08951251965646548 0.1413760603204524 -0.5250029694738092 0.26098731995568136 0.017175806649490866 0.14474512271869103 -0.030112594920136137
-0.0280385224917713 0.06990679094540612 -0.047027208599261 0.17271765949947132 -0.009537434430138294 0.0665873959571938 -0.21105899777832637 0.08868087202857496 0.04129565105174861 0.14658662571548237 0.06773162939297124 -0.053776582742605716 -0.050462573591253154 -0.10105989647522798 -0.01508864579403998 -0.046523324531623264 -0.9835848557055863 -0.1051821446895844 0.026430553720100437 -0.16217740798194896 -0.07684426229508197 -0.19221411192214113 -0.1316261816441307 -0.18951661269041623 -0.4296681525507676 -2.6399601891017666 -6.260098000264865 -0.7545741324921136 -0.2252732604638763 -0.1594159713945173 0.049114643918831594 -0.02962436307619386 -0.03124624444177383 0.007274490785645009 -0.26742497579864477 -0.44416403785488956 -0.7505925730840135 -0.2633617350890783 -0.39067854694996573 -0.060322726587241735 0.048052604957005564 0.03755547968589963 0.08146165483533108 -0.0581254541051102 -0.08570738773539352 -0.07292173067574137 0.043975373790677216 -0.14016921328450563 0.04760015866719555 -0.08120300751879699 -0.018752344043005374 0.059130434782608696 0.01813031161473088 0.01049317943336831 -0.2985074626865672 -0.6515169829566059 -0.2965159377316531 -0.06462035541195478 0.12271540469973889 0.0961124659302826 -0.05378914654554149 -0.03232883038910057 -0.18603018603018603 -0.05338711590936055 -0.7205476161883031 -7.348012232415902 -1.1159009730262348 -0.3876253362680362 -0.1754385964912281 -0.08963585434173668 -0.11854684512428297 0.010583254938852305 -0.2172891707775429 -0.07788730680296947 -0.45635639261137273 -2.476742781200918 -0.6041770263550472 -0.20552185217283642 -0.35271317829457366 -0.027897893709024967 0.0323947171692001 0.012398557258791704 -0.023755656108597284 0.08104511914842144 0.12252591894439209 -0.4941204418577027 0.2400590914686692 0.013495276653171401 0.12586532410320958 -0.032731081434930594
-0.0280385224917713 0.07323568575233022 -0.03247116784234688 0.1856421102103161 -0.014306151645207443 0.089179548156956 -0.20982473463342388 0.11208276881389337 0.036133694670280034 0.15077481502163897 0.03194888178913738 -0.0684429234905891 -0.09491769794545235 -0.10968696080847914 -0.056582421727649934 -0.03520684018609329 -0.8750330950489807 -0.1064648537711647 -0.027752081406105467 -0.17486955295444934 -0.09221311475409835 -0.1849148418491484 -0.1411989948546129 -0.20271080724481227 -0.4507181773155026 -2.7606369743717343 -5.907826777910211 -0.6813880126182965 -0.2412689949346841 -0.17580452920143025 0.05686958769548921 -0.03791918473752814 -0.02403557264751833 0.009699321047526679 -0.27710551790900295 -0.5009463722397476 -0.8888596260205425 -0.24657887942163698 -0.37697052775873885 -0.0482581812697934 0.022761760242792112 0.015932627745533178 0.04422204119632258 -0.10050859772341972 -0.14123611781747947 -0.13733592610597958 -0.015077271013946477 -0.20330849854779642 -0.011900039666798886 -0.1533834586466165 -0.04250531316414552 0.041739130434782605 -0.00793201133144476 -0.016322723563017373 -0.36792780284623394 -0.9863411096337484 -0.385470719051149 -0.10811482540077048 0.07441253263707573 0.05738057667479559 -0.0513985178101841 -0.024246622791825424 -0.1825201825201825 -0.04033693202040574 -0.6701092830551219 -7.396941896024465 -1.1035841852444883 -0.38395695769136706 -0.19450800915331806 -0.08963585434173668 -0.1312938177182919 -0.008231420507996235 -0.22198731501057084 -0.09735913350371184 -0.41168658698539173 -2.0164310740606495 -0.5233714569865738 -0.23523585489661997 -0.3449612403100775 -0.06695494490165993 0.0012459506603538506 0.009017132551848514 -0.053167420814479636 0.06652957542034596 0.09071630537229029 -0.473928019954864 0.2055890680782962 -0.004907373328425962 0.08181246066708622 -0.05106048703849173
-0.02560039010118248 0.06435863293386597 -0.02687269062814914 0.1691928093056045 0.005960896518836434 0.09155766944114149 -0.15675141940261664 0.09483926591944822 0.08388179119886437 0.12983386849085582 0.024281150159744403 -0.03666585186995844 -0.09251471825063078 -0.08257333004683262 -0.06412674462466994 0.050295485980133295 -0.791633571617686 -0.030785017957927152 -0.037002775208140624 -0.11281906642222535 -0.09093237704918031 -0.17883211678832117 -0.1423955965059232 -0.22070289072807964 -0.4556711243189698 -2.8464792236874845 -5.484041848761754 -0.6145110410094636 -0.223940282591309 -0.17729439809296782 0.08142690965490501 -0.054508828060196704 0.016824900853262832 -0.004849660523763335 -0.2492739593417232 -0.6082018927444794 -0.9942059520674217 -0.2685256906790602 -0.3276216586703221 -0.07540340823405217 0.0366717248356095 0.017070672584499832 0.06516932386826486 -0.11988374909178978 -0.15572187349106711 -0.13490520175012155 -0.026385224274406337 -0.19573178431620153 -0.009255586407510247 -0.14436090225563908 -0.06875859482435305 0.02434782608695652 -0.03286118980169971 -0.05013407951498192 -0.4396621543445562 -1.4275353559772754 -0.48801581418334566 -0.15285199453212378 0.030026109660574417 0.028690288337397795 -0.04303131723643318 -0.03001962821845052 -0.16146016146016146 -0.046268833788112466 -0.6040590849045275 -7.250152905198777 -1.065402143121074 -0.3864025434091464 -0.1970505975082634 -0.08543417366946778 -0.10962396430847676 0.01999059266227658 -0.19967112990368802 -0.07910429597176585 -0.34890740070022935 -1.552494865289356 -0.4313774241670811 -0.1696174322149313 -0.3074935400516795 -0.025108104338122477 -0.009967605282830794 0.01352569882777277 -0.053167420814479636 0.06048143220031451 0.08600377002827522 -0.42522864948331157 0.20189585128647053 0.008587903324745438 0.06922592825676527 -0.03142183817753337
-0.02560039010118249 0.10763426542387929 -0.027992386070988688 0.2279403125367172 0.013113972341440155 0.18430439952437572 -0.15304862996790913 0.18475181672619784 0.0761388566266615 0.2024291497975709 0.006389776357827476 0.013444145685651429 -0.10092514718250631 -0.024648755237860486 -0.07544322897019992 0.15214384508990317 -0.7585385226370135 0.05772190867111339 -0.06343332892824105 -0.04935834155972359 -0.07556352459016394 -0.13381995133819952 -0.1304295799928204 -0.19551397385150532 -0.43462109955423484 -2.836526499129137 -4.974175605880016 -0.47823343848580435 -0.19194881364969343 -0.10727056019070322 0.08013441902546206 -0.04858395544495793 0.02643912991227016 -0.010911736178467506 -0.24564375605033884 -0.7318611987381705 -1.1443244666842243 -0.2543248128066099 -0.2851267991775188 -0.069371135575328 0.0278199291856348 0.03300330033003301 0.06400558594204585 -0.09929765076289658 -0.18590053114437471 -0.13976665046183762 -0.06282196255811032 -0.1843667129688092 -0.03966679888932963 -0.14436090225563908 -0.08626078259782473 0.034782608695652174 -0.04645892351274787 -0.03964090008161362 -0.4870993867869952 -1.9255409162335309 -0.5683222139856683 -0.14166770224928546 0.005221932114882505 0.05020800459044613 -0.023906287353573988 -0.019628218450525335 -0.13104013104013104 -0.03321864989915767 -0.5115888074936953 -6.85993883792049 -0.9717945559798004 -0.350941550501345 -0.14619883040935674 -0.05462184873949577 -0.10707456978967496 0.056444026340545614 -0.19849659384543103 -0.04502859924546672 -0.328383435953157 -1.1912528693971247 -0.39781203381402286 -0.08914200817135076 -0.3281653746770026 0.015343841539963734 -0.006229753301769253 0.054102795311091065 -0.05656108597285068 0.11491472118059756 0.07540056550424128 -0.29813517044779664 0.1858919118552259 0.09078640657588026 0.04782882315921964 0.04451427075150563
-0.014628794343532852 0.098757212605415 -0.020154517971111858 0.22911526260133944 0.03338102050548403 0.19738406658739593 -0.12342631449024935 0.19706860450794433 0.09291521486643436 0.22895434873656292 -0.006389776357827476 0.023221706184307016 -0.11294004565661422 -0.014789253142716296 -0.0943040362127499 0.1999245567710298 -0.7360338893301562 0.08209338122113904 -0.10968679793841682 -0.025384289945000714 -0.0627561475409836 -0.12165450121654504 -0.11487375852578677 -0.17392347367158448 -0.412332838038633 -2.7917392386165716 -4.3861740166865335 -0.3848580441640379 -0.1559584110903759 -0.0595947556615018 0.07367196587824738 -0.06161867519848323 0.015623122220886914 -0.015761396702230847 -0.2686350435624395 -0.9173501577287066 -1.3365815117197786 -0.23366899044668216 -0.25359835503769707 -0.03619363595234504 0.0139099645928174 0.01707067258449983 0.045385779122541596 -0.1210946960523129 -0.21728633510381457 -0.18351968886728245 -0.10554089709762533 -0.2159363556004546 -0.058177971704350115 -0.15939849624060148 -0.09501187648456057 0.010434782608695651 -0.05892351274787535 -0.06179316777428005 -0.5403216475760731 -2.586727910068899 -0.6535705460835186 -0.17149248167018766 -0.030026109660574413 0.04303543250609669 -0.01792971551518049 -0.03810183581572567 -0.12636012636012636 -0.04864159449519516 -0.4419358712621593 -6.292354740061162 -0.8732602537258283 -0.3497187576424553 -0.11823035850495807 -0.04761904761904761 -0.10707456978967496 0.07055503292568202 -0.1914493774958891 -0.013386880856760375 -0.3054448871181939 -0.9435785912770328 -0.3257086026852312 -0.030952086170607917 -0.30232558139534876 0.05021620867624495 -0.0037378519810615574 0.05748422001803427 -0.059954751131221715 0.11491472118059758 0.07422243166823753 -0.25181137902363704 0.19697156223070295 0.09201324990798675 0.05412208936438012 0.04975124378109453
-0.013409728148238449 0.09431868619618286 -0.020154517971111858 0.22911526260133946 0.04768717215069146 0.2033293697978597 -0.08639842014317453 0.2106170710678655 0.12130597496451154 0.235934664246824 -0.024281150159744407 0.028110486433634806 -0.1273579238255437 0.0012324377618930168 -0.10310574625927323 0.23387400980761974 -0.6976436325125761 0.09620318111852233 -0.11365138099643186 -0.015512621633055982 -0.057633196721311473 -0.10827250608272505 -0.1124805552231662 -0.1643276958138419 -0.40242694403169893 -2.672306543916397 -3.7690372136140917 -0.33438485804416407 -0.14262863236470275 -0.052145411203814086 0.06720951273103269 -0.07228344590591303 0.003605335897127751 -0.021823472356935013 -0.297676669893514 -1.160883280757098 -1.540690018435607 -0.2233410792667183 -0.24674434544208362 -0.02714522696425878 0.015174506828528073 0.002276089677933312 0.03723961363900849 -0.1332041656575442 -0.2378078223080637 -0.2078269324258629 -0.1319261213720317 -0.22603864124258108 -0.052889065185772834 -0.15639097744360897 -0.1050131266408301 -0.00463768115942029 -0.08158640226628895 -0.05946135012242042 -0.5981719310424621 -3.273298682461018 -0.7610575735112428 -0.20007456194855228 -0.08746736292428199 0.02582125950365801 -0.007171886206072196 -0.03232883038910056 -0.12402012402012401 -0.04508245343457112 -0.38068932388615356 -5.560856269113151 -0.7796526665845548 -0.31670335045243336 -0.10170353419781338 -0.0196078431372549 -0.10070108349267048 0.07173095014111007 -0.1808785529715762 0.013386880856760371 -0.2668115417119401 -0.7671861785671138 -0.2386872202884137 0.025999752383310638 -0.25839793281653745 0.07811410238526992 0.003737851981061551 0.05410279531109108 -0.06221719457013575 0.11854360711261644 0.08129123468426015 -0.2351823256918874 0.20312692355041242 0.08097165991902835 0.06670862177470109 0.03927729772191673
-0.01097159575764964 0.09653794940079892 -0.024633299742470048 0.22206556221360593 0.03695755841678589 0.1914387633769322 -0.08392989385336955 0.2056903559551669 0.09549619305716867 0.22895434873656292 -0.007667731629392971 0.01222195062331948 -0.12255196443590051 0.011091939857037218 -0.10813529485728657 0.2766251728907331 -0.6936722266348954 0.14238070805541306 -0.14668957314655742 0.033845719926667614 -0.04098360655737705 -0.0827250608272506 -0.09453153045351204 -0.13194194554396066 -0.37518573551263007 -2.3762129883055487 -3.1836842802277845 -0.277602523659306 -0.1279658757664623 -0.026817640047675822 0.07884192839601913 -0.07109847138286526 0.02043023675039058 -0.021823472356935016 -0.29888673765730883 -1.4851735015772871 -1.6117987885172504 -0.20655822359927706 -0.21932830705962986 -0.01809681797617253 0.013909964592817403 -0.0227608967793331 0.03956708949144652 -0.16589973359166868 -0.26798647996137126 -0.3257170636849781 -0.20228671943711524 -0.27402449804268214 -0.07272246463043766 -0.19248120300751878 -0.10751343917989746 0.01391304347826087 -0.08385269121813031 -0.023318176518596245 -0.583130857341201 -3.7797655022361902 -0.8314801087225103 -0.2199577482291537 -0.1174934725848564 0.014345144168698898 0.019125029882859194 -0.009236808682600165 -0.09477009477009476 -0.01779570530312018 -0.29062087186261565 -4.735168195718655 -0.6490947160980417 -0.2677916360968452 -0.04830917874396136 -0.0014005602240896356 -0.0841300191204589 0.08936970837253058 -0.17030772844726333 0.040160642570281124 -0.24387299287697695 -0.6222061133260844 -0.19890601690701143 0.11018942676736412 -0.2545219638242894 0.1408843632305761 0.01868925990530775 0.06424706943192064 -0.05316742081447965 0.1560420950768114 0.08836003770028275 -0.18054400760185296 0.20805121260617998 0.1484480431848853 0.06922592825676525 0.09819324430479183
-0.01097159575764964 0.09764758100310697 -0.025752995185309595 0.21266596169662785 0.04649499284692418 0.18311533888228299 -0.06047889410022217 0.19953196206429363 0.10452961672473868 0.22337009632835403 0.011501597444089457 0.026888291371302858 -0.12014898474107893 0.055459699285186105 -0.09053187476423989 0.35206840186093297 -0.6486629600211808 0.2257567983581324 -0.14008193471653232 0.11987025807361444 -0.03457991803278689 -0.06082725060827251 -0.08256551394040923 -0.09235936188077247 -0.34422981674096087 -2.017914904205026 -2.652628790888624 -0.18675078864353317 -0.11863503065849106 0.03724672228843861 0.04523717203050279 -0.06517359876762649 -0.007210671794255506 -0.013336566440349173 -0.3424491771539206 -1.779179810725552 -1.7066104819594414 -0.17170152336689906 -0.27141877998629205 0.010556477152767307 0.012645422357106728 -0.029589165813133034 0.038403351565227506 -0.16832162751271493 -0.28005794302269427 -0.5116674769081186 -0.3015454202789295 -0.2765500694532138 -0.08065582440830359 -0.17593984962406012 -0.10626328291036377 0.0336231884057971 -0.07252124645892351 0.016322723563017373 -0.5530487099386787 -3.9538256980539104 -0.880899431677786 -0.17149248167018766 -0.14360313315926893 0.07172572084349449 0.034664116662682286 -0.0011546010853250217 -0.052650052650052646 -0.005931901767706724 -0.1969496817581362 -3.957186544342508 -0.5049882990516074 -0.23599902176571286 -0.003813882532417995 -0.0014005602240896365 -0.06755895474824729 0.09877704609595485 -0.16560958421423536 0.0547645125958379 -0.21489798382228664 -0.5110547299746286 -0.15788165091994033 0.16466509842763402 -0.227390180878553 0.18273120379411356 0.013705457263892346 0.07551848512173129 -0.06334841628959276 0.18991169710898753 0.08129123468426014 -0.1460981114146573 0.18219869506340022 0.19752177646914487 0.04405286343612335 0.14270751505629745
-0.02316225771059368 0.06768752774079005 -0.03918934049938417 0.17506755962871576 0.04053409632808775 0.1450653983353151 -0.049370525796099726 0.17366670772262596 0.0967866821525358 0.21220159151193635 0.005111821086261981 -0.014666340747983378 -0.13937282229965156 0.004929751047572106 -0.10436313340877654 0.310574625927323 -0.620863118877416 0.20138532580810672 -0.14008193471653232 0.10717811310111407 -0.026895491803278694 -0.06447688564476886 -0.0777791073351681 -0.08156411179081205 -0.31203566121842496 -1.751679522269221 -2.132167924778175 -0.14006309148264987 -0.07198080511863504 0.05512514898688916 0.0426521907716169 -0.08176324209029505 -0.02403557264751833 -0.02303588748787585 -0.36302032913843174 -2.0126182965299684 -1.7052936528838558 -0.17428350116189 -0.27278958190541464 0.009048408988086263 -0.0025290844714213447 -0.046659838397632866 0.02094728267194228 -0.19011867280213127 -0.3138580395943988 -0.7717549829849295 -0.39075260711144616 -0.30306856926379594 -0.11371149014941159 -0.17593984962406015 -0.10126265783222903 0.017391304347826087 -0.07252124645892351 0.02098635886673662 -0.5056114774962398 -4.040855795962771 -0.8438349394613291 -0.1801913756679508 -0.10182767624020887 0.07889829292784392 0.03705474539803968 -0.025401223877150447 -0.04563004563004564 -0.02135484636374422 -0.1369040470757776 -3.2110091743119265 -0.3584185244488238 -0.22377109317681584 0.04195270785659803 -0.005602240896358544 -0.08540471637985977 0.06114769520225777 -0.16913319238900631 0.012169891687963974 -0.21248339973439578 -0.49776489066086754 -0.1317752362008951 0.15228426395939085 -0.2157622739018088 0.16599246756869857 0.02118116122601545 0.05635707844905321 -0.08257918552036199 0.16088060965283654 0.06479736098020734 -0.16391495427010333 0.1674258278960975 0.18893387314439944 0.0289490245437382 0.14401675831369468
0.006095330976472021 0.06657789613848204 -0.0022393908856790956 0.16566795911173776 0.09418216499761564 0.1296076099881094 0.054307578375709695 0.16504495627540341 0.18453994063750162 0.19544883428730978 0.024281150159744407 2.7755575615628915e-18 -0.13576835275741922 0.01602169090460932 -0.08675971331572989 0.32817804602036965 -0.5599682287529786 0.2334530528476142 -0.1162944363684419 0.12128049640389224 -0.03586065573770491 -0.05109489051094891 -0.0789757089864784 -0.08636200071968334 -0.28850916295195644 -1.481711868624036 -1.7097073235333071 -0.10347003154574133 -0.058651026392961866 0.061084624553039334 0.08271940028434793 -0.0805782675672473 0.030044465809397913 -0.026673132880698346 -0.2892061955469506 -2.153943217665615 -1.5314722149065052 -0.13555383423702555 -0.12748457847840983 0.0241290906348967 0.025290844714213456 -0.03072721065209969 0.036075875712789474 -0.17437636231533057 -0.2957508450024143 -0.9491978609625669 -0.4070863173765549 -0.2917034979164036 -0.07801137114901494 -0.1609022556390977 -0.11751468933616702 0.004637681159420292 -0.0895184135977337 0.008161361781508687 -0.4847853754483397 -4.0203070228454 -0.8623671855695578 -0.1851621722381011 -0.14751958224543082 0.06598766317601493 0.05498446091322018 -0.021937420621175388 -0.012870012870012876 -0.01779570530312018 -0.04803650774588687 -2.494189602446483 -0.2007636408424683 -0.2090975788701394 0.10043224002034072 -0.0350140056022409 -0.0509878903760357 0.06702728127939793 -0.12684989429175478 0.009735913350371182 -0.14246046118556074 -0.43977286456445575 -0.03232222774738937 0.17828401634270147 -0.12661498708010335 0.16878225693960106 0.027410914527784696 0.06537421100090171 -0.09162895927601811 0.16088060965283657 0.06833176248821866 -0.14134695331987174 0.15880832204850426 0.2122438964544228 0.022655758338577726 0.15449070437287246
-0.02438132390588809 0.06990679094540611 -0.02239390885679095 0.16919280930560449 0.06795422031473533 0.13912009512485138 0.02345099975314737 0.17120335016627666 0.1316298877274487 0.19265670808320537 0.024281150159744407 0.0061109753116597425 -0.11894749489366815 0.01602169090460932 -0.06412674462466993 0.32943543316987295 -0.4990733386285412 0.24499743458183681 -0.08457777190432139 0.1255112113947257 -0.051229508196721306 -0.019464720194647206 -0.09213832715089146 -0.05397625044980209 -0.2860326894502229 -1.184374222443394 -1.3852469871540196 -0.03533123028391167 -0.07597973873633697 0.10578069129916567 0.08013441902546206 -0.07228344590591301 0.039658694868405245 -0.0072744907856450046 -0.281945788964182 -2.2208201892744475 -1.4379773505399 -0.09940614510715207 -0.08087731322823852 0.0482581812697934 0.032878098128477494 -0.03527939000796631 0.05935063423716978 -0.17679825623637685 -0.28971511347175277 -1.0913952357802625 -0.45357456966955645 -0.29044071221113776 -0.06478910485257174 -0.1593984962406015 -0.1362670333791724 0.020869565217391306 -0.12011331444759206 0.02681590299638568 -0.48247136410968416 -3.8704218542245856 -0.8994316777860144 -0.15533739281719897 -0.21409921671018273 0.09324343709654283 0.05976571838393498 -0.012700611938575223 -0.0035100035100035106 -0.009491042828330762 -0.0012009126936471715 -1.8079510703363912 -0.12193619903929057 -0.1552946930789924 0.09534706331045004 -0.0014005602240896391 -0.05481198215423837 0.07055503292568203 -0.12684989429175475 0.007301935012778389 -0.14849692140528792 -0.395070677781805 -0.028592739930382895 0.18447443357682308 -0.1214470284237726 0.16041288882689358 0.05108397707450785 0.07664562669071236 -0.07126696832579185 0.17539615338091205 0.10367577756833177 -0.12590568951181852 0.1883540563831097 0.2343270764323396 0.0604153555695406 0.17412935323383086
-0.03291478727294892 0.06102973812694186 -0.03583025417086553 0.15039360827164844 0.05364806866952789 0.11177170035671817 0.012342631449024942 0.14041138071191034 0.10323912762937155 0.17730001396063103 0.04217252396166134 0.0354436568076265 -0.10813408626697103 0.03697313285679073 -0.05155287312963661 0.3558405633094429 -0.46862589356632256 0.2783478707029246 -0.0779701334742963 0.15512621633055984 -0.055071721311475405 -0.020681265206812655 -0.09692473375613257 -0.026388389108792133 -0.2674591381872214 -0.9206270216471759 -1.1111111111111114 -0.018927444794952678 -0.08797653958944282 0.11323003575685342 0.03360475636551634 -0.067543547813722 -0.0036053358971277483 -0.015761396702230843 -0.34849951597289447 -2.256151419558359 -1.4063734527258362 -0.09295120061967466 -0.17272104180945852 0.037701704117026086 0.03540718259989884 -0.020484807101399792 0.06633306179448388 -0.16226689271009928 -0.29575084500241433 -1.1825473991249393 -0.46990827993466516 -0.2702361409268847 -0.050244611926484196 -0.12481203007518796 -0.12251531441430177 0.025507246376811593 -0.10764872521246457 0.05013407951498192 -0.41767904662732847 -3.6214190740964574 -0.8500123548307389 -0.16403628681496207 -0.19190600522193213 0.08750537942906327 0.043031317236433185 -0.018473617365200323 -0.01521001521001521 -0.011863803535413449 0.004803650774588694 -1.2428134556574926 -0.08005912058135237 -0.15284910736121304 0.07882023900330536 -0.018207282913165267 -0.03951561504142766 0.0834901222953904 -0.11862814188395585 0.01703784836314957 -0.14366775322950626 -0.3298296484233417 -0.021133764296369963 0.22037885353472825 -0.09948320413436691 0.1869158878504673 0.07475703962123101 0.08453561767357981 -0.04411764705882352 0.1935405830410064 0.15080113100848255 -0.1057132676089797 0.22774836882925026 0.2515028830818305 0.11327879169288861 0.19900497512437812
-0.03291478727294892 0.062139369729249896 -0.04142873138506326 0.15039360827164844 0.035765379113018594 0.10939357907253269 -0.012342631449024925 0.1588865623845301 0.0671054329590915 0.1884685187770487 0.051118210862619806 0.026888291371302858 -0.09251471825063079 0.04560019719004191 -0.03269206588708663 0.33949453036589966 -0.43155943870796937 0.26680348896870193 -0.060790273556231 0.13820335636722608 -0.08452868852459014 -0.05109489051094891 -0.11966016513102788 -0.04318100035984167 -0.2823179791976226 -0.721572530480219 -0.872732088465104 -0.058044164037854895 -0.14396161023727005 0.06704410011918953 0.018094868812201105 -0.05924872615238772 -0.016824900853262832 -0.03394762366634335 -0.3811713455953534 -2.2208201892744475 -1.3089281011324734 -0.07487735605473793 -0.20150788211103493 0.027145226964258785 0.005058168942842695 -0.056902241948332766 0.026765972303037355 -0.19375151368370064 -0.34524384355383875 -1.3052989790957708 -0.5427817565020732 -0.3194847834322515 -0.10974481026047864 -0.1699248120300752 -0.12626578322290286 0.034782608695652174 -0.11104815864022662 0.06179316777428005 -0.3702418141848895 -3.2479149039042676 -0.7944156165060539 -0.14539579967689822 -0.2049608355091384 0.09324343709654283 0.05378914654554149 -0.01039140976792518 -0.010530010530010533 -0.009491042828330767 0.037228293503062324 -0.8000000000000002 0.0012316787781746664 -0.13450721447786745 0.11314518179506741 -0.04061624649859944 -0.04206500956022945 0.04586077140169332 -0.12097721400046982 -0.004867956675185597 -0.14728962936134254 -0.3370786516853933 -0.019890601690701136 0.1720935991085799 -0.09819121447028424 0.14506904728692982 0.09593820084724645 0.09242560865644725 -0.01923076923076923 0.20684649812507558 0.18025447690857682 -0.0985865304668013 0.2622183922196233 0.25641025641025644 0.1510383889238515 0.1885310290652003
-0.02194319151529928 0.04993342210386151 -0.021274213413951398 0.13041945717307013 0.06080114449213161 0.07966706302021402 0.03949642063687978 0.12563123537381451 0.11743450767841013 0.15775513053190002 0.05878594249201278 0.0012221950623319496 -0.09732067764027394 6.938893903907229e-19 -0.03646422733559663 0.2741103985917264 -0.409054805401112 0.2052334530528476 -0.06739791198625611 0.07756310816527992 -0.06531762295081968 -0.04257907542579076 -0.10530094531530454 -0.020391027947703012 -0.2501238236750867 -0.4827071410798706 -0.6317044100119189 -0.04921135646687697 -0.12529992002132764 0.07151370679380217 0.0426521907716169 -0.07583836947505629 0.002403557264751832 -0.06062075654704171 -0.3606001936108422 -2.1690851735015766 -1.098235449038715 -0.12135295636457526 -0.17135023989033582 -0.040717840446388175 0.00505816894284269 -0.06942073517696598 0.023274758524380306 -0.21554855897311698 -0.3524867213906326 -1.3612056392805056 -0.5540897097625329 -0.33716378330597296 -0.11503371677905591 -0.1804511278195489 -0.11251406425803223 0.013913043478260867 -0.08271954674220963 0.03147953830010493 -0.2927224343399283 -2.8006769007615135 -0.7091672844082035 -0.19013296880825153 -0.18146214099216712 0.045904461339836465 0.07291417642840067 -0.005773005426625104 0.02223002223002223 0.004745521414165381 0.09847484087906809 -0.490519877675841 0.11700948392659194 -0.12717045732452922 0.18433765573353678 -0.056022408963585436 -0.04461440407903123 0.021166509877704607 -0.11275546159267087 -0.02677376171352075 -0.14246046118556077 -0.31895614353026464 -0.011188463451019388 0.13618917915067474 -0.08268733850129198 0.1157762588924536 0.08597059556441565 0.0687556357078449 -0.02941176470588235 0.17297689609289946 0.18496701225259188 -0.1532248485568357 0.26344946448356515 0.19874861980125139 0.15733165512901198 0.13877978528410578
-0.04388638303059856 0.046604527296937405 -0.05598477214197737 0.11514510633298083 0.011921793037672868 0.055885850178359106 0.0024685262898049842 0.09360758714127357 0.05936249838688863 0.12006142677649027 0.051118210862619806 -0.0024443901246638936 -0.11053706596179262 -1.3877787807814458e-18 -0.044008550232616614 0.2426757198541431 -0.39714058776806993 0.19240636223704463 -0.0792916611603013 0.05923000987166831 -0.08452868852459017 -0.025547445255474456 -0.11846356347971758 -0.015593139018831715 -0.26622090143635463 -0.294849465041055 -0.5403257846642828 -0.051735015772870666 -0.17995201279658757 0.05810488676996426 0.024557321959415786 -0.07702334399810404 -0.024035572647518325 -0.09820562560620757 -0.3799612778315586 -2.07192429022082 -0.9059784040031603 -0.18590240123934934 -0.1864290610006854 -0.1342180666566129 0.010116337885685382 -0.08990554227836577 0.0302571860816944 -0.2325018164204408 -0.3573153066151618 -1.4098201263976666 -0.5628847845206684 -0.3561055688849602 -0.12428930318656617 -0.1969924812030075 -0.09626203275409426 0.017391304347826084 -0.07478753541076487 0.04197271773347323 -0.2175170658336226 -2.172126193641968 -0.6226834692364713 -0.17149248167018766 -0.1592689295039164 0.050208004590446144 0.08008606263447288 0.004618404341300082 0.026910026910026908 0.03559141060624036 0.11408670589648132 -0.29357798165137605 0.1712033501662766 -0.06358522866226463 0.2046783625730994 -0.008403361344537818 -0.044614404079031236 -0.00705550329256821 -0.1115809255344139 -0.0547645125958379 -0.13883858505372448 -0.3068744714268455 -0.007458975634012923 0.10771325987371547 -0.07622739018087854 0.09903752266703862 0.07849489160229255 0.06988277727682596 -0.027149321266968323 0.20079835490504414 0.18143261074458059 -0.1128400047511581 0.2511387418441463 0.26009078640657585 0.1510383889238515 0.20031421838177535
-0.04022918444471534 0.029960053262316915 -0.05374538125629828 0.12336975678533664 0.0262279446828803 0.08680142687277051 0.03702789434707479 0.12439955659563987 0.0813008130081301 0.15356694122574338 0.05750798722044729 -0.030554876558298704 -0.10212663702991709 -0.02218387971407444 -0.022632968691059973 0.21124104111655978 -0.3508075191951284 0.18471010774756286 -0.042288885952160696 0.05499929488083487 -0.078125 -0.030413625304136254 -0.10889075026923538 -0.0035984166966534724 -0.2476473501733532 -0.15799950236377208 -0.4529201430274137 -0.006309148264984221 -0.15329245534524127 0.0998212157330155 0.038774718883288095 -0.08650314018248609 -0.00961422905900733 -0.10790494665373425 -0.3400290416263311 -1.8435331230283911 -0.6478799051883064 -0.1678285566744126 -0.14667580534612748 -0.13723420298597497 0.0025290844714213447 -0.10811425970183226 0.02094728267194228 -0.23734560426253332 -0.35007242877836797 -1.4487117160913952 -0.5465510742555597 -0.3662078545270867 -0.11371149014941159 -0.20601503759398493 -0.08001000125015625 0.01855072463768116 -0.04645892351274787 0.04080680890754343 -0.12842762929538354 -1.5036866916475282 -0.49913516184828266 -0.14663849881943586 -0.09660574412532637 0.06598766317601493 0.08606263447286637 -0.013855213023900243 0.044460044460044465 0.05101435520227785 0.1477122613186021 -0.18470948012232416 0.23401896785318388 -0.01467351430667645 0.24663107042969745 0.02941176470588236 -0.04716379859783302 -0.02822201317027282 -0.10453370918487197 -0.07667031763417306 -0.12435108052637933 -0.3008336353751359 0.013674788662357041 0.08666584127770212 -0.0516795865633075 0.08508857581252616 0.08597059556441565 0.05748422001803426 -0.010180995475113119 0.1717672674488932 0.20263901979264842 -0.12471789998812213 0.2782223316508679 0.23310023310023312 0.18502202643171808 0.2579209217072532
-0.04998171400707058 0.032179316466932985 -0.06270294479901467 0.1315944072376924 0.011921793037672867 0.1093935790725327 0.020982473463342383 0.1268629141519892 0.06710543295909151 0.14937875191958674 0.043450479233226834 -0.01711073087264727 -0.10212663702991709 -0.020951441952181415 -0.021375581541556644 0.20495410536904313 -0.32565528196981736 0.17829656233966135 -0.021144442976080355 0.0423071499083345 -0.10117827868852461 -0.03527980535279805 -0.1292329783415101 -0.010795250089960417 -0.2625061911837544 -0.12440905697934812 -0.4767580452920144 0.01009463722397475 -0.17062116768861638 0.11323003575685339 0.02197234070052992 -0.067543547813722 -0.039658694868405245 -0.09335596508244423 -0.34607938044530495 -1.4675078864353313 -0.5188306557808796 -0.1303898786470436 -0.17820424948594926 -0.1281857939978887 -0.011380880121396047 -0.08193922840559917 0.010473641335971137 -0.20222814240736256 -0.34282955094157413 -1.3417598444336414 -0.5038321397160447 -0.2967546407374668 -0.12428930318656617 -0.14736842105263157 -0.06250781347668458 0.009275362318840578 -0.02946175637393768 0.016322723563017373 -0.09487446488487793 -0.936782303880092 -0.374351371386212 -0.11805641854107123 -0.04960835509138379 0.06885669200975471 0.06932823332536456 -0.0011546010853250189 0.028080028080028085 0.065250919444774 0.13930587246307194 -0.15779816513761466 0.22909225274048528 0.004891171435558827 0.2212051868802441 0.03781512605042017 -0.05736137667304016 -0.03292568203198494 -0.10335917312661498 -0.09127418765972985 -0.12797295665821562 -0.3394949861060771 0.02237692690203879 0.0458090875324997 -0.031007751937984496 0.03626726182173245 0.0772489409419387 0.046212804328223625 -0.01244343891402715 0.14394580863674852 0.20381715362865221 -0.13065684760660412 0.27822233165086796 0.1962949331370384 0.18879798615481436 0.21733438072793923
-0.04632451542118736 0.025521526853084776 -0.05150599037061918 0.12101985665609212 0.011921793037672868 0.10344827586206898 0.025919526042952352 0.10838773247936939 0.06452445476835722 0.13541812089906463 0.04856230031948881 -0.03788804693229039 -0.08650726901357683 -0.052994823761400044 -0.025147742990066634 0.16974726518294983 -0.31903627217368286 0.13981528989225245 -0.031716664464120525 -0.002820476660555632 -0.09093237704918035 -0.047445255474452566 -0.1172669618284073 -0.038383111430970375 -0.24393263992075287 -0.17914904205026125 -0.446298503509469 -0.045425867507886436 -0.14529458810983736 0.044696066746126334 0.03231226573607342 -0.06517359876762649 -0.030044465809397902 -0.09456838021338507 -0.33034849951597295 -1.1293375394321767 -0.39241506452462466 -0.11489801187709785 -0.1549006168608636 -0.1342180666566129 -0.007587253414264037 -0.0762490042107659 0.017456068893285232 -0.2046500363284088 -0.3331723804925157 -1.1728245017015069 -0.41588139213469033 -0.29044071221113776 -0.13354488959407643 -0.17142857142857143 -0.05125640705088136 -0.00927536231884058 -0.020396600566572227 -0.017488632388947184 -0.08677542519958346 -0.6817357669527377 -0.2952804546577712 -0.1540946936746614 -0.03916449086161879 0.010041600918089236 0.06693760459000717 -0.002309202170650039 0.030420030420030424 0.06999644085893938 0.13210039630118892 -0.13333333333333333 0.23648232540953318 0.0293470286133529 0.21357742181540806 0.06022408963585435 -0.0662842574888464 -0.041157102539981186 -0.101010101010101 -0.12048192771084336 -0.1388385850537245 -0.39265434336112115 0.012431626056688216 -0.0012380834468243174 -0.05297157622739018 -0.015343841539963734 0.07600299028158485 0.03381424706943191 0.0011312217194570178 0.10644732067255354 0.19910461828463716 -0.15560042760422851 0.27206697033115845 0.13986013986013987 0.18124606670862178 0.16234616391725581
