0.10336860026754224 0.023354092526690393 0.13010318528488113 -0.09655653792461609 0.11359559966519191 0.03750586029067042 0.02705028894626829 0.14642549526270457 0.03227055634439137 0.13685239491691104 0.039922730199613655 0.025578562728380033 -0.02167369054786273 -0.030875632950475483 0.0050238633509168545 0.020830780541600293 0.05028450443297605 0.0450972812781858 0.04905860514452401 0.016766801732569513 0.08001016002032005 0.05732406391023296 0.041856015307342745 -0.006001680470531748 0.05344191372948213 0.11310204600330409 -0.055621771950735 0.21440493002952882 -0.012030477208929287 0.22054556006964593 0.13899613899613902 0.09367959207873829 0.049066539013882235 0.050617283950617285 0.13431165277950502 0.16694926307551844 0.15466739666027923 0.1449468085106383 0.1601546320585393 0.1231130001465631 0.08161727774987446 0.04758667573079538 0.03902662993572084 -0.1302617295862984 0.04146341463414634 0.05669912486133366 -0.017836667091349213 0.1006062169482781 -0.053177346450412125 0.031366691560866314 0.027469097265576232 0.06169965075669383 -0.03380662609871534 0.007068803016022614 0.07171408417587585 0.03369839932603201 0.016203415181353605 0.037897928246589184 0.06700827749310209 0.06203299027209926 0.014526086430214264 -0.040911747516072475 0.01289263947491795 -0.25435872940052545 -0.0896805896805897 -0.1282364435759648 0.01973359644795264 0.10671299168631343 0.05910317358345111 0.07768067693161326 0.021714139736875717 -0.13263855992420653 -0.1577324478178368 -1.0714285714285714 -0.6801288404360754 -0.27452415812591513 -0.12736443883984866 -0.10470543711366216 -0.08874172185430464 -0.1664392905866303 -0.09642724687847695 -0.1231638418079096 -0.18267929634641406 -1.348747591522158 -1.0224732321449583 -0.15516829792313203 -0.14448011854778958 0.017524095631493295 -0.05979643765903307 0.07910349373764008
0.0997202967286878 0.012233096085409257 0.13795423956931357 -0.10818985574685899 0.11598708597393279 0.023441162681669007 0.02213205459240133 0.13658176448874124 0.02839808958306441 0.12568077084206114 0.0360592401802962 0.020706455542021922 -0.016857314870559907 -0.04569593676670372 0.0050238633509168545 0.007352040191153045 0.05557761016276299 0.028346862517716787 0.0570140546274198 0.00419170043314238 0.07366014732029463 0.05366508110745213 0.028701267639320745 -0.00840235265874445 0.055986766764219376 0.11183123649764899 -0.06224341146867964 0.2105533444601361 -0.00802031813928619 0.2176436448055717 0.13642213642213646 0.09367959207873829 0.055050263283867876 0.04074074074074073 0.1405297848526303 0.14608060519107863 0.15466739666027923 0.13563829787234044 0.15877398867872428 0.11871610728418584 0.08287292817679559 0.029458418309539998 0.04361799816345271 -0.1567965263538777 0.04268292682926829 0.034512510785159614 -0.017836667091349217 0.07738939765252159 -0.04653017814411061 0.016430171769977586 0.023723311274815834 0.057043073341094284 -0.04394861392832995 -0.010603204524033936 0.061133317658123666 0.021663256709592005 0.01371058207652997 0.035371399696816574 0.08277493102089081 0.0578034682080925 0.007263043215107132 -0.06078316773816481 -0.009376465072667605 -0.2889897301170289 -0.14864864864864866 -0.1770884220810943 0.0012333497779970309 0.08313686561608138 0.05010921238596942 0.05687335275350257 0.014050325712096051 -0.15750828990999527 -0.176707779886148 -1.4161706349206349 -1.0951437066402379 -0.35017081503172276 -0.15762925598991173 -0.1412892645389176 -0.10596026490066224 -0.19918144611186903 -0.12115218197552231 -0.14802259887005648 -0.22891294542174107 -1.6690751445086704 -1.4001647252617955 -0.20529959417522084 -0.1728821931341072 -0.02628614344723995 -0.07251908396946564 0.04746209624258405
0.11066520734525112 0.0033362989323843404 0.13571108120233288 -0.1209865053513262 0.11120411335645104 0.009376465072667603 0.02827984753473503 0.12427710102128708 0.03485220085194269 0.11590559977656752 0.03219575016097875 0.007308160779537151 -0.013245033112582783 -0.07410151908114118 0.00753579502637528 -0.01715476044602377 0.05954743946010321 0.006442468754026541 0.058339962874569086 -0.0027944669554282532 0.07747015494030987 0.04268813269910964 0.04305190145898111 -0.022806385788020647 0.04835220766000763 0.10039395094675307 -0.07813534631174679 0.20156631146488638 -0.024060954417858577 0.21038885664538598 0.13770913770913773 0.09249377445748844 0.0347056007659167 0.0345679012345679 0.13182439995025494 0.1304291117777488 0.16424856282507524 0.13031914893617022 0.16843849233742925 0.12164736919243735 0.0803616273229533 0.018128257421255387 0.04132231404958677 -0.17247617898926548 0.025609756097560964 0.017256255392579804 -0.017836667091349217 0.06062169482780859 -0.053177346450412125 0.0014936519790888698 0.01997752528405544 0.04540162980209546 -0.04169483885508226 -0.03298774740810556 0.02233717375969903 -0.0036105427849320013 -0.006232082762059081 0.013895907023749366 0.05912495072920774 0.042295220640067674 0.012105072025178553 -0.07013442431326708 -0.030473511486169714 -0.33197993790303315 -0.2321867321867322 -0.22594040058622372 -0.02096694622594968 0.06452413450800347 0.04240010278812797 0.04577611319184352 0.010218418699706222 -0.17645665561345333 -0.20754269449715368 -1.837797619047619 -1.616699702675917 -0.4233772571986335 -0.17276166456494324 -0.17661158067364702 -0.11523178807947018 -0.2223738062755798 -0.1298059092594882 -0.1638418079096045 -0.2469553450608931 -1.9821772639691713 -1.7096128956347805 -0.25781809501074243 -0.2025191405285256 -0.0488171235448742 -0.1094147582697201 0.03164139749505603
0.10944910616563297 0.002224199288256227 0.12673844773441006 -0.11865984178687763 0.09685519550400576 0.001172058134083449 0.03073896471166851 0.11566383659406917 0.037433845359494 0.09775171065493647 0.029620090148100454 0.01218026796589525 -0.006020469596628537 -0.08521674694331234 -2.7755575615628915e-18 -0.0330841808601887 0.05822416302765647 -0.007730962504831853 0.045080880403076104 -0.0027944669554282537 0.07239014478028956 0.04390779363336992 0.044247787610619475 -0.008402352658744451 0.04580735462527039 0.10166476045240817 -0.08608131373328036 0.20670175889074338 -0.033417992247025796 0.21474172954149742 0.120978120978121 0.09486540969998813 0.014360938247965532 0.030864197530864196 0.10197736599925382 0.11869049171775141 0.1560361346838215 0.12898936170212766 0.16291591881816928 0.1201817382383116 0.06027122049221497 0.01472920915477 0.028696051423324154 -0.183331323121457 -0.0012195121951219551 0.014791076050782693 -0.034399286533316344 0.07223010447568683 -0.07444828503057697 0.014936519790888714 0.011237357972281188 0.03958090803259605 -0.05183682668469687 -0.04948162111215834 -0.01763461086292028 -0.014442171139728005 -0.02866758070547177 0.02273875694795351 0.03810274602548942 0.04652474270407444 -0.007263043215107129 -0.08766803039158386 -0.05743084857008908 -0.370193455935037 -0.3402948402948403 -0.26990718124084023 -0.049333991119881605 0.04591140339992555 0.028266735192085325 0.03606602857539186 -0.00894111636224294 -0.18948365703458075 -0.2502371916508539 -2.312748015873016 -2.211347869177403 -0.49536359199609564 -0.19293820933165196 -0.19427273874101175 -0.13112582781456952 -0.22646657571623466 -0.13598714303374954 -0.17401129943502824 -0.2695083446098331 -2.2073699421965314 -1.9237557359689372 -0.29004535688708527 -0.22104223265003706 -0.05632745024408561 -0.13231552162849872 0.030323005932762038
0.09485589201021524 0.004448398576512457 0.10767160161507401 -0.13378315495579338 0.0669616166447447 -0.005860290670417254 0.014754703061600889 0.11935523563430539 0.028398089583064418 0.10194106968300518 0.02446877012234385 0.006090133982947627 -0.022877784467188442 -0.10374212671359762 -0.01255965837729214 -0.04288690111505943 0.04366812227074236 -0.016750418760469014 0.027844073190135238 -0.0027944669554282515 0.05715011430022861 0.03171118429076716 0.02511360918440564 -0.01320369703516985 0.01908639776052933 0.09149828440716737 -0.10727056019070322 0.2054178970342791 -0.05747894666488438 0.2219965177016831 0.10939510939510941 0.09960868018498754 0.0011967448539971254 0.01728395061728395 0.07337395846287775 0.11086474501108648 0.139611278401314 0.12367021276595747 0.14496755488057433 0.10992232155943135 0.050226017076845805 0.003399048266485382 0.00918273645546373 -0.20624773851163916 -0.02682926829268293 -0.001232589670898565 -0.05478404892342974 0.06965045788726945 -0.09837809093326244 0.022404779686333077 0.007491571981520789 0.029103608847497093 -0.07212080234392608 -0.08011310084825637 -0.057606395485539606 -0.025273799494524008 -0.05359591175370809 0.027791814047498736 0.023649980291683092 0.052164105456083465 -0.015736593632732117 -0.09468147282291058 -0.0808720112517581 -0.4263195605445427 -0.4594594594594595 -0.31753786028334147 -0.08386778490379872 0.02853952103238615 0.012848515996402415 0.02913025384935497 -0.03576446544897177 -0.2143533870203695 -0.31190702087286526 -2.881944444444444 -2.8295341922695743 -0.5636896046852123 -0.23959646910466584 -0.20688785164627221 -0.16953642384105957 -0.2237380627557981 -0.1372233897886018 -0.18870056497175142 -0.2841677943166441 -2.3880057803468207 -2.060242381456642 -0.32227261876342805 -0.2383304519634478 -0.0625860558267618 -0.15012722646310434 0.02373104812129203
0.07661437431594309 0.008896797153024912 0.08075370121130551 -0.13959981386691483 0.04304675355733587 -0.010548523206751054 3.4694469519536144e-19 0.11320290390057833 0.024525622821737446 0.09356235162686777 0.019317450096587252 0.009744214372716203 -0.025285972305839854 -0.11238730393973076 -0.025119316754584276 -0.051464281338071315 0.026465528648934762 -0.010307950006442471 0.011933174224343677 -0.011177867821713008 0.04953009906019811 0.026832540553726063 0.005979430758191821 -0.024006721882126995 0.002544853034737243 0.09022747490151227 -0.12448682293735928 0.22467582488124277 -0.08153990108274295 0.22780034822983172 0.08365508365508365 0.1007944978062374 -0.01555768310196266 0.006172839506172839 0.053475935828877 0.10043041606886656 0.12866137421297563 0.12898936170212766 0.1283998343227944 0.09526601201817383 0.047714716223003516 -0.0033990482664853854 0.008034894398530761 -0.23157640815341937 -0.04268292682926829 -0.027116972759768276 -0.0687985730666327 0.06965045788726945 -0.1156607285296464 0.010455563853622103 -0.008740167311774254 0.024447031431897553 -0.09578544061302682 -0.12134778510838831 -0.09052433576299083 -0.04814057046576002 -0.06107441106817898 0.0391611925214755 0.01970831690973591 0.060623149584096994 -0.031473187265464234 -0.09935710111046171 -0.09376465072667603 -0.4919990446620492 -0.5884520884520885 -0.37127503663898387 -0.11346817957572768 0.01240848740538528 0.002569703199280482 0.00832292967124428 -0.052369395835994384 -0.23093320701089531 -0.3629032258064516 -3.508184523809524 -3.3994053518334986 -0.6283552952659834 -0.26986128625472894 -0.23085656616626715 -0.19602649006622513 -0.2455661664392906 -0.14464087031771541 -0.19209039548022597 -0.3089760938204781 -2.4951830443159917 -2.139075185315919 -0.3425638577226069 -0.25561867127685856 -0.05883089247715608 -0.16412213740458015 0.021094264996704026
0.08147877903441567 8.673617379884035e-19 0.0908479138627187 -0.13727315030246626 0.033480808322372345 -0.022269104547585565 0.004918234353866962 0.10089824043312416 0.016780689299083516 0.07959782153330541 0.020605280103026404 0.0024360535931790507 -0.02769416014449127 -0.11979745584784489 -0.025119316754584276 -0.06494302168851857 0.03308191081116845 -0.023192887514495553 0.010607265977194379 -0.023752969121140145 0.041910083820167636 0.028052201487986338 -0.0035876584549150922 -0.028808066258552402 -0.00763455910421173 0.08260261786758165 -0.11918951132300357 0.2182565155989215 -0.08020318139286191 0.21329077190946025 0.08622908622908623 0.0984228625637377 -0.014360938247965535 -0.0012345679012345679 0.04352692451187661 0.08869179600886919 0.14098001642485625 0.11303191489361704 0.12563854756316442 0.06888465484391029 0.045203415369161226 -0.013596193065941536 0.0011478420569329627 -0.25449282354360153 -0.056097560975609764 -0.045605817823246644 -0.06370238246910434 0.05417257835676512 -0.10901356022334488 -0.004480955937266618 -0.014983143963041578 0.022118742724097785 -0.10818120351588911 -0.1378416588124411 -0.11638843169527394 -0.061379227343844024 -0.05858157796335535 0.03916119252147549 0.028905531467612666 0.05780346820809248 -0.03389420167049994 -0.11104617182933954 -0.10548523206751055 -0.5887270121805588 -0.7100737100737101 -0.4298974108451392 -0.12703502713369513 -0.00744509244323117 0.003854554798920723 -0.0027743098904147597 -0.052369395835994384 -0.2439602084320227 -0.3925521821631878 -4.174107142857142 -3.958126858275521 -0.6783796974133725 -0.2887767969735183 -0.2472562129431058 -0.21192052980132448 -0.25648021828103684 -0.14587711707256773 -0.18870056497175142 -0.31686964366260717 -2.5469653179190748 -2.199082244969996 -0.3628550966817857 -0.25067918004445544 -0.07385154587557892 -0.16666666666666669 0.003955174686882004
0.07296607077708865 -0.0033362989323843404 0.088604755495738 -0.14425314099581202 0.014348917852445287 -0.02226910454758556 0.009836468707733925 0.10705057216685125 0.01290822253775655 0.08937299259879906 0.023180940115904703 0.0024360535931790507 -0.02769416014449127 -0.15314313943435842 -0.027631248430042703 -0.07719642200710698 0.03440518724361519 -0.01803891251127432 -0.003977724741447891 -0.02654743607656839 0.04064008128016256 0.019514574948164404 -0.009567089213106911 -0.04441243548193494 -0.021631250795266573 0.05845723726013472 -0.13640577406965965 0.20670175889074333 -0.08287662077262399 0.18717353453279162 0.0694980694980695 0.1079094035337365 -0.023934897079942556 -0.018518518518518517 0.026116154707125982 0.08347463153775923 0.139611278401314 0.1303191489361702 0.12149661742371945 0.08060970247691632 0.03515821195379206 -0.020394289598912308 -0.009182736455463728 -0.27740923893378366 -0.07073170731707318 -0.048070997165043754 -0.06242833481972225 0.06062169482780858 -0.11566072852964637 0.00597460791635549 -0.02622050193532276 0.01979045401629802 -0.11606941627225602 -0.15669180018850143 -0.142252527627557 -0.09026356962330004 -0.07353857659229714 0.02652854977261243 0.02627775587964788 0.04652474270407443 -0.047209780898196343 -0.12039742840444183 -0.1254102203469292 -0.7451636016240745 -0.8783783783783784 -0.4763067904250122 -0.15046867291563887 0.003722546221615583 -0.00899396119748169 0.013871549452073795 -0.07791544258525994 -0.2640928469919469 -0.43524667931688804 -4.86359126984127 -4.478444003964322 -0.7174231332357248 -0.30012610340479196 -0.26870190488204865 -0.22251655629139072 -0.26330150068212826 -0.14093213005315863 -0.18079096045197743 -0.3101037437979251 -2.5650289017341037 -2.2214378162136716 -0.3640486989735021 -0.24203507038775002 -0.06759294029290273 -0.16793893129770993 0.0026367831245880076
0.07296607077708864 -0.001112099644128113 0.08524001794526695 -0.14890646812470915 -0.007174458926222647 -0.015236755743084857 0.012295585884667407 0.0972068413928879 0.003872466761326967 0.06702974444909929 0.011590470057952352 -0.009744214372716197 -0.03612281757977122 -0.14943806348030136 -0.03893494096960562 -0.08822448229383655 0.03308191081116845 -0.02576987501610617 -0.011933174224343677 -0.03353360346513902 0.02921005842011684 0.01829491401390413 -0.02272183688112892 -0.050414115952466684 -0.041990075073164525 0.05464480874316939 -0.14567606939478214 0.20156631146488638 -0.08956021922202914 0.17846778874056876 0.06692406692406694 0.09723704494248783 -0.02872187649593107 -0.04567901234567901 -0.0024872528292500967 0.07695317594887179 0.14508623049548314 0.11436170212765957 0.12011597404390446 0.06302213102740731 0.02887995981918634 -0.03399048266485384 -0.016069788797061522 -0.29308889156917145 -0.09878048780487805 -0.05423394551953655 -0.06625047776786852 0.05675222494518252 -0.1276256314809891 -0.001493651979088871 -0.034960669247097016 0.004656577415599534 -0.13635339193148524 -0.2002827521206409 -0.21043968963084883 -0.11072331207124804 -0.0860027421164153 0.011369378473976751 0.0210222047037183 0.0380656985760609 -0.05689383851833918 -0.13909994155464642 -0.17346460384435067 -1.240745163601624 -1.1597051597051595 -0.4946262823644358 -0.1603354711396152 -0.008685941183769696 -0.02441218039316459 -0.0013871549452073805 -0.07663814024779667 -0.25461866414021783 -0.4601518026565465 -5.034722222222222 -4.607284440039644 -0.6771595900439238 -0.3026481715006305 -0.26239434842941844 -0.24503311258278146 -0.26739427012278305 -0.13227840276919273 -0.15254237288135597 -0.28529544429409115 -2.157996146435453 -2.0814213436874924 -0.3031749820959656 -0.22351197826623853 -0.03755163349605708 -0.14885496183206107 0.018457481872116023
0.08269488021403379 0.003336298932384342 0.07851054284432481 -0.1407631456491391 -0.022719119933038382 -0.007032348804500703 0.013525144473134142 0.09843730773963331 -0.011617400283980898 0.06702974444909929 0.0180296200901481 0.004872107186358101 -0.013245033112582785 -0.12597258243794002 -0.027631248430042703 -0.08699914226197772 0.043668122270742356 -0.02576987501610617 -0.013259082471492972 -0.037725303898281395 0.03556007112014224 0.019514574948164408 -0.016742406122937096 -0.03721041891729684 -0.04580735462527039 0.06735290379972042 -0.13640577406965965 0.2105533444601361 -0.08287662077262399 0.18427161926871732 0.07335907335907337 0.1007944978062374 -0.023934897079942553 -0.04938271604938271 -0.019898022634000746 0.07825746706664927 0.14782370654256774 0.1196808510638298 0.11321275714482948 0.057159607210904295 0.01757910597689603 -0.03738953093133922 -0.008034894398530761 -0.2942950186949705 -0.11463414634146343 -0.06039689387402934 -0.06497643011848643 0.05030310847413903 -0.1276256314809891 -0.00746825989544436 -0.033712073916843555 -0.009313154831199067 -0.1340996168582375 -0.2214891611687088 -0.25158711497766284 -0.12155494042604405 -0.09472765798329802 0.011369378473976751 0.009197214557876757 0.03383617651205413 -0.06052536012589275 -0.15546464056107542 -0.23206751054852318 -1.9106759016001909 -1.4852579852579852 -0.5214948705422568 -0.1788357178095708 -0.01861273110807793 -0.047539509186688936 -0.0055486197808295185 -0.06769702388555372 -0.2475130270014211 -0.46489563567362435 -4.995039682539682 -4.506937561942517 -0.6429965836993656 -0.27994955863808324 -0.25230225810521 -0.23576158940397346 -0.2564802182810368 -0.10631722091729509 -0.1265536723163842 -0.2198917456021651 -1.752167630057804 -1.7166725497117308 -0.24468846980186204 -0.2037540133366263 -0.01126549004881713 -0.138676844783715 0.034278180619644036
0.08147877903441567 0.001112099644128115 0.07178106774338269 -0.14308980921358772 -0.022719119933038386 -0.015236755743084857 0.014754703061600882 0.0972068413928879 -0.011617400283980898 0.061443932411674354 0.015453960077269801 0.013398294762484775 -0.01926550270921132 -0.10621217734963569 -0.018839487565938208 -0.07597108197524814 0.05028450443297605 -0.01675041876046901 -0.0026518164942985955 -0.02654743607656839 0.030480060960121923 0.017075253079643856 -0.011958861516383642 -0.03721041891729684 -0.04835220766000763 0.06099885627144491 -0.14170308568401538 0.20926948260367184 -0.07351958294345676 0.18282066163668018 0.0694980694980695 0.0984228625637377 -0.016754427955959793 -0.06790123456790123 -0.02611615470712597 0.06260597365331941 0.15056118258965237 0.1077127659574468 0.11597404390445946 0.04836582148614978 0.006278252134605725 -0.038522547020167684 -0.01377410468319559 -0.2991195271981667 -0.12926829268292683 -0.06655984222852214 -0.06625047776786852 0.04901328517993035 -0.11566072852964637 1.3877787807814458e-18 -0.037457859907603946 -0.017462165308498253 -0.13748027946810906 -0.2627238454288407 -0.2856806959793087 -0.13479359730412804 -0.08724915866882713 0.011369378473976755 0.02627775587964788 0.03383617651205414 -0.08231448977121414 -0.16949152542372886 -0.30825128926394746 -2.581800812037258 -1.7911547911547914 -0.5276013678553981 -0.2035027133695116 -0.012408487405385287 -0.06681228318129255 -0.0013871549452073794 -0.06003320986077405 -0.2356702984367598 -0.4601518026565465 -4.894593253968254 -4.235629335976214 -0.5880917520741826 -0.24464060529634296 -0.22202598713258487 -0.1933774834437086 -0.2278308321964529 -0.09271850661392014 -0.09943502824858758 -0.18042399639152007 -1.4089595375722543 -1.3095658312742675 -0.185008355216042 -0.17782168436651022 0.020027537864563776 -0.11068702290076333 0.05932762030323006
0.07783047549556123 -0.006672597864768684 0.05832211754149844 -0.1326198231735691 -0.021523376778667946 -0.01992498827941866 0.024591171769334806 0.0972068413928879 -0.005163289015102621 0.06423683843038683 0.023180940115904703 -0.007308160779537147 -0.02287778446718844 -0.10374212671359764 -0.023863350916855063 -0.08209778213454234 0.04234484583829562 -0.01159644375724778 -0.014584990718642268 -0.02794466955428252 0.029210058420116834 0.012196609342602758 -0.005979430758191818 -0.05521546032889209 -0.06743860542053697 0.04447833269792858 -0.15891934843067143 0.20156631146488638 -0.09490709798155327 0.17701683110853164 0.05920205920205921 0.09605122732123798 -0.029918621349928193 -0.06666666666666665 -0.04725780375575177 0.06651884700665188 0.14508623049548314 0.11170212765957446 0.09940632334667955 0.038106404807269526 0.005022601707684581 -0.0407885791978246 -0.020661157024793386 -0.2991195271981667 -0.15 -0.06409466288672501 -0.0777169066123073 0.06062169482780859 -0.1289550651422494 0.014936519790888725 -0.039955050568110884 -0.03143189755529686 -0.16001803020058597 -0.327521206409048 -0.359746061603574 -0.15284631122878806 -0.10594540695500436 0.00884284992420414 0.011824990145841544 0.04511490201607218 -0.10168260501149981 -0.18936294564582115 -0.40084388185654013 -3.372342966324337 -2.0565110565110567 -0.5324865657059111 -0.21460286137148493 -0.018612731108077925 -0.0835153539766157 -0.00277430989041476 -0.049814791161067816 -0.2309332070108953 -0.45896584440227706 -4.652777777777777 -3.8466303270564923 -0.5234260614934114 -0.21185372005044134 -0.1879651822883815 -0.17483443708609273 -0.1869031377899045 -0.06799357151687477 -0.07909604519774012 -0.13757329724853407 -1.1139210019267825 -0.9424638192728555 -0.1396514681308188 -0.15806371943689798 0.05632745024408562 -0.09796437659033078 0.0870138431114041
0.07296607077708865 -0.01779359430604982 0.05271422162404667 -0.13610981852024198 -0.021523376778667943 -0.026957337083919362 0.03073896471166851 0.08982404331241539 -0.006454111268878274 0.05725457338360564 0.014166130070830651 -0.009744214372716196 -0.024081878386514148 -0.0765715697171792 -0.037678975131876416 -0.07352040191153045 0.026465528648934762 -0.0038654812524159254 -0.039777247414478925 -0.03632807042056728 0.01778003556007112 0.02195389681668496 -0.028701267639320738 -0.055215460328892095 -0.08398015014632905 0.04320752319227348 -0.16818964375579393 0.19643086403902937 -0.10025397674107739 0.17846778874056876 0.05662805662805663 0.07944978062374006 -0.028721876495931064 -0.08024691358024691 -0.053475935828877 0.05217164471109953 0.13276758828360252 0.09308510638297873 0.08559988954852961 0.013190678587131754 -0.015067805123053741 -0.04645365964196692 -0.04591368227731864 -0.3099746713303583 -0.18414634146341463 -0.07642055959571059 -0.09937571665180278 0.0593318715335999 -0.1382611007710715 0.004480955937266615 -0.04370083655887127 -0.04074505238649593 -0.21636240703177823 -0.44415645617342137 -0.44204091229720194 -0.17089902515344807 -0.12214882213635798 0.0012632642748863 0.009197214557876757 0.04370506132806993 -0.11862970584674978 -0.21157218001168906 -0.5039849976558838 -4.1724385001194175 -2.223587223587223 -0.5288226673180264 -0.22693635915145535 -0.026057823551309096 -0.111782089168701 -0.006935774726036899 -0.049814791161067816 -0.2214590241591663 -0.44236242884250476 -4.29811507936508 -3.354806739345888 -0.47096144460712547 -0.201765447667087 -0.17156553551154285 -0.17218543046357618 -0.1814461118690314 -0.05439485721349981 -0.05536723163841808 -0.11389264772214705 -0.7935934489402697 -0.6353688669255205 -0.0883265695870136 -0.14077550012348727 0.06759294029290275 -0.08142493638676845 0.09624258404746211
0.06931776723823424 -0.005560498220640567 0.04822790489008524 -0.12331316891577479 -0.01554466100681573 -0.01406469760900141 0.02950940612320177 0.10705057216685121 -0.009035755776429585 0.06284038542103058 0.0077269800386349004 -0.014616321559074297 -0.031306441902468396 -0.06422131653698901 -0.04270283848279327 -0.05514030143364783 0.01984914648670107 0.006442468754026544 -0.05038451339167329 -0.03353360346513903 0.0190500381000762 0.015855592145383582 -0.038268356852427646 -0.08522386268155084 -0.09670441532001527 0.03431185665268777 -0.17083829956297178 0.18359224547438696 -0.10159069643095842 0.1668601276842716 0.06563706563706564 0.08537886872998932 -0.03111536620392532 -0.07654320987654321 -0.043526924511876626 0.04956306247554454 0.13824254037777167 0.09707446808510639 0.09388374982741957 -0.00146563095412575 -0.018834756403817175 -0.04758667573079538 -0.05853994490358126 -0.3377155952237366 -0.2 -0.08381609762110194 -0.09937571665180278 0.056752224945182506 -0.1276256314809891 0.00896191187453323 -0.039955050568110884 -0.04772991850989523 -0.26031102096010816 -0.6797832233741753 -0.520808840818246 -0.18052713924660008 -0.13336657110806432 0.0025265285497726095 0.013138877939823938 0.05357394614408571 -0.12710325626437477 -0.19871420222092345 -0.6071261134552273 -4.861475997133986 -2.372235872235872 -0.49584758182706407 -0.23310310804144058 -0.004963394962154114 -0.12591545676474367 0.0027743098904147584 -0.04087367479882488 -0.1965892941733775 -0.42457305502846293 -3.864087301587302 -2.787413280475718 -0.38921425085407513 -0.18158890290037832 -0.1400277532483916 -0.1562913907284768 -0.16371077762619374 -0.0469773766843862 -0.030508474576271184 -0.09021199819576003 -0.5431117533718689 -0.4165195905400635 -0.03700167104320841 -0.11731291676957274 0.08887219927400175 -0.054707379134860054 0.11601845748187212
0.06688556487899795 -0.001112099644128111 0.047106325706594884 -0.10586319218241043 -0.011957431543704414 -0.012892639474917955 0.022132054592401328 0.09843730773963331 -0.01936233380663483 0.061443932411674354 -0.005151320025756599 -0.015834348355663823 -0.04936785069235401 -0.05681116462887489 -0.05651846269781462 -0.053914961401788995 0.009262935027127167 0.01675041876046901 -0.05833996287456907 -0.026547436076568398 0.012700025400050798 0.031711184290767164 -0.040660129155704376 -0.09842755971672068 -0.09543198880264665 0.03685347566399797 -0.16024367633426034 0.18230838361792273 -0.08688677984226709 0.16540917005223446 0.07078507078507079 0.08063559824498992 -0.02273815222594543 -0.07530864197530865 -0.0397960452680015 0.044345898004434586 0.14098001642485627 0.09441489361702128 0.09802567996686457 -0.0029312619082515023 -0.030135610246107482 -0.05211874008610923 -0.08379247015610652 -0.36545651911711496 -0.224390243902439 -0.08751386663379761 -0.09682762135303861 0.06062169482780858 -0.11167242754586545 0.010455563853622103 -0.06242976651267325 -0.052386495925494755 -0.3369393734505296 -1.040292177191329 -0.6348459910651305 -0.18895173907810808 -0.13710582076529976 -0.0025265285497726156 0.009197214557876756 0.0507542647680812 -0.14405035709962474 -0.19988310929281122 -0.7044069385841537 -5.3964652495820395 -2.43980343980344 -0.46409379579872995 -0.23310310804144058 0.013649336145923813 -0.1400488243607863 0.020807324178110695 -0.03576446544897178 -0.1669824727617243 -0.4055977229601518 -3.3345734126984126 -2.2088701684836467 -0.32454856027330414 -0.15636822194199246 -0.13119717421470922 -0.14834437086092717 -0.15825375170532063 -0.04574112992953393 -0.013559322033898308 -0.07780784844384303 -0.3468208092485549 -0.2812095540651841 -0.004774409166865601 -0.1012595702642628 0.09888596820628363 -0.04325699745547075 0.1305207646671061
0.06202116016052535 -0.005560498220640571 0.05047106325706594 -0.09888320148906467 -0.007174458926222646 -0.008204406938584149 0.013525144473134142 0.10212870677986956 -0.02839808958306441 0.06563329143974306 -0.005151320025756602 -0.020706455542021922 -0.05779650812763396 -0.06792639249104607 -0.06656618939964834 -0.06861904178409509 -1.0408340855860842e-18 0.009019456255637163 -0.06629541235746486 -0.027944669554282524 0.010160020320040639 0.020734235882424686 -0.040660129155704376 -0.11043092065778419 -0.09415956228527803 0.02668699961875714 -0.1575950205270825 0.16690204134035183 -0.07619302232321881 0.1596053395240859 0.07335907335907337 0.07589232775999051 -0.014360938247965537 -0.08024691358024691 -0.027359781121751026 0.048258771357767044 0.14508623049548314 0.09840425531914894 0.10492889686593954 0.007328154770628756 -0.038925163234555506 -0.06571493315205076 -0.1078971533516988 -0.4149077312748764 -0.2536585365853658 -0.10353753235547884 -0.10319785959994902 0.05288275506255643 -0.10502525923956393 -0.002987303958177748 -0.06742414783368711 -0.0849825378346915 -0.42934415145368493 -1.55631479736098 -0.7653421114507406 -0.2094114815260561 -0.15829490215630065 -0.015159171298635676 -0.010511102351859153 0.036655857888058654 -0.15978695073235688 -0.21858562244301577 -0.7969995311767463 -5.788153809410079 -2.4398034398034394 -0.4347826086956522 -0.23926985693142577 0.019853579848616455 -0.15675189515610946 0.023581634068525453 -0.024268744411802275 -0.1480341070582662 -0.377134724857685 -2.7480158730158726 -1.6513875123885033 -0.26720351390922403 -0.13871374527112235 -0.11227450485681847 -0.1390728476821192 -0.14597544338335608 -0.030906168871306712 -0.005649717514124296 -0.05638249887235001 -0.22278420038535646 -0.20472996823155665 0.02148484125089521 -0.10249444307236352 0.11641006383777694 -0.04325699745547074 0.15161502966381016
0.044995743645871326 -0.004448398576512457 0.023553162853297442 -0.10120986505351326 -0.01913189046992706 -0.007032348804500701 -0.008606910119267187 0.10212870677986959 -0.04130631212082096 0.06982265046781176 -0.007726980038634902 -0.029232643118148605 -0.06261288380493679 -0.08027664567123627 -0.07535795026375283 -0.07352040191153045 -0.003969829297340216 0.009019456255637163 -0.058339962874569065 -0.032136369987424904 0.011430022860045718 0.006098304671301375 -0.0466395599138962 -0.1296362981634858 -0.10815625397633286 0.019062142584826535 -0.16951397165938287 0.15919887020156634 -0.084213340462505 0.16105629715612305 0.0694980694980695 0.07233487489624095 -0.02752513164193394 -0.09506172839506173 -0.033577913194876255 0.03912873353332464 0.139611278401314 0.09840425531914893 0.11597404390445949 0.019053202403634763 -0.03515821195379207 -0.07477906186267845 -0.1251147842056933 -0.4715957061874322 -0.28292682926829266 -0.12202637741895724 -0.11084214549624156 0.04772346188572166 -0.10236639191704333 -0.011949215832710981 -0.07366712448495442 -0.10128055878928988 -0.5487942303358124 -2.2172478793590953 -0.9158241241476605 -0.2178360813575641 -0.18197681665212515 -0.02400202122283982 -0.03810274602548942 0.03524601720005639 -0.1658394867449461 -0.2162478082992402 -0.8602906704172527 -6.010269882971101 -2.395577395577395 -0.3944797264289204 -0.24173655648741987 0.019853579848616455 -0.17088526275215213 0.03051740879456235 -0.01660493038702261 -0.13263855992420653 -0.3462998102466794 -2.1155753968253963 -1.0827552031714567 -0.21595900439238655 -0.11853720050441363 -0.09713636937050588 -0.12052980132450333 -0.13778990450204637 -0.02472493509704537 -0.007909604519774013 -0.036084799278304006 -0.1529383429672447 -0.1353100364748794 0.03700167104320841 -0.09755495183996046 0.1289272750031293 -0.036895674300254463 0.1595253790375742
0.05594065426243464 0.004448398576512457 0.010094212651413196 -0.08143322475570032 -0.014348917852445292 -0.004688232536333803 -0.012295585884667403 0.10458963947336042 -0.04776042338969925 0.06702974444909929 -0.0077269800386349004 -0.026796589524969543 -0.06502107164358821 -0.06792639249104607 -0.08791760864104496 -0.06861904178409509 -0.02249569935159455 0.006442468754026545 -0.06364359586316624 -0.03632807042056728 0.01397002794005588 0.009757287474082202 -0.04544367376225784 -0.13683831472812388 -0.10561140094159563 0.03304104714703265 -0.16818964375579393 0.16305045577095906 -0.08153990108274296 0.1697620429483459 0.08108108108108107 0.06640578678999169 -0.025131641933939693 -0.09135802469135801 -0.03606516602412635 0.03521586017999217 0.12729263618943332 0.08643617021276598 0.10907082700538454 0.019053202403634763 -0.03515821195379207 -0.08044414230682076 -0.14118457300275483 -0.5270775539741889 -0.31463414634146336 -0.14298040182423272 -0.1261307172888266 0.043853992003095574 -0.11167242754586544 -0.026885735623599704 -0.07241852915470096 -0.11874272409778812 -0.6952896100969124 -2.966540999057493 -1.0498471667058547 -0.2238536526657841 -0.18820889941418423 -0.017685699848408287 -0.05255551175929576 0.039475539264063164 -0.16341847233991041 -0.21274108708357686 -0.9071729957805907 -6.026988297110103 -2.2764127764127764 -0.35173424523693203 -0.23063640848544656 0.02233527732969351 -0.17473981755107287 0.02774309890414759 0.007663814024779664 -0.10184746565608718 -0.30123339658444026 -1.4409722222222223 -0.5413776015857282 -0.1683748169838946 -0.1021437578814628 -0.0782137000126151 -0.10993377483443707 -0.13233287858117326 -0.014834961058227222 0.006779661016949154 -0.016914749661705003 -0.08670520231213871 -0.07059654076950231 0.06564812604440201 -0.08520622375895283 0.14394792840155213 -0.019083969465648852 0.17270929466051416
0.05594065426243463 0.0011120996441281133 0.011215791834903547 -0.06630991158678454 -0.007174458926222646 1.3877787807814458e-18 -0.008606910119267185 0.10951150486034208 -0.043887956628372284 0.07820136852394918 -0.0025756600128783004 -0.020706455542021922 -0.07826610475617099 -0.07286649376312214 -0.09419743782969105 -0.06494302168851858 -0.021172422919147813 0.0025769875016106196 -0.054362238133121174 -0.033533603465139034 0.012700025400050798 0.0073179656055616495 -0.043051901458981114 -0.15124234785740007 -0.10179412138948976 0.02922861863006735 -0.1575950205270825 0.16048273205803057 -0.0708461435636947 0.1755658734764945 0.07979407979407979 0.0687774220324914 -0.026328386787936815 -0.08765432098765431 -0.036065166024126356 0.036520151297769664 0.12318642211880645 0.09042553191489361 0.09940632334667956 0.03077825003664077 -0.03390256152687092 -0.07931112621799229 -0.18365472910927458 -0.5849716560125438 -0.34512195121951217 -0.16146924688771108 -0.12358262199006242 0.032245582355217337 -0.10103695825578303 -0.03584764749813294 -0.08490448245723561 -0.13038416763678698 -0.8553076402974984 -3.695805843543827 -1.1603573947801553 -0.23227825249729211 -0.19070173251900785 -0.015159171298635676 -0.06438050190513729 0.04229522064006767 -0.15494492192228543 -0.20806545879602573 -0.90014064697609 -5.68426080726057 -1.995085995085995 -0.31387396189545674 -0.20350271336951167 0.03598461347561732 -0.16446100475395092 0.045776113191843534 0.014050325712096055 -0.09474182851729038 -0.2597248576850095 -1.0912698412698412 -0.30971258671952434 -0.15617374328940947 -0.07440100882723834 -0.07442916614103696 -0.07152317880794704 -0.12414733969986358 -0.003708740264556807 0.0056497175141242955 -0.004510599909788001 -0.04094412331406551 -0.032945052359101064 0.06803533062783482 -0.06791800444554211 0.1426962072850169 -0.006361323155216282 0.18457481872116016
0.046211844825489484 -0.0011120996441281125 0.013458950201884251 -0.05700325732899023 0.0023914863087408852 -0.007032348804500701 -0.0036886757654002234 0.10705057216685124 -0.028398089583064418 0.0837871805613741 -0.0077269800386349004 -0.031668696711327646 -0.09151113786875377 -0.0827466963072743 -0.10173323285606632 -0.06494302168851858 -0.027788805081381502 0.014173431258858398 -0.043754972155926816 -0.019561268687997763 0.008890017780035559 0.012196609342602756 -0.03707247070078929 -0.15964470051614454 -0.08779742969843492 0.015249714067861228 -0.15494636471990464 0.14379252792399538 -0.07084614356369469 0.1668601276842716 0.07207207207207207 0.06166251630499229 -0.039492580181905226 -0.1 -0.04352692451187663 0.014347202295552369 0.10949904188338352 0.07579787234042552 0.10492889686593954 0.035175142899018026 -0.04143646408839778 -0.08384319057330614 -0.25711662075298436 -0.6874924617054639 -0.41707317073170735 -0.17502773326759524 -0.15033762262708625 0.042564168708886886 -0.11167242754586545 -0.026885735623599704 -0.11112498439255838 -0.13387660069848664 -1.032228983547442 -4.488689915174364 -1.2367740418528097 -0.23107473823564811 -0.18945531596659604 -0.012632642748863065 -0.059124950729207724 0.049344424080078955 -0.14889238590969617 -0.1800116890707189 -0.8497421472105018 -5.015524241700502 -1.646191646191646 -0.26868588177821195 -0.17760236803157375 0.04715225214046408 -0.1349094179622254 0.05271188791788043 0.02043683739941244 -0.07816200852676457 -0.21940227703984821 -0.8643353174603174 -0.17963330029732408 -0.12689116642264522 -0.064312736443884 -0.06055254194525041 -0.051655629139072845 -0.1159618008185539 -0.007417480529113609 0.009039548022598869 -0.011276499774470001 -0.004816955684007698 -0.002353218025650074 0.07877775125328242 -0.041985675475426025 0.15145825510076355 0.02035623409669211 0.1964403427818062
0.04377964246625319 0.0011120996441281155 0.011215791834903545 -0.04536993950674732 -0.0011957431543704433 0.010548523206751056 -0.011066027296200664 0.11320290390057833 -0.03227055634439139 0.09635525764558024 -0.0038634900193174502 -0.03288672350791718 -0.10114388922335944 -0.09262689885142646 -0.10675709620698318 -0.06494302168851858 -0.03572846367606193 0.01159644375724778 -0.053036329885971886 -0.022355735643426026 6.938893903907229e-19 0.026832540553726063 -0.06099019373355656 -0.1464410034809747 -0.10052169487212112 0.035582666158342866 -0.15627069262349355 0.1450763897804596 -0.07752974201309984 0.16540917005223446 0.07207207207207207 0.05573342819874303 -0.06342747726184778 -0.1074074074074074 -0.06466857356050242 0.016955784531107347 0.09718039967150288 0.07446808510638299 0.0925031064476046 0.041037666715521025 -0.03264691109994978 -0.09177430319510536 -0.3305785123966942 -0.8442889880593416 -0.4853658536585366 -0.18365586096388514 -0.1554338132246146 0.04772346188572166 -0.1276256314809891 -0.025392083644510826 -0.12361093769509301 -0.13969732246798602 -1.1899932386747802 -5.217954759660698 -1.3131906889254643 -0.2274641954507161 -0.2181228966720678 -0.021475492673067212 -0.09591380896071475 0.05639362752009023 -0.13073477787192833 -0.1554646405610754 -0.7852789498359118 -4.350370193455936 -1.3157248157248158 -0.21739130434782608 -0.15293537247163297 0.05956073954584936 -0.11949119876654249 0.0679705923151616 0.029377953761655383 -0.0556608242539081 -0.18738140417457302 -0.6312003968253966 -0.10777998017839444 -0.09150805270863835 -0.056746532156368226 -0.04919894033051596 -0.060927152317880796 -0.11186903137789908 -0.0037087402645568047 0.02033898305084746 -0.013531799729364002 0.043352601156069356 6.938893903907229e-19 0.10384339937932681 -0.046925166707829084 0.16272374514958068 0.016539440203562343 0.20830586684245223
0.04499574364587134 0.00556049822064057 0.015702108568864965 -0.0593299208934388 -0.0035872294631113253 0.012892639474917955 -0.023361613180868067 0.11074197120708748 -0.03614302310571835 0.08937299259879906 -0.00901481004507405 -0.013398294762484775 -0.10957254665863939 -0.09633197480548353 -0.11178095955790002 -0.05881632152922437 -0.04234484583829561 0.009019456255637163 -0.0530363298859719 -0.015369568254855387 -0.005080010160020319 0.01707525307964386 -0.07175316909830184 -0.1512423478574001 -0.10179412138948976 0.029228618630067354 -0.1443517414911932 0.13737321864167415 -0.06148910573452745 0.15235055136390016 0.07979407979407979 0.04506106960749436 -0.07180469123982766 -0.1222222222222222 -0.07586121129212783 0.007825746706664928 0.0917054475773337 0.061170212765957445 0.10078696672649454 0.04396892862377253 -0.030135610246107485 -0.08950827101744845 -0.4005968778696052 -1.034857073935593 -0.5573170731707316 -0.19967952668556638 -0.16817428971843545 0.04772346188572166 -0.13427279978729062 -0.041822255414488425 -0.14109127231864155 -0.14668218859138532 -1.331981068289385 -5.8258718190386425 -1.3625675993416415 -0.2250571669274281 -0.2330798953010096 -0.03158160687215766 -0.1116804624885035 0.039475539264063164 -0.10652463382157122 -0.12741087083576857 -0.6856540084388187 -3.549080487222356 -1.014742014742015 -0.17708842208109427 -0.1356684755796744 0.0744509244323117 -0.10021842477193883 0.07213205715078375 0.038319070123898326 -0.03671245855045002 -0.1601043643263757 -0.5319940476190476 -0.06318136769078296 -0.08052708638360176 -0.056746532156368226 -0.047937429039989904 -0.06490066225165562 -0.12824010914051845 -0.007417480529113609 0.013559322033898308 -0.013531799729364006 0.04937379576107901 0.0035298270384751147 0.10384339937932681 -0.04692516670782908 0.15521341845036926 0.02290076335877863 0.2017139090309822
0.04499574364587134 0.023354092526690396 0.024674742036787795 -0.0476966030711959 -0.0011957431543704413 0.024613220815752464 -0.02950940612320177 0.13042943275501415 -0.0348522008519427 0.10473397570171765 -0.00901481004507405 -0.014616321559074302 -0.1119807344972908 -0.10003705075954059 -0.11052499372017081 -0.056365641465506676 -0.04631467513563583 0.01159644375724778 -0.04110315566162821 -0.011177867821713008 -0.007620015240030481 0.018294914013904134 -0.06577373834011002 -0.1416396591045493 -0.09161470925054079 0.049561570720548995 -0.12713547874453712 0.15791500834510208 -0.04411174976607406 0.1625072547881602 0.08236808236808237 0.05691924581999288 -0.07659167065581618 -0.12469135802469133 -0.08705384902375327 0.01956436676666232 0.0903367095537914 0.08377659574468085 0.10492889686593954 0.06155650007328155 -0.03139126067302863 -0.10083843190573305 -0.4866850321395776 -1.2784947533470026 -0.6207317073170732 -0.19474916800197217 -0.18728500445916677 0.06707081129885206 -0.15022600372241424 -0.013442867811799852 -0.15857160694219005 -0.1490104772991851 -1.4379084967320264 -6.2264373232799235 -1.3543381142722786 -0.2009868816945481 -0.2231085628817151 -0.01515917129863567 -0.11430823807646825 0.049344424080078955 -0.083524996973732 -0.09701928696668613 -0.5766526019690578 -2.720324814903272 -0.7825552825552824 -0.14289203712750365 -0.1110014800197336 0.10174959672415933 -0.06681228318129256 0.08600360660285754 0.04853748882360454 -0.011842728564661299 -0.1316413662239089 -0.45138888888888884 -0.02601585728444003 -0.04514397266959493 -0.04791929382093317 -0.022707203229468908 -0.058278145695364235 -0.10777626193724421 -0.012362467548522684 0.012429378531073445 -0.010148849797023005 0.0578034682080925 0.014119308153900455 0.113392217713058 -0.03087182020251914 0.16397546626611592 0.044529262086514 0.1977587343441002
0.04499574364587134 0.008896797153024914 0.020188425302826378 -0.06398324802233597 -0.001195743154370442 0.010548523206751056 -0.024591171769334806 0.1119724375538329 -0.04130631212082097 0.094958804636224 -0.006439150032195749 -0.018270401948842878 -0.12642986152919927 -0.10991725330369276 -0.1180607887465461 -0.07229506187967162 -0.055577610162763004 0.0012884937508053098 -0.038451339167329616 -0.01816403521028364 -0.01016002032004064 0.01707525307964386 -0.06816551064338675 -0.12003360941063497 -0.0928871357679094 0.0609988562714449 -0.11654085551582571 0.16048273205803054 -0.029407833177382704 0.1697620429483459 0.08365508365508365 0.048618522471243916 -0.0861656294877932 -0.1506172839506173 -0.10073373958462876 0.009130037824442416 0.08896797153024912 0.07180851063829788 0.10354825348612454 0.05862523816503005 -0.02636865896534405 -0.12236573759347383 -0.609504132231405 -1.630683874080328 -0.7 -0.21200542339455195 -0.19875143330360553 0.05030310847413903 -0.15820260568997604 -0.029873039581777443 -0.17105756024472468 -0.15832363213038417 -1.5325670498084292 -6.371347785108388 -1.3390547848577476 -0.1973763389096161 -0.22186214632930326 -0.03158160687215766 -0.12613322822230982 0.028196813760045115 -0.0653673889359642 -0.09117475160724721 -0.46413502109704663 -1.9847145927871988 -0.5429975429975429 -0.1245725451880801 -0.0826344351258017 0.107953840426852 -0.04240010278812798 0.09293938132889443 0.06003320986077405 -0.013027001421127431 -0.1102941176470588 -0.37698412698412703 0.006194251734390485 -0.03538311371400684 -0.039092055485498114 -0.02270720322946891 -0.051655629139072845 -0.09822646657571625 -6.938893903907229e-19 0.015819209039548025 -0.0022552999548940008 0.049373795761079003 0.014119308153900459 0.11219861542134162 -0.027167201778216844 0.1664789084991864 0.03435114503816794 0.1977587343441002
0.042563541286635045 1.3877787807814458e-18 0.030282637954239567 -0.06863657515123314 -0.007174458926222649 0.012892639474917955 -0.03811631624246896 0.1119724375538329 -0.05679617916612882 0.08797653958944282 -0.0154539600772698 -0.01218026796589525 -0.12040939193257075 -0.10744720266765469 -0.12057272042200454 -0.0661683617203774 -0.07013365091967712 1.0408340855860842e-18 -0.049058605144523995 -0.016766801732569513 -0.006350012700025401 0.001219660934260277 -0.06338196603683328 -0.11163125675189053 -0.09670441532001525 0.057186427754479595 -0.11918951132300357 0.168185903196816 -0.029407833177382704 0.1625072547881602 0.08236808236808235 0.04031779912249496 -0.10651029200574438 -0.18271604938271607 -0.11441363014550429 0.005217164471109955 0.08212428141253764 0.07180851063829788 0.09664503658704957 0.057159607210904295 -0.03515821195379206 -0.14502605937004306 -0.7862718089990818 -2.1058979616451574 -0.7939024390243903 -0.22679649944533464 -0.23060262453815775 0.042564168708886886 -0.19409731454400422 -0.03435399551904406 -0.16231739293295044 -0.16065192083818391 -1.5460897002479155 -6.22525918944392 -1.2638137785092876 -0.18774822481646408 -0.21563006356724418 -0.021475492673067205 -0.1313887793982394 0.03383617651205414 -0.04842028810071419 -0.0841613091759205 -0.3516174402250351 -1.39479340816814 -0.3660933660933662 -0.11480214948705422 -0.061667488899852005 0.09678620176200521 -0.02569703199280482 0.07629352198640588 0.061310512198237334 -0.010658455708195166 -0.08183111954459202 -0.3162202380952381 0.024777006937561942 -0.02562225475841875 -0.04413619167717529 -0.0025230225810520994 -0.05562913907284768 -0.08185538881309687 0.006181233774261342 0.02146892655367232 0.015787099684258003 0.034922928709055875 0.017649135192375574 0.113392217713058 -0.03087182020251914 0.17398923519839782 0.03053435114503817 0.1885299934080422
0.043779642466253196 -0.0022241992882562267 0.022431583669807093 -0.07910656119125174 -0.005978715771852207 -0.0011720581340834493 -0.03073896471166851 0.09597637504614251 -0.05550535691235318 0.07121910347716799 -0.0154539600772698 -0.0060901339829476245 -0.12763395544852502 -0.09756700012350254 -0.11429289123335844 -0.053914961401788995 -0.06484054518989017 0.006442468754026544 -0.05038451339167329 -0.009780634343998881 -0.00889001778003556 -0.0012196609342602735 -0.08490791676632384 -0.1056295762813588 -0.10942868049370147 0.0508323802262041 -0.1258111508409482 0.16176659391449477 -0.04010159069643097 0.1465467208357516 0.06949806949806948 0.02608798766749674 -0.15078985160363811 -0.21358024691358027 -0.15545330182813083 -0.011738620059997392 0.07254311524774158 0.05186170212765958 0.08698053292834461 0.041037666715521025 -0.04520341536916124 -0.1506911398141854 -1.0009182736455464 -2.690869617657701 -0.878048780487805 -0.23788980648342167 -0.24079500573321438 0.033535405649426024 -0.2153682531241691 -0.02837938760268857 -0.1598202022724435 -0.14435389988358555 -1.5122830741492002 -5.794062205466541 -1.1627086762285446 -0.16728848236851607 -0.20565873114794964 -0.025265285497726126 -0.1287610038102746 0.03524601720005639 -0.027841665657910665 -0.05844535359438925 -0.2590248476324425 -0.9326486744685936 -0.24324324324324328 -0.08182706399609184 -0.032067094227923046 0.1091946891673905 -0.008993961197481687 0.09293938132889443 0.0740835355728701 0.008289909995262907 -0.05929791271347249 -0.25793650793650796 0.06442021803766104 -0.009760858955588092 -0.010088272383354349 0.0037845338715781496 -0.03443708609271524 -0.07094133697135062 0.007417480529113611 0.02824858757062147 0.004510599909788001 0.021676300578034685 0.015295917166725497 0.12174743375507283 -0.024697456162015317 0.17023407184879208 0.030534351145038163 0.18061964403427816
0.05350845190319835 0.001112099644128115 0.03028263795423957 -0.09190321079571892 0.008370202080593091 -0.004688232536333803 -0.004918234353866962 0.09228497600590625 -0.03614302310571834 0.06284038542103058 -0.010302640051513198 0.0012180267965895247 -0.13726670680313066 -0.09386192416944547 -0.11052499372017081 -0.04778826124249479 -0.05822416302765647 0.021904393763690244 -0.049058605144523995 0.011177867821713008 -0.00889001778003556 0.00853762653982193 -0.07773259985649365 -0.09962789581082702 -0.0979768418373839 0.05083238022620409 -0.10991921599788108 0.17460521247913724 -0.022724234727977542 0.16105629715612305 0.06177606177606178 0.02253053480374718 -0.1938726663475347 -0.2518518518518518 -0.18281308294988183 -0.020868657884439805 0.07938680536545306 0.057180851063829786 0.09250310644760458 0.030778250036640774 -0.06027122049221497 -0.16428733288012692 -1.2316345270890727 -3.2758412736702445 -0.9634146341463415 -0.245285344508813 -0.2535354822270353 0.03611505223784342 -0.23265089072055306 -0.025392083644510826 -0.15232863029092272 -0.12922002328288704 -1.426639621365788 -5.234448633364751 -1.0216317893251823 -0.15043928270550008 -0.1794839835473015 -0.015159171298635676 -0.10248324793062671 0.04088537995206541 -0.020578622442803535 -0.04675628287551141 -0.18635724331926867 -0.6138046333890612 -0.1683046683046683 -0.059843673668783584 -0.01110014800197336 0.12780742027546843 0.006424257998201209 0.10264946594534607 0.08941116362242943 0.022501184272856467 -0.040322580645161296 -0.2058531746031746 0.089197224975223 0.007320644216691069 0.01639344262295082 0.015138135486312602 -0.019867549668874173 -0.06002728512960437 0.01607120781307949 0.04067796610169492 -0.0022552999548940008 0.01685934489402698 0.03176844334627603 0.1384578658391024 -0.007409236848604594 0.17899611966453874 0.041984732824427475 0.1885299934080422
0.054724553082816485 0.0022241992882562284 0.04598474652310454 -0.09306654257794324 0.013153174698074855 -4.163336342344337e-18 0.002459117176933481 0.10212870677986959 -0.028398089583064407 0.07121910347716799 -0.0154539600772698 0.0024360535931790507 -0.13485851896447923 -0.08398172162529333 -0.1092690278824416 -0.044112241146918266 -0.04631467513563584 0.02448138126530086 -0.03314770617873243 0.01676680173256951 -0.012700025400050802 0.010976948408342482 -0.08490791676632384 -0.08522386268155083 -0.10815625397633286 0.0559156182488245 -0.11256787180505892 0.19257927846963666 -0.024060954417858573 0.1755658734764945 0.045045045045045036 0.0071149057274991125 -0.23815222594542845 -0.30987654320987656 -0.22758363387638353 -0.026085822355549758 0.07528059129482619 0.06648936170212766 0.07869667264945465 0.030778250036640774 -0.08915118031140132 -0.18354860639021076 -1.4577594123048667 -3.959715353998311 -1.048780487804878 -0.25021570319240727 -0.2700981016690024 0.029665935766799944 -0.24328636001063547 -0.020911127707244213 -0.14733424896990885 -0.11990686845168799 -1.2993013297272933 -4.5311027332705 -0.8805549024218198 -0.12757251173426407 -0.15829490215630063 -0.006316321374431534 -0.08014715543292601 0.045114902016072184 -0.019368115240285682 -0.03974284044418469 -0.11134552273792779 -0.44184380224504416 -0.1203931203931204 -0.04763067904250122 -0.00986679822397632 0.1352525127186996 0.006424257998201209 0.10819808572617559 0.09324307063481926 0.021316911416390333 -0.017789373814041744 -0.1736111111111111 0.10530227948463826 0.018301610541727673 0.03783102143757881 0.025230225810521 0.006622516556291392 -0.054570259208731244 0.012362467548522684 0.04745762711864407 -0.001127649977447002 0.022880539499036612 0.041181315448876335 0.1480066841728336 -0.0012348728081007648 0.19026160971335584 0.04452926208651399 0.1832564271588662
0.04499574364587133 0.004448398576512457 0.029161058770749215 -0.10237319683573753 0.007174458926222649 -0.0023441162681669 6.938893903907229e-19 0.09966777408637875 -0.030979734090615718 0.07401200949588047 -0.025756600128783003 0.0048721071863581005 -0.13726670680313063 -0.07286649376312217 -0.11303692539562923 -0.044112241146918266 -0.04763795156808257 0.028346862517716787 -0.049058605144523995 0.008383400866284755 -0.013970027940055882 0.010976948408342485 -0.09806266443434583 -0.09242587924618893 -0.11833566611528183 0.04701995170923878 -0.11786518341941463 0.19001155475670817 -0.033417992247025796 0.16831108531630876 0.03217503217503217 -0.00711490572749911 -0.308760172331259 -0.39753086419753086 -0.27359781121751026 -0.044345898004434586 0.06296194908294553 0.05851063829787234 0.05798702195222975 0.024915726220137772 -0.12305374183827222 -0.19714479945615232 -1.659779614325069 -4.66650584971656 -1.126829268292683 -0.2514482928633058 -0.30577143585170086 0.024506642589965176 -0.2791810688646636 -0.025392083644510826 -0.1311025096766138 -0.10477299185098951 -1.1426639621365788 -3.8006597549481627 -0.7347754526216789 -0.10350222650138405 -0.13585940421288795 -1.3877787807814458e-18 -0.055183287347260544 0.04793458339207669 -0.026631158455392812 -0.028053769725306838 -0.07266760431317393 -0.26630045378552664 -0.08845208845208846 -0.039081582804103565 -0.008633448445979283 0.1352525127186996 0.00899396119748169 0.10681093078096823 0.08685655894750287 0.033159639981051627 -0.017789373814041748 -0.1264880952380952 0.10406342913776016 0.03660322108345535 0.044136191677175286 0.034060804844203346 0.005298013245033112 -0.04911323328785812 0.00988997403881815 0.04745762711864407 0.0011276499774469997 0.007225433526011561 0.03882809742322626 0.14323227500596802 -0.007409236848604593 0.18275128301414445 0.03307888040712467 0.1674357284113382
0.03769913656816247 -0.004448398576512457 0.01906684611933603 -0.11284318287575616 -0.008370202080593086 -0.005860290670417251 -0.025820730357801545 0.09105450965916081 -0.050342067897250556 0.06284038542103058 -0.039922730199613655 -0.0024360535931790494 -0.15051173991571343 -0.07657156971717921 -0.12182868625973373 -0.05023894130621247 -0.05425433373031626 0.011596443757247776 -0.06099177936886767 -0.008383400866284758 -0.031750063500127004 -0.007317965605561652 -0.12795981822530494 -0.13203697035169848 -0.1450566229800229 0.024145380607446944 -0.1258111508409482 0.17717293619206573 -0.036091431626787865 0.1596053395240859 0.016731016731016728 -0.018973081939997628 -0.4188606988989948 -0.6444444444444445 -0.33329187911951247 -0.056084518064431974 0.05201204489460718 0.05319148936170213 0.042799944774264805 0.016121940495383263 -0.1443997990959317 -0.2084749603444369 -1.8124426078971532 -5.126040284646002 -1.1524390243902438 -0.2539134722051029 -0.3146897693973755 0.005159293176834771 -0.29380483913852695 -0.03734129947722181 -0.11487077038331875 -0.09545983701979045 -0.9758846067162498 -2.981856738925542 -0.6172113802022102 -0.09628114093152004 -0.12838090489841705 -0.00631632137443153 -0.03810274602548941 0.0479345833920767 -0.0242101440503571 -0.02688486265341905 -0.053914674167838725 -0.22808693575352276 -0.0724815724815725 -0.02564728871519296 -0.004933399111988163 0.13773421019977666 0.00770910959784145 0.109585240671383 0.08685655894750288 0.027238275698720983 -0.016603415559772298 -0.1277281746031746 0.09786917740336967 0.02440214738897023 0.04287515762925599 0.015138135486312602 -0.0026490066225165554 -0.06821282401091407 0.0012362467548522687 0.04293785310734463 -0.005638249887235001 0.006021194605009635 0.03294505235910107 0.14323227500596797 -0.018523092121511486 0.18149956189760924 0.02544529262086514 0.1634805537244562
0.03648303538854432 -0.004448398576512457 0.004486316733961419 -0.1105165193113076 -0.014348917852445294 -0.016408813877168308 -0.019672937415467846 0.07751937984496123 -0.045178778882147934 0.04887585532746823 -0.051513200257566005 -0.019488428745432402 -0.15894039735099336 -0.07533654439916018 -0.1281085154483798 -0.06739370175223625 -0.04499139870318909 -0.010307950006442468 -0.05436223813312119 -0.03632807042056728 -0.034290068580137154 -0.021953896816684963 -0.1494857689547955 -0.16084503661025087 -0.16668787377528949 0.006354047528275517 -0.13640577406965965 0.1758890743356015 -0.04678518914583611 0.16105629715612307 0.0012870012870012854 -0.039131981501245104 -0.5768310196266156 -0.9790123456790123 -0.400447705509265 -0.08347463153775922 0.035587188612099654 0.03457446808510639 0.028993510976114873 -0.007328154770628756 -0.16197890507282775 -0.21414004078857923 -1.9065656565656564 -5.39741888795079 -1.1390243902439023 -0.24775052385061008 -0.3146897693973755 -0.009028763059460853 -0.29247540547726675 -0.041822255414488425 -0.08989886377824946 -0.08381839348079162 -0.8169934640522876 -2.198397737983035 -0.5008229485069362 -0.06980382717535202 -0.1009597407453571 0.007579585649317838 -0.02233609249770069 0.05075426476808122 -0.022999636847839244 -0.021040327293980133 -0.05157055789967183 -0.1862909004060186 -0.05896805896805897 -0.02442598925256473 0.0012333497779970393 0.12656657153492987 0.011563664396762175 0.09848800110972394 0.08941116362242943 0.01539554713405969 -0.020161290322580645 -0.11904761904761904 0.09291377601585728 0.021961932650073207 0.05800756620428751 0.007569067743156302 0.01324503311258278 -0.07230559345156891 0.0024724935097045373 0.04293785310734463 -0.004510599909788003 -0.001204238921001926 0.03529827038475115 0.13368345667223677 -0.0061743640405038285 0.17148579296532732 0.026717557251908396 0.14634146341463414
0.029186428310835462 0.002224199288256227 -0.002243158366980707 -0.10237319683573756 -0.03108932201363147 -0.008204406938584152 -0.031968523300135256 0.0972068413928879 -0.06970440170388538 0.06284038542103058 -0.050225370251126854 -0.023142509135200974 -0.15773630343166767 -0.06422131653698901 -0.12936448128610903 -0.06984438181595393 -0.03969829297340215 -0.00901945625563716 -0.053036329885971886 -0.040519770853709655 -0.031750063500127 -0.02317355775094524 -0.15666108586462568 -0.1932541111511223 -0.18577427153581882 0.0063540475282755195 -0.14567606939478214 0.18230838361792273 -0.05881566635476541 0.17411491584445735 -0.02059202059202059 -0.06166251630499229 -0.7575394925801818 -1.4345679012345678 -0.4750652903867678 -0.0965175427155341 0.019162332329592115 0.04521276595744681 0.016567720557779924 -0.007328154770628756 -0.16951280763435464 -0.21187400861092232 -1.9432966023875113 -5.504764202146907 -1.1085365853658535 -0.22802908911623318 -0.31341572174799337 -0.0077389397652521605 -0.2991225737835682 -0.031366691560866314 -0.06617555250343364 -0.06635622817229338 -0.6457065584854631 -1.5209707822808671 -0.3856101575358571 -0.046937056204116034 -0.0785242428019444 0.027791814047498736 -0.018394429115753515 0.07613139715212182 -0.026631158455392812 -0.022209234365867917 -0.03164556962025317 -0.16001910675901598 -0.044226044226044224 -0.008549096238397655 0.007400098667982244 0.1402159076808537 0.006424257998201207 0.10819808572617559 0.09579767530974583 0.020132638559924206 -0.016603415559772298 -0.12276785714285714 0.09415262636273539 0.02806246949731576 0.05800756620428751 0.010092090324208405 0.010596026490066227 -0.0654843110504775 0.00865372728396588 0.05084745762711864 0.0022552999548940003 0.01685934489402698 0.04000470643605129 0.1444258772976844 -0.0012348728081007657 0.1840030041306797 0.011450381679389311 0.15688859591298615
0.04013133892739876 -0.0033362989323843435 0.0 -0.10469986040018613 -0.01674040416118618 -0.007032348804500701 -0.01844337882700111 0.10458963947336039 -0.06454111268878276 0.06284038542103058 -0.05280103026400514 -0.015834348355663823 -0.1661649608669476 -0.06422131653698901 -0.1281085154483798 -0.0722950618796716 -0.041021569405848876 -0.010307950006442468 -0.058339962874569086 -0.040519770853709655 -0.03937007874015748 -0.04268813269910964 -0.19732121502033007 -0.2460688992918017 -0.22012978750477163 -0.025416190113102043 -0.16554098794861608 0.16305045577095903 -0.07218286325357572 0.16105629715612305 -0.03346203346203346 -0.08063559824498992 -0.983724269985639 -1.891358024691358 -0.5471956224350205 -0.11738620059997391 0.01368738023542294 0.038563829787234036 0.00828386027888996 -0.014656309541257512 -0.1695128076343546 -0.1994108316338092 -1.920339761248852 -5.415510794837775 -1.0597560975609754 -0.21940096141994325 -0.308319531150465 -0.01418805623629563 -0.30311087476734916 -0.040328603435399554 -0.0461980272193782 -0.05005820721769501 -0.49357674104124405 -0.988454288407163 -0.28920761815189283 -0.02527379949452402 -0.06481366072541443 0.045477513895907026 -0.009197214557876757 0.08459044128013535 -0.019368115240285682 -0.01168907071887785 -0.003516174402250355 -0.13732983042751373 -0.01965601965601966 0.009770395701025891 0.016033547113961523 0.14890184886462343 0.002569703199280482 0.11374670550700512 0.0970749776472091 0.020132638559924206 -0.021347248576850095 -0.13268849206349206 0.09786917740336967 0.025622254758418738 0.061790668348045384 0.003784533871578151 0.009271523178807948 -0.07366984993178718 0.013598714303374953 0.05988700564971751 0.006765899864682001 0.010838150289017343 0.03882809742322626 0.15636190021484841 -0.007409236848604593 0.19652021529603206 0.006361323155216284 0.1740276862228082
0.049860148364343916 0.012233096085409251 0.019066846119336026 -0.09888320148906468 0.002391486308740884 0.008204406938584156 -0.00491823435386696 0.1255075673680325 -0.03227055634439138 0.08658008658008658 -0.04249839021249195 -0.02557856272838003 -0.16977724262492472 -0.07039644312708411 -0.12057272042200454 -0.07964710207082465 -0.019849146486701073 -0.01675041876046901 -0.045080880403076104 -0.04471147128685203 -0.034290068580137154 -0.040248810830589093 -0.23439368572111935 -0.30488536790301285 -0.2417610383000382 -0.03431185665268776 -0.17481128327373857 0.16305045577095906 -0.07619302232321881 0.1596053395240859 -0.047619047619047616 -0.09960868018498754 -1.2158927716610817 -2.4679012345679014 -0.6255440865563985 -0.1317334028955263 0.0013687380235422957 0.041223404255319146 0.005522573519259976 0.0014656309541257518 -0.15695630336514316 -0.18921368683435308 -1.8112947658402203 -5.208056929200337 -0.975609756097561 -0.2021447060273635 -0.2866607211109695 0.0 -0.29247540547726675 -0.029873039581777443 -0.0249719066050693 -0.03143189755529686 -0.3617308992562542 -0.5984919886899152 -0.20103456383729132 0.004814057046575998 -0.03739249657235448 0.07074279939363315 0.013138877939823938 0.10291837022416468 -0.009684057620142843 0.0023378141437755684 0.011720581340834504 -0.13255314067351326 -0.0012285012285012276 0.023204689789936492 0.02960039467192896 0.15882863878893164 0.021842477193884106 0.12345679012345676 0.10729339634691533 0.023685457129322594 -0.014231499051233396 -0.15625 0.11149653121902874 0.020741825280624696 0.0781841109709962 0.002523022581052102 0.026490066225165566 -0.08185538881309687 0.022252441587340833 0.05649717514124294 -0.006765899864682004 0.01565510597302505 0.04706436051300152 0.17187873000716164 0.0012348728081007648 0.21028914757791967 0.027989821882951647 0.1832564271588662
0.049860148364343916 0.021129893238434165 -1.3877787807814458e-18 -0.10004653327128896 0.007174458926222646 0.011720581340834507 0.023361613180868067 0.13658176448874124 -0.011617400283980898 0.09775171065493647 -0.020605280103026404 -0.028014616321559077 -0.17579771222155327 -0.08027664567123625 -0.1180607887465461 -0.08209778213454233 -0.011909487892020641 -0.006442468754026541 -0.043754972155926816 -0.04191700433142378 -0.03937007874015748 -0.04268813269910965 -0.2810332456350155 -0.3613011643260113 -0.276116554268991 -0.033041047147032654 -0.1801085948880943 0.1591988702015663 -0.0708461435636947 0.17121300058038308 -0.07464607464607464 -0.11265267401873591 -1.4348970799425562 -3.1271604938271604 -0.7163288148240268 -0.14868918742663362 -0.01779359430604982 0.041223404255319146 -0.011045147038519948 0.007328154770628756 -0.1494224008036163 -0.16088828461364152 -1.6345270890725434 -4.750934748522494 -0.876829268292683 -0.17379514359669668 -0.26755000637023824 0.0193473494131304 -0.2791810688646637 -0.01493651979088872 -0.002497190660506929 -0.0069848661233993 -0.2591841334234843 -0.34165881244109325 -0.13284740183399954 0.03610542784932001 -0.014956998628941792 0.07958564931783729 0.0420444094074366 0.10996757366417595 -0.012105072025178552 0.014026884862653416 0.01406469760900141 -0.12299976116551233 -0.0012285012285012285 0.0403028822667318 0.03453379378391712 0.17868221863754807 0.03212128999100604 0.13594118463032318 0.1136799080342317 0.026054002842254852 -0.014231499051233396 -0.16741071428571427 0.11892963330029734 0.03294289897510981 0.08701134930643126 0.007569067743156301 0.035761589403973504 -0.07776261937244203 0.037087402645568056 0.05423728813559322 -0.013531799729364006 0.02167630057803468 0.05177079656430168 0.19097636667462398 0.012348728081007657 0.22155463762673677 0.03689567430025446 0.2030323005932762
0.05594065426243464 0.02112989323843416 0.002243158366980709 -0.09422987436016753 0.008370202080593086 0.02109704641350211 0.025820730357801545 0.1501168943029408 -0.012908222537756555 0.11590559977656752 -0.03219575016097875 -0.02070645554202193 -0.18904274533413606 -0.0950969494874645 -0.146948003014318 -0.08577380223011885 -0.031758634378721715 -0.005153975003221232 -0.053036329885971886 -0.03353360346513902 -0.04826009652019304 -0.04878643737041102 -0.32049748863908156 -0.46813107670147647 -0.3206514823768927 -0.03939509467530817 -0.1840815785988611 0.16305045577095903 -0.07218286325357573 0.19007544979686594 -0.08494208494208492 -0.12213921498873473 -1.5892771661081855 -3.7777777777777777 -0.7897027732869046 -0.15260206077996608 -0.036955926635641935 0.042553191489361694 -0.028993510976114866 0.02198446431188627 -0.14063284781516824 -0.14276002719238615 -1.3946280991735536 -4.133397660113375 -0.775609756097561 -0.15037593984962408 -0.25735762517518157 0.029665935766799944 -0.26455729859080035 -0.0014936519790888698 0.017480334623548508 0.00349243306169965 -0.1881902186161821 -0.22855796418473137 -0.09522689865976958 0.052954627512336025 -0.01246416552411816 0.09221829206670036 0.04073052161345421 0.11419709572818271 -0.016947100835249966 0.009351256575102277 0.02695733708391936 -0.13135896823501314 0.004914004914004917 0.03663898387884709 0.03206709422792304 0.1749596724159325 0.028266735192085318 0.13871549452073798 0.11112530335930515 0.022501184272856464 -0.007115749525616698 -0.17981150793650794 0.11025768087215064 0.04026354319180088 0.06809583858764187 0.020184180648416806 0.023841059602649005 -0.06275579809004093 0.03461490913586352 0.05423728813559323 -0.009021199819576003 0.01926782273603083 0.052947405577126724 0.1897827643829076 0.013583600889108422 0.2190511953936663 0.03307888040712468 0.2030323005932762
0.05715675544205279 0.008896797153024912 0.004486316733961419 -0.0977198697068404 0.0071744589262226445 0.014064697609001402 0.014754703061600885 0.1427340962224683 -0.01936233380663483 0.1103197877391426 -0.0360592401802962 -0.040194884287454324 -0.1962673088500903 -0.12226750648388292 -0.16955538809344387 -0.10905526283543683 -0.05028450443297604 -0.03350083752093802 -0.07557677008750995 -0.06846444040799218 -0.06477012954025907 -0.05732406391023296 -0.40899306386032047 -0.6337774576881527 -0.4020867794884845 -0.05210318973185919 -0.22116275989935108 0.1450763897804596 -0.11094773426012565 0.16831108531630876 -0.08494208494208492 -0.128068303094984 -1.6658688367640018 -4.34320987654321 -0.8431787091157815 -0.15521064301552107 -0.06296194908294553 0.042553191489361694 -0.05936766533204474 0.029312619082515024 -0.11300853842290304 -0.12123272150464537 -1.1386593204775024 -3.483295139307683 -0.6609756097560975 -0.1232589670898558 -0.23442476748630398 0.03740487553205211 -0.24727466099441636 6.938893903907229e-19 0.023723311274815834 0.005820721769499418 -0.1431147171512283 -0.11663524976437326 -0.06818716200329179 0.061379227343844024 -0.009971332419294529 0.09221829206670036 0.03416108264354224 0.10996757366417595 -0.006052536012589275 0.004675628287551137 0.03750586029067041 -0.1241939336040124 0.022113022113022112 0.02564728871519296 0.035767143561914155 0.16255118501054722 0.03212128999100604 0.12484394506866417 0.10857069868437859 0.004737091425864521 -0.0011859582542694488 -0.20337301587301587 0.10654112983151635 0.03050268423621279 0.05170239596469104 0.0050460451621042015 0.007947019867549667 -0.08049113233287859 0.030906168871306712 0.04745762711864407 -0.009021199819576003 0.018063583815028903 0.03294505235910107 0.18142754834089284 -0.006174364040503827 0.20277882087870824 0.0025445292620865146 0.1858932102834542
0.052292350723580204 -0.006672597864768681 -0.002243158366980709 -0.1256398324802234 0.00837020208059309 0.007032348804500705 0.0036886757654002204 0.1365817644887412 -0.024525622821737453 0.10054461667364892 -0.033483580167417905 -0.0438489646772229 -0.22034918723660443 -0.16796344325058662 -0.18337101230846523 -0.131111383408896 -0.05425433373031626 -0.055405231284628265 -0.08618403606470433 -0.08802570909598995 -0.0825501651003302 -0.08171728259543846 -0.48911743602009083 -0.9182571119913575 -0.46825295839165293 -0.08895666539585716 -0.241027678453185 0.11939915265117473 -0.1376821280577463 0.1567034242600116 -0.0888030888030888 -0.1446697497924819 -1.7436572522738154 -4.775308641975309 -0.881731127969158 -0.18651362984218078 -0.07801806734191075 0.014627659574468085 -0.06765152561093471 -0.0014656309541257518 -0.0916624811652436 -0.10423748017221846 -0.8872819100091827 -2.746351465444458 -0.5463414634146341 -0.11832860840626158 -0.20766976684928012 0.029665935766799954 -0.21935655410795 -0.008961911874533232 0.03371207391684355 0.033760186263096625 -0.10818120351588911 -0.04594721960414703 -0.04820126969198213 0.08785654110001204 -0.01246416552411816 0.1048509348155634 0.026277755879647875 0.121246299168194 0.0048420288100714205 0.015195791934541203 0.03750586029067042 -0.12180558872701217 0.03931203931203932 0.02808988764044944 0.04810064134188456 0.1600694875294702 0.03983039958884748 0.11652101539741991 0.10601609400945204 0.01539554713405969 -0.005929791271347247 -0.21825396825396823 0.10406342913776016 0.03416300634455832 0.04035308953341741 0.007569067743156301 -2.2551405187698493e-18 -0.08458390177353343 0.030906168871306712 0.05084745762711864 -0.009021199819576003 -0.008429672447013488 0.025885398282150845 0.17904034375746006 -0.018523092121511483 0.20152709976217303 -0.005089058524173029 0.20039551746868822
0.05350845190319835 -0.008896797153024908 -0.001121579183490353 -0.14541647277803632 -0.004782972617481765 0.0011720581340834504 -0.01352514447313415 0.12919896640826872 -0.037433845359494 0.08378718056137412 -0.045074050225370255 -0.058465286236297195 -0.22998193859121008 -0.2062492281091762 -0.217282089927154 -0.15684352407793162 -0.07278020378457059 -0.07215565004509727 -0.09546539379474941 -0.10339527735084533 -0.10160020320040639 -0.1048908403463837 -0.5644582635733079 -1.2351458408354339 -0.5814989184374602 -0.12072690303723473 -0.26883856442855253 0.10784439594299652 -0.15906964309584282 0.14074289030760304 -0.09009009009009009 -0.1446697497924819 -1.7077549066539013 -4.7481481481481485 -0.881731127969158 -0.1943393765488457 -0.08212428141253762 0.003989361702127656 -0.04970316167333978 -0.019053202403634766 -0.07031642390758414 -0.08384319057330614 -0.642791551882461 -1.9503075624170787 -0.4353658536585365 -0.10723530136817454 -0.17964071856287425 0.03353540564942604 -0.18877957989896307 -0.008961911874533235 0.04120364589836434 0.04190919674039581 -0.0833896777101645 -0.00942507068803016 -0.02821537738067247 0.09267059814658804 -0.007478499314470896 0.10864072764022233 0.03284719484955985 0.12688566192020298 0.010894564822660695 0.017533606078316773 0.046882325363338015 -0.12299976116551228 0.03931203931203932 0.029311187103077674 0.048100641341884555 0.1625511850105472 0.04496980598740845 0.109585240671383 0.10346148933452551 0.0047370914258645196 -0.007115749525616699 -0.25173611111111105 0.09786917740336969 0.015861395802830653 0.023959646910466585 -0.002523022581052102 -0.01589403973509934 -0.10504774897680765 0.021016194832488566 0.050847457627118654 -0.006765899864682004 0.002408477842003854 0.025885398282150845 0.17904034375746 -0.023462583353914546 0.20653398422831395 -0.0050890585241730275 0.20039551746868817
0.04986014836434392 -0.006672597864768681 -0.014580529385374606 -0.1617031177291764 -0.01674040416118618 -0.0023441162681669013 -0.011066027296200664 0.12919896640826872 -0.03614302310571834 0.0754084625052367 -0.04764971023824856 -0.06699147381242387 -0.2504515352197471 -0.23712486105965175 -0.24868123587038435 -0.18135032471510845 -0.08204313881169777 -0.08632908130395567 -0.10474675152479448 -0.11597037865027246 -0.10287020574041147 -0.11098914501768506 -0.6338196603683329 -1.5316288560797022 -0.6654790685837894 -0.14233066463337146 -0.2834061713680307 0.10527667223006805 -0.167089961235129 0.13203714451538015 -0.08622908622908623 -0.12925412071623382 -1.6251795117280996 -4.525925925925926 -0.8444223355304065 -0.1799921742532933 -0.08075554338899534 0.006648936170212762 -0.04694187491370979 -0.013190678587131762 -0.046459065796082374 -0.05438477226376613 -0.42470156106519746 -1.3617175250271383 -0.33902439024390246 -0.08381609762110194 -0.14651547967894002 0.05159293176834775 -0.15155543738367458 0.011949215832710977 0.038706455237857415 0.05122235157159488 -0.06648636466080685 0.007068803016022621 -0.018810251587114975 0.10711276928631605 0.008724915866882713 0.12379989893885801 0.04467218499540139 0.12970534329620753 0.007263043215107132 0.028053769725306838 0.03867791842475386 -0.11941724385001193 0.034398034398034405 0.0366389838788471 0.04193389245189936 0.17371882367539399 0.04111525118848772 0.12206963517824942 0.09196576829735599 0.016579819990525817 -0.011859582542694497 -0.24677579365079363 0.09167492566897921 0.029282576866764276 0.020176544766708698 0.01639964677683865 -0.02251655629139073 -0.08458390177353345 0.019779948077636295 0.06553672316384182 -0.013531799729364007 0.01083815028901734 0.015295917166725504 0.18023394604917642 -0.023462583353914546 0.20903742646138443 -0.010178117048346055 0.2017139090309822
0.058372856621670924 -0.010008896797153024 -0.005607895917451768 -0.18031642624476502 -0.015544661006815738 -0.011720581340834505 -0.009836468707733925 0.13165989910175954 -0.03614302310571835 0.07820136852394918 -0.033483580167417905 -0.05481120584652862 -0.27212522576760984 -0.2667654686921082 -0.26752072343632255 -0.18747702487440265 -0.09395262670371841 -0.06829016879268135 -0.10076902678334661 -0.08662847561827583 -0.10160020320040639 -0.12684473716306863 -0.6685003587658455 -1.6828712039371023 -0.6998345845527421 -0.1664760452408184 -0.28473049927161964 0.0950057773783541 -0.17377355968453417 0.1363900174114916 -0.0694980694980695 -0.1007944978062374 -1.46242221158449 -4.206172839506173 -0.773535629896779 -0.15781922525107603 -0.06296194908294553 0.026595744680851068 -0.027612867596299877 0.008793785724754508 -0.013812154696132598 -0.03965556310899614 -0.2502295684113866 -0.9154504884814862 -0.25243902439024396 -0.07395538025391349 -0.11466428844438781 0.06449116471043467 -0.12097846317468759 0.01941747572815534 0.037457859907603946 0.058207217694994186 -0.06310570205093533 0.004712535344015081 -0.009405125793557487 0.10831628354796005 0.01495699862894179 0.12379989893885801 0.05649717514124294 0.1438037501762301 0.007263043215107132 0.03389830508474576 0.05625879043600562 -0.12180558872701219 0.05528255528255528 0.04152418172936003 0.0555007400098668 0.18612731108077923 0.05267891558524988 0.13316687473990846 0.1072933963469153 0.023685457129322594 -0.016603415559772298 -0.26041666666666663 0.10282457879088207 0.025622254758418738 0.02395964691046658 0.021445691938942853 -0.017218543046357615 -0.07503410641200547 0.024724935097045368 0.0632768361581921 -0.024808299503834008 0.00722543352601156 0.010589481115425348 0.18262115063260922 -0.034576438626821436 0.21529603204406061 -0.011450381679389316 0.22148978246539222
0.0632372613401435 -0.012233096085409251 -0.013458950201884248 -0.19427640763145648 -0.009565945234963527 -0.016408813877168308 0.00860691011926719 0.10951150486034207 0.001290822253775649 0.06842619745845553 -0.03734707018673535 -0.06090133982947625 -0.2805538832028898 -0.30999135482277385 -0.2851042451645315 -0.1948290650655557 -0.10321556173084559 -0.07215565004509727 -0.09413948554760011 -0.08243677518513345 -0.10795021590043179 -0.13050371996584947 -0.6936139679502512 -1.7416876725483132 -0.7061967171395852 -0.1677468547464735 -0.27943318765726394 0.09628963923481834 -0.1550594840261997 0.1494486360998259 -0.050193050193050204 -0.07589232775999051 -1.292484442316898 -3.7716049382716053 -0.6964307921900261 -0.13564627624885875 -0.046537092800438 0.023936170212765957 -0.015187077177964931 0.02345009526601202 0.006278252134605722 -0.03285746657602538 -0.13429752066115702 -0.5958268001447353 -0.19146341463414634 -0.06409466288672502 -0.09300547840489234 0.07480975106410423 -0.09438978994948152 0.03734129947722181 0.037457859907603946 0.06635622817229336 -0.0473292765382015 0.010603204524033932 0.018810251587114978 0.11914791190275606 0.0311604138102954 0.1212733703890854 0.086716594402838 0.14803327224023685 0.010894564822660695 0.04909409701928697 0.05508673230192217 -0.12538810604251252 0.06633906633906635 0.041524181729360045 0.06290083867784904 0.18364561359970216 0.07066683798021328 0.14010264946594536 0.10984800102184189 0.024869729985788725 -0.016603415559772298 -0.2690972222222222 0.09786917740336967 0.028062469497315768 0.031525851197982346 0.022707203229468904 -0.0026490066225165546 -0.06821282401091407 0.017307454567931757 0.07005649717514126 -0.01917004961659901 0.009633911368015415 0.014119308153900462 0.19097636667462398 -0.03828105705112374 0.21279258981099014 0.0050890585241730275 0.22940013183915622
0.059588957801289075 -0.01668149466192171 -0.017945266935845673 -0.2059097254536994 -0.017936147315556615 -0.025785278949835917 0.003688675765400219 0.08859357696566998 0.0038724667613269648 0.054461667364893177 -0.027044430135222154 -0.07551766138855054 -0.2733293196869355 -0.3470421143633445 -0.29766390354182365 -0.20585712535228526 -0.10453883816329232 -0.07988661254992913 -0.09413948554760011 -0.09361464300684645 -0.09779019558039115 -0.13660202463715088 -0.6828509925855057 -1.753691033489377 -0.6985621580353735 -0.1626636167238531 -0.2728115481393193 0.0950057773783541 -0.14302900681727043 0.1494486360998259 -0.04247104247104247 -0.05573342819874303 -1.0698898994734323 -3.332098765432099 -0.6180823280686483 -0.11608190948219643 -0.041062140706268825 0.015957446808510637 -0.006903216899074971 0.01025941667888026 0.03264691109994977 -0.026059370043054614 -0.0401744719926538 -0.41370160414907725 -0.13902439024390242 -0.054233945519536565 -0.07007262071601479 0.07094028118147813 -0.06514224940175485 0.03584764749813294 0.038706455237857415 0.06286379511059371 -0.047329276538201494 0.01767200754005655 0.019985892311309664 0.11313034059453606 0.02742116415305995 0.11116725618999494 0.09197214557876757 0.14803327224023688 0.006052536012589276 0.038573933372296906 0.04805438349742147 -0.1349414855505135 0.06388206388206388 0.0268685881778212 0.0678342377898372 0.1675145799727013 0.0809456507773352 0.12345679012345682 0.12262102439647467 0.01894836570345808 0.001185958254269448 -0.27405753968253965 0.10034687809712588 0.025622254758418738 0.03783102143757882 0.018922669357890755 0.013245033112582783 -0.07094133697135062 0.023488688342193097 0.0632768361581921 -0.013531799729364007 0.01445086705202312 0.016472526179550535 0.17904034375745997 -0.03828105705112374 0.20277882087870824 0.002544529262086511 0.22148978246539222
0.042563541286635045 -0.028914590747330958 -0.03476895468820098 -0.22568636575151232 -0.03706803778548368 -0.048054383497421464 -0.014754703061600889 0.06398425003076166 -0.016780689299083516 0.037704231252618355 -0.04121056020605281 -0.07917174177831912 -0.27212522576760984 -0.35198221563542054 -0.3039437327304697 -0.20830780541600297 -0.11909487892020643 -0.08246360005153976 -0.10607265977194377 -0.09780634343998881 -0.10922021844043688 -0.1536772777167947 -0.6744797895240373 -1.74288800864242 -0.693472451965899 -0.17664252128605923 -0.27943318765726394 0.07959943510078317 -0.14971260526667557 0.1334881021474173 -0.03346203346203346 -0.04150361674374481 -0.834131163235998 -2.7530864197530858 -0.5260539733863947 -0.10173470718664408 -0.028743498494388176 -0.0013297872340425545 -0.011045147038519953 -0.011725047633006011 0.022601707684580613 -0.01699524133242692 -0.01721763085399449 -0.2219273911470269 -0.11707317073170734 -0.050536176506840856 -0.08153904956045357 0.0593318715335999 -0.07976601967561818 0.025392083644510826 0.029966287926083163 0.05937136204889406 -0.03718728870858688 0.01767200754005655 0.022337173759699035 0.09748465519316404 0.02118908139100087 0.08969176351692773 0.08934436999080278 0.13816438742422107 0.00242101440503571 0.03506721215663355 0.04219409282700422 -0.1349414855505135 0.05896805896805898 0.02076209086468002 0.0555007400098668 0.15634694130785456 0.06424257998201208 0.11790817034262728 0.10346148933452548 0.013027001421127431 -0.002371916508538899 -0.2765376984126984 0.0830029732408325 0.010980966325036604 0.015132408575031526 0.0037845338715781496 -0.009271523178807943 -0.08185538881309687 0.014834961058227222 0.06553672316384182 0.004510599909788001 0.019267822736030827 0.01294269914107542 0.17068512771544522 -0.0506297851321314 0.2002753786456377 -0.01145038167938931 0.22148978246539222
0.042563541286635045 -0.03669928825622776 -0.03028263795423957 -0.22917636109818518 -0.03348080832237236 -0.06329113924050632 -0.020902496003934592 0.047988187523071255 -0.016780689299083516 0.016757436112274822 -0.050225370251126854 -0.09500609013398295 -0.28175797712221556 -0.36556749413362977 -0.31147952775684495 -0.2328146060531798 -0.12174143178509991 -0.11081046256925653 -0.10342084327764518 -0.12016207908341485 -0.12065024130048259 -0.16221490425661667 -0.6577373834011002 -1.7140799423838675 -0.6705687746532638 -0.19443385436523064 -0.278108859753675 0.07061240210553346 -0.15906964309584282 0.11897852582704586 -0.01158301158301158 -0.032017075773746 -0.6163235998085207 -2.083950617283951 -0.425320233801766 -0.08608321377331421 -0.004106214070626881 -0.0013297872340425545 0.009664503658704957 -0.013190678587131762 0.026368658965344044 -0.021527305687740767 -0.004591368227731862 -0.16041490773127487 -0.1 -0.061629483544927886 -0.08153904956045357 0.04127434541467818 -0.07843658601435788 0.0044809559372666185 0.012485953302534644 0.05238649592549477 -0.054090601757944556 0.00824693685202639 0.010580766517752176 0.07943194126850403 0.011217748971706343 0.07705912076806466 0.07489160425699645 0.12547582123220075 0.0024210144050357094 0.03389830508474577 0.03750586029067041 -0.13016479579651302 0.061425061425061434 0.01709819247679531 0.05303404045387271 0.14642015138354633 0.05396376718489014 0.11235955056179776 0.10984800102184186 0.01421127427759356 -0.0035578747628083503 -0.2777777777777778 0.07928642220019821 -0.0012201073694485115 0.010088272383354352 -0.006307556452630253 -0.018543046357615896 -0.09686221009549796 -0.0024724935097045373 0.05649717514124294 -0.006765899864682004 0.012042389210019266 0.005883045064125191 0.14323227500596802 -0.060508767596937504 0.17524095631493303 -0.01653944020356234 0.19775873434410018
0.03405083302930804 -0.037811387900355875 -0.03252579632122028 -0.2361563517915309 -0.04185101040296545 -0.06563525550867323 -0.031968523300135256 0.043066322136089574 -0.01807151155285917 0.008378718056137411 -0.04764971023824856 -0.11571254567600489 -0.2805538832028899 -0.35445226627145854 -0.300175835217282 -0.23771596618061513 -0.11777160248775971 -0.1224069063265043 -0.0994431185361973 -0.13553164733827022 -0.1257302514605029 -0.15367727771679474 -0.624252571155226 -1.6168527187612534 -0.6285786995800994 -0.18172575930867962 -0.26618990862137465 0.07189626396199769 -0.14703916588691351 0.11752756819500872 0.0077220077220077205 -0.01422981145499822 -0.4392053614169459 -1.4123456790123459 -0.32334286780251215 -0.0652145558888744 0.021899808376676703 0.00930851063829787 0.03175479773574486 -0.016121940495383263 0.027624309392265196 -0.015862225243598458 -0.018365472910927456 -0.11458207695091063 -0.09024390243902439 -0.04437322815234808 -0.08536119250859983 0.04772346188572165 -0.0837543206593991 0.0029873039581777444 -1.3877787807814458e-18 0.06053550640279395 -0.06423258958755915 0.025918944392082942 0.02116153303550435 0.09267059814658804 0.026174747600648134 0.0833754421424962 0.09854158454867953 0.13534470604821655 0.007263043215107132 0.035067212156633554 0.04219409282700422 -0.11583472653451159 0.06019656019656021 0.02564728871519296 0.05426739023186975 0.15262439508623898 0.053963767184890134 0.10403662089055347 0.10346148933452548 0.016579819990525817 -0.017789373814041748 -0.2728174603174603 0.06689791873141723 0.0012201073694485115 -0.006305170239596469 -0.012615112905260503 -0.026490066225165566 -0.10504774897680766 -0.014834961058227226 0.05084745762711864 -0.011276499774470006 0.020472061657032754 0.002353218025650075 0.1420386727142516 -0.06297851321313905 0.17524095631493303 -0.011450381679389311 0.1977587343441002
0.027970327131217314 -0.02669039145907473 -0.03925527142216241 -0.22335970218706375 -0.055004185101040305 -0.04453820909517112 -0.044264109184802655 0.060292850990525414 -0.03356137859816703 0.0279290601871247 -0.06825499034127495 -0.09013398294762484 -0.2805538832028899 -0.3260466839570211 -0.29766390354182365 -0.20708246538414415 -0.13100436681222707 -0.09406004380878755 -0.10872447626624238 -0.1075869777839877 -0.12827025654051305 -0.15367727771679474 -0.5572829466634777 -1.4560076821510024 -0.5687746532637741 -0.1563095691955776 -0.2502979737783075 0.09115419180896137 -0.13233524929822216 0.14219384793964016 0.005148005148005147 -0.016601446697497923 -0.3314983245572044 -0.819753086419753 -0.23628901877875882 -0.04695448023998957 0.03558718861209965 0.006648936170212769 0.04694187491370979 -0.01319067858713176 0.01255650426921145 -0.005665080444142305 -0.024104683195592287 -0.10010855144132191 -0.08414634146341463 -0.029582152101565385 -0.10064976430118486 0.05546240165097381 -0.09704865727200211 0.01194921583271098 -0.007491571981520789 0.07334109429569266 -0.07099391480730223 0.03652214891611687 0.017634610862920293 0.10951979780960404 0.022435497943412687 0.10358767054067711 0.10379713572460911 0.1564923163682504 6.938893903907229e-19 0.044418468731735834 0.039849976558837305 -0.11344638165751135 0.0515970515970516 0.0403028822667318 0.05426739023186976 0.16379203375108575 0.0526789155852499 0.11513386045221252 0.09835227998467237 0.028422548555187117 -0.029648956356736245 -0.2628968253968254 0.05327056491575817 0.010980966325036604 -0.020176544766708705 -0.0025230225810521016 -0.033112582781456956 -0.09413369713506138 -0.024724935097045375 0.062146892655367235 -0.014659449706811007 0.022880539499036606 0.008236263089775268 0.15278109333969922 -0.06174364040503829 0.1877581674802854 0.0025445292620865172 0.2109426499670402
0.024322023592362886 -0.030026690391459075 -0.035890533871691346 -0.20125639832480227 -0.06217864402726294 -0.05274261603375526 -0.05041190212713635 0.04183585578934416 -0.038724667613269655 0.023739701159056 -0.06696716033483581 -0.09013398294762484 -0.2600842865743528 -0.2840558231443745 -0.2788244159758854 -0.19237838500183804 -0.12438798464999341 -0.07988661254992914 -0.10076902678334661 -0.09361464300684645 -0.11684023368046734 -0.13904134650567143 -0.47596268835206895 -1.1787300444124356 -0.5064257539127116 -0.12581014105985516 -0.2370546947424182 0.0924380536654256 -0.11896805239941186 0.1276842716192687 0.010296010296010297 0.0 -0.22139779798946863 -0.34197530864197534 -0.15669692824275588 -0.006521455588887443 0.0479058308239803 0.023936170212765957 0.06765152561093471 0.020518833357760516 0.011300853842290298 -0.0033990482664853854 -0.030991735537190084 -0.0771921360511398 -0.07682926829268293 -0.016023665721681252 -0.10447190724933113 0.0580420482393912 -0.10236639191704336 0.01045556385362211 -0.009988762642027717 0.04889406286379511 -0.07437457741717377 0.0353440150801131 0.01175640724194686 0.08906005536165604 0.02118908139100087 0.08337544214249622 0.09591380896071475 0.13957422811222334 -0.003631521607553566 0.03623611922852134 0.03984997655883732 -0.10508717458801049 0.03685503685503685 0.039081582804103565 0.03946719289590528 0.1575877900483931 0.04111525118848773 0.12068248023304204 0.0970749776472091 0.020132638559924206 -0.028462998102466792 -0.24429563492063494 0.05574826560951437 0.004880429477794046 -0.020176544766708705 -0.017661158067364704 -0.03708609271523179 -0.10641200545702592 -0.0197799480776363 0.04519774011299435 -0.005638249887235001 0.044556840077071294 0.007059654076950228 0.1456194795894008 -0.05186465794023215 0.17398923519839782 0.007633587786259546 0.18457481872116016
