0.04027337075909203 0.013300820217246729 0.03585032489356933 -0.008206330597889803 0.1467255159250865 -0.02963489805595069 0.1727115716753022 -0.030704986489805946 0.21814896088808572 -0.11275055679287305 -0.044699872286079176 -0.02686202686202686 -0.04691447130999639 -0.10094792564323526 -0.06926079838811235 -0.11245782831438211 -0.15181518151815182 -0.1725019166879632 -0.1688431605329112 -0.1601123595505618 -0.01791656002047607 -0.08264462809917354 0.03724618526973447 -0.09381765696415685 0.04978839930296241 -0.09391435011269722 0.09125777013622535 -0.16767523953605645 0.12414897877452943 -0.12904182735093445 -0.023246803564509887 0.08907363420427553 -0.001205400192864034 0.03418803418803419 0.0012156576707999024 0.005092946269416856 0.0053134962805525985 0.015527950310559008 0.14429022949017453 -0.030152268958239102 0.02277039848197343 0.035263337504265725 -0.024441340782122907 -0.03759398496240602 -0.10902483343428224 -0.2919262245022597 -0.10467902635893553 -0.10385005065856127 0.009282588516111922 -0.05413533834586466 0.0 -0.09029868025005788 -0.013602357742008617 -0.14807042089308614 -0.4057971014492754 -1.431686046511628 -0.01611303916707981 -0.17367572261506017 0.2589928057553956 -0.14024041213508873 -0.03105961056026759 0.024255024255024262 -0.04334075202061614 -0.05934718100890207 -0.290202662189711 -0.22515907978463043 -0.204509055069607 0.03669275929549901 -0.04954268292682927 0.03076062639821029 -0.05874090154514111 0.028238616307800918 0.0023543260741612703 -0.04511094854913436 -0.01089720305121685 -0.16652588391456496 0.0037387836490528374 -0.14969689471730788 0.04795852235904084 -0.14321468298109008 -0.06362275449101797 0.020279405137449295 -0.07130730050933787 0.027797921198936426 -0.15531238969290503 0.0428163653663178 -0.187192118226601 0.009811135638950207 -0.2513194269917065 0.002615746795710176
0.047595801806199656 0.014409221902017294 0.058256777952050184 -0.005861664712778429 0.16700465227245617 -0.020151730678046466 0.20355292376017758 -0.02824858757062147 0.26074609526268233 -0.10161469933184855 -0.04853128991060026 -0.01343101343101343 -0.0408997955010225 -0.08125076942016499 -0.059186500440750536 -0.07747094839435215 -0.14257425742574256 -0.1316125734730386 -0.14246141669964385 -0.11797752808988764 -0.008958280010238035 -0.08507535245503159 0.036044695422323685 -0.09261486649025741 0.04605426935524023 -0.09641873278236915 0.0833223118635101 -0.18406454866364094 0.10545988519556801 -0.13942450311480273 -0.03874467260751647 0.08669833729216152 -0.012054001928640312 0.037851037851037855 -0.018234865061998545 0.016552075375604786 -0.03453772582359193 0.01682194616977226 0.11680637625395081 -0.01959897482285542 0.01518026565464895 0.02957570242293255 -0.025605214152700183 -0.04123211253941306 -0.14173228346456693 -0.36032734823500673 -0.1462983982847774 -0.10638297872340423 0.0013260840737302812 -0.039097744360902256 -0.007504690431519698 -0.08103727714748785 -0.03287236454318749 -0.13757724145971784 -0.5542028985507247 -1.935562015503876 -0.0842835894893406 -0.17987842699416948 0.2380640941792021 -0.1316542644533486 -0.04181101421574484 0.018480018480018484 -0.05622584045917769 -0.06409495548961423 -0.31658472238877566 -0.24840920215369552 -0.23654059381544906 0.029354207436399216 -0.07240853658536583 0.02796420581655481 -0.05490997318350148 0.01647252617955053 0.022366097704532073 -0.06705681541087541 0.012108003390240948 -0.18462652347049596 0.03988035892323031 -0.1249536063342818 0.10758263123784835 -0.1140155728587319 -0.06611776447105788 0.02253267237494367 -0.07809847198641767 0.02296350012086052 -0.16237204376985528 0.02735490009514748 -0.1970443349753695 -0.013490311503556535 -0.26262880120633325 -0.022233847763536492
0.05003661215523554 0.015517623586787854 0.079542908357607 -1.3877787807814458e-18 0.19205535011332459 -0.007112375533428169 0.22575869726128794 -0.01719479243429133 0.29559829611462496 -0.08908685968819599 -0.05874840357598978 -0.012210012210012208 -0.039696860339227716 -0.09233041979564201 -0.0516307769802292 -0.09371485692865177 -0.13729372937293732 -0.16100178890876568 -0.1279514575913468 -0.15730337078651688 -0.02047606859482979 -0.0753524550315994 0.026432776643037365 -0.07697859032956458 0.0186706497386109 -0.07763586275982971 0.03967729136357624 -0.17523953605648007 0.06808169803764517 -0.13645802432512608 -0.02841275991217874 0.0831353919239905 0.0036162005785920935 0.04639804639804641 -0.014587892049598835 0.015278838808250575 -0.03453772582359193 0.02846790890269151 0.14016765150474098 0.0015076134479119513 0.007590132827324475 0.004550108065066542 -0.033752327746741154 -0.07397526073247637 -0.26771653543307083 -0.6901184805178943 -0.19800731491991425 -0.1583080040526849 -0.009282588516111915 -0.07518796992481203 -0.008755472170106318 -0.0821949525353091 -0.03740648379052369 -0.14807042089308614 -0.7014492753623189 -2.3280038759689923 -0.1499752107089737 -0.2096514080138941 0.1909744931327665 -0.1559816828849456 -0.013140604467805522 0.025410025410025416 -0.018741946819725897 -0.0545994065281899 -0.2746132629811729 -0.2533039647577092 -0.19834914377232968 0.04280821917808219 -0.03429878048780487 0.040548098434004476 -0.05235602094240839 0.016472526179550532 0.043555032371983514 -0.07071445988783223 0.04358881220486742 -0.1749728490406661 0.06480558325024924 -0.12495360633428179 0.14128321451717435 -0.12235817575083426 -0.0785928143712575 0.01802613789995493 -0.07696661007357102 0.010877447425670775 -0.16590187080833038 0.004757373929590867 -0.20935960591133002 -0.029433406916850625 -0.27268157828600154 -0.0418519487313628
0.04637539663168171 -1.3877787807814458e-18 0.09858839345731571 -0.017584994138335287 0.21233448646069425 -0.02963489805595069 0.23809523809523808 -0.02210759027266028 0.3136698076674842 -0.08073496659242763 -0.05874840357598978 -0.008547008547008548 -0.030073379044869473 -0.09725470885140958 -0.020148595894723592 -0.09246532550293643 -0.07920792079207924 -0.1571684129823665 -0.056720749241524884 -0.15449438202247193 -0.011517788584591758 -0.06806028196402528 0.038447675117145266 -0.061342314168871794 0.027383619616629322 -0.050087653393438514 0.0581933606665785 -0.1601109430156329 0.10412494993992791 -0.11717591219222781 -0.029704248999095954 0.08907363420427553 -0.006027000964320156 0.03907203907203908 -0.05348893751519572 -0.0012732365673542162 -0.07438894792773645 0.020703933747412008 0.11268379826851727 0.004522840343735866 0.006325110689437067 -0.006825162097599818 -0.034916201117318434 -0.0776133883094834 -0.45911568746214415 -1.0809820447050202 -0.24845503846638922 -0.1697061803444782 -0.013260840737302743 -0.07518796992481203 -0.005003126954346465 -0.07756425098402409 -0.021537066424846978 -0.13641133263378805 -0.7768115942028986 -2.5799418604651163 -0.15121467526028753 -0.20717032626225035 0.21190320470896004 -0.15455065827132225 -0.009556803249313111 0.019635019635019634 -0.015227831791027296 -0.052225519287833824 -0.27101570931766406 -0.2728830151737641 -0.19834914377232965 0.03913894324853229 -0.024136178861788617 0.039149888143176735 -0.03192440301366365 0.01176609012825038 0.05414949970570924 -0.06827603023652767 0.06901561932437342 -0.16893930252202244 0.07851445663010967 -0.11505629098107137 0.15035644847699287 -0.10984427141268074 -0.056137724550898216 0.013519603424966197 -0.04074702886247877 0.0024172105390379514 -0.1164842922696788 -0.02497621313035204 -0.1268472906403941 -0.05396124601422614 -0.18220658456898717 -0.06147004969918912
0.059799853551379054 -0.019951230325870095 0.09970871611023976 -0.02344665885111372 0.21114159608731953 -0.05215742057847321 0.2245250431778929 -0.03930238270695162 0.2904350070995224 -0.08073496659242763 -0.02554278416347382 0.0024420024420024416 0.0 -0.06770897451680413 0.013852159677622456 -0.04248406847432213 -0.03300330033003302 -0.1086123179146435 -0.007914523149980212 -0.0997191011235955 -0.021755822882006653 -0.07535245503159942 0.026432776643037365 -0.08780370459465961 0.01618122977346278 -0.05885299273729026 0.05554820790900673 -0.17650025214321735 0.11213456147376852 -0.12014239098190446 -0.0335787162598476 0.06532066508313539 -0.024108003857280617 0.019536019536019536 -0.09482129832239242 -0.03437738731856379 -0.11822529224229542 -0.005175983436853 0.07145801841418169 0.0030152268958239083 0.012650221378874133 0.003412581048799912 -0.031424581005586594 -0.0545719136551055 -0.6480920654149 -1.4987174789300108 -0.2888132173035692 -0.13171225937183384 -0.00928258851611192 -0.018045112781954885 0.0037523452157598503 -0.07061819865709655 -0.017002947177510767 -0.12475224437448991 -0.8521739130434783 -2.6986434108527133 -0.15989092711948438 -0.21089194888971594 0.21975147155003275 -0.15455065827132225 0.014335204873969654 0.012705012705012703 2.7755575615628915e-18 -0.0427299703264095 -0.2434344645640965 -0.2692119432207538 -0.18602932117777501 0.03546966731898239 -0.02286585365853657 0.039149888143176735 -0.003830928361639638 0.02353218025650076 0.07416127133608004 -0.03901487442087296 0.11260443152924082 -0.1254977675877881 0.11216350947158524 -0.05938389211926265 0.18535320803629296 -0.047274749721913235 -0.04241516966067865 0.02140603875619649 -0.028296547821165818 0.027797921198936433 -0.09295211201317803 -0.003568030447193146 -0.08990147783251232 -0.014716703458425295 -0.13696908771048005 -0.023541721161391575
0.05247742250427142 -0.0022168033695411176 0.08738516692807527 0.008206330597889805 0.1825122271263271 -0.016595542911332396 0.1924500370096225 0.018422991893883568 0.26590938427778493 -0.016703786191536757 -0.007662835249042146 0.0024420024420024416 0.007217610970768677 -0.046780746029791945 0.018889308651303355 -0.019992502811445705 -0.010561056105610558 -0.10222335803731153 0.01582904629996043 -0.0997191011235955 -0.02943434860506782 -0.04739912493923189 0.009611918779286318 -0.03969208563868175 -0.006223549912870305 -0.0025043826696719285 0.03967729136357624 -0.11976802824004036 0.11480443198504872 -0.07861168792643133 -0.0413276507813509 0.07719714964370546 -0.03616200578592092 0.042735042735042736 -0.15195720884998784 -0.03437738731856379 -0.16339001062699254 0.03105590062111801 0.04672255050158035 0.052766470676918434 0.002530044275774826 -0.011375270162666363 -0.05121042830540037 -0.06427358719379092 -0.9485160508782556 -1.9775253450592403 -0.3518728717366629 -0.18617021276595744 -0.03182601776952658 -0.06466165413533834 0.011257035647279551 -0.03820328779810141 -0.012468827930174555 -0.06295907660020987 -0.8765217391304347 -2.6538275193798446 -0.16732771442736735 -0.12405408758218586 0.2197514715500327 -0.07870635374928447 0.03583801218492414 0.023100023100023098 0.021084690172191636 -0.028486646884273003 -0.21345485070152295 -0.23984336759667152 -0.14044597757792285 0.05870841487279843 0.03429878048780488 0.06711409395973156 -0.012769761205465446 0.007059654076950225 0.0729841082989994 -0.052426237503048034 0.10776123017314446 -0.1592856280921926 0.11091724825523427 -0.10144748237040702 0.18794556059624107 -0.0903781979977753 -0.02370259481037924 0.01689950428120775 2.0816681711721684e-18 0.032632342277012324 -0.050594187551476655 -0.007136060894386296 -0.025862068965517238 -0.002452783909737555 -0.07665242523247048 -0.01831022756997123
0.08176714669270198 -0.019951230325870095 0.11875420120994847 -0.024618991793669404 0.2147202672074436 -0.053342816500711245 0.2245250431778929 -0.018422991893883568 0.2930166516070737 -0.05011135857461026 -0.02681992337164752 0.004884004884004883 -0.003608805485384333 -0.055398251877385195 5.551115123125783e-18 -0.014994377108584275 -0.02904290429042906 -0.11372348581650908 -0.00395726157499012 -0.11376404494382024 -0.015357051446122344 -0.06806028196402528 0.03244022588009131 -0.06855905701226847 0.00995767986059248 -0.04257450538442274 0.06745139531807962 -0.16137165910237014 0.14550794286477106 -0.11420943340255119 -0.04391062895518533 0.060570071258907364 -0.03375120540019287 -0.008547008547008544 -0.19328956965718452 -0.14132925897631782 -0.17667375132837404 -0.01940993788819876 0.05359351381063625 0.007538067239559765 0.006325110689437065 -0.031850756455465826 -0.05470204841713221 -0.11520737327188942 -1.2901271956390066 -2.364724563332112 -0.3960146298398285 -0.22416413373860183 -0.04508685850682933 -0.09473684210526315 0.01876172607879925 -0.07872192637184533 -0.003400589435502152 -0.12824997085227935 -0.8602898550724636 -2.7434593023255816 -0.15617253346554286 -0.24438655253690608 0.21713538260300852 -0.20034344590726963 0.05853541990204277 0.0023100023100023096 0.0562258404591777 -0.06053412462908011 -0.14749970020386138 -0.2643171806167401 -0.06159911297277321 0.014677103718199608 0.11432926829268293 0.02516778523489933 -0.007661856723279276 -0.00823626308977527 0.0694526191877575 -0.08534503779565958 0.10049642813899987 -0.19548690720405457 0.09720837487537387 -0.14351107262155144 0.16720674011665587 -0.14043381535038932 -0.0012475049900199596 -0.006759801712483099 0.004527447651386536 -0.018129079042784626 -0.03882809742322626 -0.09039010466222645 -0.023399014778325122 -0.08830022075055187 -0.0816788137723046 -0.0967826314412765
0.09763241396143521 -0.018842828641099534 0.12211516916872059 -0.04689331770222743 0.2004055827269474 -0.0948316737790422 0.2146558105107328 -0.06140997297961189 0.27623596230799013 -0.09047884187082407 -0.030651340996168584 0.0061050061050061015 -0.03127631420666426 -0.06894004678074603 -0.008815010703941549 -0.03123828564288391 -0.036963696369636964 -0.14311270125223613 -0.014509959108297077 -0.14606741573033707 -0.010238034297414895 -0.07656781720952843 0.027634266490448152 -0.08900649506855904 -0.013691809808314664 -0.07638367142499373 0.07009654807565137 -0.17776096822995463 0.14684287812041116 -0.1245921091664195 -0.047785096215936976 0.043942992874109264 -0.048216007714561235 -0.019536019536019536 -0.33673717481157306 -0.3119429590017825 -0.2258235919234856 -0.06599378881987578 0.02473546791260135 -0.018091361374943465 -0.010120177103099304 -0.062563985894665 -0.08961824953445065 -0.16492845015765217 -1.634161114476075 -2.6297789177965067 -0.44898473956362717 -0.28748733535967574 -0.06895637183397427 -0.15037593984962405 0.017510944340212633 -0.08335262792313036 0.009068238494672412 -0.12358633554856009 -0.8243478260869563 -2.7022771317829455 -0.13758056519583536 -0.24934871604019354 0.2275997383911053 -0.20034344590726963 0.05495161868355036 0.00231000231000231 0.0562258404591777 -0.04510385756676559 -0.13430867010432906 -0.25697503671071953 -0.0652950597511396 -0.0036692759295499006 0.10162601626016261 0.008389261744966448 -0.007661856723279278 -0.017649135192375577 0.06121247792819305 -0.09509875640087784 0.08838842474875894 -0.21358754675998554 0.09097706879361912 -0.16330570332797228 0.15165262475696695 -0.15294771968854282 -0.00249500998003992 0.005633168093735918 -0.01131861912846632 -0.006043026347594874 -0.04235792446170138 -0.07730732635585157 -0.02832512315270936 -0.06254598969830757 -0.09173159085197286 -0.07062516348417476
0.09397119843788138 -0.015517623586787854 0.13779968630965717 -0.0492379835873388 0.18847667899320053 -0.12565196775723092 0.19985196150999257 -0.07492016703512651 0.27107267329288753 -0.0960467706013363 -0.028097062579821204 0.009768009768009766 -0.02646457355948516 -0.07632648036439739 -0.0012592872434202304 -0.048731725602898915 -0.030363036303630363 -0.16866854076156404 -0.013190871916633689 -0.16853932584269665 -0.029434348605067828 -0.0644141954302382 0.004805959389643159 -0.08299254269906182 -0.08339556883246205 -0.07012271475081393 0.0 -0.1487644982349975 0.07876118008276599 -0.09047760308513794 -0.05295105256360584 0.03681710213776722 -0.0506268081002893 -0.03663003663003663 -0.5701434476051543 -0.4685510567863509 -0.2749734325185972 -0.08152173913043478 -0.002748385323622371 -0.007538067239559779 0.006325110689437063 -0.054601296780798544 -0.07797951582867783 -0.18190637885035166 -1.7783161720169596 -2.8435324294613413 -0.4187161054357421 -0.3178824721377913 -0.02254342925341466 -0.17744360902255638 0.006253908692933077 -0.06598749710581153 0.011335298118340517 -0.10493179433368312 -0.7768115942028987 -2.550872093023256 -0.1425384234010907 -0.20220816275896292 0.197514715500327 -0.1774470520892959 0.05614621908971449 0.0057750057750057746 0.07379641560267074 -0.04510385756676558 -0.10672742535076149 -0.23250122369065102 -0.057903166194406816 -0.0024461839530332693 0.0978150406504065 0.009787472035794186 -0.01276976120546546 -0.014119308153900459 0.07180694526191878 -0.10119483052913925 0.08717762440973484 -0.2051405816338844 0.0772681954137587 -0.15959421007051838 0.13998703823720027 -0.15016685205784203 -0.0024950099800399254 0.028165840468679593 -0.010186757215619683 0.012086052695189755 -0.0494175785386516 -0.051141769743101806 -0.03817733990147783 -0.012263919548687757 -0.10429756220155817 -0.03008108815066703
0.13912618989504516 -0.005542008423852803 0.18037194712077081 -0.0492379835873388 0.24931408803530958 -0.13632053105737316 0.2923760177646188 -0.06632277081798084 0.3756292758487156 -0.08491091314031182 0.021711366538952743 0.028083028083028077 0.03488511969204859 -0.0726332635725717 0.0831129580657348 -0.03498687992002999 0.08052805280528053 -0.14311270125223613 0.10948423690805961 -0.13483146067415733 -0.03199385717942155 -0.07170636849781234 0.0012014898474107887 -0.10464277122925188 -0.11451331839681353 -0.11520160280490858 -0.007935458272715249 -0.16389309127584467 0.092110532639167 -0.09492732126965292 -0.04261913986826811 0.02731591448931116 -0.044599807135969144 -0.06715506715506717 -0.8582543155847315 -0.7066462948815889 -0.26567481402763016 -0.10610766045548654 0.03572900920709084 -0.021106588270767373 0.02656546489563567 -0.05118871573199864 -0.055865921787709494 -0.19403347077370847 -1.8134463961235618 -2.9155978991083424 -0.3468280993820154 -0.31028368794326244 0.0464129425805596 -0.17142857142857143 0.04252657911194497 -0.059041444778884 0.0464747222851961 -0.08860907077066574 -0.6237681159420291 -2.0869670542635657 -0.044620723847297976 -0.17367572261506017 0.2642249836494441 -0.17315397824842585 0.05256241787122208 0.013860013860013861 0.06559681386904066 -0.03679525222551929 -0.07554862693368508 -0.1908957415565345 -0.023407662929653808 0.006115459882583163 0.1130589430894309 0.013982102908277422 0.03703230749584982 0.004706436051300154 0.12007062978222482 -0.09387954157522554 0.17798764983654197 -0.1749728490406661 0.19940179461615154 -0.1422739082024001 0.26053143227478937 -0.13904338153503892 0.03493013972055888 0.03605227579990987 0.026032823995472555 0.016920473773265655 -0.007059654076950228 -0.042816365366317784 0.030788177339901475 0.024527839097375513 -0.030158331239004788 0.003923620193565252
0.14522821576763484 -0.012192418532476166 0.1994174322204795 -0.05509964830011723 0.24334963616843613 -0.14817449027975343 0.2886750555144338 -0.06632277081798084 0.37433845359493995 -0.09047884187082406 0.08301404853128991 0.010989010989010981 0.12390232166486226 -0.0910993475317001 0.1888930865130336 -0.04498313132575284 0.21914191419141918 -0.14055711730130332 0.26513652552433714 -0.12219101123595508 -0.03839262861530586 -0.07656781720952843 -0.007208939084464733 -0.10704835217705078 -0.16430171769977595 -0.13148009015777612 -0.030419256712075127 -0.14498234997478568 0.0974502736617274 -0.06229605458320973 -0.0335787162598476 0.0 -0.021697203471552556 -0.10744810744810744 -1.2630683199610993 -1.0185892538833716 -0.27098831030818277 -0.1255175983436853 0.05221932114882505 -0.03919794964571084 0.055660974067046176 -0.04777613468319873 -0.022113594040968344 -0.1964588891583798 -1.7904300423985464 -2.931476731403445 -0.25854458317568424 -0.2938196555217832 0.14321707996286964 -0.16240601503759397 0.04002501563477173 -0.057883769391062746 0.053275901156200414 -0.06762271190392913 -0.495072463768116 -1.5419089147286822 0.008676251859196826 -0.12777571020965142 0.2668410725964683 -0.13737836290784197 0.048978616652729665 -0.008085008085008085 0.08199601733630082 -0.0629080118694362 -0.07195107327017627 -0.19579050416054825 -0.02587162744856474 -0.02446183953033268 0.09654471544715447 -0.02376957494407158 0.045971140339675656 0.0023532180256500774 0.138905238375515 -0.10241404535479151 0.1973604552609275 -0.18462652347049596 0.21934197407776668 -0.15588271681306448 0.2838626053143227 -0.16407119021134595 0.04116766467065869 0.02365930599369085 0.04753820033955857 0.006043026347594876 0.010589481115425344 -0.046384395813510934 0.05541871921182266 0.03311258278145695 0.00628298567479266 0.011770860580695791
0.13790578472052722 -0.001108401684770563 0.185973560385391 -0.04572098475967175 0.22784206131456522 -0.14935988620199145 0.2701702442635085 -0.05649717514124294 0.3511036530269782 -0.08908685968819599 0.07151979565772669 0.004884004884004882 0.1046553590761458 -0.09971685337929337 0.15992947991436843 -0.05997750843433712 0.1900990099009901 -0.16611295681063123 0.23215934573275293 -0.15449438202247193 -0.044791400051190165 -0.055906660184735044 -0.008410428931875522 -0.10103439980755355 -0.20662185710729403 -0.1590282995241673 -0.042322444121148 -0.12607160867372666 0.10812975570684821 -0.04746366063482646 -0.0503680743897714 7.632783294297952e-18 -0.04098360655737705 -0.13308913308913312 -1.6982737661074645 -1.3559969442322384 -0.30419766206163656 -0.15269151138716355 0.04947093582520268 -0.06935021860394995 0.05439595192915876 -0.03981344556933227 -0.023277467411545624 -0.20737327188940088 -1.781950333131436 -2.9326981800415295 -0.21944759742716613 -0.3115501519756839 0.16310834106882377 -0.20601503759398493 0.04002501563477172 -0.045149340125028935 0.07027884833371119 -0.04080680890754344 -0.34202898550724636 -1.0125968992248064 0.07312840852751612 -0.10048381094157052 0.2786134728580772 -0.13308528906697192 0.04897861665272967 -0.008085008085008085 0.08785287571746517 -0.0712166172106825 -0.051564935843626335 -0.19701419481155164 -0.0036959467783663964 -0.05136986301369863 0.10797764227642279 -0.06152125279642058 0.035755331375303276 0.02000235321802565 0.1153619776339023 -0.07437210436478907 0.17193364814142148 -0.16531917461083623 0.19192422731804584 -0.1657800321662749 0.24756966947504866 -0.1904894327030033 0.04865269461077844 0.04506534474988734 0.05432937181663837 0.03384094754653131 0.008236263089775266 -0.019029495718363466 0.055418719211822655 0.07603630120186411 0.0062829856747926545 0.049699189118493324
0.13302416402245545 -0.0033252050543116805 0.1702890432444544 -0.03868698710433762 0.19205535011332459 -0.129208155523945 0.22822600542807797 -0.0196511913534758 0.2943074738608493 -0.055679287305122484 0.07790549169859515 -0.001221001221001223 0.09743774810537711 -0.10094792564323526 0.11837300088150104 -0.059977508434337135 0.15313531353135312 -0.168668540761564 0.19654399155784197 -0.14185393258426965 -0.03839262861530586 -0.0802139037433155 -0.014417878168929471 -0.14433485686793363 -0.3547423450336072 -0.32306536438767847 -0.07406427721200899 -0.16515380736258195 0.0854358563609665 -0.077128448531593 -0.07232338886736407 -0.021377672209026123 -0.08076181292189007 -0.1746031746031746 -2.0812059324094334 -1.5889992360580596 -0.36928799149840597 -0.1772774327122153 -0.010993541294489494 -0.08593396653098147 0.06325110689437065 -0.03867591855306564 -0.015130353817504655 -0.19767159835071552 -1.6680799515445184 -2.6383290582631007 -0.16017152226005807 -0.2900202634245188 0.17902134995358704 -0.18796992481203006 0.04752970606629142 -0.04978004167631396 0.07594649739288142 -0.04197271773347324 -0.1889855072463768 -0.6298449612403101 0.11774913237481408 -0.0918000248108175 0.29954218443427083 -0.14024041213508873 0.03464341177876001 -0.0011550011550011535 0.06793955722150638 -0.05459940652818991 -0.06475596594315865 -0.14317180616740086 -0.0012319822594554636 -0.007338551859099801 0.11559959349593493 -0.022371364653243835 0.035755331375303276 0.011766090128250384 0.10241318422601528 -0.08534503779565958 0.13439883763167454 -0.18341981416676723 0.15702891326021934 -0.17196585426203143 0.20479585223590407 -0.19048943270300334 0.06986027944111776 0.06309148264984228 0.06112054329371815 0.07009910563210056 -5.551115123125783e-18 0.03924833491912464 0.05541871921182266 0.153298994358597 0.010052777079668245 0.1255558461940884
0.13302416402245548 0.005542008423852807 0.15348420345059374 -0.022274325908558025 0.15984731003220803 -0.0948316737790422 0.1924500370096225 0.006140997297961184 0.2607460952626823 -0.04175946547884188 0.09706257982120052 -0.015873015873015876 0.10345242391435101 -0.12433829865813124 0.08815010703941567 -0.09996251405722853 0.14125412541254126 -0.20316892409915663 0.18599129402453501 -0.16713483146067415 -0.04607115433836703 -0.10452114730189596 -0.027634266490448152 -0.1900408948761126 -0.5962160816529749 -0.5259203606311045 -0.11241899219679938 -0.19541099344427634 0.07075156854892538 -0.0993770394541679 -0.07878083430195015 -0.021377672209026123 -0.08678881388621021 -0.18315018315018317 -2.330415754923414 -1.7175961293608353 -0.3679596174282679 -0.1617494824016563 0.016490311941734226 -0.07085783205186191 0.0695762175838077 -0.05346376976453191 -0.002327746741154568 -0.22677661896677176 -1.4609327680193822 -2.307316477342128 -0.07945516458569808 -0.34067882472137795 0.22808646068160723 -0.23609022556390977 0.036272670419011874 -0.05556841861542024 0.05554296077986851 -0.04197271773347324 -0.10898550724637679 -0.3427810077519379 0.1103123450669311 -0.06822974817020219 0.27730542838456507 -0.10875787063537493 0.03105961056026759 3.4694469519536144e-19 0.06442544219280778 -0.05103857566765578 -0.05636167406163808 -0.11013215859030837 0.027103609708020206 0.011007827788649711 0.1498983739837398 -0.008389261744966434 0.014046737326012002 -0.0058830450641251895 0.08004708652148322 -0.11094854913435745 0.09444242644387939 -0.20393387233015564 0.1258723828514457 -0.19423481380675492 0.17368762151652625 -0.2043937708565072 0.06487025948103793 0.048445245606128895 0.043010752688172046 0.043509789702683106 -0.03294505235910107 0.02973358705994291 0.018472906403940892 0.14103507480990923 -0.02261874842925359 0.1164007324091028
0.10129362948498903 0.016626025271558414 0.12099484651579655 -0.03516998827667057 0.11451747584396994 -0.11616880037932668 0.15173945225758695 -0.03193318594939819 0.22202142764941266 -0.09047884187082407 0.08045977011494254 -0.01587301587301588 0.08420546132563454 -0.12680044318601502 0.04911220249338875 -0.1149568911658128 0.12145214521452145 -0.20316892409915663 0.1701622477245746 -0.15589887640449437 -0.043511645764013306 -0.1227515799708313 -0.04085065481196684 -0.21890786624969932 -0.9347771969131191 -0.7951414976208365 -0.1322576378785875 -0.24457892082702978 0.06808169803764517 -0.14535746069415606 -0.0916957251711223 -0.021377672209026123 -0.0940212150433944 -0.19169719169719168 -2.4799416484318018 -1.8321874204227147 -0.37327311370882044 -0.1902173913043478 0.02610966057441253 -0.11307100859339665 0.06451612903225806 -0.050051188715732 -0.0069832402234636885 -0.2243512005821004 -1.2768019382192608 -1.8492732380603396 -0.03279102030520873 -0.32041540020263426 0.23339079697652831 -0.2285714285714286 0.03877423389618512 -0.06482982171799027 0.07254590795737927 -0.04547044421126268 0.006956521739130439 -0.20712209302325585 0.15741199801685674 -0.058305421163627344 0.30477436232831917 -0.11161991986262162 0.010751403655477238 -0.01386001386001386 0.03982663699191754 -0.07596439169139466 -0.07315025782467922 -0.1346059716103769 0.012319822594554641 -0.019569471624266137 0.13211382113821138 -0.050335570469798654 -0.02681649853147746 -0.003529827038475114 0.04002354326074161 -0.09997561570348697 0.036324010170722856 -0.197900325811512 0.06231306081754736 -0.18433749845354447 0.11406351263771874 -0.20022246941045604 0.06112774451097804 0.06083821541234792 0.02942840973401245 0.049552816050277976 -0.03765148841040122 0.03924833491912465 0.03571428571428571 0.142261466764778 -0.011309374214626794 0.10986136541982736
0.11715889675372224 0.01219241853247617 0.14900291283889758 -0.04572098475967175 0.14076106405821304 -0.14817449027975343 0.1727115716753022 -0.0810611643330877 0.22331224990318832 -0.133630289532294 0.07790549169859515 -0.05128205128205128 0.092626007458198 -0.1674258278960975 0.04281576627628762 -0.17743346245158068 0.11485148514851484 -0.24661385126501406 0.16092863738293103 -0.18117977528089887 -0.0473509086255439 -0.1324744773942635 -0.0348432055749129 -0.23694972335819103 -1.3579785909882998 -1.0430753819183571 -0.17590265837852134 -0.2710539586485124 0.04271792818048324 -0.15425689706318602 -0.07103189978044686 -0.021377672209026137 -0.06629701060752169 -0.19658119658119658 -2.4969608558230005 -1.8792971734148203 -0.34272051009564297 -0.21350931677018634 0.04122577985433558 -0.14322327755163575 0.08222643896268184 -0.02957570242293255 0.027932960893854747 -0.19160805238903714 -0.9569957601453662 -1.3545865396360084 0.03783579265985622 -0.24316109422492405 0.25062988993502183 -0.15639097744360902 0.0375234521575985 -0.08335262792313036 0.09181591475855813 -0.06645680307799931 0.08115942028985508 -0.17441860465116282 0.19211700545364402 -0.07319191167348964 0.32308698495748855 -0.12593016599885518 0.003583801218492415 -0.008085008085008092 0.04568349537308188 -0.07121661721068251 -0.06595515049766158 -0.14194811551639744 0.006159911297277327 -0.033023483365949124 0.11051829268292683 -0.07410514541387024 -0.02681649853147746 0.020002353218025654 0.049440847557386695 -0.07559131919044135 0.0460104128829156 -0.1677325932182937 0.06106679960119641 -0.14845973029815662 0.10110174983797797 -0.17102335928809786 0.046157684630738514 0.07323118521856693 0.01924165251839276 0.06284747401498672 -0.05765384162842686 0.06541389153187441 0.007389162561576354 0.15820456217807208 -0.056546871073133956 0.12294009939837822
0.10617525018306077 0.038794058966969636 0.1422809769213533 -0.016412661195779603 0.11451747584396996 -0.11261261261261261 0.14310387367382182 -0.04789977892409728 0.20265909384277783 -0.11135857461024498 0.06896551724137931 -0.03663003663003664 0.092626007458198 -0.16127046657638805 0.013852159677622466 -0.18992877670873423 0.08844884488448843 -0.24150268336314848 0.14246141669964385 -0.16432584269662923 -0.07678525723061172 -0.12882839086047643 -0.07208939084464736 -0.24176088525378878 -1.834702514314165 -1.288504883546206 -0.28567649781774895 -0.25718608169440244 -0.042717928180483256 -0.13942450311480276 -0.06844892160661241 0.005938242280285039 -0.06750241080038573 -0.1526251526251526 -2.5042548018477997 -1.8321874204227142 -0.3639744952178534 -0.1669254658385093 0.013741926618111858 -0.09045680687471733 0.0872865275142315 -0.00910021613013309 0.05702979515828678 -0.15765219500363814 -0.5935796486977589 -0.9771589104678148 0.09585067473830243 -0.21149949341438706 0.27317331918843657 -0.1308270676691729 0.02001250781738587 -0.050937717064135225 0.0816141464520517 -0.009327270607438497 0.09855072463768116 -0.07025193798449612 0.19211700545364402 0.03597568539883389 0.3257030739045127 -0.03005151688609044 0.002389200812328275 0.023100023100023098 0.05739721213541056 -0.0308605341246291 -0.07434944237918215 -0.10034263338228096 -0.004927929037821852 0.006115459882583174 0.0940040650406504 -0.04194630872483222 -0.03447835525475674 0.017649135192375577 0.050618010594467334 -0.08290660814435503 0.03269160915365056 -0.1713527211294799 0.048604187437686935 -0.16083137448966967 0.0946208684381076 -0.18075639599555057 0.01372255489021956 0.06309148264984228 0.002263723825693268 0.059221658206429786 -0.08824567596187785 0.0725499524262607 -0.020935960591133004 0.15943095413294087 -0.07665242523247047 0.12686371959194348
0.09153038808884549 0.024384837064952338 0.12771678243334078 -0.015240328253223911 0.09423833949660028 -0.11142721669037459 0.1233654083395016 -0.05035617784328176 0.18587840454369434 -0.11275055679287307 0.070242656449553 -0.045177045177045176 0.09864068326717189 -0.17111904468792322 -0.02896360659866516 -0.20992127952017997 0.066006600660066 -0.2427804753386149 0.12927054478301017 -0.15589887640449437 -0.09726132582544152 -0.15799708313077296 -0.08650726901357683 -0.2982920375270628 -2.1882001493651977 -1.6128224392687205 -0.3491601639994709 -0.3378719112455876 -0.07609130957148579 -0.21655295164639576 -0.06715743251969519 0.021377672209026127 -0.06268081002892958 -0.13308913308913312 -2.4106491611962078 -1.7035905271199385 -0.35201912858661 -0.13198757763975152 0.012367733956300671 -0.08894919342680538 0.07969639468690701 0.01592537822773291 0.05819366852886406 -0.1103565365025467 -0.27256208358570566 -0.6974471723464027 0.10972379871358304 -0.14944275582573455 0.255934226229943 -0.07819548872180451 0.008755472170106315 -0.06598749710581153 0.07481296758104738 -0.03847499125568381 0.09159420289855072 -0.09205426356589148 0.17724343083787805 -0.0024810817516437156 0.2943100065402223 -0.08299942759015455 0.0011946004061641376 0.023100023100023098 0.04568349537308188 -0.030860534124629097 -0.07674781148818802 -0.09177679882525698 0.0012319822594554666 0.0036692759295499006 0.09273373983739837 -0.04893736017897092 -0.03958625973694292 0.021178962230850692 0.030606238964096522 -0.07071445988783223 0.013318803729265045 -0.1448051164474478 0.03364905284147557 -0.1447482370407027 0.08684381075826315 -0.17380422691879863 0.017465069860279445 0.027039206849932405 0.015846066779852862 0.008460236886632833 -0.09412872102600306 0.014272121788772596 -0.02955665024630542 0.0809418690213392 -0.08670520231213871 0.05362280931205856
0.08298755186721993 0.008867213478164488 0.11203226529240422 -0.03399765533411488 0.08469521650960277 -0.12209577999051684 0.12459906242289662 -0.06018177352001965 0.18587840454369434 -0.12388641425389754 0.06513409961685825 -0.05494505494505494 0.0866113316492241 -0.18342976732734212 -0.10703941569071906 -0.2549044108459328 0.038283828382838274 -0.24405826731408128 0.12663237039968342 -0.14325842696629215 -0.10238034297414896 -0.17865824015556633 -0.09611918779286314 -0.3307673803223478 -2.435897435897436 -1.89206110693714 -0.3901600317418331 -0.3946041351487645 -0.09478040315044721 -0.2669830910708989 -0.05811700891127471 0.022565320665083134 -0.05785920925747349 -0.1391941391941392 -2.1930464381230252 -1.5940921823274767 -0.29091392136025507 -0.13586956521739127 0.06046447711969218 -0.11759384893713251 0.06072106261859581 0.014787851211466271 0.044227188081936694 -0.07882609750181907 -0.10902483343428224 -0.4409429583486014 0.08828351620633118 -0.10511651469098275 0.20952128364938333 -0.04060150375939849 0.010006253908692937 -0.06946052326927529 0.06347766946270686 -0.03964090008161362 0.10202898550724637 -0.09084302325581395 0.20079325731284087 -0.022329735764793447 0.32177894048397643 -0.09301659988551803 -0.021502807310954487 0.01963501963501963 0.012885088438561555 -0.03086053412462909 -0.11152416356877322 -0.08932941752325013 -0.03942343230257484 -0.0024461839530332654 0.05716463414634145 -0.04753914988814318 -0.03320137913421019 0.011766090128250386 0.0329605650382578 -0.07315288953913679 0.018162005085361428 -0.15928562809219254 0.04361914257228315 -0.1707286898428801 0.09850939727802982 -0.19327030033370407 0.032435129740518966 0.004506534474988733 0.020373514431239387 -0.018129079042784615 -0.07647958583362749 -0.02259752616555662 -0.011083743842364536 0.02698062300711306 -0.0665996481528022 0.01307873397855088
0.08420795704173786 0.004433606739082244 0.1086712973336321 -0.012895662368112543 0.05725873792198497 -0.10312944523470839 0.07895386133728102 -0.04175878162613609 0.14973538143797596 -0.10161469933184857 0.039591315453384415 -0.09401709401709402 0.04811740647179117 -0.2092822848701219 -0.23800528900642237 -0.36486317630888415 -0.022442244224422446 -0.2849476105290059 0.08310249307479224 -0.17556179775280895 -0.10621960583567953 -0.18838113757899852 -0.09732067764027395 -0.32234784700505176 -2.5964650236494897 -2.062359128474831 -0.4562888506811268 -0.3845184064548664 -0.15351755439861167 -0.24028478196380898 -0.058117008911274706 0.029691211401425176 -0.05424300867888139 -0.115995115995116 -1.9049355701434483 -1.3763687293099058 -0.2842720510095643 -0.11128364389233954 0.04397416517795795 -0.10101010101010102 0.03162555344718533 -0.0022750540325332746 0.023277467411545624 -0.08610235265583313 -0.035130224106602055 -0.31391229998778547 0.059276075167108075 -0.11651469098277607 0.15117358440525125 -0.0556390977443609 0.013758599124452786 -0.07293354943273907 0.07594649739288142 -0.03847499125568381 0.11478260869565218 -0.0678294573643411 0.2131879028259792 -0.011164867882396724 0.3348593852190974 -0.07012020606754435 -0.0023892008123282777 0.008085008085008085 0.038655265315684674 -0.029673590504451043 -0.08634128792421152 -0.09177679882525698 -0.02094369841074288 -0.012230919765166336 0.08892276422764227 -0.0517337807606264 -0.06512578214787383 4.163336342344337e-18 0.0035314891112419033 -0.05852231163130943 -0.05206441457803608 -0.15083866296609144 -0.04860418743768694 -0.1694915254237288 0.0012961762799740596 -0.18770856507230252 0.014970059880239523 -0.0011266336187471845 -0.002263723825693266 -0.009668842156151793 -0.09765854806447816 -0.019029495718363477 -0.044334975369458116 0.018395879323031654 -0.09550138225684845 0.020925974365681395
0.10251403465950695 0.01662602527155841 0.10867129733363208 -0.011723329425556853 0.06083740904210901 -0.12091038406827881 0.09005674808783617 -0.041758781626136096 0.16780689299083515 -0.09883073496659242 -0.008939974457215838 -0.08302808302808304 -0.02766750872127992 -0.21543764618983136 -0.4143055030852537 -0.47232287892040486 -0.13465346534653466 -0.3028366981855354 -0.026381743833267378 -0.18960674157303373 -0.09982083439979525 -0.21147301895964996 -0.09852216748768475 -0.36685109453933124 -2.7383619616629327 -2.2551965940395693 -0.4959661420447031 -0.4689863842662632 -0.19356561206781472 -0.3233461880747553 -0.04391062895518533 0.05700712589073633 -0.04942140790742526 -0.07814407814407814 -1.4843180160466813 -1.0886172650878534 -0.22183846971307125 -0.08540372670807453 0.07145801841418167 -0.08442635308306952 0.02403542061986085 -0.026163121374132636 0.010474860335195532 -0.10671840892553966 0.009691096305269537 -0.2552827653597166 0.06432084752175557 -0.15070921985815605 0.12465190293064579 -0.09774436090225563 0.023764853033145725 -0.09377170641352164 0.07254590795737928 -0.07928180016322724 0.13217391304347825 -0.12112403100775193 0.22186415468517598 -0.07195137079766778 0.3348593852190974 -0.13308528906697195 0.02030820690479035 0.012705012705012703 0.05505446878294483 -0.03916913946587537 -0.02878042930807051 -0.10034263338228096 0.061599112972773186 -0.015900195694716242 0.15752032520325202 -0.05592841163310962 -0.06640275826842038 -0.008236263089775264 -0.0035314891112419125 -0.07071445988783223 -0.04843201356096379 -0.16652588391456496 -0.03364905284147558 -0.1732030186811827 0.01814646791963706 -0.18909899888765294 0.0037425149700598902 0.0033799008562415524 -0.020373514431239387 -0.013294657964708714 -0.10001176609012825 -0.03686964795432922 -0.046798029556650245 -0.01594309541329409 -0.10681075647147524 -0.01961810096782632
0.10617525018306076 0.024384837064952338 0.10306968406901187 -0.011723329425556855 0.046522724561612785 -0.11735419630156471 0.077720207253886 -0.027020388111029248 0.15748031496062992 -0.0807349665924276 -0.011494252873563218 -0.0879120879120879 -0.03368218453025381 -0.2351348024129017 -0.5087520463417705 -0.5735349244033487 -0.1438943894389439 -0.3053922821364682 -0.013190871916633689 -0.18679775280898878 -0.1151778858459176 -0.22119591638308217 -0.10693259641956025 -0.37767620880442626 -2.8105551406522284 -2.315301778111696 -0.5396111625446369 -0.4740292486132122 -0.22159925243625683 -0.32037970928507864 -0.02582978173834431 0.07244655581947743 -0.034956605593056904 -0.039072039072039086 -1.0734257233163143 -0.7410236822001528 -0.20058448459086078 -0.03881987577639752 0.057716091796069825 -0.05276647067691844 0.03542061986084756 -0.03298828347173245 0.01163873370577281 -0.0982294445791899 0.05208964264082374 -0.19787467936973252 0.09458948164964057 -0.13931104356636276 0.1405649118154091 -0.08571428571428572 0.030018761726078813 -0.09956008335262792 0.07254590795737928 -0.08044770898915705 0.13681159420289854 -0.11506782945736434 0.21690629647992066 -0.06947028904602406 0.32701111837802477 -0.12020606754436174 0.04420021502807311 0.02772002772002773 0.07028230057397213 -0.024925816023738872 0.007195107327017636 -0.0697503671071953 0.10841443883208082 0.012230919765166354 0.19944105691056907 -0.020973154362416112 -0.06384880602732729 -0.002353218025650072 0.0023543260741612656 -0.06583760058522312 -0.03753481050974694 -0.15566550018100642 -0.028664007976071805 -0.16949152542372878 0.020738820479585224 -0.17936596218020023 0.016217564870259483 -0.002253267237494369 -0.0056593095642331614 -0.019337684312303587 -0.10118837510295328 -0.027354900095147495 -0.05295566502463054 -0.006131959774343876 -0.11309374214626791 -0.013078733978550883
0.09641200878691725 0.005542008423852804 0.08738516692807527 -0.053927315357561546 0.0453298341882381 -0.1944049312470365 0.09499136442141623 -0.12159174649963153 0.18329676003614304 -0.1628619153674833 -0.0076628352490421435 -0.09523809523809523 -0.02165283291230603 -0.2511387418441463 -0.5112706208286111 -0.5935274272147945 -0.11749174917491752 -0.295169946332737 0.019786307874950535 -0.18117977528089887 -0.12925518300486308 -0.20661157024793386 -0.11894749489366815 -0.35722877074813575 -2.713467762011452 -2.198847983971951 -0.5131596349689195 -0.43998991427130607 -0.21225470564677615 -0.2921981607831504 -0.03357871625984761 0.07363420427553444 -0.03254580520732883 -0.01831501831501832 -0.7221006564551422 -0.515660809778457 -0.13947927736450588 -0.024585921325051767 0.0975676789885942 -0.048243630333182574 0.03542061986084757 -0.04777613468319873 0.023277467411545627 -0.10793111811787533 0.09448818897637794 -0.1905459875412239 0.1311640812208349 -0.1405775075987842 0.1776952658798568 -0.09172932330827067 0.027517198248905576 -0.08798332947441537 0.07708002720471549 -0.054797714818701174 0.1518840579710145 -0.08478682170542637 0.244174516608825 -0.03845676715047761 0.3348593852190974 -0.09730967372638809 0.03105961056026759 -0.005775005775005776 0.059739955487876306 -0.08308605341246292 0.011991845545029384 -0.157856093979442 0.09979056301589258 -0.09784735812133072 0.17022357723577236 -0.13282997762863535 -0.07151066275060655 -0.002353218025650073 -0.0011771630370806404 -0.07315288953913679 -0.02663760745853009 -0.15807891878846386 -0.017447657028913266 -0.18804899171099837 0.03499675955930006 -0.19466073414905452 0.017465069860279445 -0.005633168093735921 0.0033955857385399 -0.029006526468455397 -0.07647958583362749 -0.040437678401522355 -0.030788177339901475 -0.0404709345106696 -0.10555415933651671 -0.051007062516348435
0.10495484500854282 -0.009975615162935048 0.08850548958099932 -0.09378663540445487 0.0453298341882381 -0.26078710289236606 0.10609425117197138 -0.19405551461557358 0.18587840454369436 -0.23246102449888645 -0.016602809706257982 -0.09401709401709402 -0.032479249368459036 -0.2499076695802044 -0.5226042060193931 -0.5860302386605023 -0.13861386138613863 -0.26961410682340914 0.0026381743833267398 -0.15870786516853935 -0.1254159201433325 -0.20053475935828874 -0.1237534542833113 -0.3464036564830407 -2.52302713467762 -2.0611069371399955 -0.4959661420447031 -0.4236006051437216 -0.21892938192497663 -0.28329872441412046 -0.025829781738344316 0.05225653206650831 -0.01808100289296046 -0.0293040293040293 -0.45587162654996344 -0.3921568627450981 -0.1208820403825717 -0.047877846790890285 0.08657413769410471 -0.07990351273933363 0.031625553447185324 -0.055738823797065185 0.00931098696461825 -0.11278195488721805 0.0884312537855845 -0.1746671552461219 0.10089544709294992 -0.12664640324214793 0.1339344914467577 -0.08872180451127819 0.025015634771732333 -0.0926140310257004 0.07934708682838358 -0.06179316777428005 0.1646376811594203 -0.10780038759689921 0.2702032721864155 -0.06078650291527103 0.3584041857423152 -0.14739553520320547 0.029865010154103457 -0.02772002772002772 0.05154035375424622 -0.1317507418397626 0.00599592277251469 -0.22638277043563387 0.08131082912406062 -0.17857142857142855 0.14227642276422764 -0.22371364653243847 -0.05746392542459455 -0.0035298270384751113 0.011771630370806354 -0.07193367471348452 -0.0024216006780481887 -0.15445879087727768 0.009970089730807574 -0.18804899171099837 0.06999351911860012 -0.20022246941045604 -0.0024950099800399167 -0.009013068949977474 -0.011318619128466326 -0.036258158085569245 -0.07530297682080245 -0.049952426260704105 -0.04679802955665025 -0.05764042187883247 -0.12691631063081174 -0.06800941668846457
0.11105687088113254 -0.017734426956328975 0.11875420120994847 -0.1066822977725674 0.07634498389597996 -0.25841631104789 0.14187021959042684 -0.18300171947924343 0.22331224990318832 -0.22550111358574615 -0.02554278416347382 -0.10256410256410256 -0.05172621195717551 -0.2745291148590422 -0.5364563656970155 -0.6160189928776708 -0.16105610561056108 -0.3028366981855354 -0.027700831024930744 -0.20365168539325845 -0.1279754287176862 -0.22241127856101114 -0.10933557611438183 -0.36685109453933124 -2.223052028877272 -1.8858001502629609 -0.48935326015077374 -0.4437720625315179 -0.22293418769189696 -0.30406407594185714 -0.02841275991217874 0.041567695961995256 -0.014464802314368369 -0.032967032967032975 -0.2905421833211768 -0.27756557168321877 -0.0890010626992561 -0.02458592132505176 0.09481929366497183 -0.05276647067691844 0.031625553447185324 -0.05118871573199864 0.00931098696461825 -0.10065486296386125 0.10296789824348877 -0.1587883229510199 0.11224618489090679 -0.12284701114488347 0.13658665959421828 -0.09473684210526315 -0.0012507817385866162 -0.12734429266033803 0.04987531172069826 -0.09793634137810424 0.1217391304347826 -0.15867248062015502 0.2119484382746653 -0.11164867882396723 0.2995421844342707 -0.19461934745277618 0.039421813403416564 -0.02772002772002772 0.0784819023076022 -0.1341246290801187 0.032377982971579324 -0.22148800783162015 0.10225452753480349 -0.17490215264187867 0.1600609756097561 -0.20833333333333334 -0.038309283616396364 -0.022355571243675723 0.03178340200117716 -0.09875640087783467 0.026637607458530076 -0.197900325811512 0.05608175473579262 -0.24867004824941233 0.11147116007777058 -0.2627919911012236 -0.008732534930139719 0.004506534474988727 0.0011318619128466352 -0.010877447425670764 -0.07883280385927757 -0.08325404376784015 -0.08743842364532019 -0.10056414029923962 -0.1683840160844433 -0.10462987182840702
0.10251403465950695 -0.018842828641099534 0.08626484427515123 -0.10199296600234467 0.05129428605511153 -0.2299668089141773 0.12583271650629163 -0.14492753623188406 0.2129856718729831 -0.19348552338530067 -0.024265644955300134 -0.08547008547008546 -0.06736436906050763 -0.26714268127539087 -0.5440120891575368 -0.588529301511933 -0.19009900990099013 -0.27344748274980835 -0.0593589236248516 -0.19382022471910115 -0.12157665728180189 -0.19445794846864364 -0.12615643397813286 -0.3319701707962473 -1.8222554144884242 -1.6053092912597045 -0.44570823965083983 -0.3542612203731719 -0.20691496462421574 -0.23435182438445565 -0.032287227172930394 0.013064133016627061 -0.030135004821600773 -0.052503052503052504 -0.23097495745198154 -0.22026992615227906 -0.07306057385759829 -0.024585921325051763 0.10031606431221658 -0.05578169757274236 0.02150537634408602 -0.06483903992719828 -0.005819366852886404 -0.11035653650254669 0.09569957601453663 -0.15756687431293512 0.10594021944759742 -0.12284701114488347 0.12730407107810635 -0.09774436090225563 -0.01125703564727955 -0.11460986339430423 0.022670596236681023 -0.08394543546694648 0.10318840579710145 -0.14171511627906977 0.18468021814576105 -0.10048381094157051 0.26814911706998035 -0.18603319977103605 0.048978616652729665 -0.038115038115038115 0.08082464566006795 -0.14362017804154303 0.05156493584362633 -0.20558002936857567 0.12935813724282372 -0.1553326810176125 0.18546747967479674 -0.17757270693512306 -0.030647426893117096 -0.04235792446170138 0.0329605650382578 -0.11948305291392343 0.020583605763409608 -0.2075540002413419 0.048604187437686935 -0.2548558703451688 0.10758263123784835 -0.2655728587319244 -0.0124750499001996 0.0033799008562415437 -0.010186757215619693 -0.006043026347594863 -0.08471584892340275 -0.06779257849666984 -0.10467980295566504 -0.08830022075055188 -0.17466700175923597 -0.08893539105414597
0.09641200878691725 -0.04655287076036356 0.079542908357607 -0.1395076201641266 0.05845162829535966 -0.26315789473684215 0.1443375277572169 -0.17440432326209773 0.23105718342584222 -0.21854120267260582 -0.03065134099616858 -0.12210012210012208 -0.07337904486948152 -0.29668841560999637 -0.517567057045712 -0.6060227414719481 -0.14521452145214525 -0.28750319447993866 -0.02901991821659412 -0.2106741573033708 -0.09854108011261836 -0.1859504132231405 -0.0889102487083984 -0.32355063747895113 -1.3729151107791886 -1.3573754069621837 -0.3359344002116122 -0.345436207766011 -0.12281404351888932 -0.24473450014832393 -0.029704248999095954 -0.023752969121140145 -0.03254580520732884 -0.08180708180708181 -0.19572088499878434 -0.18461930226636106 -0.039851222104144525 -0.04399585921325052 0.11405799093032845 -0.09196442032262928 0.02024035420619861 -0.08986463428506426 -0.01047486033519553 -0.12854717438758184 0.11992731677771049 -0.1673384634176133 0.14503720519611552 -0.13297872340425532 0.16045617292136322 -0.10827067669172932 -0.006253908692933083 -0.12502894188469554 0.034005894355021535 -0.10726361198554273 0.11478260869565218 -0.16836240310077516 0.21070897372335154 -0.13521895546458257 0.2916939175931982 -0.21608471665712653 0.03225421096643173 -0.06930006930006931 0.050368982078013345 -0.18041543026706233 0.038373905744094015 -0.2373959862946647 0.10595047431316991 -0.19080234833659487 0.16260162601626016 -0.21112975391498884 -0.031924403013663644 -0.04824096952582657 0.02942907592701589 -0.12435991221653256 0.03753481050974694 -0.2051405816338844 0.07103688933200399 -0.24619571941110974 0.13480233311730397 -0.26140155728587317 -0.0124750499001996 0.01802613789995493 -0.00905489530277306 0.01933768431230361 -0.0705965407695023 -0.030922930542340642 -0.09482758620689655 -0.046602894285013484 -0.17089721035436037 -0.05754642950562385
0.10495484500854282 -0.043227665706051875 0.09074613488684742 -0.13599062133645953 0.08469521650960274 -0.24300616405879566 0.16777695534172218 -0.1424711373126996 0.25945527300890664 -0.18791759465478844 -0.04853128991060025 -0.11355311355311355 -0.07939372067845543 -0.27822233165086796 -0.180078075809092 -0.5722853929776334 -0.1227722772277228 -0.26322514694607724 -0.01978630787495054 -0.19382022471910115 -0.07678525723061172 -0.17622751579970833 -0.07208939084464737 -0.2922780851575656 -1.0256410256410255 -1.048084147257701 -0.29625710884803597 -0.2798789712556732 -0.10946469096248831 -0.18985464253930584 -0.037453183520599245 -0.03681710213776722 -0.03977820636451302 -0.09279609279609279 -0.20058351568198396 -0.16170104405398525 -0.055791710945802334 -0.051759834368530024 0.08657413769410471 -0.09648726066636516 0.04174573055028463 -0.1035149584802639 0.011638733705772814 -0.13946155711860295 0.13930950938824954 -0.17955294979846098 0.1753058393240005 -0.14311043566362713 0.19360827476462006 -0.11879699248120298 -0.010006253908692935 -0.11113683723084049 0.020403536613012918 -0.08627725311880612 0.10898550724637682 -0.1417151162790698 0.19583539910758554 -0.10296489269321425 0.28384565075212553 -0.19175729822552948 0.04539481543423725 -0.066990066990067 0.06676818554527351 -0.17210682492581603 0.055162489507135135 -0.23250122369065102 0.12073426142663549 -0.18224070450097846 0.17403455284552843 -0.20274049217002238 -0.006384880602732729 -0.049417578538651606 0.06474396703943495 -0.12679834186783712 0.08475602373168664 -0.2051405816338844 0.11714855433698905 -0.24372139057280715 0.18146467919637072 -0.25583982202447164 -0.01746506986027944 0.03605227579990987 -0.02037351443123939 0.0531786318588349 -0.07647958583362749 0.011893434823977164 -0.11330049261083744 -0.0012263919548687705 -0.18220658456898717 -0.027465341354956825
