-0.004874482086278329 0.11873058144695965 0.034691136974037605 0.2621987066431511 0.046434099297535406 0.34732960628048054 0.0787886248922812 0.4488839560981626 0.06565396498455202 0.3942401789458968 0.10098427713153521 0.34068627450980393 0.10596026490066227 0.6089544834428873 0.0012589701624071525 0.8178954001260239 0.040918690601900745 0.9089735313105228 0.11876484560570069 0.9293416572077184 0.12692307692307692 -0.18097898700352238 0.055328361799374545 -0.15167930660888407 0.04367357125031197 -0.22556390977443605 0.12309728656518862 -0.20660115898211134 0.006669334400426835 -0.09343022393593356 -0.08132180198786627 0.09749138033527524 -0.08195733397613596 0.08925296491013572 -0.09974455662328184 0.12742099898063203 -0.12737163327583917 0.078954180688584 -0.07956104252400549 0.0784550392275196 -0.11760242792109257 -0.07288463728504727 -0.3771388662553835 0.021889821233126588 -0.3346623172647094 0.2624800686863731 -0.26021370207416716 0.41226619162743355 -0.15606401269673323 0.4990170875548163 -0.07383306219496935 -0.3251277287505806 -1.4483227561196736 -0.1567251461988304 -0.13892104653855059 0.31413612565445026 0.04452139500371009 0.44813381600299584 0.009126466753585393 0.45094366805935737 -0.05850746268656717 0.004628558204119409 -0.22125965815968157 0.08096201928801047 -0.04196642685851319 0.3033652665192828 -0.020923076923076916 0.28946400098123387 -0.016487000634115408 0.2832305103757712 -0.0038319070123898325 -0.02707474985285462 -0.028255238992229804 0.15896307165566154 0.018148820326678767 0.26650514839491213 0.13330011212158963 0.41293532338308464 0.27097108777388823 0.42645413870246085 0.14112651429998752 0.1083154688028884 0.0962736436742553 0.16719166464744367 0.1330977620730271 0.3856255969436485 0.26153466567974337 0.40758527274966133 0.19262243484829414 0.4742511823436679
-0.030465513039239576 0.10763426542387926 0.004476275738585502 0.24808935920047026 -0.009524943445648294 0.34495063637444984 -0.009848578111535148 0.4476507584165742 -0.024459320288362514 0.4040262826785964 0.1265499169116707 0.3235294117647059 0.14449127031908487 0.6052337839513828 0.04658189600906458 0.8065532451165721 0.1042766631467793 0.894770819883796 0.1953021905515967 0.9151532349602725 0.10897435897435896 -0.17126199441272924 0.03247534279528506 -0.15047550258817863 0.02745195907162466 -0.19298245614035087 0.10589013898080739 -0.14991181657848324 0.0053354675203414696 -0.03114340797864452 -0.08777591325674455 0.09749138033527524 -0.09762564782451488 0.09781146839466927 -0.1131249239751855 0.15927624872579 -0.14594666312856572 0.11907843644835621 -0.08230452674897118 0.12824381412190705 -0.12139605462822459 -0.1184375355882018 -0.47142358281922936 -0.029186428310835465 -0.31533164189923885 0.2428553906537471 -0.20741671904462602 0.39317979386690416 -0.08596746462108187 0.47179797368818993 -0.11012388937554748 -0.5062703204830469 -1.9809610154125115 -0.25497076023391807 -0.17365130817318825 0.2751735054182394 0.0012367054167697262 0.405692173261765 -0.02607561929595828 0.42501080535945823 -0.0764179104477612 -0.009257116408238836 -0.26691641301802854 0.0881057268722467 -0.06354916067146284 0.3328420535494965 -0.045538461538461535 0.3274868146694468 -0.030437539632213056 0.3323051037577117 0.007663814024779665 -0.035314891112419075 -0.02354603249352484 0.1516263145023233 0.039927404718693285 0.2531798909751666 0.15697022548897474 0.3967661691542288 0.30468040969791266 0.404082774049217 0.13113525665043088 0.12185490240324945 0.10873258579680598 0.19990307729585655 0.14840989399293286 0.4309933142311366 0.2627683197631384 0.4629971678364734 0.20269419614755133 0.5254860746190226
-0.04996344138435291 0.10097647581003107 -0.03357206803939122 0.25161669606114045 -0.04405286343612335 0.34376115142143454 -0.06155361319709467 0.43655197928227896 -0.07466529351184345 0.3984342234027681 0.1431675827687588 0.3100490196078431 0.148103552077062 0.5903509859853652 0.08560997104368626 0.7775677378701953 0.1610348468848997 0.853453841187863 0.25336500395882816 0.8782633371169124 0.10128205128205128 -0.16640349811733265 0.015636276160692804 -0.13482605031900805 0.03743448964312453 -0.17418546365914783 0.12442091330244871 -0.13227513227513224 0.026677337601707353 -0.022245291413317513 -0.10971989157093068 0.07371299488764713 -0.1506568639267205 0.08925296491013571 -0.150833231966914 0.14143730886850153 -0.1804431471407722 0.09707481232202952 -0.11111111111111112 0.1131563065781533 -0.13783510369246332 -0.20954333219451088 -0.6262367593993714 -0.0741821719567068 -0.31895614353026464 0.21955108549000366 -0.18730358265241986 0.36009670441531993 -0.06348366618172199 0.45516407076969606 -0.11387811287698661 -0.6862517417556896 -2.435403445149592 -0.3064327485380117 -0.17017828200972446 0.26178010471204194 0.024734108335394512 0.39570590438147546 0.009126466753585406 0.417807232387264 -0.11343283582089554 -0.03355704697986577 -0.32662140014048235 0.08334325514942255 -0.10551558752997603 0.3119626627364284 -0.08738461538461538 0.2931436281123513 -0.06594800253646164 0.29584969153112733 -0.02043683739941244 -0.04237786933490288 -0.04238285848834471 0.1479579359256542 0.01814882032667877 0.2519685039370079 0.13080852124081227 0.390547263681592 0.27356411253727475 0.404082774049217 0.15611340077432248 0.12185490240324945 0.12119152791935665 0.21201841531378723 0.18256772673733804 0.4262177650429799 0.307179866765359 0.44575791158724287 0.24298124134458016 0.5070940620073567
-0.08408481598830123 0.0754549489569463 -0.07721575649059984 0.2210464432686655 -0.0916775806643648 0.29023432853574405 -0.10710328696294473 0.36502651375015416 -0.11972193614830073 0.3355235565496994 0.11376709702160297 0.29901960784313725 0.1131848284166165 0.5829095870023564 0.05287674682110034 0.7561436672967863 0.12935586061246038 0.8327953518398965 0.2137767220902612 0.8527241770715097 0.1064102564102564 -0.17369124256042753 0.012027904738994465 -0.13843746238112434 0.029947591714499622 -0.18045112781954883 0.11780277961614824 -0.13227513227513227 0.013338668800853673 -0.019279252558208518 -0.14844455918420035 0.027345143264772324 -0.22538266843437388 0.03790194400293435 -0.2055710984065199 0.07900101936799184 -0.23749502454557514 0.01682630080248512 -0.1728395061728395 0.036210018105009054 -0.16312594840667677 -0.3701172987131306 -0.868350599464556 -0.17025416514654018 -0.35399299263018 0.1557708818839691 -0.21370207416719045 0.2786614073037282 -0.10051580478772651 0.3719945561772267 -0.12889500688274308 -0.8255921969345099 -2.787851314596555 -0.3485380116959064 -0.1852280620514008 0.24838670400584437 0.011130348750927527 0.38072650106104106 -0.01043024771838331 0.41492580319838634 -0.13611940298507463 -0.04512844249016432 -0.364083352844767 0.07024645791165615 -0.13788968824940048 0.29353967084254484 -0.11815384615384616 0.27351895007972526 -0.09511731135066581 0.2790241166573192 -0.04215097713628816 -0.05885815185403178 -0.04709206498704968 0.12594766446563954 -0.0012099213551119172 0.19503331314354938 0.11087579419459323 0.3221393034825871 0.24374432775833013 0.3327740492170022 0.15611340077432248 0.11847004400315919 0.11099784800090609 0.21807608432275258 0.17667844522968196 0.419054441260745 0.3010115963483839 0.433444157123507 0.22409668890847287 0.4978980557015239
-0.08895929807457957 0.10874389702618732 -0.0962399283795882 0.2610229276895944 -0.10358375997142517 0.34495063637444984 -0.10710328696294473 0.41928721174004197 -0.11843460350154482 0.39703620858381095 0.12015850696663685 0.3247549019607844 0.1119807344972908 0.634999379883418 0.0642074782827647 0.8191556395715185 0.12803590285110875 0.907682375726275 0.2269728160464502 0.9265039727582293 0.11794871794871795 -0.16883274626503098 0.015636276160692807 -0.13482605031900807 0.027451959071624656 -0.17293233082706766 0.12177365982792854 -0.10959939531368104 0.03334667200213419 0.014830194275545005 -0.149735381437976 0.010700273451432651 -0.26033506086537306 0.029343440518400776 -0.22260065685439728 0.07900101936799184 -0.2507629030118084 0.009060315816722762 -0.1879286694101509 0.03319251659625829 -0.1681841173495195 -0.48513836692859585 -1.167500873006635 -0.1945761887389031 -0.3769481696266763 0.19134061081810377 -0.2325581395348837 0.32319633541162995 -0.11903187409072875 0.42340843792529864 -0.11888374421223877 -0.8987459359033906 -3.004306436990027 -0.335672514619883 -0.19448946515397086 0.2995251430658712 0.007420232500618351 0.43939583073274247 -0.007822685788787488 0.4869615329203284 -0.12895522388059702 -0.048599861143253875 -0.387497073284945 0.07619954756518633 -0.13908872901678657 0.2886268730041759 -0.12430769230769231 0.2698393229486079 -0.10526315789473684 0.2902411665731913 -0.04981479116106782 -0.054149499705709224 -0.048269366611725935 0.119833700171191 -0.015728977616454927 0.18170805572380375 0.09468045346954032 0.2997512437810945 0.22818617917801118 0.31879194630872487 0.16360684401148995 0.1455489112038813 0.10986521689885602 0.26653743639447536 0.1861012956419317 0.4859121298949379 0.31951640759930916 0.5122521856914173 0.2568299131310588 0.571466106148187
-0.08042895442359249 0.0721260541500222 -0.09288272157564906 0.21046443268665493 -0.10358375997142517 0.26882359938146777 -0.09725470885140956 0.3317301763472685 -0.10942327497425335 0.31734936390325735 0.1329413268567046 0.3223039215686275 0.12040939193257075 0.6250775145727396 0.0717612992572076 0.81411468178954 0.12275607180570222 0.8921885087153001 0.22037476906835574 0.9151532349602723 0.12564102564102564 -0.17490586663427668 0.016839066634592254 -0.14204887444324066 0.037434489643124534 -0.18045112781954886 0.14692256783587027 -0.11841773746535651 0.0573562758436708 0.013347174847990514 -0.1445720924228734 -0.04042325526096778 -0.29649270820778595 -0.03301137058320088 -0.23354823014231846 0.0050968399592252744 -0.24014860023882184 -0.07377685736474242 -0.16872427983539093 -0.02112251056125527 -0.17324228629236216 -0.7185969707322629 -1.5306716331044115 -0.29551258664720903 -0.381780838468044 0.13246657672022571 -0.2262727844123193 0.24939559740424988 -0.11109641581801348 0.3508241342809617 -0.1188837442122388 -0.9858337203901533 -3.0995013599274706 -0.343859649122807 -0.19448946515397086 0.30926579812492394 0.021023992085085336 0.4568718012732493 0.00782268578878749 0.5071315372424722 -0.12298507462686567 -0.06827123351076139 -0.36291266682275813 0.05119657102035956 -0.12589928057553956 0.23335789732252515 -0.11199999999999999 0.21341837360480803 -0.08877615726062142 0.25098149186763885 -0.025546046749265555 -0.0694526191877575 -0.0023546032493524743 0.08437270726338959 0.007259528130671505 0.13688673531193216 0.11835056683692538 0.24502487562189054 0.26837806301050177 0.2726510067114094 0.16860247283626825 0.12749633307006655 0.11666100351115641 0.23988369275502786 0.19081272084805653 0.448901623686724 0.31951640759930916 0.4679226696219677 0.26060682361828025 0.5386232264844981
-0.08286619546673166 0.05992010652463382 -0.10631154879140556 0.1987066431510876 -0.10358375997142517 0.25811823480432966 -0.08863720300381632 0.3070662227155013 -0.10298661174047374 0.2991751712568153 0.11888022497763007 0.30024509803921573 0.09753160746538228 0.5940716854768697 0.0591715976331361 0.7662255828607435 0.10823653643083422 0.8263395739186571 0.2098178939034046 0.8541430192962544 0.11538461538461538 -0.18826673144661726 0.004811161895597787 -0.16130973877452753 0.02745195907162466 -0.19172932330827067 0.12971542025148908 -0.1398337112622827 0.04134987328264639 0.007415097137772511 -0.16264360397573258 -0.061823802163833076 -0.34108713993009526 -0.04156987406773444 -0.24449580343023963 0.020387359836901115 -0.26005041793817163 -0.056950556562257316 -0.17146776406035663 0.015087507543753787 -0.21876580677794638 -1.010135519872452 -1.9729949947619603 -0.36239815152620697 -0.41319318593693366 0.09812339016313015 -0.26147077309868005 0.19977096322687365 -0.14812855442401798 0.31604415545138365 -0.11012388937554748 -1.0555039479795634 -3.132366273798731 -0.3988304093567251 -0.20027784209307714 0.25203944965298913 0.009893643334157804 0.38447135189114967 -0.009126466753585409 0.4379772367094078 -0.12298507462686567 -0.07058551261282112 -0.3664247248887848 0.05000595308965353 -0.13189448441247004 0.21984770326701053 -0.12430769230769231 0.20728566171961244 -0.10145846544071022 0.24256870443073475 -0.04215097713628816 -0.0694526191877575 -0.01765952437014363 0.06969919295671312 -0.008469449485783423 0.10417928528164751 0.10090943067148377 0.19278606965174133 0.259302476338649 0.22231543624161074 0.17359810166104656 0.09928917973598103 0.1132631102050062 0.19626847589047738 0.1872791519434629 0.3820439350525311 0.31088082901554404 0.3891146410540574 0.2454991816693944 0.46505517603783497
-0.0938337801608579 0.03439857967154905 -0.1219785138764548 0.15637860082304528 -0.09882128824860102 0.2117283216367313 -0.07632648036439739 0.25527192008879024 -0.09268795056642637 0.24185656367957495 0.08308832928544037 0.2904411764705882 0.0505719446116797 0.5791888875108521 0.015107641948885808 0.7448015122873346 0.043558606124604 0.7927695287282116 0.15175508049617312 0.8271850170261068 0.08717948717948718 -0.19312522774201382 -0.043300457060380076 -0.17214397496087636 -0.014973795857249811 -0.2117794486215539 0.08735936465916612 -0.1599899218946838 -0.0013338668800853687 -0.01927925255820851 -0.1897508713050213 -0.10700273451432647 -0.41822345426057617 -0.07335860129600195 -0.2493613915582046 0.007645259938837923 -0.24545575162531513 -0.06342221071705928 -0.16049382716049382 0.006035003017501508 -0.25290844714213456 -1.3460881448582165 -2.4083343033407054 -0.43414812112367746 -0.42165035640932713 0.06991291549123024 -0.2677561282212445 0.171777579844764 -0.14812855442401798 0.30394677151066085 -0.1414090852208735 -1.0671156525777983 -3.1697642792384406 -0.40467836257309936 -0.22574670062514474 0.2386460489467917 -0.02597081375216424 0.3769816502309325 -0.037809647979139514 0.4264515199538971 -0.14208955223880598 -0.06827123351076139 -0.36291266682275813 0.04524348136682939 -0.13788968824940048 0.1977401129943503 -0.1513846153846154 0.18152827180179074 -0.1318960050729233 0.2159282108805384 -0.06514241921062716 -0.06592113007651558 -0.04120555686366846 0.0623624358033749 -0.024198427102238355 0.0872198667474258 0.07973090818487605 0.17412935323383083 0.2398547906132503 0.20413870246085014 0.12988634944423627 0.0970326074692542 0.06909049722505381 0.19626847589047738 0.14723203769140164 0.37726838586437444 0.25783370342955836 0.3804950129294422 0.19891728566032985 0.45323173935890704
-0.09748964172556666 0.04105636928539726 -0.16114592658907786 0.17636684303350975 -0.1047743779021312 0.23076008088497685 -0.0898682752677582 0.2799358737205574 -0.1068486096807415 0.26562281560184536 0.04985299757126423 0.28308823529411764 -0.006020469596628536 0.566786555872504 -0.020143522598514412 0.739760554505356 0.005279831045406541 0.7850225952227243 0.12008445500131962 0.8172531214528945 0.0641025641025641 -0.21377383699744928 -0.1034399807553524 -0.17816299506440353 -0.04492138757174944 -0.21929824561403505 0.05294506949040371 -0.16754850088183423 -0.03601440576230493 -0.02966038855109001 -0.21427649412675875 -0.2413506122934253 -0.5604435338074003 -0.09169825162000245 -0.2761221262620119 0.028032619775739044 -0.27597187209765156 -0.03235827077400982 -0.1810699588477366 0.040736270368135194 -0.2845220030349013 -1.6342102266256693 -2.754044930741474 -0.4499574364587134 -0.44098103177479764 0.07972525450754327 -0.28284098051539913 0.16668787377528949 -0.17193492924216375 0.30092242552548015 -0.14391190088849956 -1.0078959591267995 -2.991840435176791 -0.3555555555555555 -0.23616577911553605 0.2447339583586996 -0.05317833292109819 0.38197478467107726 -0.07040417209908736 0.42212937617058055 -0.13731343283582093 -0.04859986114325387 -0.3465230625146336 0.05476842481247768 -0.13189448441247006 0.1854581183984279 -0.16492307692307692 0.16558322090028213 -0.1458465440710209 0.1948962422882782 -0.07280623323540683 -0.02942907592701589 -0.022368730868848594 0.0966006358522866 -0.0205686630369026 0.12598425196850396 0.0735019309829326 0.21393034825870644 0.23207571632309087 0.24049217002237136 0.12239290620706884 0.0970326074692542 0.04757050628610261 0.19505694208868427 0.1507656065959953 0.373686723973257 0.25783370342955825 0.3866518901613102 0.18758655419866546 0.44534944823962175
-0.10114550329027541 0.053262316910785625 -0.1656222023276634 0.20340975896531455 -0.10596499583283725 0.2735815391935292 -0.0886372030038163 0.32309779257614996 -0.09397528321318228 0.310359289808472 0.04729643359325067 0.2941176470588235 -0.001204093919325708 0.5581049237256605 -0.008812791136850056 0.7435412728418399 0.015839493136219636 0.7785668173014849 0.13855898653998416 0.7988081725312145 0.06666666666666667 -0.25142718328677277 -0.1034399807553524 -0.22511135187191528 -0.031195408035937105 -0.2518796992481203 0.08074123097286565 -0.1940035273368607 -0.008003201280512207 -0.05783775767462553 -0.26203691751645797 -0.46486743550112947 -0.7846209473303605 -0.12470962220320332 -0.29071889064590684 0.03058103975535168 -0.27729865994427494 -0.02588661661920786 -0.17283950617283947 0.06789378394689197 -0.29716742539200813 -1.8608358956838629 -2.9309742754044934 -0.4523896388179497 -0.4409810317747976 0.08831105114681712 -0.2941546197360151 0.1743224328795012 -0.19045099854516598 0.31906850143656434 -0.1038668502064823 -0.9045517882025079 -2.464868540344515 -0.3204678362573099 -0.1829127112757583 0.21064166565201506 -0.013603759584466977 0.3432779927599551 -0.029986962190352018 0.39331508428180373 -0.1408955223880597 -0.050914140245313586 -0.3090611098103489 0.05238718895106561 -0.1235011990407674 0.1658069270449521 -0.1636923076923077 0.13614620385134307 -0.14965123652504753 0.16825574873808188 -0.07025162856048028 0.011771630370806354 -0.001177301624676244 0.1418439716312057 -0.010889292196007257 0.18655360387643852 0.08471408994643082 0.2786069651741293 0.24115130299494356 0.3034116331096197 0.13613088547520918 0.10493061040279814 0.06455997281685355 0.1793070026653744 0.17314487632508832 0.35697230181470874 0.27880582284727357 0.365718507572959 0.2102480171219942 0.42170257488176566
-0.10967584694126249 0.03883710608078119 -0.16674127126230978 0.19635508524397416 -0.09882128824860102 0.2723920542405139 -0.07755755262833927 0.32309779257614996 -0.07595262615859938 0.3159513490843003 0.05240956154927777 0.29411764705882354 0.009632751354605663 0.566786555872504 0.002517940324814298 0.7687460617517328 0.036958817317845824 0.8173014848289221 0.1583531274742676 0.8328603859250852 0.07307692307692307 -0.27693428883760485 -0.11185951407264856 -0.2503912363067293 -0.01996506114299975 -0.2606516290726817 0.09530112508272666 -0.21038044847568654 0.012004801920768308 -0.07563399080527955 -0.30979734090615724 -0.7311853525145643 -1.0087983608533206 -0.15283041936667074 -0.30531565502980174 0.0509683995922528 -0.2786254477908982 0.006471654154801977 -0.16460905349794236 0.09957754978877492 -0.3098128477491148 -2.0202710397449035 -3.1079036200675128 -0.44630913291985885 -0.4409810317747976 0.10670918680240402 -0.30546825895663104 0.19468125715739917 -0.20896706784816824 0.34326326931801 -0.06382179952446501 -0.7628889921040409 -1.937896645512239 -0.2409356725146199 -0.12965964343598055 0.222817484475831 0.025970813752164236 0.3432779927599551 0.010430247718383318 0.39331508428180373 -0.14447761194029848 -0.043971302939134455 -0.2715991571060642 0.06191213239671389 -0.11510791366906474 0.15475313190862197 -0.1624615384615385 0.11652152581871703 -0.15345592897907417 0.1514301738642737 -0.06769702388555372 0.0035314891112419033 0.020014127619496114 0.12594766446563951 -0.0012099213551119196 0.17807389460932768 0.095926248909929 0.25497512437810943 0.25022688966679635 0.28104026845637586 0.13862869988759835 0.1083154688028884 0.049835768490202735 0.1853646716743397 0.15783274440518252 0.36891117478510027 0.26893659018011346 0.37803226203669504 0.23290948004532291 0.4308985811875986
-0.11698757007067999 0.026631158455392812 -0.18464637421665175 0.18224573780129338 -0.1071556137635433 0.2616866896633757 -0.07017111904468792 0.32063139721297323 -0.07466529351184345 0.311757304627429 0.0306787677361626 0.3051470588235294 -0.024081878386514148 0.5692670222001737 -0.03651013470980737 0.7901701323251417 -0.013199577613516362 0.8444157520981278 0.10160992346265504 0.8555618615209989 0.07948717948717948 -0.32066075549617395 -0.12027904738994466 -0.2913205730107139 -0.019965061142999747 -0.31077694235588976 0.11383189940436797 -0.2758881330309902 0.025343470721621984 -0.14830194275545008 -0.33432296372789466 -1.0831054571394603 -1.2835964806556588 -0.2078493703386722 -0.3223452134776791 0.021661569826707444 -0.2746450842510283 -0.028475278281128658 -0.1755829903978052 0.057332528666264336 -0.3351036924633283 -2.1295979956724747 -3.2219764870213012 -0.4450930317402408 -0.476017880874713 0.1054826444253649 -0.36455059710873666 0.18959155108792466 -0.26980558127231846 0.3402389233328293 -0.03879364284820423 -0.5805852299117511 -1.3995920217588398 -0.1298245614035088 -0.11113683723084047 0.2727383416534762 0.04946821667078902 0.3907127699413307 0.03129074315514994 0.4350958075205301 -0.1361194029850746 -0.05207127979634344 -0.2376492624678061 0.04643409929753541 -0.10911270983213428 0.09457135838860231 -0.1513846153846154 0.04292898319636944 -0.14457831325301201 0.06590016825574874 -0.0855792566100396 -2.7755575615628915e-18 -0.004709206498704969 0.12594766446563954 -0.042347247428917115 0.17928528164748636 0.04111124953282671 0.2574626865671642 0.18151173343705435 0.2922259507829978 0.13363307106282002 0.08913460453571025 0.02831577755125156 0.14417252241337533 0.12603062426383982 0.32354345749761226 0.24179620034542312 0.30907523703977346 0.1951403751731084 0.36915396741986334
-0.08774067755300999 0.002219263204616069 -0.1443598925693823 0.15755437977660203 -0.048815335158947495 0.23313905079100752 -0.012310722639418934 0.29350104821802936 -0.019309989701338827 0.27401090451558785 0.0012782819890067756 0.29411764705882354 -0.04936785069235401 0.5581049237256605 -0.09190482185572203 0.7851291745431631 -0.09503695881731784 0.8418334409296321 0.022433359725521244 0.8385357548240636 0.06282051282051283 -0.36560184622859226 -0.15155159971133028 -0.3262308896111713 -0.04616920389318692 -0.3471177944862155 0.071475843812045 -0.30612244897959184 -0.020008003201280513 -0.1764793118789856 -0.3433587195043243 -1.423136369040542 -1.5656261299264795 -0.2518645311162734 -0.30653205206179296 0.025484199796126393 -0.2507629030118084 -0.019414962464405904 -0.15226337448559668 0.06336753168376584 -0.3452200303490136 -2.199066165584785 -3.2161564427889653 -0.43414812112367757 -0.48568321855744834 0.1152949834416779 -0.393463230672533 0.2023158162616109 -0.29625710884803597 0.33570240435505827 -0.05255912902014768 -0.39131444496052026 -0.9519492293744334 -0.05263157894736843 -0.13429034498726558 0.3117009618896871 -0.008656937917388082 0.43565097990263385 -0.03520208604954368 0.47687653075925657 -0.11104477611940297 -0.054385558898403144 -0.17677358932334347 0.042862245505417305 -0.06474820143884893 0.07246376811594202 -0.12184615384615385 0.018398135655586907 -0.1192136968928345 0.03505328098710039 -0.08685655894750288 -0.02001177163037081 -0.0047092064987049684 0.11983370017119102 -0.043557168784029036 0.17201695941853418 0.01868693160583033 0.2537313432835821 0.15687799818488268 0.2852348993288591 0.09991257649556637 0.06318402346835157 -0.006795786612300375 0.11994184637751393 0.06831566548881036 0.3032473734479465 0.15790772267456207 0.29922423346878463 0.1057534936422007 0.3599579611140305
-0.06458688764318792 -0.035508211273857074 -0.12645478961504028 0.12580834803057026 -0.02262174068341469 0.20459141191863922 0.025852517542779764 0.2700702922678505 0.01673532440782698 0.25024465259331746 0.0025565639780135486 0.2732843137254902 -0.05418422636965683 0.5457025920873124 -0.09568173234294347 0.7813484562066793 -0.11615628299894402 0.8469980632666235 0.0052784375824755925 0.8513053348467651 0.03717948717948718 -0.42147455362565295 -0.20928554245850375 -0.3611412062116287 -0.0723733466433741 -0.37468671679197996 0.041032428855062864 -0.3300579491055681 -0.045351473922902494 -0.20169064214741214 -0.37562927584871564 -1.8261800023778385 -1.8910449560081957 -0.3166646289277418 -0.31747962534971413 -0.006371049949031604 -0.25208969085843175 -0.053067564069376114 -0.15637860082304528 0.03771876885938444 -0.33889731917046023 -2.168317959230156 -3.0636712839017575 -0.41833880578864163 -0.4699770448230035 0.10057647491720838 -0.3909490886235072 0.19977096322687363 -0.2909668033328925 0.3372145773476486 -0.05130772118633462 -0.25429633070134694 -0.6266999093381684 -0.003508771929824561 -0.1667052558462607 0.3214416169487398 -0.05936186000494682 0.45312695044314066 -0.09517601043024772 0.4811986745425731 -0.10865671641791046 -0.06827123351076139 -0.15570124092718335 0.03214668412906298 -0.052757793764988015 0.051584377302874 -0.11200000000000002 -0.0012265423770391275 -0.10779961953075459 0.012619181155356133 -0.08813386128496614 -0.052972336668628606 -0.03296444549093478 0.09782342871117636 -0.061705989110707814 0.14778921865536038 -0.006228977201943436 0.2300995024875622 0.12835472578763127 0.258668903803132 0.08367678281503685 0.03949001466771973 -0.026050515347151432 0.10055730554882483 0.04122497055359246 0.2817574021012416 0.10856155933876144 0.28198497721955423 0.05791262747072895 0.34025223331581717
-0.08286619546673166 -0.052152685308477574 -0.1387645478961504 0.12228101116990006 -0.02738421240623884 0.20459141191863922 0.008617505847593257 0.27130348994943887 -2.7755575615628915e-18 0.2502446525933175 -0.007669691934040648 0.2512254901960785 -0.06261288380493679 0.535780726776634 -0.10449452347979353 0.792690611216131 -0.12275607180570222 0.8624919302775984 -0.02375296912114014 0.869750283768445 0.015384615384615385 -0.48584962953965755 -0.2742362280490739 -0.38280967858432646 -0.08485150985774895 -0.37593984962406013 0.029119788219722033 -0.3300579491055681 -0.07603041216486595 -0.2076227198576301 -0.4285529882535175 -2.266080133158958 -2.2297215861154633 -0.3582345029954762 -0.336941977861574 -0.011467889908256881 -0.2799522356375216 -0.055656225731296916 -0.17695473251028807 0.03922751961375981 -0.336368234699039 -2.101127434233003 -2.8262134792224423 -0.38672017511856993 -0.4651443759816359 0.09934993254016926 -0.39849151477058453 0.2048606692963481 -0.31874090728739585 0.34326326931801 -0.05631335252158678 -0.1532745006967023 -0.4102447869446963 0.047953216374269005 -0.17249363278536697 0.33239985389017407 -0.08533267375711107 0.4643615029334665 -0.13689700130378096 0.48696153292032845 -0.13014925373134328 -0.0578569775514927 -0.15218918286115665 0.05953089653530182 -0.07434052757793766 0.08228936379267993 -0.15630769230769234 0.03434318655709555 -0.14457831325301204 0.036455412226584404 -0.10857069868437859 -0.04473219540906416 -0.07417000235460325 0.1430667644900954 -0.0810647307924985 0.2132041187159297 -0.03239068145010589 0.3084577114427861 0.08556981719175419 0.33696868008948544 0.0562008242787561 0.031592011734175786 -0.04757050628610261 0.10661497455779016 0.01531213191990577 0.2889207258834766 0.06415001233654083 0.2881418544514222 -0.011330731461664361 0.3428796636889123
-0.09261515963928832 -0.04105636928539725 -0.15890778871978514 0.15520282186948853 -0.0523871889510656 0.25098132508623766 -0.01600393943124461 0.3206313972129732 -0.02188465499485067 0.29637914161890117 -0.028122203758149045 0.2303921568627451 -0.09271523178807947 0.5345404936127991 -0.1284149565655294 0.7851291745431632 -0.14123548046462514 0.8650742414460943 -0.0422275006598047 0.869750283768445 -0.020512820512820513 -0.5502247054536621 -0.37045946596102963 -0.41651619116407845 -0.13725979535812327 -0.3909774436090225 -0.027796161482461945 -0.345175107079869 -0.12938508736828064 -0.22541895298828413 -0.46727765586678716 -2.666745927951492 -2.5708087260455583 -0.3777967966744101 -0.37221749178932 0.0254841997961264 -0.3197558710362213 -0.005177323323841576 -0.22359396433470508 0.08750754375377186 -0.3351036924633283 -1.8984170367839657 -2.495634966825748 -0.2991608901860635 -0.47722604808505487 0.15945050901508645 -0.42111879321181644 0.2799338338210968 -0.3465150112418992 0.42038409194011794 -0.06382179952446503 -0.038318625174175565 -0.31618313689936534 0.08654970760233918 -0.18985876360268583 0.3555339096554243 -0.11996042542666337 0.4755960554237923 -0.17861799217731422 0.48263938913701193 -0.12776119402985076 -0.04744272159222402 -0.1650667291032545 0.07500892963448028 -0.08393285371702638 0.09211495946941782 -0.16984615384615387 0.04292898319636943 -0.1585288522511097 0.029444756029164333 -0.12773023374632775 -0.037669217186580346 -0.1141982575935955 0.18831010026901446 -0.10526315789473686 0.2701393095093882 -0.05979818113865702 0.37189054726368165 0.047970958122650086 0.3998881431767339 0.04121393780442113 0.011282861333634209 -0.06682523502095367 0.09571117034165252 -0.014134275618374556 0.2722063037249284 0.03207500616827042 0.26105159463120303 -0.05035880649628603 0.3113504992117709
-0.10967584694126249 -0.06657789613848202 -0.17121754700089525 0.12815990593768373 -0.07977140135730446 0.20578089687165452 -0.054167179613443306 0.28486866444691084 -0.054067971163748715 0.2670208304208025 -0.03323533171417614 0.23651960784313725 -0.1131848284166165 0.5593451568894952 -0.1485584791640438 0.8178954001260239 -0.1689545934530095 0.9193027759845063 -0.07521773555027711 0.9208286038592508 -0.041025641025641026 -0.634033766549253 -0.43781573249939865 -0.43457325147465997 -0.17095083603693534 -0.4035087719298246 -0.058239576439444087 -0.3464348702443941 -0.16006402561024408 -0.23135103069850219 -0.4982573899574028 -3.100701462370705 -2.8938170423044474 -0.45360068468027875 -0.40141102055710987 -0.06498470948012233 -0.34363805227544114 -0.08930882733626715 -0.252400548696845 0.0015087507543753986 -0.3110773899848255 -1.626238469422617 -2.091723897101618 -0.24443633710324697 -0.46997704482300345 0.16680976327732122 -0.40729101194217476 0.30665479068583795 -0.3227086364237534 0.4430666868289733 -0.07007883869353022 0.038318625174175565 -0.2697189483227561 0.14853801169590644 -0.19796249131743462 0.40180202118592473 -0.14716794459559734 0.5467482211958556 -0.20078226857887876 0.5517936896700764 -0.12895522388059702 -0.025457070122656793 -0.1603839850152189 0.09882128824860102 -0.08633093525179857 0.11176615082289362 -0.16984615384615387 0.06745983073715196 -0.15726062143310082 0.04346606842400449 -0.1353940477711074 -0.052972336668628606 -0.13068048033906288 0.17975055025678652 -0.12583182093163944 0.2628709872804361 -0.08346829450604211 0.37437810945273636 0.01555814858031895 0.40967561521252804 0.027475958536280758 0.024822294933995258 -0.07701891493940423 0.13084565059365155 -0.03180212014134276 0.3104106972301815 0.008635578583765121 0.3078438615933998 -0.06672541860757901 0.34944823962165
-0.10601998537655374 -0.05326231691078561 -0.17905102954341987 0.157554379776602 -0.08691510894154067 0.2426549304151302 -0.056629324141327084 0.3280305833025034 -0.056642636457260566 0.30896127498951487 -0.030678767736162592 0.21446078431372553 -0.1336544250451535 0.5593451568894953 -0.16492509127533678 0.8241965973534973 -0.16235480464625132 0.9309231762427371 -0.07257851675903933 0.9335981838819523 -0.03717948717948718 -0.7567107980080165 -0.495549675246572 -0.46707596003370655 -0.15348140753681055 -0.3997493734335839 -0.037061548643282594 -0.3426555807508189 -0.1360544217687075 -0.22541895298828413 -0.5305279463017942 -3.4573772440851265 -3.202362299626371 -0.4817214818437461 -0.442768519644812 -0.07900101936799184 -0.39140241475388077 -0.10872378980067306 -0.3004115226337448 -0.016596258298129125 -0.2921092564491654 -1.3050905363853773 -1.6901408450704227 -0.16660586160768578 -0.476017880874713 0.20728566171961244 -0.40729101194217476 0.35246214531110825 -0.31741833090860994 0.48389535762891267 -0.050056313352521586 0.08360427310729215 -0.22325475974614686 0.2046783625730994 -0.18638573743922207 0.47120418848167533 -0.13603759584466982 0.6241418050181 -0.196870925684485 0.6310329923642126 -0.111044776119403 -0.006942837306179126 -0.14984781081713883 0.12382426479342779 -0.07793764988009592 0.15352493244902973 -0.14892307692307696 0.11161535631056052 -0.13950538998097653 0.07992148065058889 -0.12517562907140117 -0.04826368452030606 -0.1318577819637391 0.1993152359990218 -0.12462189957652754 0.29800121138703817 -0.08845147626759685 0.40671641791044777 -0.009075586671852704 0.4460290827740493 0.0499562882477832 0.0327202978675392 -0.07135575942915393 0.1574993942330991 -0.014134275618374556 0.3533906399235912 0.0370096225018505 0.35833025489471737 -0.0566536573083218 0.396741986337362
-0.1291737752863758 -0.052152685308477574 -0.19583706356311548 0.15637860082304528 -0.10953684962495533 0.2640656595694064 -0.0763264803643974 0.3563941299790357 -0.082389289392379 0.3481056899203132 -0.021730793813115167 0.16544117647058826 -0.1336544250451535 0.5357807267766341 -0.13219186705275085 0.8191556395715187 -0.12275607180570222 0.9309231762427373 -0.02771179730799684 0.9364358683314415 -0.0641025641025641 -1.0457913275841126 -0.7036324272311762 -0.5212471409654509 -0.17344646867981034 -0.4172932330827067 -0.051621442753143607 -0.3527336860670195 -0.1480592236894758 -0.2239359335607296 -0.5524719246159804 -3.4668885982641777 -3.312040496565024 -0.4890573419733464 -0.47926043060454937 -0.08027522935779817 -0.43253283799920383 -0.11390111312451463 -0.34705075445816186 -0.010561255280627617 -0.2706120384420839 -0.994192005466348 -1.2943778372715633 -0.11552961206372372 -0.4337320285127461 0.22200417024408195 -0.372093023255814 0.3753658226237435 -0.26980558127231846 0.5111144714955391 -0.020022525341008634 0.10102183000464468 -0.16432456935630102 0.20935672514619882 -0.14470942347765686 0.47972726165834645 -0.10017313875834777 0.6366246411184622 -0.1551499348109518 0.6497622820919174 -0.13134328358208955 0.0011571395510298593 -0.16974947319129013 0.130967972377664 -0.10071942446043165 0.1719479243429133 -0.16615384615384615 0.12633386483503004 -0.1572606214331008 0.0981491867638811 -0.13028483842125432 -0.05885815185403178 -0.13656698846244406 0.1956468574223527 -0.12099213551119177 0.3004239854633555 -0.08595988538681949 0.4154228855721393 -0.0038895371450797258 0.45721476510067127 0.04121393780442113 0.020309150400541577 -0.07815154604145429 0.1574993942330991 -0.018845700824499413 0.3629417382999045 0.02097211941771528 0.359561630341091 -0.05791262747072895 0.4098791382028376
-0.14014135998050206 -0.06768752774079005 -0.20367054610564012 0.12463256907701352 -0.10834623169424931 0.23313905079100747 -0.06894004678074603 0.32803058330250345 -0.0720906282183316 0.32014539354117155 -0.03195704972516937 0.12009803921568629 -0.18422636965683323 0.5208979288106165 -0.16240715095052244 0.8153749212350346 -0.1333157338965153 0.9244673983214977 -0.0422275006598047 0.9364358683314415 -0.10897435897435899 -1.316652496052472 -1.028385855184027 -0.5405080052967378 -0.22835038682305964 -0.40476190476190477 -0.10456651224354732 -0.34013605442176875 -0.19607843137254902 -0.20317366157496664 -0.5382728798244483 -3.414576150279396 -3.214414848740509 -0.5135102090720137 -0.4816932246685318 -0.11722731906218145 -0.44978108000530703 -0.1630856847010096 -0.36213991769547327 -0.06336753168376583 -0.24405665149215983 -0.7493451770868921 -1.032475846816436 -0.0960719931898334 -0.421650356409327 0.1925671531951429 -0.36706473915776244 0.3308308945158417 -0.2631926993783891 0.46272493573264784 -0.03879364284820423 0.13121226196005575 -0.1767905711695376 0.2432748538011696 -0.16786293123408197 0.5211250456593206 -0.11996042542666338 0.6690800149794033 -0.17470664928292048 0.6728137156029389 -0.11940298507462688 0.02429993057162694 -0.1627253570592367 0.14525538754613643 -0.09232613908872903 0.18668631785802015 -0.14400000000000002 0.1373727462283822 -0.13189600507292326 0.1065619742007852 -0.1341167454336441 -0.09064155385520893 -0.14127619496114902 0.16018586451455125 -0.12583182093163944 0.2495457298606905 -0.08097670362526473 0.3644278606965174 0.009075586671852714 0.4026845637583893 0.031222680154864495 0.007898002933543946 -0.10533469249065579 0.16719166464744367 -0.03415783274440519 0.3629417382999045 0.011102886750555142 0.34724787587735506 -0.0692433589323933 0.4125065685759327
-0.15598342676090665 -0.07656458055925433 -0.2294091316025067 0.13521457965902411 -0.1285867365162519 0.23432853574402285 -0.09602363658746768 0.32433099025773837 -0.08238928939237901 0.3131553194463862 -0.04473986961523712 0.07107843137254902 -0.23841059602649003 0.4886518665509117 -0.17751479289940827 0.7725267800882168 -0.14651531151003166 0.8766946417043252 -0.046186328846661406 0.8981271282633372 -0.1423076923076923 -1.6312401311794003 -1.356747654558576 -0.5898639701456603 -0.24956326428749684 -0.42606516290726815 -0.11515552614162805 -0.36155202821869487 -0.20541549953314658 -0.22096989470562067 -0.5176197237640376 -3.193437165616454 -3.0517054356996502 -0.48783469861841305 -0.4670964602846369 -0.11722731906218142 -0.4458007164654371 -0.1799119855034947 -0.34979423868312753 -0.0859987929993965 -0.21497218007081437 -0.5671335838742739 -0.758933767896636 -0.08634318375288824 -0.39507067778180494 0.14473200049061694 -0.34318038969201764 0.27102684819951645 -0.23012828990874223 0.39770149705126273 -0.05255912902014766 0.1532745006967023 -0.1745240253853128 0.27485380116959063 -0.17017828200972449 0.5345184463655182 -0.1113034875092753 0.6853077019098739 -0.1551499348109518 0.6886615761417663 -0.11582089552238806 0.021985651469567234 -0.16857878716928118 0.15001785926896058 -0.08872901678657075 0.19037091623679686 -0.14769230769230768 0.1287869495891083 -0.12301838934686112 0.09955131800336513 -0.1405032571209605 -0.08711006474396703 -0.16599952907935012 0.18341892883345565 -0.13672111312764673 0.2580254391278013 -0.09841783979070638 0.3818407960199005 0.002593024763386498 0.4180648769574945 0.018733608092918696 0.010154575200270789 -0.11439574130705629 0.18899927307971892 -0.03886925795053005 0.3724928366762178 0.011102886750555143 0.3558675040019702 -0.06672541860757901 0.42958486600105095
-0.15842066780404582 -0.0854416333777186 -0.23836168307967767 0.13639035861258084 -0.12501488272413383 0.23670750565005347 -0.08617505847593254 0.32063139721297335 -0.0592173017507724 0.3089612749895149 -0.05496612552729132 0.022058823529411763 -0.27573750752558696 0.45144487163586755 -0.18884552436107263 0.7448015122873345 -0.14519535374868003 0.8560361523563589 -0.048825547637899216 0.8881952326901249 -0.16153846153846155 -1.8705210737276812 -1.6273755111859516 -0.6344047189117611 -0.25705016221612176 -0.4273182957393483 -0.11118464592984778 -0.35777273872511967 -0.1974122982526344 -0.21207177814029365 -0.5008390344649541 -2.8926405897039595 -2.791370374834277 -0.4829441251986795 -0.4549324899647245 -0.15163098878695208 -0.4391667772323206 -0.2174475796013461 -0.33333333333333337 -0.11013880506940252 -0.19600404653515427 -0.424780776676916 -0.549412175532534 -0.051076249543962074 -0.37332366799565053 0.1520912547528517 -0.31929604022627284 0.2875683929253085 -0.21822510249966937 0.42643278391047945 -0.05881616818921285 0.13817928471899676 -0.18359020852221214 0.25847953216374264 -0.16670525584626072 0.5174723000121758 -0.10388325500865694 0.6628385969292223 -0.15123859191655803 0.6756951447918167 -0.1253731343283582 0.020828511918537376 -0.16740810114727228 0.15120847719966662 -0.08633093525179857 0.20388111029231148 -0.144 0.1471850852446952 -0.11921369689283445 0.12759394279304542 -0.13283944309618084 -0.09535020600353147 -0.16482222745467387 0.173636585962338 -0.12099213551119181 0.2531798909751666 -0.07973090818487602 0.3731343283582089 0.019447685725398695 0.4054809843400447 0.018733608092918696 0.005641430666817109 -0.10986521689885605 0.19990307729585657 -0.024734982332155472 0.3796561604584528 0.037009622501850484 0.37680088659032135 -0.0390280750346217 0.45717288491854974
-0.1657323909334633 -0.09986684420772303 -0.2652193375111907 0.1340388007054674 -0.15716156685319677 0.23551802069703814 -0.10094792564323525 0.33173017634726853 -0.07337796086508755 0.3285334824549141 -0.06391409945033874 -0.026960784313725485 -0.3082480433473811 0.4452437058166935 -0.18884552436107263 0.7523629489603025 -0.130675818373812 0.8715300193673338 -0.04222750065980472 0.909477866061294 -0.17435897435897435 -1.9895542329648972 -1.7644936252104884 -0.6644998194293968 -0.28574993760918393 -0.41353383458646614 -0.11515552614162805 -0.3413958175862937 -0.1974122982526344 -0.19130950615453063 -0.4724409448818897 -2.5442872428962073 -2.484030372423768 -0.4340383910013449 -0.4585816810606982 -0.14143730886850153 -0.44580071646543723 -0.20450427129174215 -0.34979423868312753 -0.09656004828002411 -0.17830045523520485 -0.2755950347340849 -0.39343499010592475 -0.014593214155417745 -0.3527848254198381 0.15331779712989085 -0.3054682589566311 0.29520295202952024 -0.20367676233302476 0.44760320580674434 -0.055061944687773735 0.11960055736182074 -0.1767905711695376 0.2385964912280701 -0.16554758045843948 0.4870327529526361 -0.09398961167449912 0.617900386967919 -0.15384615384615385 0.6295922777697738 -0.1361194029850746 0.042814163388104606 -0.18613907749941463 0.17740207167519945 -0.11270983213429257 0.2505526897568165 -0.15876923076923075 0.21341837360480803 -0.14204185161699429 0.20050476724621427 -0.12645293140886446 -0.11418481459682166 -0.16953143395337883 0.16140865737344096 -0.11615245009074411 0.23985463355542094 -0.06976454466176654 0.35572139303482586 0.024633735252171673 0.39709172259507824 0.02872486574247533 0.031592011734175786 -0.09400838147015517 0.22776835473709717 -0.0176678445229682 0.4106972301814709 0.061682704169750815 0.41004802364240855 -0.0264383734105502 0.48344718864950087
-0.190104801364855 -0.09098979138925876 -0.30102954341987465 0.14344503233392122 -0.19526134063578998 0.24622338527417628 -0.14526652714514338 0.34652854852632886 -0.11972193614830073 0.3411156158255278 -0.0664706634283523 -0.0588235294117647 -0.325105358217941 0.41547810988465833 -0.18129170338662973 0.7485822306238185 -0.10559662090813093 0.8728211749515816 -0.011876484560570067 0.9080590238365496 -0.20512820512820512 -2.029636827401919 -1.8210247774837627 -0.6801492716985675 -0.2982281008235588 -0.4223057644110275 -0.12045003309066842 -0.34769463340891915 -0.19207683073229292 -0.19279252558208512 -0.4440428552988253 -2.1281654975627156 -2.1357117030251898 -0.33867220931654235 -0.43425374042087334 -0.07517838939857285 -0.428552474459334 -0.1268444214341186 -0.3251028806584362 -0.030175015087507535 -0.16186140617096612 -0.18904452795809135 -0.3003142823885462 0.013377112975799587 -0.3322459828440255 0.14718508524469523 -0.2778126964173476 0.28120626033846546 -0.17458008199973551 0.42945712989566004 -0.05756476035539983 0.13469577333952626 -0.16092475067996373 0.27017543859649124 -0.13776337115072934 0.5162547181297942 -0.06554538708879547 0.6491074772188241 -0.11473272490221645 0.6612879988474282 -0.15402985074626865 0.06364267530664199 -0.1990166237415125 0.2119299916656745 -0.1235011990407674 0.2861704740849914 -0.18830769230769231 0.251441187293021 -0.1788205453392517 0.2355580482333146 -0.12645293140886446 -0.10594467333725721 -0.1565811160819402 0.15407190022010273 -0.09800362976406533 0.23864324651726224 -0.04858602217515886 0.35572139303482586 0.059639569557889294 0.39848993288590595 0.03871612339203197 0.064312309601715 -0.06569260391890361 0.26532590259268235 0.014134275618374556 0.464422158548233 0.1073279052553664 0.4765422977465829 0.026438373410550164 0.5438780872306885
-0.18035583719229833 -0.10652463382157125 -0.2876007162041182 0.126984126984127 -0.18811763305155374 0.23076008088497685 -0.13911116582543395 0.3378961647552103 -0.10813594232749742 0.34670767510135614 -0.08053176530742683 -0.07598039215686274 -0.3648404575556894 0.41051717722931913 -0.19639934533551556 0.7422810333963453 -0.11747624076029566 0.8741123305358297 -0.010556875164951181 0.9123155505107832 -0.22948717948717948 -2.0187052107372767 -1.8655280250180422 -0.6717226435536295 -0.3107062640379336 -0.41228070175438597 -0.12971542025148908 -0.3413958175862938 -0.1840736294517807 -0.1705472341687676 -0.3949916096553504 -1.6799429318749255 -1.771724719778233 -0.2787626849248075 -0.39654543242914486 -0.048419979612640156 -0.3821148998275176 -0.09707481232202952 -0.2784636488340192 0.0030175015087507808 -0.1479514415781487 -0.12527047033367494 -0.22930974275404498 0.040131338927398764 -0.31170714026821306 0.16190359376916472 -0.2526712759270898 0.2952029520295203 -0.13358021425737338 0.4370179948586118 -0.03128519584532599 0.1567580120761728 -0.16885766092475069 0.2947368421052632 -0.14470942347765686 0.5381711920126626 -0.07543903042295326 0.6790662838596928 -0.11342894393741851 0.6929837199250827 -0.12298507462686567 0.07637121036797037 -0.1498478108171388 0.21669246338849865 -0.06714628297362112 0.3058216654384672 -0.11569230769230768 0.27106586532564697 -0.114140773620799 0.267807066741447 -0.10218418699706222 -0.0988816951147734 -0.11655286084294796 0.16629982880899977 -0.06412583182093164 0.24591156874621442 -0.009966363523109516 0.36318407960199 0.10761052768053936 0.41247203579418346 0.07743224678406394 0.07333859866862237 -0.019254728734851057 0.27744124061061304 0.07538280329799765 0.471585482330468 0.18874907475943745 0.4900874276566925 0.11708422510386504 0.5596426694692591
-0.17182549354131124 -0.09986684420772303 -0.2764100268576545 0.14814814814814814 -0.15954280271460888 0.25930771975734507 -0.09971685337929338 0.37612529288444935 -0.07466529351184345 0.39144414930798266 -0.0766969193404065 -0.08088235294117646 -0.36724864539434077 0.4018355450824755 -0.17877376306181542 0.7498424700693131 -0.08447729672650475 0.881859264041317 0.023752969121140142 0.916572077185017 -0.22820512820512823 -1.9883396088910483 -1.8198219870098633 -0.64523895509811 -0.27576740703768404 -0.4022556390977443 -0.0900066181336863 -0.3250188964474679 -0.1440576230492197 -0.15275100103811362 -0.34852200851942683 -1.2400428010938058 -1.383632638303001 -0.187064433304805 -0.336941977861574 0.002548419979612643 -0.3171022953429746 -0.05047890240745536 -0.2153635116598079 0.04224502112251058 -0.1302478502781993 -0.08427286186083591 -0.1792573623559539 0.06688556487899794 -0.2802947927993234 0.17784864467067335 -0.21873035826524195 0.3091996437205752 -0.09125777013622535 0.4370179948586118 -0.003754223501439119 0.15443567115652576 -0.11559383499546694 0.30877192982456136 -0.07872192637184534 0.5333008644831364 0.0049468216670788935 0.6815628510797652 -0.024771838331160357 0.6973058637083992 -0.10149253731343284 0.07521407081694052 -0.10770311402481851 0.2345517323490892 -0.022781774580335735 0.3217882584131663 -0.07015384615384615 0.28701091622715563 -0.07609384908053266 0.28743690409422323 -0.08813386128496614 -0.09064155385520895 -0.09536143159877561 0.1797505502567865 -0.03387779794313369 0.2568140520896427 0.02491590880777376 0.3830845771144279 0.14520938674964348 0.42505592841163303 0.06619208192831272 0.08913460453571026 -0.02944840865330161 0.2822873758177853 0.12131919905771496 0.4799426934097422 0.24673081667900326 0.5085580593522965 0.18129170338662975 0.5754072517078297
-0.17791859614915917 -0.08655126498002663 -0.2797672336615936 0.16225749559082892 -0.16549589236813905 0.27477102414654453 -0.10464114243506095 0.39339006042668634 -0.08882595262615861 0.40123025304068227 -0.09970599514252845 -0.0943627450980392 -0.3925346177001806 0.3832320476249535 -0.2102480171219942 0.7485822306238186 -0.11879619852164729 0.880568108457069 -0.003958828186856689 0.9137343927355278 -0.24230769230769228 -1.930037653346289 -1.7801299013711815 -0.6307933068496449 -0.25705016221612187 -0.4035087719298246 -0.0727994705493051 -0.327538422776518 -0.12004801920768308 -0.15720005932077713 -0.30334322963727894 -0.7930091546783974 -1.0232614197902854 -0.10759261523413614 -0.29436808174188056 0.0700815494393476 -0.28260581133076823 0.01423763914056432 -0.18106995884773666 0.11315630657815327 -0.12771876580677793 -0.07060699236988954 -0.15597718542660927 0.07174996959747051 -0.28150296000966535 0.19624678032626025 -0.2388434946574481 0.3244687619289986 -0.12432217960587225 0.45213972478451536 -0.008759854836691278 0.1660473757547608 -0.10652765185856757 0.31111111111111106 -0.061356795554526514 0.5308657007183734 0.03215434083601286 0.6690800149794033 0.006518904823989581 0.6756951447918167 -0.10985074626865672 0.06248553575561213 -0.1217513462889253 0.20835813787355634 -0.03477218225419664 0.2972242692213215 -0.09723076923076923 0.25266772967006007 -0.10526315789473684 0.25518788558609085 -0.10218418699706219 -0.07298410829899941 -0.10948905109489053 0.18708730741012472 -0.04597701149425288 0.2640823743185948 0.003737386321166064 0.3942786069651741 0.1257617010242448 0.42505592841163303 0.05620082427875609 0.10605889653616159 -0.03737682636765205 0.2992488490428883 0.11071849234393402 0.5074021012416429 0.22329138909449792 0.5442679472971308 0.15485332997607956 0.6029952706253284
-0.1742627345844504 -0.09431868619618286 -0.26857654431512984 0.13991769547325103 -0.16906774616025716 0.23789699060306888 -0.12064508186630558 0.3551609322974473 -0.10427394438722967 0.3676778973857123 -0.09714943116451488 -0.09558823529411761 -0.3732691149909693 0.3584273843482575 -0.18129170338662975 0.7170762444864525 -0.10031678986272438 0.8327953518398967 0.01319609395618897 0.8583995459704882 -0.2333333333333333 -1.8292238552168105 -1.716382006254511 -0.619959070663296 -0.2745195907162466 -0.4172932330827067 -0.09794837855724685 -0.3413958175862938 -0.15339469120981727 -0.16609817588610412 -0.26074609526268233 -0.41255498751634756 -0.6580691816319153 -0.07091331458613521 -0.26274175891010826 0.06243628950050969 -0.26668435717128836 0.012943308309603932 -0.16872427983539098 0.10410380205190099 -0.11254425897824986 -0.05466347796378544 -0.1117448492608544 0.07053386841785236 -0.25492328138214326 0.17171593278547775 -0.2250157133878064 0.2862959664079399 -0.11506414495437112 0.4143353999697565 0.0 0.15095215977705528 -0.08046237533998188 0.2771929824561403 -0.04051863857374393 0.45902836965785954 0.05441503833786793 0.5841967294969417 0.024771838331160378 0.5906929837199251 -0.10746268656716418 0.055542698449433006 -0.10887380004682745 0.19645195856649603 -0.03597122302158273 0.27511667894866126 -0.10584615384615384 0.23304305163743408 -0.11033608116677236 0.2341559169938306 -0.09962958232213566 -0.08357857563272512 -0.08594301860136566 0.1552946930789924 -0.037507562008469456 0.19382192610539067 0.011212158963498194 0.30970149253731344 0.14780241151302997 0.34395973154362414 0.0487073810415886 0.08236488773552972 -0.022652622041001252 0.24715289556578632 0.10600706713780919 0.44054441260744986 0.2072538860103627 0.4765422977465829 0.1535943598136724 0.5465055176037835
-0.14989032415305875 -0.10430537061695518 -0.23948075201432406 0.12110523221634331 -0.1369210620311942 0.20578089687165452 -0.09233041979564201 0.31693180416820815 -0.061791967044284246 0.3215434083601286 -0.08053176530742683 -0.05024509803921569 -0.3431667670078266 0.38323204762495344 -0.18003273322422259 0.7158160050409579 -0.1108764519535375 0.8289218850871529 -0.010556875164951176 0.8498864926220205 -0.21538461538461537 -1.5377140774930156 -1.502285301900409 -0.5814373420007223 -0.27576740703768404 -0.4323308270676692 -0.10853739245532759 -0.3615520282186949 -0.17473656129118315 -0.20020762271985762 -0.20653156060410485 -0.25086196647247644 -0.40617090514643844 -0.03912458735786771 -0.19219073105461623 0.05733944954128441 -0.19901817699349875 -0.0025886616619207937 -0.1056241426611797 0.0709112854556427 -0.11254425897824986 -0.02960938389705045 -0.11756489349319055 0.10215249908792412 -0.2899601304820587 0.19992640745737766 -0.2778126964173476 0.32319633541162995 -0.19309615130273775 0.4430666868289733 0.0012514078338130396 0.14166279609846727 -0.08386219401631914 0.2678362573099415 -0.05556841861542024 0.43832947765737246 0.058125154588177096 0.5617276245162901 0.018252933507170804 0.5662008356144648 -0.06925373134328358 0.05322841934737329 -0.058534301100444865 0.20002381235861413 0.0035971223021582744 0.2800294767870302 -0.06646153846153845 0.2379492211455906 -0.06975269499048826 0.2425687044307347 -0.10984800102184186 -0.08475573866980576 -0.10124793972215682 0.1491807287845439 -0.07259528130671507 0.19139915202907326 -0.03861965865204934 0.3009950248756219 0.09853494100868665 0.3313758389261745 0.04995628824778319 0.10154575200270788 -0.023785253143051313 0.25684516598013085 0.09069493521790342 0.4309933142311365 0.18751542067604238 0.4753109223002093 0.12212010575349366 0.5399369416710458
-0.14135998050207163 -0.10319573901464714 -0.21374216651745748 0.12463256907701352 -0.11429932134777951 0.20221244201260857 -0.07263326357257172 0.30583302503391296 -0.04248197734294541 0.3033692157136866 -0.07925348331842004 -0.001225490196078427 -0.30343166767007823 0.41175741039315394 -0.17751479289940827 0.7296786389413988 -0.12935586061246038 0.8431245965138798 -0.032990234890472425 0.8654937570942112 -0.17051282051282052 -1.2425604275476738 -1.1667067596824634 -0.5296737691103888 -0.23209383578737214 -0.42105263157894735 -0.08603573792190602 -0.35525321239606955 -0.15339469120981727 -0.19872460329230313 -0.17684264876726477 -0.0891689454286054 -0.26636133542244184 0.014671720259200388 -0.14353484977496656 0.08027522935779816 -0.15125381451505907 0.01294330830960393 -0.05761316872427983 0.07543753771876886 -0.11001517450682854 -0.004555289830315457 -0.11058084041438714 0.13377112975799585 -0.27183762232693004 0.22813688212927757 -0.2715273412947831 0.36009670441532 -0.18119296389366485 0.47179797368818993 0.003754223501439119 0.13237343241987926 -0.07932910244786945 0.25847953216374264 -0.06482982171799027 0.41763058565688543 0.03091763541924314 0.5392585195356385 -0.014341590612777044 0.5417086875090045 -0.06208955223880597 0.050914140245313586 -0.047998126902364796 0.20359566615073224 0.01918465227817746 0.28494227462539923 -0.055384615384615386 0.2428553906537471 -0.049461001902346216 0.25098149186763885 -0.10729339634691533 -0.08240141259564451 -0.0894749234753944 0.14306676449009537 -0.06533575317604357 0.18897637795275588 -0.04858602217515885 0.2922885572139303 0.08816284195514068 0.31879194630872487 0.04620956662919945 0.11959833013652262 -0.006795786612300377 0.2677489701962684 0.0789163722025913 0.4429321872015281 0.154206760424377 0.49501292944218694 0.0818330605564648 0.547819232790331
