-0.004364906154517678 0.02398302739599668 -0.06534653465346535 -0.05008031749031465 -0.03768844221105528 -0.13398960896910037 -0.11053645674880845 -0.10040790712268592 -0.055794383975121195 -0.04431453894022252 -0.018068660911463565 -0.01260769069132171 -0.10518157661647476 -0.101064401677239 -0.3700657894736842 -0.2960183447988326 -0.12796307950492972 -0.10424753243872686 -0.0603475184684216 -0.08634701340918324 0.0043956043956043965 -0.03541152484172122 -0.10492157923201731 -0.19615983393876493 -1.0093457943925235 -0.6529106858054228 -0.21779908295122968 -0.17829050865233348 -0.013981823629281931 -0.03237597911227154 -0.06514310123878683 -0.007771517388770158 0.018979122964738786 -0.009249743062692705 -0.190683995825823 -0.4075546719681909 -0.22591362126245845 -0.15001666851872428 0.011107408641563926 -0.08750437521876095 0.05531326454632486 0.15694431313226812 0.13217909336312014 0.16821515892420538 -0.012700273544353264 -0.20891643342662936 -0.11667737101263113 -0.08550708951185194 -0.007238134629304105 -0.04187166335182665 0.018547442405310425 0.09638333027354506 0.15057881451823485 0.20288125479498764 -0.0018003420649923523 -0.1644398766700925 -0.06364279220123245 -0.08771002853217795 0.03176620076238882 -0.060860440713536204 0.04537037037037037 0.06979990693345742 0.12306201550387597 0.09181818181818183 0.01519901206421583 -0.10560924579057487 -0.0010895619960775774 -0.07052631578947369 0.017063026554335073 -0.009763506183553919 0.05968999711177434 0.06617723089649467 0.05318039624608968 0.08616320324379119 0.06463527239150507 0.007560211685927204 0.022195094884030632 0.03895814781834373 0.0415164426963837 -0.00563888575617458 0.07438449449973808 0.04594330400782014 0.03737064009198927 0.053601655068647724 0.028414472437961736 -0.020159151193633953 0.014670439065283456 -0.01475548060708263 0.002868617326448651 0.014909054765927836 0.02226495293998583 0.03844305622296973 0.031853474019510254 0.03227821740941274 0.009101941747572813 -0.048661800486618 -0.02278769464489176 -0.03227107704719645 0.002893797627085948 0.018726591760299626
-0.004364906154517678 0.02951757217968822 -0.06633663366336634 -0.05291505244259661 -0.03858578607322326 -0.13581259684623098 -0.10242368928100598 -0.09517832862671267 -0.0484770877160889 -0.03865736375636432 -0.017064846416382253 -0.008405127127547804 -0.10407440212577504 -0.12041715944522095 -0.4029605263157894 -0.3314571607254534 -0.12586532410320955 -0.10868359764888544 -0.054104671730309015 -0.09244209670865501 -0.002197802197802197 -0.05043459598669385 -0.11032990805840995 -0.24078879086663205 -1.4766355140186918 -0.92603668261563 -0.25531471446436016 -0.2045097011012061 -0.030959752321981428 -0.05221932114882506 -0.06621102093122597 -0.013600155430347777 0.0009989012086704606 -0.03905447070914697 -0.23242576605635143 -0.5159045725646123 -0.24584717607973422 -0.15223913768196468 0.012218149505720316 -0.08983782522459458 0.06169556430167004 0.1626169991490971 0.1228707065065624 0.15941320293398534 -0.018561938257131688 -0.2409036385445822 -0.1273817169770927 -0.09849550817188008 -0.006204115396546376 -0.04501203810321365 0.003904724716907456 0.10005507618872773 0.14709722343110804 0.17219333390162816 -0.045908722657304904 -0.19433803606465477 -0.07778563491261745 -0.08242629187361303 0.024354087251164763 -0.053515215110178385 0.03611111111111111 0.07445323406235457 0.10852713178294575 0.08363636363636363 -0.025648332858364202 -0.12752814586031683 -0.011985181956853346 -0.06736842105263158 0.006398634957875652 -0.006509004122369278 0.057764513333975157 0.07341536552579879 0.04171011470281542 0.07906741003547897 0.05027187852672617 0.0032400907225402266 0.018865830651426038 0.03450578806767588 0.04479405659346662 -0.0011277771512349156 0.06495547407019382 0.03910068426197459 0.026830203142966656 0.05924393454955802 0.017048683462777044 -0.03289124668435013 0.004191554018652417 -0.021079258010118042 -0.005737234652897304 0.004969684921975946 0.019228822993624124 0.028832292167227297 0.02687636870396178 0.018742190753852563 0.01011326860841424 -0.061763054463784384 -0.026585643752373718 -0.04033884630899556 0.0038583968361145986 0.008192883895131087
-0.008729812309035356 0.034129692832764506 -0.07128712871287128 -0.061419257299442497 -0.05563531945441493 -0.1467505241090147 -0.10850826488185783 -0.09308649722832338 -0.04939174974846794 -0.03771450122572129 -0.024091547881951416 0.002101281781886953 -0.10850310008857397 -0.1322438447478766 -0.43071546052631576 -0.3533458411507192 -0.13006083490664988 -0.10646556504380615 -0.048902299448548535 -0.08533116619260464 -0.02197802197802198 -0.060092284579890555 -0.1276365603028664 -0.27192527244421383 -1.928184948352189 -1.2141148325358853 -0.29804085035431427 -0.22338751966439432 -0.052931189453710184 -0.06684073107049608 -0.07475437847073899 -0.012628715756751507 -0.012985715712716011 -0.06474820143884892 -0.27701356607532496 -0.6491053677932406 -0.2912513842746401 -0.1622402489165463 -0.00444296345662557 -0.09567145023917864 0.06169556430167004 0.1597806561406826 0.11263148096434887 0.1349633251833741 -0.03028526768268855 -0.274890043982407 -0.14343823592378505 -0.10823682216690118 -0.011374211560335022 -0.04605882968700932 -0.003904724716907461 0.1037268221039104 0.13839324571329098 0.1551444889608729 -0.0918174453146098 -0.21676165561057648 -0.10001010203050813 -0.07291556588819613 0.007412113511224058 -0.04302203567681008 0.041666666666666664 0.06793857608189854 0.10949612403100777 0.08545454545454546 -0.05414648047876889 -0.1464581050114576 -0.028328611898016998 -0.06315789473684211 -0.00426575663858377 -0.00216966804078976 0.05583902955617598 0.0775514424568297 0.043795620437956206 0.057780030410542325 0.04103826818508259 -0.004320120963386976 0.023304849628232163 0.03784505788067677 0.053534360319021077 0.0011277771512349147 0.05866946045049763 0.04594330400782014 0.017247987734764277 0.047959375587737454 0.013260087137715478 -0.038196286472148545 -0.004191554018652413 -0.016863406408094434 -0.00764964620386307 0.004969684921975947 0.02024086630907803 0.029793368572801536 0.02687636870396178 0.031236984589754276 0.01011326860841424 -0.06550626988583193 -0.03228256741359666 -0.04235578862444534 0.004822996045143246 0.0046816479400749065
-0.00785683107813182 0.035052116963379766 -0.06930693069306931 -0.07559293206085231 -0.06909547738693467 -0.15859994531036367 -0.11864922421661091 -0.10354565422026984 -0.05122107381322601 -0.047143126532151615 -0.024091547881951416 0.009455768018491281 -0.09300265721877769 -0.14729598967852922 -0.4615542763157894 -0.3825307483844069 -0.144745122718691 -0.11422867916158368 -0.04786182499219644 -0.08634701340918324 -0.02967032967032967 -0.06009228457989054 -0.15035154137371554 -0.29683445770627925 -2.3334972946384656 -1.5311004784688995 -0.34076698624426843 -0.24016780283167277 -0.0629182063317687 -0.0793733681462141 -0.08756941478000854 -0.010685836409558964 -0.02697033263410249 -0.0709146968139774 -0.33013945545963386 -0.8210735586481113 -0.3466223698781838 -0.18113123680408932 -0.022214817283127845 -0.10617197526542996 0.06488671417934262 0.17207147584381205 0.13217909336312017 0.12616136919315404 -0.03321610003907776 -0.3028788484606158 -0.16591736244915437 -0.11040155861023919 -0.011374211560335022 -0.040824871768030985 -0.011714174150722376 0.10739856801909309 0.1253372791365654 0.14491518199641976 -0.1287244576469529 -0.24479118004297865 -0.12223456914839884 -0.08136954454190003 0.009529860228716647 -0.046169989506820566 0.03888888888888889 0.06142391810144253 0.10949612403100775 0.06363636363636363 -0.08264462809917356 -0.17236225963933444 -0.04576160383525823 -0.07578947368421055 -0.011730830756105365 -0.017357344326318074 0.05006257822277847 0.07548340399131423 0.03962460896767467 0.04460212873796251 0.026674874320303688 -0.0064801814450804645 0.015536566418821441 0.03450578806767587 0.0546268982847154 -0.003383331453704748 0.04400209533787322 0.0576735092864125 0.0019164430816404788 0.040436336279857064 -0.001894298162530781 -0.043501326259946946 -0.027245101121240695 -0.016863406408094438 -0.021036527060623447 0.003975747937580758 0.0030361299463617015 0.029793368572801536 0.004977105315548477 0.027072053311120364 -0.012135922330097087 -0.07860752386299831 -0.05507026205848842 -0.048406615570794675 -0.019291984180572975 -0.0011704119850187266
-0.013094718463553034 0.02951757217968822 -0.06930693069306931 -0.06708872720400642 -0.0834529791816224 -0.16498040288032084 -0.12676199168441335 -0.09831607572429661 -0.05305039787798409 -0.047143126532151615 -0.027102991367195343 0.010506408909434755 -0.08082373782108061 -0.14299537684119987 -0.4708059210526315 -0.3856577027308735 -0.14894063352213133 -0.10868359764888544 -0.04786182499219644 -0.08126777732629012 -0.04065934065934066 -0.056873055048824984 -0.17414818820984318 -0.31862999481058646 -2.7201180521396955 -1.8510765550239234 -0.3730721133805753 -0.24436287362349235 -0.07190652152202137 -0.07728459530026109 -0.10145237078171723 -0.014571595103944046 -0.03596044351213665 -0.08427543679342239 -0.4069822597476521 -1.0705765407554673 -0.4097452934662237 -0.19002111345705078 -0.04776185715872487 -0.1108388752770972 0.07020529730879695 0.16828968516592605 0.14055664153402217 0.11442542787286063 -0.03810082063305979 -0.33686525389844063 -0.17876257760650824 -0.12447234549193635 -0.008272153862061834 -0.04501203810321365 -0.022452167122217884 0.10189094914631909 0.11315171033162155 0.12360412582047567 -0.15662975965433432 -0.2653461646267402 -0.13839781796141024 -0.08559653386875199 -0.0010588733587462936 -0.050367261280167885 0.029629629629629627 0.048394602140530485 0.09496124031007752 0.05090909090909092 -0.11969222000569964 -0.199262727906745 -0.06319459577249946 -0.0905263157894737 -0.01919590487362696 -0.03579952267303103 0.05102532011167806 0.06307517319822148 0.0364963503649635 0.03649265078560568 0.012311480455524786 -0.01404039313100767 0.008878037953612253 0.02894033837934105 0.05134928438763246 -0.00902221720987933 0.031430068098480875 0.05474095796676441 -0.008623993867382138 0.03385367688546173 -0.007577192650123127 -0.04880636604774536 -0.038771874672534845 -0.018971332209106243 -0.029642379039969403 0.004969684921975947 -1.3877787807814458e-18 0.028832292167227297 0.0 0.02915451895043732 -0.014158576051779937 -0.09170877784016469 -0.053171287504747436 -0.05344897135941912 -0.009645992090286484 -0.0046816479400749065
-0.020951549541684857 0.025827875657227196 -0.07425742574257425 -0.06614381555324578 -0.0987078248384781 -0.18959073922158415 -0.1348747591522158 -0.10668340131785377 -0.06311168023415349 -0.05751461436922497 -0.035133507327845814 0.010506408909434757 -0.08525243578387955 -0.14407053005053222 -0.46361019736842096 -0.39295392953929537 -0.14998951122299142 -0.11977376067428191 -0.05514514618666111 -0.08431531897602598 -0.046153846153846156 -0.07189612619379762 -0.17739318550567873 -0.34146341463414637 -2.907033939990163 -2.0693779904306218 -0.3918299291371405 -0.24960671211326685 -0.08888445021472087 -0.08563968668407311 -0.11106364801366937 -0.018457353798329124 -0.046948356807511735 -0.10585817060637204 -0.5777440470543592 -1.4761431411530814 -0.45736434108527135 -0.21557950883431495 -0.06442297012107076 -0.12833975032084938 0.06807786405701521 0.16261699914909705 0.1321790933631202 0.0997555012224939 -0.04982415005861665 -0.36585365853658536 -0.19588953114964675 -0.13854313237363353 -0.013442250025850483 -0.049199204438396316 -0.02830925419757907 0.0899577749219754 0.10618852815736793 0.11337481885602249 -0.1746331803042578 -0.2737550219564608 -0.1525406606727952 -0.10356123850787277 -0.0169419737399407 -0.05981112277019938 0.024074074074074074 0.040018613308515597 0.08817829457364341 0.03363636363636363 -0.14819036762610432 -0.2132111188602172 -0.06973196774896492 -0.10421052631578949 -0.03199317478937826 -0.0423085267954003 0.03850967555598345 0.06617723089649466 0.02606882168925965 0.02838317283324887 -0.004103826818508255 -0.024840695539475106 -0.007768283209410719 0.022261798753339272 0.03605375286791217 -0.00902221720987933 0.016762702985856463 0.04594330400782014 -0.02108087389804523 0.02727101749106639 -0.021784428869104 -0.05517241379310345 -0.05972964476579692 -0.032672849915682964 -0.04876649454962708 0.001987873968790379 0.0040481732618156034 0.02402691013935608 -0.0009954210631096965 0.023948354852144936 -0.020226537216828478 -0.09825940482874788 -0.0560197493353589 -0.055465913674868896 -0.01157519050834378 -0.0046816479400749065
-0.030554343081623747 0.022138179134766168 -0.0792079207920792 -0.058584522347160536 -0.11396267049533382 -0.1923252210372801 -0.14400162255349355 -0.10354565422026982 -0.07591694868745999 -0.05374316424665283 -0.042160208793414984 0.012607690691321708 -0.08635961027457928 -0.14514568325986452 -0.4543585526315789 -0.3877423389618512 -0.14998951122299142 -0.11422867916158366 -0.06659036520653418 -0.08126777732629012 -0.04175824175824176 -0.07189612619379762 -0.18820984315846404 -0.3518422418266736 -3.0211510083620263 -2.2258771929824563 -0.39391413088787 -0.2538017829050865 -0.10785978228303206 -0.0898172323759791 -0.12281076463049978 -0.02428599183990674 -0.06492857856358006 -0.12538540596094552 -0.8016317237453752 -1.9343936381709743 -0.5149501661129567 -0.2244693854872764 -0.09330223258913697 -0.13183992532959982 0.04999468141687055 0.15694431313226814 0.12845573862049708 0.0938875305623472 -0.07033997655334115 -0.3938424630147941 -0.23335474202526227 -0.1428726052603096 -0.04136076931030917 -0.05024599602219197 -0.027333073018352205 0.08536809252799707 0.10444773261380451 0.10058818515045605 -0.17373300927176163 -0.2728207044753807 -0.151530457621982 -0.11624220648842862 -0.03282507412113511 -0.06610703043022037 0.025925925925925925 0.035365286179618434 0.08720930232558141 0.010909090909090906 -0.1738387004844685 -0.22417056889508818 -0.07844846371758554 -0.11473684210526316 -0.0405246880665458 -0.04881753091776958 0.02406854722248965 0.055837038568917384 0.01564129301355579 0.015205271160669026 -0.02564891761567662 -0.030240846743708825 -0.027743868605038285 0.01780943900267142 0.02294329727958046 -0.012405548663584075 0.01571503404924044 0.04301075268817204 -0.022039095438865466 0.023509497837126202 -0.012312938056450085 -0.05517241379310345 -0.049250759719165885 -0.03478077571669477 -0.04972270032510997 -0.0009939369843951884 0.008096346523631209 0.03267659778952427 -0.0019908421262193913 0.0426905456059975 -0.027305825242718445 -0.09919520868425977 -0.06076718571971136 -0.04840661557079467 -0.027973377061830805 0.0023408239700374533
-0.02618943692710607 0.02951757217968822 -0.07524752475247523 -0.06708872720400642 -0.12652548456568558 -0.20144016042293317 -0.15110029408782072 -0.10354565422026984 -0.09055154120552457 -0.05468602677729587 -0.03714113631800843 0.015759613364152138 -0.09078830823737821 -0.1440705300505322 -0.44099506578947373 -0.3846153846153846 -0.15313614432557165 -0.12088277697682155 -0.07387368640099887 -0.09244209670865501 -0.056043956043956046 -0.0729692027041528 -0.18171984856679285 -0.3341982355993773 -3.0644367929168714 -2.31359649122807 -0.40850354314297627 -0.25799685369690606 -0.11984420253670229 -0.08772845953002611 -0.13562580093976934 -0.018457353798329124 -0.0829088003196484 -0.1397738951695786 -1.0482876387439521 -2.4433399602385686 -0.558139534883721 -0.24447160795643966 -0.12440297678551596 -0.15050752537626882 0.04042123178385278 0.14843528410702472 0.11821651307828356 0.07628361858190709 -0.08890191481047285 -0.4418232706917234 -0.2601156069364162 -0.16560233791535878 -0.059973115499948305 -0.0711818276981053 -0.035142522452167126 0.09087571140077108 0.09313256158064236 0.11252237660898474 -0.17643352236925017 -0.25600298981593944 -0.16062228507930093 -0.1183557011518546 -0.04659042778483694 -0.059811122770199364 0.015740740740740743 0.02978129362494184 0.09205426356589148 0.012727272727272726 -0.18048826826256295 -0.21620005977881843 -0.07953802571366311 -0.12526315789473685 -0.04905620134371334 -0.05207203297895422 0.021180321555790894 0.06100713473270604 0.008342022940563087 -1.3877787807814458e-18 -0.046168051708217916 -0.04104114915217626 -0.03662190655865054 0.0122439893143366 0.007647765759860153 -0.01466110296605391 0.0041906757464641176 0.04007820136852395 -0.025871981602146415 0.017867218356215915 -0.01515438530024626 -0.05623342175066313 -0.05868175626113381 -0.03899662731871838 -0.052591317651558625 0.0009939369843951897 -0.012144519785446818 0.029793368572801536 -0.013935894883535735 0.04997917534360683 -0.04045307443365696 -0.09358038555118849 -0.07785795670338018 -0.050423557886244454 -0.051123758078518364 0.00702247191011236
-0.036665211697948494 0.011991513697998342 -0.07722772277227721 -0.07086837380704905 -0.1363962670495334 -0.21328958162428222 -0.1551566778217219 -0.11400481121221628 -0.09512485136741974 -0.06600037714501225 -0.03814495081308974 0.012607690691321708 -0.0941098317094774 -0.13869476400387054 -0.4152960526315789 -0.38878465707734 -0.1510383889238515 -0.1275368747920594 -0.08219748205181562 -0.10056887444128401 -0.07032967032967033 -0.07940766176628393 -0.1903731746890211 -0.31966787752983916 -3.0624692572552874 -2.3395135566188197 -0.4157982492705294 -0.2600943890928159 -0.13482472785379007 -0.08563968668407312 -0.14737291755659976 -0.035943267923061975 -0.1008890220757167 -0.16443987667009247 -1.3167631154539419 -2.9890656063618293 -0.5946843853820598 -0.26447383042560285 -0.13439964456292347 -0.1656749504141874 0.03510264865439848 0.13898080741230973 0.12193986782090664 0.07628361858190709 -0.10062524423602967 -0.48380647740903643 -0.2825947334617855 -0.18833207057040807 -0.06824526936201014 -0.0711818276981053 -0.033190160093713394 0.09454745731595374 0.09139176603707895 0.11081749211490921 -0.16743181204428842 -0.2522657198916192 -0.15961208202848773 -0.1257529324738455 -0.055061414654807295 -0.060860440713536204 0.00833333333333333 0.022335970218706376 0.09108527131782947 0.0036363636363636346 -0.1947373420727653 -0.2171963734183521 -0.08498583569405098 -0.12842105263157896 -0.05332195798229711 -0.05532653504013886 0.012515644555694616 0.05376900010340192 -0.005213764337851927 -0.030410542321338063 -0.07284292602852159 -0.0669618749324981 -0.04660969925646432 2.7755575615628915e-18 -0.004370151862777231 -0.02255554302469832 0.0010476689366160294 0.04105571847507332 -0.027788424683786894 0.02633063757758134 -0.02273157795036939 -0.057294429708222815 -0.06916064130776485 -0.042158516020236084 -0.06980302161025052 0.006957558890766326 -0.017204736362716324 0.023065833733781838 -0.02687636870396178 0.05622657226155768 -0.04449838187702265 -0.0917087778401647 -0.08070641853399166 -0.04941508672851956 -0.052088357287547016 0.009363295880149813
-0.030554343081623747 0.020293330873535652 -0.07524752475247523 -0.0718132854578097 -0.156137832017229 -0.20873211193145566 -0.14907210222087008 -0.09727016002510197 -0.09695417543217782 -0.0556288893079389 -0.034129692832764506 0.019962176927926033 -0.087466784765279 -0.12686807870121491 -0.3597861842105263 -0.3575151136126746 -0.13740297881267044 -0.11644671176666299 -0.07907605868275934 -0.09345794392523366 -0.06153846153846153 -0.07189612619379762 -0.16982152514872903 -0.28541774779449924 -2.8293162813576 -2.274720893141946 -0.40329303876615263 -0.2443628736234924 -0.13782083291720762 -0.07624020887728461 -0.14203331909440411 -0.03885758694385079 -0.10987913295375087 -0.17574511819116134 -1.55108623470259 -3.5487077534791256 -0.621262458471761 -0.26225136126236254 -0.1466177940686438 -0.15984132539960333 0.038293798532071065 0.13236267372600924 0.13031741599180863 0.057701711491442556 -0.08792497069167644 -0.5317872850859656 -0.29543994861913936 -0.2024028574521052 -0.06617723089649467 -0.08479011828744895 -0.024404529480671615 0.09913713970993207 0.10618852815736794 0.11593214559713579 -0.14582770726438024 -0.2270391479024573 -0.1565814728760481 -0.11412871182500266 -0.05717916137229988 -0.05561385099685205 0.02037037037037037 0.03629595160539786 0.10271317829457365 0.0018181818181818188 -0.18333808302460342 -0.20324798246487993 -0.08389627369797341 -0.12000000000000002 -0.05438839714194306 -0.04230852679540031 0.019254837777991717 0.05687105780167512 0.009384775808133473 -0.04967055245818551 -0.0902841900071817 -0.07020196565503835 -0.03773166130285206 -0.0011130899376669639 0.004370151862777233 -0.021427765873463404 0.003143006809848088 0.0469208211143695 -0.014373323112303566 0.033853676885461724 -0.0009471490812653915 -0.039257294429708225 -0.05868175626113381 -0.020025295109612144 -0.06502199273283611 0.018884802703508598 -0.002024086630907804 0.024987986544930323 -0.013935894883535735 0.0687213660974594 -0.025283171521035597 -0.07673591615197455 -0.07880744398025066 -0.040338846308995556 -0.052088357287547016 0.018726591760299626
-0.022697512003491925 0.01844848261230514 -0.07029702970297029 -0.06330908060096381 -0.16600861450107685 -0.206909124054325 -0.14095933475306763 -0.09413241292751805 -0.09603951339979878 -0.0528003017160098 -0.031118249347520582 0.019962176927926036 -0.07196634189548272 -0.11934200623588864 -0.30119243421052627 -0.3314571607254534 -0.12796307950492972 -0.11201064655650436 -0.07803558422640725 -0.0954896383583909 -0.05164835164835165 -0.06653074364202168 -0.14386154678204435 -0.23248572911261028 -2.5450073782587315 -2.092304625199362 -0.37515631513130476 -0.23177766124803356 -0.12883251772695495 -0.0710182767624021 -0.14416915847928236 -0.0417719059646396 -0.10788133053640994 -0.16649537512846863 -1.8034342092780569 -4.116302186878728 -0.6566998892580289 -0.26558506500722306 -0.16661112962345884 -0.16217477540543696 0.028720348899053293 0.12574454003970878 0.12845573862049706 0.04596577017114914 -0.11039468542399375 -0.586765293882447 -0.3222008135302933 -0.20889706678211928 -0.07341536552579879 -0.08164974353606198 -0.01854744240531043 0.0927115843583624 0.11054051701627646 0.1321285482908533 -0.12062291835448735 -0.2148930206484163 -0.1565814728760481 -0.1257529324738455 -0.054002541296061 -0.061909758656873023 0.025 0.04094927873429502 0.11143410852713179 0.014545454545454547 -0.17953833000854943 -0.18431802331373917 -0.08280671170189585 -0.11578947368421051 -0.05332195798229711 -0.04447819483619007 0.02406854722248965 0.04859890393961329 0.017726798748696558 -0.05879371515458692 -0.09336206012106288 -0.07344205637757859 -0.04217068027965819 -0.005565449688334817 0.0010925379656943068 -0.02481109732716815 -0.0041906757464641176 0.04887585532746823 -0.008623993867382138 0.05266127515516269 -0.0018942981625307818 -0.037135278514588865 -0.06287331027978622 -0.027403035413153455 -0.06502199273283611 0.009939369843951894 -0.0040481732618156034 0.030754444978375782 -0.006967947441767866 0.08017492711370261 -0.01820388349514563 -0.061763054463784405 -0.08355488036460311 -0.03731343283582089 -0.05980515095977621 0.019897003745318352
-0.027935399388913134 0.011991513697998344 -0.06336633663366338 -0.05574978739487857 -0.1624192390524049 -0.20782061799289037 -0.14907210222087008 -0.10354565422026984 -0.10610079575596817 -0.05751461436922496 -0.03212206384260188 0.01260769069132171 -0.060894596988485386 -0.10536501451456833 -0.268297697368421 -0.3095684803001876 -0.13006083490664988 -0.12310080958190087 -0.08219748205181562 -0.10056887444128404 -0.053846153846153856 -0.0633115141109561 -0.1265548945375879 -0.1951219512195122 -2.0944417117560254 -1.8510765550239232 -0.35327219674864524 -0.22548505506030417 -0.11884550084889645 -0.0668407310704961 -0.1388295600170867 -0.04857198367981349 -0.10388572570172809 -0.16649537512846865 -2.032065268949815 -4.668986083499005 -0.6799557032115173 -0.28447605289476613 -0.1866044651782739 -0.17734220044335552 0.02765663227316243 0.10967192965869339 0.12752489993484126 0.03325183374083129 -0.12602579132473624 -0.6667333066773291 -0.3575251552130165 -0.22296785366381644 -0.07961948092234516 -0.09316445095781431 -0.006833268254588051 0.09087571140077107 0.12098529027765689 0.15429204671383512 -0.08461607705464039 -0.18873213117817433 -0.1646630972825538 -0.1363204057909754 -0.05823803473104618 -0.06295907660020986 0.028703703703703703 0.024197301070265242 0.12112403100775196 0.01090909090909091 -0.16243944143630662 -0.18332170967420544 -0.07953802571366311 -0.1326315789473684 -0.05758771462088088 -0.05966587112171838 0.02599403100028882 0.03619067314652053 0.035453597497393116 -0.06690319310694375 -0.08618036318867343 -0.07884220758181229 -0.04660969925646432 -0.013357079252003561 -0.0010925379656943057 -0.034961091688282396 -0.0010476689366160294 0.04985337243401759 0.0038328861632809506 0.05736317472258793 0.0009471490812653901 -0.026525198938992044 -0.06182542177512311 -0.026349072512647554 -0.06119716963090457 0.013915117781532652 -0.0010120433154539028 0.025949062950504566 -0.005972526378658171 0.08329862557267805 -0.00505663430420712 -0.05708403518622498 -0.08355488036460312 -0.0463896732553449 -0.05980515095977623 0.011704119850187268
-0.018332605848974247 0.006456968914306802 -0.07524752475247524 -0.04252102428422942 -0.15344580043072506 -0.19961717254580255 -0.14501571848696884 -0.1098211484154377 -0.1042714716912101 -0.05751461436922496 -0.022083918891788797 -0.001050640890943476 -0.04428697962798937 -0.09891409525857434 -0.234375 -0.3012299353762769 -0.11537654709460879 -0.1408450704225352 -0.07595463531370304 -0.1188541243396993 -0.03296703296703297 -0.06009228457989054 -0.11357490535424555 -0.16087182148417228 -1.651746187899656 -1.5789473684210527 -0.30533555648186744 -0.22653382275825903 -0.09387795865375013 -0.06788511749347259 -0.13242204186245193 -0.05537206139498737 -0.12186594745779641 -0.17574511819116137 -2.249312209467792 -5.204771371769384 -0.6877076411960134 -0.28114234914990555 -0.19215816949905587 -0.17734220044335552 0.03403893202850761 0.10494469131133592 0.1349716094200875 0.04400977995110024 -0.14654161781946073 -0.7636945221911235 -0.3853564547206166 -0.23270916765883753 -0.08065350015510289 -0.10049199204438397 0.0029285435376805924 0.08445015604920139 0.12620767690834714 0.16366891143125054 -0.05491043298226663 -0.17098009903765296 -0.15860187897767455 -0.14054739511782732 -0.04764930114358324 -0.0640083945435467 0.02685185185185185 0.026058631921824105 0.09302325581395349 0.0009090909090909104 -0.15768975016623915 -0.17634751419746936 -0.07300065373719765 -0.13473684210526313 -0.04905620134371334 -0.06292037318290303 0.027919514778087996 0.027918519284458692 0.018769551616266943 -0.05271160669031931 -0.09746588693957114 -0.07452208661842533 -0.0599267561868827 -0.024487978628673197 -0.014202993554026003 -0.04285553174692681 0.0041906757464641176 0.04887585532746823 0.011498658489842852 0.0667669738574384 -0.004735745406326957 -0.022281167108753316 -0.057633867756470704 -0.029510961214165254 -0.05832855230445592 0.015902991750323028 -0.002024086630907804 0.026910139356078812 -0.009954210631096954 0.07496876301541025 0.003033980582524275 -0.05334081976417743 -0.07500949487276871 -0.04941508672851956 -0.055946754123661624 0.012874531835205993
-0.020078568310781315 0.011991513697998344 -0.0594059405940594 -0.03212699612586223 -0.13908829863603733 -0.18867924528301888 -0.14197343068654295 -0.09831607572429661 -0.1070154577883472 -0.04525740147086556 -0.025095362377032727 0.004202563563773904 -0.060894596988485386 -0.07848618428126007 -0.2179276315789474 -0.2762143006045445 -0.1143276693937487 -0.13197294000221804 -0.08115700759546353 -0.11479073547338481 -0.02967032967032967 -0.056873055048824984 -0.09951325040562467 -0.12558380902957966 -1.2621741269060502 -1.2759170653907497 -0.2751146310962901 -0.21289984268484533 -0.09287925696594428 -0.05639686684073107 -0.13348996155489107 -0.06022925976296872 -0.10688242932773948 -0.18705035971223022 -2.419125320178351 -5.695825049701789 -0.7054263565891473 -0.2766974108234248 -0.2054870598689326 -0.17384202543460509 0.03616636528028933 0.09643566228609246 0.12007819044959507 0.04987775061124694 -0.18268855021492775 -0.9196321471411435 -0.4228216655962321 -0.2532741638705488 -0.0951297694137111 -0.11410028263372762 0.009761811792268645 0.07710666421883605 0.12881887022369223 0.1602591424430995 -0.03150598613736609 -0.17845463888629357 -0.15456106677442166 -0.15534185776180914 -0.050825921219822115 -0.06925498426023086 0.027777777777777773 0.025127966496044672 0.08236434108527131 0.006363636363636363 -0.1434406763560368 -0.16040649596492979 -0.07844846371758553 -0.13578947368421052 -0.06398634957875654 -0.053156866999349094 0.026956772889188407 0.019646365422396856 0.021897810218978103 -0.0486568677141409 -0.1015697137580794 -0.08964250999027973 -0.07213405837309954 -0.0367319679430098 -0.026220911176663392 -0.0496221946543363 0.0178103719224725 0.02932551319648094 0.008623993867382138 0.06112469437652812 -0.006630043568857738 -0.037135278514588865 -0.04820287121450277 -0.04742833052276559 -0.05545993497800726 0.006957558890766323 0.010120433154539013 0.022104757328207596 0.014931315946645434 0.0760099958350687 0.024271844660194174 -0.03743215422047539 -0.06551462210406381 -0.05244050020169423 -0.053052956496575675 0.02106741573033708
-0.01745962461807071 0.017526058481689887 -0.051485148514851475 -0.03496173107814419 -0.11755204594400573 -0.17774131802023516 -0.13284656728526517 -0.10040790712268591 -0.09878349949693588 -0.03960022628700736 -0.0220839188917888 0.011557049800378232 -0.060894596988485386 -0.06988495860660143 -0.19736842105263158 -0.27204502814258913 -0.10174113698342772 -0.13419097260729734 -0.07283321194464676 -0.11377488825680615 -0.024175824175824177 -0.0461422899452731 -0.07679826933477556 -0.09548521017125064 -0.8588293162813576 -0.9290271132376396 -0.23343059608170075 -0.205558468799161 -0.07989613502446818 -0.06475195822454308 -0.12174284493806065 -0.05148630270060228 -0.11187693537109178 -0.1798561151079137 -2.443790911678209 -5.888667992047713 -0.6799557032115172 -0.27225247249694406 -0.19437965122736864 -0.1656749504141874 0.022338049143708117 0.10399924364186441 0.1005305780508238 0.04792176039119804 -0.2872215709261431 -1.2774890043982405 -0.4709912224363092 -0.25327416387054874 -0.11374211560335024 -0.11200669946613631 0.009761811792268645 0.08169634661281439 0.13752284794150926 0.1670786804194016 -0.01440273651993878 -0.17938895636737365 -0.16668350338418023 -0.17119306773750395 -0.05612028801355358 -0.08184679958027283 0.037037037037037035 0.03536528617961843 0.09689922480620153 0.012727272727272726 -0.10639308444951079 -0.1504433595695925 -0.0653737197646546 -0.1368421052631579 -0.056521275461234935 -0.04122369277500543 0.021180321555790894 0.03515665391376279 0.019812304483837327 -0.0506842372022301 -0.09643993023494407 -0.08100226806350577 -0.06769503939629343 -0.04007123775601069 -0.018573145416803237 -0.047366640351866475 0.02304871660555265 0.03616813294232649 0.012456880030663088 0.06394583411698326 -0.0009471490812653915 -0.0350132625994695 -0.04191554018652415 -0.053752107925801006 -0.05067890610059285 -0.0019878739687903746 0.008096346523631212 0.028832292167227297 0.0218992633884133 0.07913369429404414 0.04550970873786407 -0.012165450121654499 -0.05127231295100646 -0.054457442517144 -0.04919455966046108 0.023408239700374533
-0.010475774770842428 0.017526058481689887 -0.04257425742574258 -0.02645752622129831 -0.09511844938980617 -0.15586546349466776 -0.12473379981746276 -0.10040790712268592 -0.08780755510838746 -0.033943051103149165 -0.01204577394097571 0.014708972473208657 -0.044286979627989366 -0.05483281367594881 -0.18708881578947367 -0.26370648321867834 -0.092301237675687 -0.1219917932793612 -0.06554989075018208 -0.10971149939049167 -0.018681318681318677 -0.0268269127588797 -0.06273661438615467 -0.06538661131292164 -0.632562715199213 -0.6788277511961723 -0.20425177157148813 -0.19402202412165703 -0.05992210126835114 -0.05117493472584857 -0.10679196924391285 -0.04177190596463959 -0.09989012086704624 -0.1685508735868448 -2.3356417797172937 -5.779324055666004 -0.6611295681063122 -0.25447271919102127 -0.18216150172164836 -0.14700735036751839 0.026592915647271564 0.1087264819892219 0.10518477147910268 0.05965770171149144 -0.415201250488472 -1.7902838864454218 -0.5138086062941555 -0.2489446909838727 -0.12615034639644299 -0.10781953313095363 0.01952362358453729 0.09362952083715806 0.15406040560536166 0.18838973659534566 -0.0009001710324961776 -0.18873213117817433 -0.179816143044752 -0.17224981506921694 -0.047649301143583234 -0.07135362014690451 0.04444444444444444 0.047463936714751055 0.10271317829457365 0.04090909090909091 -0.08929419587726797 -0.13649496861612037 -0.06864240575288734 -0.12736842105263155 -0.052255518822651156 -0.02386634844868735 0.030807740444786753 0.03308861544824733 0.021897810218978103 -0.042574759249873285 -0.09131014671180875 -0.05832163300572416 -0.062146265675285764 -0.03895814781834372 -0.010925379656943079 -0.04623886320063156 0.030382399161864852 0.04496578690127077 0.022997316979685708 0.06676697385743839 0.00757719265012313 -0.03819628647214854 -0.034580320653882425 -0.05902192242833052 -0.0420730541212469 -0.002981810953185565 0.014168606416354621 0.028832292167227297 0.0218992633884133 0.08017492711370262 0.05056634304207119 -0.006550626988583193 -0.05886821116597037 -0.07059298104074223 -0.050159158869489726 0.015215355805243446
-0.017459624618070713 0.03874181348584079 -0.04950495049504951 -0.009449116507606539 -0.09332376166547021 -0.13581259684623098 -0.1308183754183146 -0.09308649722832339 -0.08323424494649229 -0.02734301338864794 -0.0010038144950813102 0.023114099600756464 -0.03985828166519043 -0.033329749489302216 -0.18092105263157893 -0.2605795288722118 -0.08286133836794629 -0.12310080958190084 -0.057226095099365305 -0.10361641609101993 -0.018681318681318677 -0.011803841613907075 -0.03893996755002704 -0.03736377789309808 -0.4653221839645843 -0.4794657097288676 -0.1865360566902876 -0.18668065023597274 -0.04594027763906921 -0.043864229765013044 -0.10252029047415634 -0.03011462988148436 -0.08091099790230746 -0.1459403905447071 -2.169623375391329 -5.4781312127236585 -0.6345514950166111 -0.2611401266807423 -0.16550038875930245 -0.15167425037918564 0.027656632273162434 0.11534461567552237 0.09494554593688914 0.05281173594132029 -0.5607659241891364 -2.455017992802879 -0.5459216441875402 -0.2586860049788938 -0.12615034639644299 -0.10363236679577097 0.021475985942991018 0.10464475858270608 0.1636347810949604 0.1969141590657233 0.0036006841299846977 -0.22049892553489675 -0.20305081321345592 -0.18493078304977278 -0.045531554426090644 -0.07555089192025184 0.03518518518518519 0.053047929269427654 0.10562015503875968 0.05636363636363637 -0.07599506032107914 -0.1354986549765866 -0.07300065373719763 -0.13684210526315788 -0.05118907966300522 -0.02712085050987199 0.03177048233368634 0.04342880777582463 0.028154327424400417 -0.03243791180942726 -0.08618036318867342 -0.054001512042337184 -0.05548773721007657 -0.047862867319679425 -0.005462689828471539 -0.04736664035186647 0.02723939235201676 0.050830889540566956 0.01820620927558452 0.06864773368440849 -0.0018942981625307818 -0.04456233421750663 -0.04925075971916588 -0.07377740303541315 -0.04685408299866131 -0.012921180797137461 -0.003036129946361703 0.02883229216722729 0.025880947640852074 0.05622657226155768 0.058656957928802586 -0.0028074115665356544 -0.06266616027345233 -0.0837031060911658 -0.041477765988231885 0.0023408239700374546
-0.034919249236141425 0.04519878240014759 -0.048514851485148516 0.0047245582538032686 -0.09332376166547021 -0.11758271807492479 -0.14095933475306766 -0.07844367743959837 -0.08780755510838748 -0.014142937959645486 -0.007026701465569163 0.033620508510191216 -0.03321523472099203 -0.023653370605311256 -0.17475328947368418 -0.25119866583281214 -0.08181246066708621 -0.10757458134634582 -0.05514514618666111 -0.09447379114181229 -0.0032967032967032954 -0.003219229531065568 -0.03028664142779881 -0.026984950700570838 -0.34136743728480073 -0.3438995215311005 -0.1594414339308045 -0.17514420555846877 -0.03295715569759313 -0.03968668407310705 -0.0939769329346433 -0.010685836409558969 -0.05793627010288682 -0.118191161356629 -1.9400436391234226 -5.01192842942346 -0.6002214839424143 -0.2355817313034782 -0.14661779406864378 -0.12483957531209897 0.028720348899053293 0.1276354353786518 0.08749883645164293 0.06748166259168704 -0.7063305978898008 -3.136745301879248 -0.5930207664311712 -0.23920337698885166 -0.1302864233274739 -0.08164974353606197 0.03709488481062086 0.11749586928584543 0.17407955435634087 0.1883897365953457 0.012602394454946441 -0.2700177520321405 -0.21618345287402768 -0.18704427771319876 -0.042354934349851756 -0.07974816369359916 0.03888888888888888 0.055839925546765944 0.10852713178294573 0.06181818181818183 -0.05889617174883632 -0.1345023413370529 -0.08062758770974068 -0.13473684210526315 -0.055454836301589 -0.02278151442829247 0.034658708000385105 0.04549684624134009 0.018769551616266943 -0.018246325392802833 -0.08105057966553811 -0.03456096770709581 -0.06103651093108422 -0.03561887800534283 -0.012017917622637386 -0.03270553738581257 0.03352540597171294 0.059628543499511244 0.023955538520505942 0.07617077299228887 0.004735745406326956 -0.03819628647214854 -0.05344231373781829 -0.05902192242833053 -0.04972270032510996 -0.004969684921975942 -0.005060216577269507 0.03940413262854397 0.03683057933505873 0.05414410662224074 0.07180420711974109 0.0028074115665356536 -0.06171667299658183 -0.0746268656716418 -0.04051316677920324 0.005852059925093635
-0.02793539938891314 0.06272484088183747 -0.0504950495049505 0.012283851459888502 -0.08345297918162241 -0.10026433324218394 -0.14298752662001826 -0.06693860474845727 -0.08963687917314553 -1.3877787807814458e-18 -0.005019072475406545 0.05148140365623031 -0.018821966341895487 -0.021503064186646593 -0.16138980263157893 -0.22514071294559104 -0.0765680721627858 -0.08983032050571145 -0.04786182499219645 -0.08431531897602601 0.010989010989010992 0.007511535572486319 -0.016224986479177934 -0.020757654385054492 -0.21642892277422526 -0.25917065390749605 -0.12922050854522718 -0.16570529627687466 -0.020972735443922898 -0.02924281984334204 -0.09290901324220417 0.003885758694385076 -0.041953850764159424 -0.09249743062692703 -1.668722132624988 -4.475149105367794 -0.565891472868217 -0.21557950883431493 -0.1299566811062979 -0.11317232528293084 0.02446548239548985 0.14748983643755317 0.07260541748115051 0.05476772616136919 -0.842125830402501 -3.808476609356257 -0.6433311924641405 -0.2229678536638165 -0.14269465412056664 -0.06804145294671829 0.03416634127294026 0.12024967872223243 0.1653755766385238 0.18412752536015686 0.0018003420649923495 -0.341960198075306 -0.24244873219517124 -0.1838740357180598 -0.045531554426090644 -0.07345225603357816 0.04351851851851851 0.056770590972545366 0.10949612403100772 0.08181818181818183 -0.03799753016053957 -0.1255355185812494 -0.08716495968620613 -0.13789473684210524 -0.060787032099818714 -0.02495118246908223 0.02984499855588717 0.06514321166373693 0.005213764337851928 -0.0020273694880892073 -0.08207653637016518 -0.007560211685927204 -0.08212185107091333 -0.018922528940338378 -0.03277613897082924 -0.015788880117288826 0.033525405971712934 0.06549364613880743 0.02108087389804523 0.06582659394395335 0.014207236218980868 -0.03713527851458885 -0.05868175626113381 -0.051644182124789204 -0.04494167144769555 -0.001987873968790378 -0.0050602165772695076 0.040365209034118214 0.032848895082619955 0.048937942523948355 0.07787216828478963 0.0018716077110237685 -0.07216103304215722 -0.07866075030254135 -0.05401755570560431 0.009363295880149817
-0.024443474465298997 0.04888847892260862 -0.05247524752475248 0.011338939809127846 -0.07537688442211056 -0.11393674232066356 -0.14197343068654295 -0.0868110030331555 -0.0868928930760084 -0.015085800490288518 -0.007026701465569163 0.04202563563773903 -0.03653675819309123 -0.012901838511987956 -0.16138980263157893 -0.2303523035230352 -0.08286133836794629 -0.09759343462348898 -0.05202372281760483 -0.09345794392523363 0.008791208791208793 0.0010730765103551857 -0.03028664142779881 -0.00934094447327452 -0.14264633546483033 -0.21431419457735243 -0.11984160066694453 -0.17094913476664922 -0.02396884050734046 -0.038642297650130546 -0.0822298163178129 -0.008742957062366425 -0.02796923384277295 -0.08941418293936279 -1.3879138601650698 -3.895626242544732 -0.5182724252491695 -0.21557950883431495 -0.1144063090081084 -0.12250612530626534 0.021274332517817254 0.14559894109861019 0.04374941822582145 0.06845965770171149 -0.9652207893708482 -4.4272291083566575 -0.6840077071290944 -0.22188548544214742 -0.15613690414641712 -0.06699466136292265 0.04002342834830145 0.10464475858270608 0.14883801897467144 0.17901287187793027 -0.01980376271491583 -0.48210782023731663 -0.27578543287200724 -0.2007819930254676 -0.050825921219822115 -0.08709338929695698 0.03888888888888888 0.03908794788273616 0.09689922480620156 0.08363636363636363 -0.04179728317659352 -0.1335060276975192 -0.09806057964698191 -0.15368421052631578 -0.0682521062173403 -0.04339336081579519 0.027919514778088 0.048598903939613275 -0.009384775808133478 0.0060821084642676115 -0.08925823330255463 -0.028080786262015333 -0.09987792697813783 -0.033392698130008905 -0.04588659455916093 -0.03270553738581256 0.03981141959140912 0.04398826979472141 0.002874664622460715 0.057363174722587916 0.0028414472437961738 -0.0636604774535809 -0.06916064130776485 -0.08115514333895446 -0.059284758079938805 -0.02683629857867011 -0.006072259892723409 0.027871215761653044 0.01692215807286483 0.045814244064972934 0.07281553398058252 -0.01778027325472581 -0.07026205848841625 -0.0937878176684147 -0.054982154914632965 -0.014044943820224715
-0.0392841553906591 0.04888847892260862 -0.03762376237623762 0.014173674761409811 -0.07447954055994258 -0.11667122413635948 -0.14907210222087008 -0.09308649722832338 -0.09512485136741973 -0.020742975674146714 -0.013049588436057016 0.0388737129649086 -0.05646589902568645 -0.009676378883990967 -0.15316611842105263 -0.225140712945591 -0.07342143906020558 -0.09315736941333037 -0.04682135053584435 -0.09041040227549776 0.0043956043956043965 0.006438459062131129 -0.04434829637641968 -0.013492475350285416 -0.11116576487948844 -0.1854066985645933 -0.11775739891621509 -0.16255899318300998 -0.02896234894636972 -0.03133159268929504 -0.07795813754805639 -2.7755575615628915e-18 -0.007991209669363696 -0.07194244604316545 -1.0957214685513708 -3.2375745526838964 -0.4573643410852714 -0.1955772863651517 -0.09219149172498056 -0.12483957531209895 0.026592915647271564 0.14843528410702467 0.038164386111886814 0.07432762836185819 -1.0677999218444705 -4.92203118752499 -0.7032755298651253 -0.21214417144712633 -0.16337503877572124 -0.06176070344394431 0.03709488481062086 0.10739856801909309 0.15319000783357994 0.17389821839570369 -0.06751282743721307 -0.7138185555451744 -0.31417314880290936 -0.20183874035718058 -0.06141465480728505 -0.08709338929695698 0.025925925925925925 0.041879944160074456 0.09496124031007754 0.0909090909090909 -0.04749691270067446 -0.1354986549765866 -0.11331444759206799 -0.15789473684210525 -0.0831822544523835 -0.05098719895855934 0.021180321555790894 0.049632923172371 0.0020855057351407717 0.016218955904713634 -0.08823227659792757 -0.046441300356409976 -0.1098657196759516 -0.03116651825467498 -0.05134928438763246 -0.030449983083342735 0.03771608171817706 0.038123167155425214 -0.018206209275584515 0.05078051532819259 0.004735745406326956 -0.056233421750663135 -0.06496908728911244 -0.07272344013490725 -0.05450372920252439 -0.017890865719113407 -0.010120433154539013 0.026910139356078812 0.01493131594664543 0.04581424406497293 0.06270226537216828 -0.026202507954332772 -0.07500949487276871 -0.09782170229931425 -0.05401755570560433 -0.026919475655430708
-0.03841117415975557 0.05165575131445439 -0.048514851485148516 0.012283851459888497 -0.06999282124910265 -0.12214018776775135 -0.14602981442044416 -0.08890283443154481 -0.08597823104362938 -0.021685838204789743 -0.01304958843605702 0.04622819920151293 -0.07750221434898139 0.007526072465326309 -0.14905427631578946 -0.21263289555972484 -0.06503041745332495 -0.07763114117777531 -0.04161897825408386 -0.084315318976026 0.007692307692307693 0.02038845369674858 -0.057328285559762035 0.0041515308770108976 -0.09050664043285785 -0.15849282296650719 -0.10525218841183825 -0.14892501310959627 -0.02896234894636972 -0.025065274151436036 -0.08543357539513027 0.015543034777540312 0.003995604834681855 -0.047276464542651574 -0.8225026088606395 -2.5755467196819084 -0.41306755260243627 -0.16001777975330594 -0.07553037876263469 -0.10733870026834676 0.01170088288479949 0.14843528410702467 0.01768593502745974 0.08508557457212715 -1.1703790543180932 -5.395841663334666 -0.7171911796189254 -0.2034852256737742 -0.1726812118705408 -0.055479953941170314 0.02635689183912534 0.11015237745548008 0.14013404125685436 0.17304577614866595 -0.1539292465568458 -1.0735307857610015 -0.3545812708354379 -0.2092359716791715 -0.0709445150360017 -0.0912906610703043 0.01944444444444444 0.05304792926942764 0.09883720930232558 0.08909090909090908 -0.036097653652512586 -0.1345023413370529 -0.11985181956853345 -0.15157894736842106 -0.07251786285592407 -0.049902364938164454 0.01925483777799172 0.06410919243097922 -0.008342022940563087 0.01621895590471363 -0.0984918436441982 -0.06156172372826439 -0.11985351237376538 -0.01892252894033838 -0.06008958811318693 -0.022555543024698317 0.042954426401257205 0.039100684261974585 -0.038328861632809505 0.048899755501222504 0.004735745406326956 -0.06153846153846154 -0.061825421775123124 -0.08010118043844858 -0.052591317651558625 -0.01789086571911341 -0.012144519785446818 0.03940413262854397 0.026876368703961772 0.03956684714702207 0.06270226537216828 -0.02807411566535654 -0.07311052031902773 -0.08672851956434047 -0.054982154914632965 -0.021067415730337075
-0.04539502400698385 0.0581127202287612 -0.025742574257425745 -0.005669469904563925 -0.052943287867910985 -0.1303436332148391 -0.1348747591522158 -0.08681100303315553 -0.07774627275221807 -0.02828587591929097 -0.019072475406544876 0.05358268543811727 -0.07639503985828167 0.005375766046661648 -0.14083059210526314 -0.20429435063581405 -0.06503041745332494 -0.060995896639680594 -0.048902299448548535 -0.076188541243397 -0.0010989010989010978 0.028973065779590086 -0.0562466197944835 0.006227296315516348 -0.06689621249385144 -0.15350877192982457 -0.10733639016256773 -0.14577871001573153 -0.035953260761010686 -0.02297650130548303 -0.08009397693293463 0.027200310860695555 0.04395165318150035 -0.014388489208633093 -0.5521297789583531 -1.8996023856858848 -0.3543743078626799 -0.14112679186576288 -0.054426302343663226 -0.10500525026251314 0.0021274332517817254 0.15221707478491062 0.0009308386856557787 0.08117359413202935 -1.2338804220398596 -5.699720111955218 -0.72147291800471 -0.19482627990042212 -0.18508944266363353 -0.04815241285460065 0.016595080046856697 0.1174958692858454 0.1262076769083471 0.1713408916545904 -0.2763525069763255 -1.4323086984957487 -0.4040812203252854 -0.22720067631829227 -0.09423972892842017 -0.09863588667366212 0.01388888888888889 0.04839460214053048 0.12790697674418602 0.0909090909090909 -0.021848579842310253 -0.13848759589518783 -0.1274787535410765 -0.1610526315789474 -0.08211581529273755 -0.06183553916250813 0.01636661211129296 0.05997311549994829 0.004171011470281543 0.008109477952356814 -0.08823227659792757 -0.08964250999027973 -0.11874375762956386 -0.026714158504007122 -0.06118212607888124 -0.029322205932107815 0.040859088528025146 0.0195503421309873 -0.05270218474511307 0.03761519653940192 0.01515438530024626 -0.08063660477453581 -0.05763386775647071 -0.096964586846543 -0.05737234652897303 -0.03279992048504125 -0.014168606416354618 0.03459875060067275 0.03683057933505873 0.03956684714702207 0.07079288025889967 -0.03556054650945162 -0.07216103304215725 -0.08471157724889068 -0.053052956496575675 -0.016385767790262167
-0.047140986468790926 0.04981090305322387 -0.047524752475247525 -0.012283851459888504 -0.05473797559224695 -0.1394585726004922 -0.14197343068654295 -0.08890283443154481 -0.0786609347845971 -0.033943051103149165 -0.012045773940975713 0.04202563563773902 -0.06643046944198407 -0.0032254596279969903 -0.13466282894736842 -0.20637898686679174 -0.05978602894902454 -0.07319507596761674 -0.04265945271043596 -0.08329947175944738 -0.0032967032967032963 0.03433844833136602 -0.0638182801514332 -0.0020757654385054496 -0.046237088047220855 -0.14453748006379585 -0.0917048770320967 -0.1373885684320923 -0.021971437131728756 -0.01566579634464752 -0.06941478000854334 0.04080046629104332 0.03396264109479573 0.003083247687564231 -0.32255004269044685 -1.2296222664015908 -0.29678848283499437 -0.1311256806311812 -0.028879262468066196 -0.09917162524792907 -0.003191149877672586 0.14843528410702467 -0.0009308386856557757 0.0762836185819071 -1.2602579132473624 -5.79468212714914 -0.6989937914793407 -0.18724970234873906 -0.17371523110329853 -0.03977808018423532 0.007809449433814918 0.11657793280704976 0.12185568804943861 0.16622623817236384 -0.43838329282563687 -1.8938615341493037 -0.4566117789675725 -0.22614392898657934 -0.1069462092333757 -0.0975865687303253 0.012037037037037037 0.05211726384364821 0.123062015503876 0.09636363636363636 -0.02279851809632374 -0.1404802231742553 -0.13728481150577468 -0.15473684210526314 -0.07785005865415376 -0.05858103710132349 0.01732935400019255 0.061007134732706025 -0.006256517205422317 0.006082108464267614 -0.09028419000718169 -0.10152284263959391 -0.11874375762956388 -0.024487978628673197 -0.06118212607888124 -0.030449983083342735 0.037716081718177065 0.016617790811339198 -0.04407819087773093 0.04419785593379726 0.018942981625307824 -0.07320954907161803 -0.060777533270460024 -0.08747892074198987 -0.05641614075349016 -0.03180598350064606 -0.02024086630907803 0.03844305622296972 0.00398168425243878 0.04789670970428987 0.05663430420711975 -0.045854388920082347 -0.07785795670338018 -0.07563533682936667 -0.04726536124240378 -0.012874531835205988
-0.04975993016150153 0.04150908587768656 -0.056435643564356444 -0.01133893980912785 -0.06281407035175879 -0.1513079938018412 -0.1490721022208701 -0.08890283443154481 -0.08323424494649226 -0.03865736375636432 -0.016061031921300945 0.03046858583736079 -0.0775022143489814 -0.008601225674658642 -0.14083059210526314 -0.19804044194288095 -0.06922592825676525 -0.07430409227015637 -0.04994277390490063 -0.08837870784234052 0.0032967032967032976 0.02789998926923489 -0.058409951325040566 -0.008303061754021797 -0.04525332021642892 -0.16048644338118023 -0.0854522717799083 -0.13424226533822756 -0.018975332068311195 -0.010443864229765013 -0.06514310123878683 0.036914707596658256 0.040954949555488965 0.020554984583761562 -0.21629826392182908 -0.7733598409542743 -0.2591362126245847 -0.11890210023335926 -0.02110407641897145 -0.09333800023334501 -0.0010637166258908614 0.1427625980901957 0.004654193428278881 0.08704156479217603 -1.1811254396248534 -5.4468212714914035 -0.6593877114108329 -0.17317891546704187 -0.164409058008479 -0.03559091384905265 0.0029285435376805954 0.09913713970993208 0.11054051701627646 0.1483249509845708 -0.6400216041047799 -2.5497524058675136 -0.5091423376098596 -0.23671140230370918 -0.1217704362558238 -0.10493179433368312 0.008333333333333333 0.043741275011633315 0.10755813953488373 0.09818181818181818 -0.05699629524080935 -0.1653880641625984 -0.15362824144693832 -0.15052631578947367 -0.07785005865415377 -0.05858103710132349 0.017329354000192546 0.04446282700858235 -0.02085505735140771 0.0010136847440446023 -0.09438801682568995 -0.11988335673398857 -0.12540228609477305 -0.03227960819234194 -0.0699224298044357 -0.04059997744445698 0.03771608171817706 0.007820136852394913 -0.05078574166347259 0.03385367688546173 0.00757719265012313 -0.08912466843501325 -0.05972964476579692 -0.09169477234401349 -0.0602409638554217 -0.03478779445383163 -0.015180649731808521 0.02883229216722729 0.0009954210631096937 0.0426905456059975 0.046521035598705504 -0.05989144675276061 -0.07880744398025068 -0.07260992335619201 -0.04726536124240378 -0.015215355805243441
-0.05325185508511567 0.04612120653076285 -0.06732673267326733 -0.02173296796749504 -0.07717157214644652 -0.15586546349466776 -0.15414258188824664 -0.07321409894362516 -0.08963687917314553 -0.03394305110314916 -0.017064846416382253 0.03572179029207817 -0.08303808680248007 -0.00645091925599398 -0.14185855263157893 -0.18032103397957058 -0.07027480595762534 -0.05988688033714096 -0.05514514618666112 -0.08126777732629013 0.008791208791208791 0.028973065779590086 -0.05300162249864793 0.0051894135962636204 -0.04426955238563699 -0.15749601275917066 -0.07503126302626095 -0.11536444677503932 -0.018975332068311195 -0.006266318537859009 -0.07261853908586074 0.03885758694385079 0.04894615922485267 0.03905447070914697 -0.14325016601840435 -0.45029821073558657 -0.22148394241417496 -0.09556617401933548 -0.015550372098189491 -0.08400420021001051 2.7755575615628915e-18 0.1427625980901957 0.011170064227869312 0.08899755501222494 -1.0550996483001172 -4.91203518592563 -0.6005138086062942 -0.15153155103366164 -0.15717092337917488 -0.025122998011095986 -0.001952362358453728 0.0927115843583624 0.09835494821133259 0.12275168357343788 -0.8389594022864346 -3.1523871811641593 -0.5485402565915749 -0.22720067631829233 -0.13765353663701824 -0.11017838405036724 0.005555555555555555 0.04653327128897161 0.10368217054263566 0.08181818181818182 -0.07694499857509263 -0.22018531433695326 -0.16561342340379165 -0.1494736842105263 -0.08424869361202944 -0.06834454328487741 0.010590160777895447 0.048598903939613275 -0.03128258602711157 -0.008109477952356815 -0.09746588693957114 -0.12420347769737553 -0.1309510598157807 -0.024487978628673197 -0.07975527149568448 -0.034961091688282396 0.041906757464641176 0.012707722385141739 -0.04886929858183212 0.03197291705849163 0.0018942981625307818 -0.09018567639257294 -0.056585979251807604 -0.07272344013490725 -0.05737234652897303 -0.030812046516250868 -0.019228822993624127 0.03267659778952427 0.0019908421262193896 0.04477301124531445 0.04449838187702265 -0.05708403518622497 -0.07311052031902775 -0.05143202904396934 -0.04533616282434648 -0.004681647940074904
-0.05761676123963335 0.044276358269532336 -0.061386138613861385 -0.04252102428422942 -0.06909547738693467 -0.17956430589736577 -0.15110029408782072 -0.07530593034201445 -0.0914662032379036 -0.04148595134829342 -0.02609917687211404 0.028367304055473837 -0.09632418069087688 -0.010751532093323298 -0.1459703947368421 -0.1834479883260371 -0.07342143906020557 -0.06432294554729955 -0.062428467381125785 -0.09447379114181227 0.0032967032967032967 0.02038845369674858 -0.05624661979448351 -0.001037882719252725 -0.04820462370880472 -0.16447368421052633 -0.07086285952480201 -0.108023072889355 -0.01997403375611705 -0.00835509138381201 -0.06514310123878685 0.035943267923061975 0.05094396164219359 0.0328879753340185 -0.06545868513423773 -0.28727634194831014 -0.17386489479512734 -0.08112012445827314 0.006664445184938356 -0.07933730019834326 0.0063822997553451746 0.14465349342913872 0.019547612398771296 0.11442542787286063 -0.8948808128175069 -4.221311475409836 -0.5330764290301863 -0.1472020781469856 -0.1447626925860821 -0.03663770543284832 -0.014642717688402964 0.08077841013401874 0.0826877883192619 0.10826016537379593 -1.0441983976955622 -3.69148836774736 -0.5889483786241035 -0.2240304343231533 -0.14824227022448117 -0.11542497376705144 0.016666666666666666 0.03536528617961843 0.11240310077519378 0.05909090909090908 -0.09214401063930844 -0.3247982464879944 -0.17106123338417956 -0.15684210526315787 -0.07358430201557002 -0.07919288348882621 0.009627418888995857 0.040326750077551446 -0.0364963503649635 -0.02027369488089204 -0.09643993023494409 -0.13284371962414948 -0.13982909776939295 -0.030053428317008014 -0.08849557522123894 -0.04398330889816173 0.045049764274489264 0.010752688172043012 -0.04216174779609046 0.034794056798946774 0.0028414472437961733 -0.10503978779840847 -0.046107094205176564 -0.06745362563237774 -0.0535475234270415 -0.030812046516250864 -0.008096346523631214 0.02883229216722729 -1.3877787807814458e-18 0.044773011245314444 0.04146440129449839 -0.06924948530787947 -0.0674135966578048 -0.04437273093989512 -0.0414777659882319 2.0816681711721684e-18
-0.04626800523788739 0.033207268702149254 -0.06336633663366337 -0.056694699045639244 -0.059224694903086864 -0.20508613617719443 -0.1358888550856911 -0.08890283443154483 -0.07774627275221804 -0.059400339430511026 -0.01606103192130095 0.016810254255095608 -0.08193091231178033 -0.012901838511987956 -0.1356907894736842 -0.18449030644152595 -0.0671281728550451 -0.07984917378285462 -0.05618562064301321 -0.11174319382364892 -0.007692307692307691 0.02038845369674858 -0.03785830178474851 -0.0041515308770108976 -0.04722085587801279 -0.15849282296650716 -0.07190496040016674 -0.10592553749344522 -0.02396884050734046 -0.013577023498694519 -0.0598035027765912 0.0223431124927142 0.06093297372889821 0.026721479958890026 -0.016127502134522333 -0.21570576540755465 -0.13732004429678848 -0.08667629736637403 0.014439631234033102 -0.08867110022167776 0.02340176576959898 0.13236267372600924 0.03257935399795216 0.10464547677261615 -0.7268464243845252 -3.487604958016793 -0.4506529651038321 -0.15802576036367572 -0.11891221176713887 -0.05443316235737465 -0.02635689183912534 0.0587479346429227 0.07224301505788146 0.08353934020970079 -1.2305338014222702 -4.130617583854994 -0.6212748762501262 -0.24093839163056113 -0.1588310038119441 -0.1280167890870934 0.017592592592592594 0.02605863192182411 0.11046511627906974 0.03636363636363636 -0.13869098508596941 -0.5051310152435987 -0.18849422532142077 -0.17684210526315786 -0.06505278873840248 -0.09655022781514427 0.02310580533359006 0.03205459621548961 -0.012513034410844632 -0.033451596553471866 -0.07899866625628399 -0.14256399179177015 -0.12096326711796694 -0.05008904719501336 -0.06008958811318692 -0.06541107477162514 0.03876375065479309 1.908195823574488e-18 -0.03737064009198927 0.02821139740455144 -0.004735745406326956 -0.13687002652519895 -0.049250759719165885 -0.08642495784148399 -0.05450372920252437 -0.047708975250969086 -0.006072259892723408 0.012493993272465162 -0.006967947441767869 0.02290712203248646 0.037419093851132686 -0.07767172000748643 -0.06456513482719332 -0.05647438483259378 -0.042442365197260544 -0.015215355805243446
-0.04975993016150153 0.02767272391845771 -0.06237623762376236 -0.060474345648681836 -0.06371141421392679 -0.21693555737854348 -0.13183247135178988 -0.09622424432590734 -0.0786609347845971 -0.06788610220629832 -0.026099176872114032 -0.001050640890943476 -0.08414526129317981 -0.010751532093323302 -0.13671875 -0.19074421513445902 -0.06293266205160478 -0.09537540201840969 -0.061387992924773684 -0.13307598537180007 -0.007692307692307691 0.020388453696748576 -0.04326663061114115 -0.00207576543850545 -0.05705853418593211 -0.14553429027113235 -0.06669445602334306 -0.0996329313057158 -0.024967542195146315 -0.017754569190600523 -0.053395984621956424 0.02137167281911793 0.06792528218959144 0.03802672147995889 0.010435442557632103 -0.17495029821073557 -0.11406423034330011 -0.08223135903989333 0.014439631234033098 -0.08750437521876095 0.028720348899053293 0.11534461567552237 0.04374941822582147 0.1310513447432763 -0.5656506447831183 -2.7499000399840066 -0.3778634125454935 -0.1493668145903236 -0.11167407713783475 -0.06490107819533132 -0.03514252245216712 0.053240315770148705 0.05918704848115589 0.07586735998636092 -1.389864074174093 -4.431467812762778 -0.6434993433680171 -0.24622212828912607 -0.16836086404066078 -0.1322140608604407 0.010185185185185183 0.025127966496044672 0.10949612403100772 0.01727272727272728 -0.22798518096323744 -0.8020324798246488 -0.22662889518413598 -0.1831578947368421 -0.07785005865415377 -0.1008895638967238 0.024068547222489647 0.015510288491365936 0.0031282586027111593 -0.03446528129751647 -0.07181696932389454 -0.1458040825143104 -0.11985351237376543 -0.05899376669634907 -0.05353436031902109 -0.07443329198150445 0.03876375065479308 -0.008797653958944282 -0.05174396320429283 0.02444987775061125 -0.019890130706573216 -0.1570291777188329 -0.04820287121450278 -0.09064080944350758 -0.05737234652897303 -0.052678660172945035 -0.013156563100900718 0.011532916866890917 -0.004977105315548479 0.028113286130778837 0.028317152103559874 -0.08328654314055774 -0.06741359665780478 -0.060508269463493344 -0.04630076203337513 -0.030430711610486893
-0.05237887385421214 0.02951757217968822 -0.05544554455445544 -0.05952943399792119 -0.05653266331658291 -0.2242275088870659 -0.12067741608356153 -0.08576508733396089 -0.07042897649318577 -0.06222892702244013 -0.026099176872114032 0.004202563563773903 -0.06310894596988484 -0.002150306418664663 -0.1151315789473684 -0.1855326245570148 -0.049297251940423746 -0.08317622269047356 -0.05410467173030903 -0.12494920763917106 -0.004395604395604395 0.02468075973816933 -0.014061654948620873 -0.0031136481577581734 -0.035415641908509585 -0.13357256778309406 -0.05106294289287203 -0.09019402202412168 -0.008988315190252671 -0.01462140992167102 -0.05873558308415207 0.031086069555080625 0.07391868944161421 0.05858170606372045 0.032255004269044686 -0.14314115308151093 -0.09523809523809526 -0.07445271696855205 0.014439631234033102 -0.08400420021001051 0.02978406552494416 0.11439916800605088 0.07074374010983897 0.14474327628361858 -0.40933958577569357 -2.0541783286685327 -0.3082851637764933 -0.1309665548219504 -0.09926584634474203 -0.05862032869255731 -0.03904724716907458 0.05232237929135304 0.07659500391678997 0.06904782201005881 -1.477180664326222 -4.6790619452489945 -0.634407515910698 -0.24622212828912607 -0.1598898771706904 -0.13116474291710387 0.0027777777777777775 0.026989297347603535 0.1065891472868217 -0.004545454545454538 -0.3391279566828157 -1.207532131114875 -0.2495096971017651 -0.18526315789473682 -0.07891649781379971 -0.10305923193751357 0.03369596611148551 0.016544307724123665 0.012513034410844632 -0.04156107450582868 -0.05437570534523445 -0.13608381034668968 -0.10764621018754857 -0.06344612644701693 -0.03496121490221785 -0.0766888462839743 0.03038239916186485 -0.003910068426197455 -0.03257953238788808 0.035734436712431816 -0.01610153438151165 -0.1687002652519894 -0.04191554018652416 -0.08642495784148398 -0.04111684834576401 -0.04273929032899314 -0.024289039570893636 0.014416146083613645 0.006967947441767866 0.02707205331112037 0.033373786407766996 -0.07673591615197455 -0.0664641093809343 -0.06050826946349336 -0.04533616282434648 -0.026919475655430715
-0.04103011785246617 0.033207268702149254 -0.07524752475247523 -0.05763961069639989 -0.06101938262742283 -0.2242275088870659 -0.11256464861575906 -0.07530593034201442 -0.05579438397512119 -0.05751461436922497 -0.01405340293113833 0.00210128178188695 -0.05314437555358724 -0.005375766046661651 -0.10896381578947367 -0.1834479883260371 -0.05034612964128382 -0.0865032715980925 -0.04994277390490064 -0.12698090207232832 0.015384615384615385 0.02468075973816933 0.008653326122228229 0.0020757654385054483 -0.01967535661583866 -0.11862041467304626 -0.03438932888703626 -0.08704771893025695 0.0069909118146409665 -0.010443864229765015 -0.056599743699273806 0.02137167281911793 0.07391868944161423 0.047276464542651594 0.03604971065363818 -0.15208747514910537 -0.09191583610188263 -0.0833425936215135 0.01777185382650228 -0.0840042002100105 0.02127433251781725 0.1087264819892219 0.07260541748115051 0.1330073349633252 -0.27549824150058616 -1.4684126349460216 -0.25904517233997004 -0.12771945015694336 -0.09616378864646882 -0.06280749502774 -0.02635689183912534 0.050486506333761706 0.07311341282966315 0.06734293751598329 -1.5023854532361145 -4.7014855647949165 -0.6162238609960602 -0.23671140230370918 -0.14930114358322746 -0.11962224554039873 0.006481481481481481 0.02326663564448581 0.09399224806201549 -0.03 -0.5158164719293247 -1.6100428414865 -0.2854652429723251 -0.1894736842105263 -0.0810493761330916 -0.09980472987632892 0.04236064311158179 0.02791851928445869 0.0010427528675703858 -0.03750633552965027 -0.05232379193598032 -0.10908305432552112 -0.10542670069914546 -0.0701246660730187 -0.026220911176663392 -0.08232773204014886 0.047145102147721316 -0.008797653958944279 -0.021080873898045225 0.02444987775061124 -0.013260087137715476 -0.19310344827586207 -0.037723986167871745 -0.09591062394603711 -0.03633581946834959 -0.047708975250969086 -0.024289039570893633 0.02114368092263335 -3.4694469519536144e-19 0.02707205331112037 0.0293284789644013 -0.07205689687441512 -0.06076718571971136 -0.050423557886244454 -0.0414777659882319 -0.015215355805243446
-0.032300305543430816 0.04150908587768656 -0.060396039603960394 -0.05574978739487857 -0.053840631730078956 -0.2233160149485006 -0.10242368928100598 -0.0679845204476519 -0.051221073813226006 -0.05374316424665284 -1.3877787807814458e-18 0.010506408909434755 -0.036536758193091226 -0.007526072465326309 -0.09765625 -0.1657285803627267 -0.04405286343612334 -0.07430409227015637 -0.050983248361252745 -0.11072734660707029 0.021978021978021976 0.02575383624852452 0.022714981070849103 -0.0020757654385054488 -0.009837678307919333 -0.10466507177033493 -0.029178824510212586 -0.07970634504457264 0.006990911814640968 -0.00939947780678851 -0.04378470739000427 0.026228871187099278 0.08091099790230746 0.047276464542651594 0.047433829807418657 -0.1451292246520875 -0.07641196013289037 -0.07556395155017225 0.026657780739753417 -0.08050402520126007 0.04148494840974365 0.11912640635340835 0.09959973936516801 0.14572127139364305 -0.13579523251270026 -0.8736505397840864 -0.19803040034253908 -0.10931919038857019 -0.0847895770861338 -0.051292787605987655 -0.012690355329949235 0.04406095098219203 0.08529898163460702 0.06393316852783223 -1.4564767305788098 -4.492198449032981 -0.5828871603192242 -0.2240304343231533 -0.1365946632782719 -0.11437565582371459 0.01388888888888889 0.01954397394136808 0.07848837209302326 -0.039090909090909086 -0.745701529400589 -2.097240211218492 -0.3246894748311179 -0.1894736842105263 -0.09811240268742669 -0.09655022781514429 0.04909983633387889 0.03308861544824734 0.006256517205422316 -0.02432843385707045 -0.0461680517082179 -0.08208229830435253 -0.10542670069914548 -0.06678539626001781 -0.01966568338249754 -0.0778166234352092 0.05238344683080146 -0.0166177908113392 -0.004791107704101187 0.016926838442730862 -0.00852434173138852 -0.21538461538461537 -0.03667609766320863 -0.10012647554806071 -0.0353796136928667 -0.052678660172945035 -0.010120433154539015 0.01826045170591062 0.00398168425243878 0.03540191586838817 0.03135113268608415 -0.06831368145236759 -0.05791872388909989 -0.045381202097620005 -0.03279637310697405 -0.01053370786516854
-0.02618943692710607 0.044276358269532336 -0.0495049504950495 -0.04535575923651138 -0.05025125628140703 -0.22149302707136997 -0.10648007301490722 -0.06066311055328939 -0.05030641178084698 -0.04431453894022252 0.001003814495081309 0.022063458709812984 -0.0420726306465899 0.012901838511987956 -0.09765625 -0.15322076297686055 -0.03880847493182295 -0.07097704336253743 -0.04786182499219645 -0.10463226330759853 0.02087912087912088 0.028973065779590086 0.03136830719307733 -0.005189413596263621 -0.010821446138711267 -0.0946969696969697 -0.018757815756565238 -0.06292606187729419 0.004993508439029262 -0.001044386422976502 -0.05019222554463905 0.02914319020788809 0.07591649185895513 0.046248715313463515 0.04648515321127028 -0.14910536779324055 -0.07308970099667773 -0.07556395155017223 0.023325558147284244 -0.07233695018084238 0.03510264865439847 0.13519901673442375 0.1117006422786931 0.16528117359413205 -0.03126221180148495 -0.4308276689324271 -0.14129736673089274 -0.10174261283688713 -0.07341536552579878 -0.04710562127080499 -0.007809449433814916 0.042225078024600696 0.10009574375489598 0.06478561077487001 -1.3610586011342152 -4.21564047463328 -0.5414688352358824 -0.20712247701574554 -0.12812367640830155 -0.11227701993704091 0.010185185185185184 0.022335970218706376 0.058139534883720936 -0.05 -0.9964852284601502 -2.6352495765667037 -0.3715406406624537 -0.19052631578947365 -0.12050762503999146 -0.09221089173356475 0.04332338500048137 0.03929273084479372 0.00417101147028154 -0.017232640648758228 -0.06258335898225094 -0.08316232854519927 -0.1165242481411608 -0.07235084594835262 -0.019665683382497544 -0.08119995488891395 0.04924044002095338 -0.001955034213098729 0.00479110770410119 0.0216287380101561 -0.020837279787838607 -0.2217506631299735 -0.049250759719165885 -0.09485666104553118 -0.043985465672212655 -0.04770897525096908 -0.013156563100900718 0.02114368092263335 -0.0019908421262193913 0.040608079966680546 0.02022653721682848 -0.0739285045854389 -0.06266616027345233 -0.055465913674868896 -0.04147776598823189 -0.022237827715355808
-0.02793539938891314 0.050733327183839126 -0.04059405940594059 -0.029292261173580265 -0.05473797559224693 -0.20508613617719446 -0.10343778521448128 -0.0606631105532894 -0.054879721942742155 -0.04620026400150858 -0.007026701465569161 0.02521538138264341 -0.04650132860938884 0.03655520911729922 -0.09457236842105263 -0.13654367312903898 -0.04090623033354311 -0.058777864034601314 -0.05930704401206951 -0.10158472165786267 0.016483516483516487 0.03111921880030046 0.04542996214169822 0.0020757654385054488 -0.013772749631087062 -0.08074162679425836 -0.019799916631929974 -0.06712113266911379 -0.00499350843902926 -0.0052219321148825075 -0.052328064929517304 0.03302894890227317 0.079912096693637 0.06474820143884893 0.045536476615121904 -0.14115308151093442 -0.07087486157253599 -0.06445160573397044 0.01777185382650228 -0.07233695018084238 0.02978406552494416 0.14843528410702467 0.1117006422786931 0.1877750611246944 0.030285267682688556 -0.13694522191123554 -0.11881824020552345 -0.08550708951185196 -0.08375555785337607 -0.04187166335182665 -0.010737992971495507 0.056912061685331375 0.1027069370702411 0.0835393402097008 -1.215230893869835 -3.7662337662337664 -0.5051015254066067 -0.1849307830497728 -0.12812367640830158 -0.10703043022035674 0.0 0.025127966496044672 0.05523255813953489 -0.05545454545454546 -1.2406193597416169 -3.145362160007971 -0.41730224449771197 -0.1957894736842105 -0.13970352991361842 -0.09438055977435453 0.02888225666698759 0.04756488470685554 -0.005213764337851928 -0.005068423720223007 -0.10464758387196058 -0.0864024192677395 -0.14870713572300523 -0.06901157613535172 -0.038238828799300774 -0.0766888462839743 0.03981141959140912 0.012707722385141739 0.001916443081640476 0.03103253714500658 -0.03315021784428869 -0.2079575596816976 -0.06601697579377555 -0.0874789207419899 -0.05450372920252439 -0.03478779445383162 -0.024289039570893633 0.02498798654493032 0.001990842126219391 0.040608079966680546 0.008090614886731391 -0.06831368145236759 -0.07406000759589822 -0.057482855990318674 -0.05498215491463297 -0.02808988764044944
-0.019205587079877785 0.04796605479199336 -0.03564356435643564 -0.031182084475101568 -0.042175161521895176 -0.19323671497584544 -0.08822634621235169 -0.058571279154900104 -0.05030641178084698 -0.047143126532151615 -0.004015257980325236 0.03046858583736079 -0.040965456155890166 0.038705515535963866 -0.08532072368421051 -0.13862830936001666 -0.03566184182924271 -0.05212376621936343 -0.05514514618666111 -0.09244209670865502 0.017582417582417586 0.03326537182101084 0.04434829637641968 0.008303061754021795 -0.001967535661583865 -0.07476076555023922 -0.01667361400583577 -0.06292606187729419 -0.00499350843902926 -0.001044386422976502 -0.055531824006834686 0.03788614727025451 0.0829088003196484 0.065775950668037 0.05881794896119913 -0.13518886679920478 -0.054263565891472874 -0.06222913657073008 0.026657780739753417 -0.08050402520126007 0.03297521540261674 0.1493807317764962 0.1228707065065624 0.19853300733496335 0.06740914419695195 -0.08596561375449821 -0.0824234639263541 -0.07143630263015478 -0.07238134629304106 -0.041871663351826655 6.938893903907229e-19 0.07159904534606207 0.11228131255983984 0.10570283863268264 -1.006391214330723 -3.0963281322993557 -0.4202444691382968 -0.15745535242523517 -0.09953409572215163 -0.09129066107030429 0.0018518518518518517 0.020474639367147513 0.055232558139534885 -0.06909090909090908 -1.4420062695924765 -3.3775032380193286 -0.4336456744388756 -0.20526315789473681 -0.14823504319078595 -0.10414406595790844 0.02984499855588717 0.051700961637886476 -0.0010427528675703887 -0.015205271160669031 -0.20108751410690467 -0.2376066529862836 -0.1697924758628343 -0.06678539626001781 -0.04042390473068939 -0.07330551483026954 0.042954426401257205 0.014662756598240467 0.006707550785741666 0.037615196539401916 -0.027467323356696344 -0.19946949602122016 -0.07230430682175416 -0.08537099494097808 -0.0535475234270415 -0.027830235563065304 -0.024289039570893633 0.02787121576165305 0.000995421063109696 0.03644314868804664 -3.4694469519536144e-19 -0.08235073928504585 -0.08070641853399164 -0.054457442517144 -0.05498215491463297 -0.02457865168539326
-0.014840680925360106 0.03966423761645605 -0.02970297029702971 -0.024567702919777 -0.022433596554199565 -0.18412177559019233 -0.07200081127674676 -0.06484677335006797 -0.04024512942467758 -0.052800301716009815 -0.006022886970487854 0.024164740491699935 -0.05314437555358724 0.03332974948930222 -0.0873766447368421 -0.14696685428392744 -0.026221942521501996 -0.06210491294222026 -0.043699927166788055 -0.0954896383583909 0.020879120879120878 0.03111921880030046 0.03677663601946998 0.006227296315516348 0.00983767830791933 -0.07675438596491227 -0.015631513130471033 -0.06921866806502361 0.003994806751223411 -0.0052219321148825075 -0.03630926954293037 0.03982902661744706 0.09289781240635302 0.065775950668037 0.08253486386490846 -0.13717693836978131 -0.031007751937984503 -0.07000777864207133 0.043318893702099306 -0.09567145023917864 0.03935751515796192 0.15599886546279665 0.12938657730615283 0.21124694376528116 0.10257913247362252 -0.0699720111955218 -0.055662599015200175 -0.07684814373849984 -0.052734980870644196 -0.050245996022191985 0.007809449433814915 0.08261428309161006 0.12794847245191052 0.1321285482908533 -0.7912503375641371 -2.460992245164907 -0.34447924032730587 -0.14900137377153125 -0.06565014824227021 -0.08919202518363065 0.011111111111111112 0.017682643089809214 0.07170542635658915 -0.07090909090909091 -1.5996960197587158 -3.427318919996016 -0.4271083024624101 -0.20842105263157892 -0.13330489495574277 -0.10956823605988282 0.02984499855588717 0.04136076931030917 -0.011470281543274247 -0.030410542321338063 -0.40525289832769057 -0.434172156820391 -0.17978026856064808 -0.09349955476402493 -0.03059106303944062 -0.08796661779632345 0.03981141959140912 0.01075268817204301 0.0009582215408202394 0.03573443671243182 -0.023678727031634778 -0.21114058355437665 -0.07754374934506969 -0.11066610455311972 -0.04685408299866132 -0.03876354239141239 -0.02732516951725534 0.03267659778952427 -0.0009954210631096957 0.03227821740941274 -0.016181229773462782 -0.1038742279618192 -0.08070641853399164 -0.05849132714804356 -0.05401755570560433 -0.03745318352059925
-0.005237887385421214 0.035052116963379766 -0.026732673267326736 -0.02078805631673438 -0.022433596554199565 -0.1631574150031902 -0.06490213974241962 -0.0606631105532894 -0.03841580535991951 -0.049971714124080704 -0.0030114434852439257 0.03256986761924774 -0.05314437555358724 0.030104289861305235 -0.08326480263157895 -0.14175526370648323 -0.016782043213761276 -0.05545081512698237 -0.037457080428675474 -0.08736286062576187 0.02857142857142857 0.0364846013520764 0.037858301784748506 0.021795537104307216 0.009837678307919331 -0.0737639553429027 -0.0020842017507294737 -0.06292606187729419 0.012983121941476083 -0.0010443864229765017 -0.04592054677488253 0.04662910433262095 0.08690440515433025 0.07708119218910585 0.07589412769186984 -0.11829025844930416 -0.027685492801771877 -0.06111790198910989 0.035543707653004554 -0.09100455022751139 0.04254866503563451 0.15694431313226814 0.13497160942008748 0.20929095354523225 0.11821023837436502 -0.05897640943622551 -0.032113037893384724 -0.06061262041346466 -0.04032675007755144 -0.039778080184235315 0.0302616165560328 0.09913713970993207 0.15493080337714335 0.15855425794902395 -0.5545053560176434 -1.864897692235822 -0.2495201535508637 -0.11941244848356758 -0.02858958068614993 -0.0640083945435467 0.0037037037037037034 0.01954397394136808 0.06879844961240311 -0.06545454545454546 -1.6243944143630664 -3.355584337949587 -0.42601874046633254 -0.18736842105263157 -0.14183640823291033 -0.09112605771316988 0.033695966111485516 0.029986557749974146 -0.023983315954118876 -0.048656867714140906 -0.6802092951677439 -0.5756561183713144 -0.19309732549106645 -0.10240427426536063 -0.026220911176663385 -0.09360550355249803 0.04924044002095338 0.010752688172043012 0.0009582215408202383 0.012224938875305619 -0.04546315590073877 -0.23342175066312998 -0.07440008383108039 -0.10750421585160201 -0.043029259896729774 -0.03379385746943644 -0.04250581924906386 0.03171552138395003 -0.0009954210631096954 0.038525614327363594 -0.022249190938511326 -0.09358038555118849 -0.09115077857956703 -0.05244050020169423 -0.0655927462139481 -0.03160112359550562
-0.0008729812309035357 0.02951757217968822 -0.023762376237623763 -0.030237172824340925 -0.01615218951902369 -0.15859994531036364 -0.05577527634114188 -0.05961719485409476 -0.02926918503612915 -0.04902885159343768 -0.0010038144950813102 0.03782307207396512 -0.05093002657218777 0.03763036232663154 -0.07298519736842105 -0.13237440066708359 -0.0052443885043003974 -0.04657868470666518 -0.023930912496098213 -0.07110930516050387 0.04395604395604395 0.03755767786243159 0.019469983775013515 0.019719771665801765 0.007870142646335464 -0.07276714513556617 0.017715714881200502 -0.05873099108547456 0.026964945570758014 0.0031331592689295036 -0.04592054677488253 0.0514863027006023 0.08290880031964838 0.07399794450154162 0.06925339151883123 -0.11729622266401589 -0.018826135105204873 -0.04556061784642738 0.047761857158724864 -0.07700385019250963 0.04893096479097968 0.16167155147962559 0.15265754444754723 0.22787286063569678 0.13774912075029308 -0.043982407037185124 -0.005352172982230788 -0.04329472886676048 -0.021714403887912317 -0.03140374751386999 0.04490433424443577 0.11382412337066276 0.17146836104099575 0.18753729434830788 -0.3447655054460346 -1.3669064748201438 -0.16769370643499343 -0.09088027052731691 0.003176620076238884 -0.0440713536201469 0.005555555555555555 0.02419730107026524 0.07364341085271317 -0.04363636363636364 -1.5949463284886483 -3.190196273786988 -0.3944214425800828 -0.16526315789473683 -0.13223845579609683 -0.07702321544803645 0.02310580533359007 0.019646365422396856 -0.03128258602711158 -0.07805372529143437 -0.8494921514312097 -0.6728588400475214 -0.21196315614249248 -0.09683882457702583 -0.029498525073746312 -0.08683884064508852 0.06286013619696176 0.007820136852394919 -0.012456880030663088 0.0037615196539401846 -0.08619056639515059 -0.24933687002652521 -0.07230430682175418 -0.10645025295109611 -0.03824823101931536 -0.028824172547460492 -0.03440947272543265 0.03844305622296972 0.005972526378658175 0.04997917534360683 -0.016181229773462785 -0.09545199326221225 -0.08260539308773263 -0.04437273093989512 -0.04919455966046109 -0.023408239700374533
0.00785683107813182 0.028595148049072965 -0.0198019801980198 -0.027402437872058965 -0.006281407035175879 -0.1494850059247106 -0.04259202920596288 -0.05124986926053761 -0.015549254550443611 -0.04902885159343767 0.01003814495081309 0.033620508510191216 -0.042072630646589906 0.04193097516396087 -0.057565789473684216 -0.1261204919741505 0.0052443885043003974 -0.03548852168126872 -0.012485693476225157 -0.05383990247866721 0.04615384615384615 0.04292306041420753 0.02055164954029205 0.028022833419823562 0.016724053123462864 -0.06678628389154703 0.023968320133388916 -0.05348715259570005 0.035953260761010686 0.00939947780678851 -0.0373771892353695 0.05634350106858366 0.08790330636300069 0.07810894141829393 0.08348354046105683 -0.10636182902584494 0.004429678848283503 -0.03555950661184576 0.06775519271353993 -0.07233695018084238 0.05318583129454313 0.16828968516592607 0.16103509261844923 0.22689486552567234 0.154357170769832 -0.038984406237505 0.023549561121815454 -0.03463578309340838 0.004136076931030916 -0.027216581178687322 0.06442795782897306 0.1174958692858454 0.19496910087910174 0.2079959082772142 -0.14852822036186875 -0.9716901803232737 -0.09293868067481563 -0.06974532389305715 0.030707327403642525 -0.0440713536201469 0.017592592592592594 0.02419730107026524 0.08333333333333334 -0.0290909090909091 -1.5132516386434882 -2.90724320015941 -0.34430159076051425 -0.15052631578947367 -0.110909672603178 -0.07268387936645693 0.0346587080003851 0.012408230793092745 -0.029197080291970812 -0.10643689812468322 -0.9336206012106288 -0.7689815314828816 -0.2064143824214848 -0.10017809439002671 -0.012017917622637386 -0.08909439494755836 0.06600314300680984 0.00195503421309873 -0.005749329244921426 -0.003761519653940193 -0.11934078423943928 -0.2716180371352785 -0.07544797233574348 -0.11382799325463744 -0.030598584815452284 -0.034787794453831636 -0.029349256148163146 0.0422873618452667 0.003981684252438782 0.04373177842565597 -0.015169902912621358 -0.0926445816956766 -0.07406000759589823 -0.03428801936264623 -0.035690170734059994 -0.012874531835205993
0.010475774770842428 0.032284844571533994 -0.013861386138613863 -0.020788056316734384 0.0008973438621679833 -0.13307811503053504 -0.04157793327248758 -0.05543353205731617 -0.01646391658282265 -0.04808598906279464 0.024091547881951416 0.03782307207396512 -0.03764393268379096 0.03655520911729922 -0.0493421052631579 -0.11882426516572857 0.018879798615481436 -0.03327048907618942 0.0010404744563520974 -0.05587159691182446 0.049450549450549455 0.03755767786243159 0.0151433207138994 0.029060716139076286 0.01672405312346286 -0.0608054226475279 0.032305127136306795 -0.05138961719979025 0.036951962448816544 0.00939947780678851 -0.0299017513882956 0.06120069943656501 0.0958945160323644 0.06474820143884892 0.09202162982639217 -0.09840954274353877 0.014396456256921375 -0.0277808645405045 0.07441963789847827 -0.06767005016917513 0.06701414743112434 0.18436229554694147 0.16475844736107234 0.22298288508557457 0.16705744431418523 -0.03398640543782487 0.05459216441875401 -0.024894469098387276 0.017578326956881406 -0.01988904009211766 0.06735650136665365 0.12942904351018908 0.2054138741404822 0.23186429119427157 -0.007201368259969398 -0.5671307110156032 -0.04141832508334174 -0.04226989326851949 0.04341380770859806 -0.029380902413431265 0.03148148148148148 0.03350395532805956 0.09689922480620154 -0.011818181818181816 -1.3926094803837752 -2.5077214307063866 -0.29418173894094574 -0.13578947368421052 -0.08958088941025913 -0.059665871121718374 0.025994031000288825 0.014476269258608208 -0.03023983315954119 -0.11353269133299544 -1.0003077870113881 -0.8186629225618317 -0.21529242037509705 -0.08904719501335709 -0.019665683382497537 -0.07894440058644411 0.06705081194342587 0.006842619745845551 -0.018206209275584515 -0.02444987775061124 -0.15722674749005494 -0.2822281167108754 -0.08802263439170073 -0.11172006745362562 -0.04207305412124689 -0.03975747937580757 -0.01315656310090072 0.04709274387313791 0.00199084212621939 0.03540191586838816 -0.019215210355987063 -0.09638779711772413 -0.07121154576528677 -0.025211778943122227 -0.03569017073406 -0.0023408239700374533
0.01571366215626364 0.03966423761645605 -0.0009900990099009882 -0.03118208447510158 0.017049533381191678 -0.11484823625922888 -0.03143697393773451 -0.03765296517100722 -0.015549254550443615 -0.03488591363379219 0.031118249347520575 0.059886530783778105 -0.0287865367581931 0.06343403935060746 -0.03700657894736842 -0.08651240358557431 0.035661841829242716 -0.0022180326050792953 0.010404744563520968 -0.027427874847622914 0.03736263736263736 0.049361519476338656 0.01081665765278529 0.026984950700570838 0.013772749631087067 -0.04685007974481657 0.03126302626094206 -0.03880440482433141 0.027963647258563862 0.01879895561357702 -0.024562152926099957 0.08257237225568294 0.10288682449305761 0.08221993833504625 0.10435442557632102 -0.0666003976143141 0.03211517165005537 -0.005556172908100898 0.07886260135510385 -0.05366935013417338 0.07552388043825124 0.21556206863950078 0.17406683421763008 0.2621026894865526 0.1807346619773349 0.0 0.07707129094412331 0.008658945773352095 0.03412263468100507 0.011514707421752327 0.05661850839515814 0.14595190012851111 0.20802506745582733 0.24976557838206462 0.08191556395715187 -0.2756236569186209 0.005051015254066073 -0.014794462643981824 0.05506141465480728 -0.011542497376705142 0.032407407407407406 0.05211726384364821 0.10755813953488372 0.00909090909090909 -1.2121212121212124 -2.0892697021022215 -0.24297232512529962 -0.10421052631578946 -0.07358430201557001 -0.03796919071382078 0.018292095889092135 0.01447626925860821 -0.043795620437956206 -0.12772427774961986 -1.0516056222427415 -0.8283831947294524 -0.21751192986350015 -0.057880676758682116 -0.029498525073746312 -0.04849441750310137 0.05657412257726559 0.019550342130987292 -0.029704867765427367 -0.025390257664096288 -0.1856412199280167 -0.27480106100795754 -0.09221418841035314 -0.09380269814502529 -0.042073054121246886 -0.02186661365669416 -0.00809634652363121 0.0490148966842864 0.00398168425243878 0.02082465639316951 -0.013147249190938511 -0.09451618940670037 -0.06836308393467529 -0.02319483662767245 -0.03569017073406 0.0
0.01658664338716718 0.03874181348584079 -0.0029702970297029716 -0.037796466030426155 0.012562814070351758 -0.097529851426488 -0.029408782070783894 -0.027193808179060763 -0.01646391658282265 -0.023571563266075807 0.024091547881951413 0.05673460811094768 -0.034322409211691766 0.05268250725728416 -0.03700657894736841 -0.09380863039399624 0.03880847493182295 -0.0033270489076189466 0.018728540214337733 -0.03758634701340917 0.031868131868131866 0.048288442965983475 -0.001081665765278527 0.013492475350285419 0.013772749631087064 -0.041866028708133954 0.04272613588995415 -0.0356581017304667 0.03795066413662239 0.022976501305483028 -0.025630072618539085 0.0835438119292792 0.10888023174508041 0.08016443987667007 0.10435442557632102 -0.06163021868787276 0.042081949058693245 -0.008889876652961436 0.08663778740419861 -0.05016917512542294 0.06488671417934264 0.22407109766474426 0.17406683421763008 0.2572127139364303 0.1817116060961313 -0.0009996001599360267 0.09098694069792335 0.0184002597683732 0.04342880777582463 0.010467915837956662 0.053689964857477554 0.1606388837892418 0.20976586299939073 0.2574375586054045 0.13862633900441085 -0.09997197047556763 0.03737751288008889 0.012680967980555846 0.062473528166031356 0.005246589716684152 0.037962962962962955 0.06328524895300139 0.11821705426356588 0.023636363636363632 -0.9945853519521233 -1.5841386868586231 -0.18631510132926563 -0.07684210526315788 -0.055454836301589 -0.014102842265133437 0.0057764513333975155 0.002068038465515455 -0.05526590198123046 -0.15002534211860113 -1.0864881502000616 -0.8489037693055407 -0.20974364665408946 -0.05899376669634908 -0.02403583524527477 -0.04736664035186647 0.04924044002095337 0.027370478983382213 -0.04120352625527022 -0.035734436712431816 -0.21216139420344762 -0.2684350132625995 -0.10059729644765798 -0.08747892074198989 -0.04589787722317843 -0.015902991750323024 -0.01821677967817023 0.04420951465641519 -0.011945052757316343 0.01665972511453561 -0.03135113268608415 -0.09732360097323603 -0.07216103304215725 -0.03227107704719645 -0.03858396836114595 0.0011704119850187266
0.01396769969445657 0.0470436306613781 -0.016831683168316836 -0.02740243787205896 0.0 -0.0765654908394859 -0.02839468613730859 -0.01673465118711432 -0.01646391658282265 -0.01225721289835942 0.0230877333868701 0.0556839672200042 -0.029893711248892823 0.04623158800129019 -0.033922697368421045 -0.08547008547008547 0.03671071953010279 0.00665409781523788 0.020809489127041926 -0.029459569280780168 0.031868131868131866 0.048288442965983475 -0.010816657652785291 0.017644006227296317 0.016724053123462864 -0.02192982456140351 0.04376823676531888 -0.02097535395909806 0.04793768101468092 0.02610966057441253 -0.014950875694147797 0.09034388964445308 0.10688242932773948 0.07708119218910585 0.10435442557632102 -0.04572564612326043 0.048726467331118496 0.003333703744860541 0.0888592691325114 -0.038501925096254816 0.07339644718646952 0.22501654533421575 0.1777901889602532 0.25623471882640586 0.1856193825713169 0.010995601759296286 0.10169128666238494 0.042212360645091464 0.052734980870644196 0.023029414843504657 0.06052323311206561 0.16890031209840278 0.21498824963008095 0.27960105702838634 0.1881357457917004 0.01588339717836121 0.06869380745529852 0.029588925287963648 0.08047437526471835 0.016789087093389297 0.04166666666666666 0.07259190321079571 0.12693798449612403 0.030909090909090907 -0.7523510971786834 -1.0381588123941417 -0.12421006755284374 -0.05684210526315788 -0.024528100671856665 -0.00433933608157952 -0.004813709444497929 0.011374211560335022 -0.07090719499478625 -0.17334009123162697 -1.1080332409972298 -0.8337833459336862 -0.20752413716568635 -0.03450578806767588 -0.031683601005134926 -0.02368332017593323 0.04819277108433734 0.030303030303030304 -0.053660406285933306 -0.038555576452886965 -0.22352718317863235 -0.2482758620689655 -0.09954940794299486 -0.07693929173693086 -0.037292025243832475 -0.004969684921975947 -0.015180649731808524 0.05478135511773187 -0.010949631694206652 -0.0010412328196584774 -0.03539644012944985 -0.08515815085158152 -0.07880744398025066 -0.011093182734973778 -0.03472557152503135 0.019897003745318352
0.009602793539938892 0.055345447836915404 -0.01881188118811881 -0.034016819427383535 0.004486719310839912 -0.07109652720809405 -0.03346516580468513 -0.004183662796778577 -0.016463916582822646 0.0009428625306430315 0.01806866091146356 0.06303845345660854 -0.028786536758193093 0.031179443070637563 -0.030838815789473683 -0.0906816760475297 0.04090623033354311 0.006654097815237884 0.033295182603267096 -0.023364485981308407 0.04065934065934067 0.04721536645562828 -0.006489994591671174 0.030098598858329006 0.029513034923757998 -0.00996810207336523 0.0500208420175073 -0.00839014158363922 0.061919504643962855 0.034464751958224536 -0.01708671507902606 0.08742957062366427 0.11287583657976226 0.065775950668037 0.11289251494165638 -0.03777335984095427 0.05647840531561462 0.0055561729081009 0.09441297345329336 -0.035001750087504384 0.07552388043825124 0.22407109766474428 0.18709857581681094 0.254278728606357 0.20320437670965222 0.01899240303878449 0.1198886748019696 0.05411841108345059 0.06617723089649467 0.029310164346278655 0.07028504490433425 0.17165412153478982 0.23413700060927845 0.28983036399283946 0.22774327122153207 0.07100812856208541 0.1060713203353874 0.04544013526365846 0.09529860228716645 0.03147953830010493 0.04537037037037037 0.07166123778501628 0.13468992248062014 0.022727272727272728 -0.5110667806592573 -0.522068347115672 -0.06428415776857704 -0.04421052631578947 -0.0010664391596459442 5.204170427930421e-19 -0.007701935111196689 0.003102057698273188 -0.07612095933263818 -0.20375063355296502 -1.0987996306555863 -0.8197429528026783 -0.18421928753745423 -0.03450578806767588 -0.022943297279580464 -0.020299988722228483 0.04609743321110528 0.033235581622678395 -0.06611728631659639 -0.05078051532819259 -0.23205152491002085 -0.25358090185676396 -0.09221418841035314 -0.07061551433389546 -0.03251099636641805 -4.163336342344337e-18 -0.007084303208177311 0.04805382027871216 -0.01791757913597452 -0.012494793835901708 -0.0293284789644013 -0.0795433277185102 -0.07311052031902772 -0.01109318273497378 -0.028937976270859457 0.022237827715355808
