-0.058469325421066407 0.008299520472150499 0.011883541295306 0.03024003024003024 -0.009866355726971029 -0.0027357286157213196 -0.032454361054766734 -0.008374332670365334 -0.07774627275221806 -0.03489249339871747 0.02208835341365462 -0.10595887536718422 -0.08188558149828483 -0.011822871883061048 -0.039050457301407875 -0.04794663331248696 0.008391021606880633 -0.052129547471162385 0.02707487243569718 -0.05589998983636548 -0.03844041735310269 -0.06113256113256114 0.07793051196016884 -0.09953343701399689 -0.025555337133870648 -0.07669322709163347 -0.04375 -0.09863588667366212 -0.050928699820251645 -0.10437323870159691 -0.0683322656416827 -0.011650485436893204 -0.05287310454908221 0.028750385049799775 -0.02652519893899204 -0.0556494087250323 -0.1040283311199646 -0.1378543635352974 -0.1453617399023524 -0.12018669778296383 -0.028689831048772714 -0.05282520516932365 -0.07059916395726892 -0.006830601092896171 -0.05263157894736842 -0.05496701978812714 -0.1808066759388039 -1.080437371440944 -0.41468459152016546 -0.09007121910347717 -0.09948307812347607 -0.021087375080223708 -0.023461939520333683 -0.050140222656581954 -0.05568028738212842 -0.05508355895808048 -0.15861790260658717 -1.5084566596194502 -0.7295637441761965 -0.16272965879265094 -0.037934863064396744 0.055824339411983635 0.007741436036384749 0.0799273387829246 0.10635267306048808 0.08273524720893141 0.015255530129671999 -0.0642646439106616 -0.15783299562759945 -0.0662395482679987 -0.03462870334744132 0.03720930232558141 0.037523452157598496 0.060833417824191424 0.06770619614279853 0.1351643598615917 0.06662965019433646 0.01782134105591445 -0.0054656755574989 0.013547076089410701 -0.055474146954155326 0.043983970286384524 0.02108491470193598 -0.04602235371466141 -0.015144344533838141 0.013791640144281775 0.017834662190516153 0.08857956342929453 -6.938893903907229e-19 -0.0019884668920262484 -0.04753717002124001 -0.006725595695618756 0.0348432055749129 -0.011446409989594172 0.042467138523761376 -0.006551240056153487 -0.011396011396011397 0.03633060853769301 -0.0019301293186643471 -0.04095962551199533
-0.06370538441399773 -0.0036886757654002204 -0.016835016835016838 0.027405027405027406 -0.02421741860256526 -0.0018238190771475455 -0.0486815415821501 -0.02198262325970899 -0.09238086527028264 -0.03772161448509997 0.023092369477911646 -0.12694083088543853 -0.07303308620117295 -0.020421324161650913 -0.03699517007501798 -0.06253908692933083 0.005244388504300403 -0.07431233362910382 0.029157554930750805 -0.0772436223193414 -0.036243822075782535 -0.06756756756756757 0.08767182595518996 -0.0964230171073095 -0.021623746805582857 -0.0747011952191235 -0.04375 -0.10807974816369359 -0.05292590373477132 -0.11898549211982049 -0.06833226564168268 -0.024271844660194174 -0.0548683160415004 0.02566998665160694 -0.027472527472527476 -0.056643148166550736 -0.10845506861443117 -0.15341856586992775 -0.15978695073235685 -0.1306884480746791 -0.03294017638933163 -0.07169134987265353 -0.0631676730143985 -0.009758001561280247 -0.05750487329434697 -0.06496102338596843 -0.19792446774366107 -1.1497239363429685 -0.4643226473629783 -0.12253875157100962 -0.10533502389544525 -0.020170532685431376 -0.03910323253388946 -0.04419138268037733 -0.06825325550067354 -0.056017178601437775 -0.18185492018589614 -2.1141649048625792 -0.9656925031766199 -0.19947506561679793 -0.033308660251665435 0.044659471529586894 0.004838397522740468 0.072661217075386 0.10350394074636786 0.07575757575757576 0.005448403617740005 -0.09587020648967551 -0.18875973125733178 -0.08687153871212945 -0.04424778761061947 0.019638242894056846 0.029184907233687725 0.06590286930954072 0.0656544932293804 0.13300173010380623 0.05330372015546917 0.010024504343951881 -0.017490161783996504 0.003386769022352673 -0.06384760309817877 0.037142019352946934 0.011500862564692352 -0.03569080492157416 -0.023663038334122095 0.011669849352853808 0.0031472933277381454 0.07487082146999893 -0.00861408882082695 -0.008948101014118116 -0.04248002427429958 -0.00768639508070715 0.017919362867098065 -0.003121748178980228 0.040444893832153696 -0.0056153486195601315 -0.022792022792022793 0.03128469068523565 -0.0038602586373286995 -0.03744880046811001
-0.06283270791517585 -0.002766506824050166 -0.05149534561299267 0.03307503307503308 -0.03318683289981165 -0.0009119095385737751 -0.0486815415821501 -0.032450539097665654 -0.09969816152931492 -0.03772161448509997 0.024096385542168672 -0.12484263533361309 -0.07635277193758991 -0.012897678417884782 -0.04007810091460281 -0.05107358765895351 0.00209775540172016 -0.06876663708961846 0.01666145996042903 -0.06911271470677914 -0.03514552443712246 -0.06327756327756327 0.0725186708518238 -0.0964230171073095 -0.022606644387654806 -0.0796812749003984 -0.04583333333333332 -0.11332633788037776 -0.06191332135010985 -0.12107295689385242 -0.07046764894298527 -0.024271844660194178 -0.06484437350359137 0.027723585583735492 -0.026525198938992044 -0.056643148166550736 -0.10624169986719786 -0.16008893829905502 -0.17310252996005326 -0.12135355892648776 -0.03294017638933163 -0.06414489199132158 -0.0613098002786809 -0.01756440281030445 -0.059454191033138405 -0.06296222266640016 -0.2064833636460896 -1.1822020136407925 -0.500517063081696 -0.12672811059907835 -0.10338437530478883 -0.022921059869808382 -0.04257907542579075 -0.03654287413954278 -0.06825325550067354 -0.057884417888152365 -0.198019801980198 -2.7145877378435515 -1.2155866158407456 -0.22887139107611548 -0.034233900814211696 0.04652028284331969 0.0009676795045480927 0.0690281562216167 0.09875605355616751 0.0867224880382775 -0.002179361447096001 -0.12220817530552042 -0.23355017596246133 -0.09121511564773592 -0.03751442862639477 0.0103359173126615 0.01042318115488847 0.05170840515056271 0.06360279031596225 0.1319204152249135 0.05552470849528039 0.00334150144798396 -0.01530389156099694 -0.01128923007450892 -0.046054008792128946 0.0332323331052683 0.016292888633314163 -0.03475157321311168 -0.009465215333648839 0.013791640144281775 0.022031053294167015 0.08330697036802699 1.3877787807814458e-18 -0.012925034798170611 -0.044502882573075754 -0.016333589546502693 0.0029865604778496813 -0.012486992715920919 0.041456016177957536 -0.009358914365933552 -0.017094017094017096 0.03330305782621859 -0.0009650646593321731 -0.03627852545348157
-0.06806876690810718 -0.008299520472150499 -0.05446623093681917 0.03969003969003969 -0.03677459861871021 -0.002735728615721322 -0.05578093306288033 -0.04710562127080498 -0.11341809201500046 -0.034892493398717465 0.02610441767068273 -0.11959714645404954 -0.0553280956069492 0.007523645743766123 -0.03596752646182304 -0.03960808838857619 0.0031466331025802397 -0.06654835847382432 0.01145475372279496 -0.06199817054578717 -0.03624382207578254 -0.061132561132561124 0.06602446152180973 -0.09434940383618456 -0.021623746805582857 -0.0856573705179283 -0.041666666666666664 -0.11752360965372506 -0.06790493309366888 -0.12316042166788436 -0.0661968823403801 -0.03592233009708738 -0.06883479648842779 0.023616387719478382 -0.021788556271314895 -0.05167445095895856 -0.09628154050464809 -0.17565314063368537 -0.18641810918774965 -0.11668611435239207 -0.04144086707044948 -0.06603150646165457 -0.07710171853228052 -0.0009758001561280232 -0.06530214424951267 -0.052968219068558864 -0.20006419171926818 -1.2027714625960813 -0.5253360910031024 -0.13196480938416422 -0.10045840241880426 -0.016503163106262035 -0.048661800486618 -0.03484320557491289 -0.0691513246519982 -0.05508355895808048 -0.20812285310163667 -3.323467230443975 -1.472892842016095 -0.24356955380577422 -0.030532938564026647 0.04093784890212132 0.0 0.06267029972752043 0.08736112429968665 0.08273524720893141 -0.022883295194508012 -0.22439949431099873 -0.3007358430201557 -0.11076121185796506 -0.03078106964217007 0.008268733850129198 0.009380863039399626 0.07300010138902971 0.06668034468608945 0.12759515570934257 0.059966685174902834 0.0011138338159946512 -0.021862702229995624 -0.02257846014901784 -0.037680552648105506 0.03030006841950933 0.03929461376269887 -0.029116182962336805 -0.0009465215333648864 0.008487163165711862 0.03252203105329417 0.06432563534746387 -0.001914241960183767 -0.015907735136209984 -0.05158288661879236 -0.010568793235972328 -0.013937282229965153 -0.00104058272632674 0.030333670374115274 -0.004679457182966775 -0.019943019943019946 0.02724795640326976 -0.012545840571318278 -0.030427150380339375
-0.06370538441399773 -0.009221689413500551 -0.05743711626064566 0.04063504063504063 -0.03856848147815948 -0.0027357286157213188 -0.05983772819472617 -0.06280749502773997 -0.11524741607975852 -0.035835533760844966 0.02911646586345381 -0.11749895090222409 -0.05864778134336616 0.010748065348237319 -0.03082930839584832 -0.036481134042109654 0.005244388504300397 -0.06654835847382432 0.010413412475268146 -0.060981807094216876 -0.03185063152114224 -0.05791505791505791 0.0736010390734928 -0.08190772420943496 -0.01474346373107922 -0.07768924302788845 -0.03854166666666666 -0.10493179433368309 -0.06790493309366888 -0.11898549211982049 -0.06406149903907751 -0.040776699029126215 -0.07083000798084597 0.019509189855221272 -0.01705191360363774 -0.04869323263440326 -0.08742806551571491 -0.1745414118954975 -0.18641810918774965 -0.10851808634772464 -0.03931569440017001 -0.07169134987265353 -0.08639108221086855 0.0009758001561280261 -0.06627680311890838 -0.04297421547071757 -0.17759708997539317 -1.185449821370575 -0.5263702171664943 -0.13405948889819858 -0.10045840241880426 -0.015586320711469698 -0.05908932916232186 -0.0314438684456531 -0.07453973955994611 -0.0494818410979367 -0.23034956556880176 -3.86892177589852 -1.704786107581533 -0.25406824146981627 -0.02960769800148038 0.04000744324525494 3.4694469519536144e-19 0.05631244323342416 0.08356281454752636 0.07177033492822966 -0.03704914460063201 -0.40033712600084287 -0.3849845366321851 -0.13139320230209578 -0.02500961908426318 -0.0020671834625322996 0.011465499270377317 0.07401399168609957 0.06668034468608945 0.1254325259515571 0.056635202665186 0.0022276676319893077 -0.02404897245299519 -0.029351998193723187 -0.04082059870211429 0.019548431238393123 0.027793751198006523 -0.027237719545411855 -0.0018930430667297687 -0.0010608953957139803 0.029374737725556023 0.056944005061689326 -0.006699846860643186 -0.0208789023662756 -0.05461717406695661 -0.012490392006149115 -0.012941762070681928 0.002081165452653486 0.03134479271991911 -0.011230697239120263 -0.021842355175688513 0.0292663235442527 -0.006755452615325225 -0.04095962551199532
-0.053233266428135084 -0.007377351530800444 -0.058427411368587825 0.03402003402003402 -0.03318683289981165 -0.005471457231442642 -0.05273833671399595 -0.08269653511985764 -0.11799140217689563 -0.03960769520935496 0.022088353413654616 -0.12379353755770037 -0.04647560030983733 0.01182287188306105 -0.03082930839584832 -0.03648113404210965 -0.003146633102580238 -0.07209405501330968 -3.4694469519536144e-19 -0.0660636243520683 -0.030752333882482157 -0.06220506220506219 0.08442472129018293 -0.07879730430274753 -0.012777668566935324 -0.07868525896414343 -0.035416666666666666 -0.10283315844700947 -0.060914719392850016 -0.12629161882893228 -0.053384582532564596 -0.038834951456310676 -0.049880287310454914 0.00821439572851422 -0.000947328533535427 -0.04869323263440327 -0.06861443116423198 -0.16453585325180653 -0.1775410563692854 -0.11085180863477247 -0.020189140367654866 -0.06225827752098858 -0.07431490942870414 0.002927400468384074 -0.04678362573099414 -0.03098141115330802 -0.13587247245105383 -1.1399805131536216 -0.5056876938986556 -0.1277754503560955 -0.09265580805617869 -0.010085266342715688 -0.04084115397984011 -0.0314438684456531 -0.06645711719802425 -0.0494818410979367 -0.23135987068094566 -4.411205073995772 -1.8773824650571793 -0.2624671916010498 -0.03238341968911917 0.04931149981391887 0.012579833559125212 0.055404178019981834 0.07596619504320577 0.07276714513556619 -0.05993243979514003 -0.5731142014327855 -0.5310867015036792 -0.1509392985123249 -0.014428626394767219 0.014470284237726097 0.012507817385866163 0.07908344317144886 0.07386130488305291 0.13083910034602075 0.05330372015546918 0.021162842503898417 -0.03279405334499344 -0.02370738315646873 -0.04396064475612309 0.0156387449907145 0.04600345025876942 -0.03381234150464919 0.00473260766682442 -0.009548058561425845 0.03252203105329417 0.039017188653379734 -0.005742725880551303 -0.021873135812288728 -0.041468595124911495 -0.003843197540353573 0.011946241911398708 0.013527575442247659 0.05662285136501517 -0.007487131492746842 -0.005698005698005703 0.03532142496720154 0.006755452615325229 -0.035108250438853135
-0.04974256043284754 0.003688675765400226 -0.05644682115270348 0.03969003969003969 -0.029599067180913086 -0.0009119095385737741 -0.05070993914807302 -0.08793049303883596 -0.12347937437116988 -0.03017729158807997 0.028112449799196793 -0.1133025597985732 -0.05754121943122718 0.016122098022355973 -0.026718733943068545 -0.03439649781113196 0.009439899307740715 -0.06987577639751552 0.008330729980214516 -0.05386726293322491 -0.02526084568918177 -0.04719004719004719 0.09308366706353502 -0.064282011404873 -0.007863180656575583 -0.07370517928286852 -0.03333333333333333 -0.09338929695697798 -0.054923107649290995 -0.12107295689385242 -0.044843049327354265 -0.03300970873786408 -0.05187549880287311 0.013348393058835607 0.008525956801818873 -0.03875583821921892 -0.03320053120849933 -0.1489716509171762 -0.15978695073235685 -0.09684947491248541 -0.01487620869195622 -0.044335440052825206 -0.07245703669298653 0.0195160031225605 -0.033138401559454196 -0.011992804317409555 -0.09200813095110733 -1.0620331276388442 -0.46742502585315415 -0.1026392961876833 -0.09655710523749148 -0.011918951132300359 -0.042579075425790744 -0.028044531316393305 -0.07184553210597217 -0.050415460741293994 -0.23641139624166502 -4.861522198731501 -1.987505294366794 -0.26771653543307083 -0.028682457438934123 0.05303312244138445 0.01741823108186568 0.051771117166212535 0.07596619504320577 0.07077352472089314 -0.07082924703062002 -0.8723135271807838 -0.7337101418364083 -0.1639700293191443 -0.015390534821085034 0.022739018087855296 0.0062539086929330814 0.06894454020075028 0.07693885925318014 0.12759515570934254 0.05552470849528039 0.03787034974381822 -0.040445999125491905 -0.0282230751862723 -0.04186728072011723 0.01270648030495553 0.051753881541115584 -0.04508312200619892 0.016090866067203027 -0.024400594101421598 0.04091481326059589 0.018981335020563116 -0.0009571209800918829 -0.027838536488367472 -0.03337716192980682 0.006725595695618755 0.009955201592832258 0.02081165452653486 0.05561172901921133 -0.008423022929340196 -0.002849002849002853 0.037339792108184486 0.011580775911986104 -0.029256875365710942
-0.05236058992931321 0.02028771670970122 -0.055456526044761326 0.03969003969003969 -0.024217418602565256 0.0027357286157213196 -0.05375253549695741 -0.09630482570920129 -0.13445531875971828 -0.024519049415314974 0.01706827309236948 -0.10386067981535878 -0.06860683855261702 0.013972484952708513 -0.028774021169458437 -0.029184907233687718 0.006293266205160479 -0.0709849157054126 -0.003124023742580444 -0.0447199918690924 -0.01757276221856123 -0.04075504075504076 0.10390734928022513 -0.06739243131156039 0.001965795164143898 -0.0697211155378486 -0.023958333333333325 -0.08499475341028331 -0.054923107649290995 -0.11063563302369273 -0.04697843262865685 -0.018446601941747572 -0.05486831604150039 0.00821439572851422 0.011367942402425162 -0.02782470436251615 -0.026560424966799463 -0.11895497498610338 -0.1542387927208167 -0.06651108518086347 -0.02337689937307406 -0.0301858315253278 -0.06316767301439852 0.020491803278688527 -0.024366471734892786 0.006995802518488907 -0.0609821333048037 -0.9375338313305187 -0.4188210961737332 -0.07436112274821952 -0.09265580805617869 -0.012835793527092692 -0.032151546750086885 -0.01954618849324382 -0.06106870229007635 -0.04574736252450752 -0.22832895534451408 -5.116279069767442 -2.031977975434138 -0.268766404199475 -0.03793486306439674 0.048381094157052475 0.010644474550029029 0.05903723887375113 0.05507549140632419 0.07575757575757576 -0.10134030728996406 -1.3032026970080068 -0.9992534925882477 -0.1759148658920621 -0.026933435936898807 0.03824289405684754 -0.009380863039399626 0.08111122376558856 0.07180960196963479 0.13948961937716262 0.03997779011660189 0.04009801737580754 -0.07433318758198512 -0.022578460149017838 -0.03663387063010258 0.018571009676473467 0.05942112325091048 -0.036630036630036625 0.022716516800757213 -0.01273074474856779 0.045111204364246746 -0.008436148898028047 -0.006699846860643186 -0.027838536488367472 -0.03641144937797108 0.016333589546502693 0.0019910403185664565 0.038501560874089485 0.051567239635995965 -0.00187178287318671 -0.004748338081671419 0.01715612069835503 0.005790387955993052 -0.019894675248683442
-0.0532332664281351 0.025820730357801545 -0.05050505050505048 0.03969003969003968 -0.018835770024217425 0.004559547692868868 -0.04665314401622718 -0.08269653511985765 -0.1298820085978231 -0.011316484345529988 0.020080321285140566 -0.10071338648762063 -0.0630740289919221 0.013972484952708513 -0.02774637755626349 -0.02710027100271003 0.011537654709460877 -0.07542147293700088 0.0020826824950536294 -0.042687264965951835 -0.020867655134541464 -0.026812526812526816 0.09741313995021107 -0.057024364955935714 -0.001965795164143897 -0.06972111553784861 -0.017708333333333333 -0.07135362014690451 -0.042939884162172946 -0.10750443586264484 -0.049113815929959434 -0.015533980582524276 -0.0518754988028731 0.020535989321285548 0.011367942402425163 -0.026830964920997718 -0.019920318725099594 -0.11450806003335186 -0.1509098979138926 -0.054842473745624266 -0.01381362235681649 -0.03773228940665975 -0.04830469112865769 0.022443403590944575 -0.012670565302144249 0.011992804317409556 -0.02032737776826789 -0.5532099166396016 -0.31437435367114785 -0.053414327607876 -0.09363113235150687 0.0009168423947923346 -0.032151546750086885 -0.004249171411574741 -0.05747642568477773 -0.03454392680421996 -0.20307132754091733 -4.811839323467231 -1.8837357052096568 -0.24671916010498687 -0.036084381939304216 0.04838109415705248 0.009676795045480933 0.06267029972752043 0.04842844934004368 0.07077352472089313 -0.12967200610221208 -1.7509481668773703 -1.2765276740961928 -0.1943750678683896 -0.025971527510580995 0.03824289405684754 -0.0020846362309776935 0.08618067525093784 0.07283545342634387 0.1416522491349481 0.03220433092726264 -0.016707507239919806 -0.16615653694796678 -0.030480921201174082 -0.04082059870211429 0.026390382171830713 0.05462909718228868 -0.03287310979618672 0.02082347373402745 -0.004243581582855929 0.040914813260595886 -0.0010545186122535078 -0.009571209800918837 -0.03380393716444621 -0.040457165975523415 0.021137586471944657 -0.013937282229965153 0.04162330905306972 0.04347826086956522 -0.011230697239120261 -0.012345679012345682 0.018165304268846504 -0.007720517274657404 -0.016383850204798128
-0.05759664892224452 0.02028771670970122 -0.06040800158447215 0.021735021735021728 -0.0206296528836667 -0.00547145723144264 -0.05273833671399595 -0.08060295195226633 -0.13079667063020212 -0.004715201810637494 0.021084337349397592 -0.10071338648762065 -0.04094279074914242 0.016122098022355976 -0.02158051587709383 -0.02918490723368773 0.024124187119781836 -0.09205856255545695 0.015620118712902217 -0.03963817461124098 -0.016474464579901156 -0.024667524667524667 0.10174261283688713 -0.06635562467599793 0.008846078238647533 -0.06872509960159363 -0.001041666666666667 -0.060860440713536204 -0.0249650489314959 -0.0981108443795011 -0.05018150758061072 -0.023300970873786412 -0.0518754988028731 0.0010267994660642771 0.015157256536566882 -0.033787141011626755 -0.01217352810978309 -0.12340188993885493 -0.1442521083000444 -0.06067677946324387 -0.011688449686537029 -0.0311291387604943 -0.023223409196470042 0.020491803278688527 0.003898635477582846 0.018988606835898463 0.02139723975607147 -0.31503734978889253 -0.2088934850051706 -0.032467532467532464 -0.0858285379888813 -0.004584211973961676 -0.00782064650677789 -0.026344862751763405 -0.03502469690166142 -0.03921202502100644 -0.16872095372802587 -4.399577167019027 -1.6846675137653537 -0.22887139107611545 -0.034233900814211696 0.043729065872720504 0.023224308109154247 0.05358764759309718 0.056025068844364256 0.06578947368421052 -0.13947913261414407 -2.137589549093974 -1.5282073157726352 -0.20957758714301225 -0.018276260100038477 0.03514211886304909 0.02710027100271003 0.08516678495386798 0.09335248256052524 0.13083910034602073 0.03997779011660189 -0.16150590331922476 -0.24595540008745082 -0.047414766312937465 -0.040820598702114304 0.024435539047991395 0.05079547632739122 -0.044143890297736445 0.01798390913393279 -0.02015701251856567 0.03252203105329417 1.3877787807814458e-18 -0.019142419601837674 -0.03479817061045933 -0.03944573682613532 0.017294388931591086 0.003982080637132899 0.029136316337148804 0.053589484327603645 -0.013102480112306974 -0.011396011396011397 0.005045917852457363 -0.005790387955993051 -0.010532475131655939
-0.053233266428135084 -0.009221689413500553 -0.03466032877797585 -0.016065016065016063 -0.009866355726971029 -0.02918110523436075 -0.04766734279918864 -0.09839840887679265 -0.11982072624165371 -0.025462089777442475 0.028112449799196793 -0.12484263533361309 -0.012172181033528828 0.005374032674118659 -0.008221148905559552 -0.04586199708150927 0.03880847493182294 -0.12200532386867788 0.026033531188170367 -0.0498018091269438 -0.015376166941241077 -0.025740025740025742 0.09957787639354908 -0.0736132711249352 0.010811873402791428 -0.06573705179282868 0.001041666666666667 -0.052465897166841545 -0.023966446974236073 -0.09602337960546915 -0.05018150758061072 -0.04854368932038834 -0.05287310454908221 -0.01642879145702844 0.01610458507010231 -0.049686972075921695 -0.008853474988933156 -0.12896053362979434 -0.13315579227696406 -0.0676779463243874 -0.00637551801083838 -0.04999528346382417 -0.010218300046446822 0.008782201405152224 0.015594541910331383 0.0019988007195682624 0.05456296137798224 -0.22193352820179707 -0.14167528438469495 -0.028278173439463768 -0.08095191651224033 -0.020170532685431373 0.006951685783802575 -0.03569303985722784 -0.026044005388414903 -0.045747362524507514 -0.14245302081228534 -3.882663847780127 -1.4930114358322746 -0.22572178477690286 -0.029607698001480387 0.029772981019724597 0.02515966711825044 0.030881017257039057 0.0579242237204444 0.044856459330143546 -0.1383894518905961 -2.448377581120944 -1.7649568092140346 -0.23020957758714297 -0.019238168526356292 0.007235142118863051 0.04690431519699812 0.0588056372300517 0.09950759130077964 0.10056228373702421 0.036646307606885066 -0.4477611940298507 -0.4164844774814167 -0.09257168661097313 -0.04396064475612309 -3.4694469519536144e-19 0.062296338892083566 -0.05635390250774865 0.011358258400378605 -0.03394865266284744 0.020981955518254294 -0.0073816302857745405 -0.03349923430321593 -0.056671306422748056 -0.0414685951249115 0.003843197540353575 0.008959681433549029 0.010405827263267432 0.05662285136501516 -0.030884417407580723 -0.00949667616334283 -0.020183671409829452 -0.02702181046130091 -0.022235225277940317
-0.053233266428135084 -0.0036886757654002204 -0.016835016835016835 -0.011340011340011339 -0.000896941429724639 -0.03191683385008207 -0.04665314401622718 -0.08897728462263163 -0.11799140217689566 -0.025462089777442475 0.016064257028112455 -0.11959714645404951 -0.01659842868208477 -0.0010748065348237309 -0.012331723358339326 -0.03960808838857619 0.03251520872666246 -0.11535048802129548 0.010413412475268145 -0.03760544770810041 -0.02086765513454146 -0.023595023595023596 0.08767182595518995 -0.07361327112493521 0.0029486927462158427 -0.058764940239043814 -0.0020833333333333337 -0.03672612801678908 -0.0329538645895746 -0.08141112618724558 -0.05979073243647234 -0.04563106796116505 -0.06484437350359137 -0.024643187185542665 0.014209928003031452 -0.04471827486832953 -0.011066843736166445 -0.113396331295164 -0.13204616067465602 -0.06884480746791133 -0.01806396769737541 -0.04622205452315819 -0.022294472828611245 0.0009758001561280247 0.017543859649122806 0.009994003597841297 0.07061089119503586 -0.16563819421890222 -0.11271975180972078 -0.002094679514034354 -0.07607529503559934 -0.011002108737508027 0.009558567952728537 -0.03569303985722784 -0.021553659631791646 -0.029875828587433473 -0.11214386744796931 -3.292811839323467 -1.2812367640830158 -0.1910761154855643 -0.03238341968911917 0.026981764049125417 0.01838591058641378 0.030881017257039057 0.06267211091064476 0.04385964912280702 -0.14165849406124006 -2.623261694058154 -1.939852831395969 -0.23346726028884784 -0.029819161215852253 0.0020671834625322987 0.04481967896602043 0.05779174693298185 0.08822322527697989 0.09191176470588236 0.008883953359244861 -0.8409445310759635 -0.724748578924355 -0.11627906976744184 -0.04814737282813481 0.0029322646857589682 0.05175388154111558 -0.06011082934159857 -0.0028395646000946547 -0.03288775726713346 0.012589173310952582 -4.8572257327350596e-18 -0.047856049004594184 -0.05865977331477431 -0.05967431981389704 0.008647194465795541 0.015928322548531607 0.006243496357960459 0.053589484327603645 -0.02807674309780065 -0.005698005698005698 -0.028257139973761232 -0.04053271569195136 -0.016383850204798128
-0.05585129592460075 -0.010143858354850608 0.009902951079421667 -0.01701001701001701 0.00807247286752175 -0.03009301477293453 -0.04158215010141988 -0.08269653511985764 -0.10701545778834723 -0.03017729158807997 0.02008032128514056 -0.12903902643726398 -0.025450923979196637 -0.017196904557179704 -0.0164422978111191 -0.047946633312486976 0.03880847493182295 -0.13198757763975155 0.012496094970321774 -0.04675271877223295 -0.01757276221856123 -0.019305019305019305 0.11040155861023919 -0.06739243131156039 0.010811873402791428 -0.048804780876494015 0.00625 -0.030430220356768102 -0.022967845016976234 -0.08036739380022961 -0.06299380738842622 -0.04466019417475727 -0.06683958499600957 -0.024643187185542658 0.012315270935960593 -0.036768359336182055 -0.0099601593625498 -0.10116731517509728 -0.12316910785619176 -0.07117852975495917 -0.01912655403251514 -0.056598434109989625 -0.03251277287505806 -2.7755575615628915e-18 0.015594541910331383 0.012992204677193687 0.08237937306087514 -0.14615134784020783 -0.09100310237849017 0.004189359028068702 -0.07022334926363016 -0.004584211973961676 0.0321515467500869 -0.03399337129259794 -0.009878760664571171 -0.00840257679021566 -0.07072135785007072 -2.711416490486258 -1.0345192714951292 -0.15853018372703415 -0.033308660251665435 0.03535541496092296 0.022256628604606154 0.04268846503178928 0.05887380115848447 0.04086921850079745 -0.13621009044350008 -2.785503581963759 -2.034765916604458 -0.24649799109566728 -0.03174297806848788 -0.0031007751937984504 0.04898895142797582 0.0588056372300517 0.08411981945014362 0.0767733564013841 -0.00555247084952804 -1.3310314101136111 -1.109532138172278 -0.14675999096861594 -0.055474146954155326 5.204170427930421e-19 0.06325474410580792 -0.06480698788391095 -0.007572172266919075 -0.03713133884998939 0.001049097775912719 -0.023199409469577142 -0.06508422664624808 -0.0666136408828793 -0.05158288661879236 0.012490392006149117 0.03086112493777999 0.012486992715920919 0.06167846309403439 -0.024333177351427232 0.0018993352326685683 -0.03229387425572712 -0.04728816830727659 -0.019894675248683446
-0.045379177938738115 -0.007377351530800441 0.006932065755595167 -0.006615006615006613 0.015248004305318863 -0.032828743388655844 -0.037525354969574036 -0.08164974353606197 -0.10244214762645201 -0.03772161448509996 0.0321285140562249 -0.1395300041963911 -0.02213123824277968 -0.03869303525365434 -0.0071935052923646076 -0.06983531373775276 0.0513950073421439 -0.1497338065661047 0.013537436217848592 -0.05386726293322493 -0.01317957166392092 -0.023595023595023596 0.12122524082692931 -0.06531881804043546 0.018675054059367015 -0.05079681274900398 0.010416666666666668 -0.032528856243441755 -0.023966446974236066 -0.08245485857426156 -0.05872304078582106 -0.035922330097087375 -0.06883479648842777 -0.015401991990964165 0.0094732853353543 -0.03676835933618206 -0.0022133687472332894 -0.08337965536409117 -0.12205947625388372 -0.07584597432905485 -0.01381362235681649 -0.06131497028582209 -0.021365536460752444 -0.00975800156128025 0.023391812865497075 0.007995202878273034 0.08986840697550016 -0.1331601169210783 -0.0816959669079628 0.014662756598240474 -0.062420754901004585 0.005501054368754011 0.0521376433785193 -0.02719469703407835 0.00808262236192187 0.005601717860143779 -0.037381289149323094 -2.1078224101479917 -0.7846251588310037 -0.12808398950131233 -0.028682457438934123 0.042798660215854115 0.017418231081865684 0.052679382379654874 0.06647042066280505 0.03987240829346092 -0.11441647597254005 -2.783396544458491 -2.0624933347552528 -0.24432620262786403 -0.029819161215852253 -0.014470284237726094 0.025015634771732333 0.041569502179864146 0.07283545342634386 0.0605536332179931 -0.024430871737923375 -1.8200044553352641 -1.5566243987756887 -0.17272522013998645 -0.04396064475612309 3.4694469519536144e-19 0.06325474410580792 -0.05447543909082371 0.0009465215333648837 -0.037131338849989384 0.001049097775912719 -0.06959822840873142 -0.10624042879019908 -0.07655597534301053 -0.04248002427429959 0.010568793235972328 0.045793927327028375 0.006243496357960454 0.07785642062689588 -0.027140851661207298 0.014245014245014249 -0.022202038550812396 -0.04342790966994789 -0.01053247513165594
-0.04450650143991623 -0.0027665068240501647 0.010893246187363837 -0.0028350028350028283 0.0161449457350435 -0.030093014772934516 -0.033468559837728194 -0.07013503611430963 -0.10244214762645203 -0.033006412674462464 0.040160642570281124 -0.1405791019723038 -0.014385304857806794 -0.02687016337059329 -0.002055287226389888 -0.06149676881384199 0.0566393958464443 -0.14751552795031056 0.00937207122774133 -0.04675271877223296 -0.020867655134541457 -0.027885027885027884 0.11581339971858425 -0.06739243131156039 0.007863180656575585 -0.05577689243027888 0.010416666666666668 -0.040923399790136414 -0.03495106850409427 -0.08976098528337334 -0.056587657484518473 -0.019417475728155338 -0.06883479648842777 -0.0041071978642571085 0.008525956801818871 -0.032793401570108315 0.0066401062416998665 -0.06559199555308506 -0.11984021304926765 -0.06301050175029171 -0.0021251726702794576 -0.056598434109989625 -0.004644681839294009 -0.004879000780640125 0.030214424951267055 0.02198680791525085 0.09842730287792874 -0.1136732705423839 -0.0827300930713547 0.03142019271051529 -0.06632205208231737 0.012835793527092692 0.06517205422314912 -0.01784651992861392 0.014369106421194433 0.01307067500700215 -0.0020206102242877316 -1.5560253699788582 -0.5580262600592969 -0.11023622047244094 -0.02775721687638786 0.05210271678451804 0.013547513063673309 0.07629427792915532 0.06647042066280505 0.054824561403508776 -0.09916094584286804 -2.64433206911083 -2.037965234083396 -0.22152242371593003 -0.026933435936898807 -0.015503875968992253 0.026057952887221174 0.041569502179864146 0.07180960196963479 0.05839100346020763 -0.0410882842865075 -2.294497660948987 -2.0222999562745954 -0.1953036802890043 -0.045007326774126014 0.005864529371517937 0.0737972014567759 -0.05071851225697379 -0.0028395646000946547 -0.031826861871419476 0.001049097775912717 -0.10966993567436464 -0.17993874425727413 -0.0825213760190893 -0.0414685951249115 0.016333589546502693 0.03982080637132902 0.005202913631633715 0.07381193124368049 -0.01965372016846046 0.019943019943019943 -0.015137753557372086 -0.04728816830727659 0.010532475131655939
-0.05497861942577886 -0.002766506824050165 0.008912655971479503 -0.013230013230013226 0.002690824289173918 -0.02918110523436075 -0.043610547667342806 -0.055479953941170335 -0.11158876795024238 -0.025462089777442472 0.04417670682730924 -0.1321863197650021 -0.024344362067057652 -0.026870163370593288 -0.004110574452779776 -0.06253908692933083 0.06922592825676525 -0.14640638864241348 0.007289388732687705 -0.04370362841752211 -0.029654036243822075 -0.019305019305019305 0.11473103149691526 -0.06117159149818559 0.014743463731079218 -0.046812749003984064 0.012499999999999999 -0.040923399790136414 -0.04793289394847213 -0.0876735205093414 -0.07046764894298527 -0.015533980582524273 -0.08679169992019153 0.0020535989321285564 -0.0037893141341417205 -0.02384974659644241 -0.0066401062416998665 -0.053362979433018334 -0.13759431868619615 -0.05250875145857642 -0.01806396769737541 -0.05282520516932364 -0.009289363678588016 0.00975800156128025 0.021442495126705652 0.025984409354387367 0.0887985449876966 -0.10609505250622497 -0.10134436401240951 0.04084625052366987 -0.07022334926363015 0.02292105986980838 0.0564824469933959 -0.007648508540834538 0.018859452177817697 0.027074969657361593 0.02727823802788442 -1.0052854122621564 -0.3843710292249048 -0.08923884514435695 -0.036084381939304216 0.05024190547078526 0.0038707180181923734 0.06902815622161672 0.07311746272908556 0.055821371610845286 -0.08717445788384003 -2.4989464812473656 -1.9505172229924284 -0.20197632750570088 -0.03751442862639477 -0.03514211886304909 0.02814258911819887 0.02940281861502586 0.05949938448912597 0.040008650519031144 -0.0677401443642421 -2.7478280240588107 -2.4836029733275033 -0.23142921652743284 -0.04605400879212896 0.0019548431238393137 0.05079547632739121 -0.05447543909082371 -0.012304779933743498 -0.03076596647570549 -0.007343684431389002 -0.1855952757566171 -0.31010719754977034 -0.09445217737124677 -0.06574289471022554 0.012490392006149114 0.019910403185664508 -0.007284079084287203 0.059656218402426686 -0.024333177351427236 0.006647673314339983 -0.021192854980320922 -0.0627292028565914 0.005851375073142188
-0.06283270791517584 -0.013832534120250827 0.005941770647653001 -0.013230013230013226 -0.003587765718898557 -0.03374065292722962 -0.05070993914807302 -0.05966712027635299 -0.1143327540473795 -0.03960769520935496 0.038152610441767064 -0.14582459085186739 -0.02655748589133562 -0.027944969905417016 -0.016442297811119104 -0.07191994996873045 0.0513950073421439 -0.16748003549245785 -0.01562011871290222 -0.05589998983636548 -0.03514552443712246 -0.032175032175032175 0.11797813616192228 -0.06635562467599793 0.016709258895223116 -0.04382470119521912 0.013541666666666669 -0.048268625393494226 -0.06191332135010984 -0.0970671119924851 -0.07260303224428785 -0.02330097087378641 -0.08280127693535513 0.00102679946606428 -0.007578628268283441 -0.023849746596442414 -0.019920318725099598 -0.048916064480266815 -0.15312916111850863 -0.061843640606767794 -0.020189140367654866 -0.059428355815489095 -0.014862981885740829 0.014637002341920374 0.016569200779727095 0.022986208275034975 0.0759602011340537 -0.12882970661470178 -0.12616339193381593 0.028278173439463768 -0.07900126792158392 0.02658842944897772 0.05213764337851928 0.005099005693889691 0.009878760664571173 0.04481374288115022 0.034350373812891494 -0.5369978858350951 -0.27742481999152907 -0.06929133858267718 -0.044411547002220574 0.043729065872720504 0.004838397522740467 0.06902815622161672 0.07881492735732601 0.06678628389154705 -0.07409828920126403 -2.217656974294142 -1.7926842273648291 -0.1943750678683896 -0.04713351288957292 -0.05684754521963824 0.006253908692933086 0.016222244753117714 0.04411161263848995 0.019463667820069207 -0.09550249861188229 -3.1721987079527736 -2.9263226934849147 -0.2630390607360578 -0.06280092108017583 -0.003909686247678621 0.028752156411730866 -0.05729313421621114 -0.03596781826786559 -0.03500954805856143 -0.03671842215694503 -0.29842876726774226 -0.49004594180704447 -0.10936567906144364 -0.07383432790533022 -0.0009607993850883928 0.022896963663514187 -0.019771071800208116 0.06167846309403437 -0.021525503041647173 1.3877787807814458e-18 -0.029266323544252702 -0.06369426751592358 -0.009362200117027503
-0.06806876690810716 -0.02028771670970122 -0.011883541295306001 -0.02173502173502173 -0.010763297156695667 -0.03647638154295094 -0.056795131845841784 -0.04815241285460065 -0.12073538827403274 -0.045265937382119946 0.045180722891566265 -0.14267729752412925 -0.01549186676994578 -0.02257093723129836 -0.012331723358339326 -0.07087763185324161 0.04510174113698343 -0.1685891748003549 -0.020826824950536293 -0.06199817054578718 -0.03844041735310269 -0.02252252252252252 0.11040155861023922 -0.04872991187143598 0.012777668566935328 -0.029880478087649397 0.00625 -0.04197271773347324 -0.07789095266626722 -0.09602337960546914 -0.0661968823403801 -0.032038834951456305 -0.07382282521947325 -0.00308039839819283 -0.00568397120121258 -0.02186226771340554 -0.023240371845949535 -0.047804335742078936 -0.15645805592543272 -0.07467911318553092 -0.003187759005419189 -0.06980473540232054 -0.013934045517882025 -0.00683060109289617 0.024366471734892786 0.004997001798920648 0.08344923504867871 -0.16780339937209052 -0.12616339193381593 0.00837871805613741 -0.08582853798888129 0.02292105986980838 0.036496350364963515 0.002549502846944844 -0.003592276605298607 0.03547754644757726 0.037381289149323094 -0.27061310782241016 -0.21495129182549766 -0.06404199475065617 -0.03978534418948927 0.047450688500186085 0.015482872072769499 0.06176203451407812 0.09020985661380686 0.07077352472089314 -0.052304674730304035 -1.7983565107458908 -1.5772635171163485 -0.17700076012596375 -0.04520969603693729 -0.06098191214470283 0.0041692724619553905 0.0040555611882794294 0.03487894952810833 0.0032439446366782044 -0.10327595780122154 -3.5263978614390736 -3.2684739833843466 -0.28448859787762476 -0.08059451538622565 -0.012706480304955525 0.007667241709794903 -0.05353620738236122 -0.057737813535257934 -0.03607044345427541 -0.058749475451112046 -0.45344300326900766 -0.7187978560490047 -0.12626764764366674 -0.07585718620410639 0.0 0.01991040318566451 -0.03329864724245578 0.05156723963599595 -0.02339728591483388 -0.008547008547008548 -0.01816530426884651 -0.05983400887859488 -0.016383850204798128
-0.06457806091281962 -0.02028771670970122 -0.004951475539710834 -0.022680022680022678 -0.009866355726971029 -0.04103592923581981 -0.05172413793103449 -0.05129278760598764 -0.11341809201500046 -0.04998113919275746 0.03413654618473895 -0.14267729752412922 -0.02655748589133562 -0.019346517626827167 -0.02363580310348371 -0.06670835939128622 0.04824837423956367 -0.17635314995563445 -0.03332291992085806 -0.06301453399735746 -0.035145524437122454 -0.026812526812526816 0.10931919038857021 -0.055987558320373255 0.010811873402791428 -0.036852589641434265 0.005208333333333336 -0.055613850996852045 -0.10685040942680246 -0.10959190063667675 -0.06299380738842622 -0.032038834951456305 -0.07182761372705507 -0.007187596262449941 -0.0037893141341417205 -0.014906091622776507 -0.02213368747233289 -0.047804335742078936 -0.164225477141589 -0.07817969661610268 -0.012751036021676761 -0.06225827752098858 -0.024152345564328843 -0.005854800936768145 0.01364522417153996 0.005996402158704777 0.07703006312185728 -0.1764642199848436 -0.14788004136504654 0.003142019271051527 -0.08192724080756851 0.020170532685431376 0.03562738964198819 -0.005099005693889691 0.0017961383026493059 0.03734478573429185 0.04041220448575471 -0.25158562367864695 -0.2001270648030496 -0.06299212598425197 -0.04256106587712806 0.05024190547078526 0.028062705631894714 0.06267029972752045 0.09495774380400722 0.08074162679425836 -0.02506265664160401 -1.3516645596291612 -1.3159859230030926 -0.15528287544793137 -0.053866871873797614 -0.05788113695090439 -0.013550135501355013 0.011152793267768427 0.017439474764054167 0.011894463667820068 -0.10882842865074957 -3.5252840276230786 -3.3581110625273283 -0.28787536689997745 -0.08896797153024912 -0.028345225295670018 -0.004792026068621812 -0.06480698788391095 -0.07193563653573118 -0.05834924676426904 -0.07658413764162819 -0.7845618475166087 -1.1772588055130169 -0.16404851859216546 -0.07484575705471833 0.0038431975403535753 0.03086112493777999 -0.030176899063475544 0.051567239635995944 -0.011230697239120263 -0.00664767331433998 -0.007064284993440309 -0.04825323296660876 -0.008191925102399062
-0.060214678418710185 -0.01567687200295094 -0.006932065755595166 -0.006615006615006612 -0.014351062875594223 -0.034652562465803394 -0.05172413793103449 -0.04919920443839632 -0.12073538827403274 -0.04809505846850245 0.0321285140562249 -0.1405791019723038 -0.052008409870532256 -0.019346517626827167 -0.038022813688212934 -0.06358140504481968 0.035661841829242716 -0.1730257320319432 -0.057273768613974804 -0.06403089744892773 -0.038440417353102684 -0.031102531102531104 0.10607208572356315 -0.051840331778123375 -0.0019657951641438944 -0.036852589641434265 -0.0072916666666666685 -0.04931794333683106 -0.1378070701018574 -0.10854816824966078 -0.057655349135169766 -0.031067961165048542 -0.06683958499600956 -0.0030803983981928323 -0.01042061386888973 -0.009937394415184337 -0.023240371845949535 -0.04891606448026682 -0.1841988459831336 -0.07584597432905485 -0.01487620869195622 -0.0603716630506556 -0.03808639108221087 -0.010733801717408273 -0.003898635477582846 0.0029982010793523873 0.06633144324382155 -0.17538161740824942 -0.17063081695966906 6.938893903907229e-19 -0.0829025651028967 0.025671587054185385 0.037365311087938835 6.938893903907229e-19 -0.0008980691513246514 0.03827840537764914 0.04243281471004244 -0.23044397463002114 -0.19271495129182553 -0.060892388451443555 -0.03700962250185048 0.06047636769631559 0.022256628604606154 0.07447774750227068 0.09020985661380686 0.0867224880382775 -0.008717445788384005 -0.9723978086809943 -1.0685720379652337 -0.1324790965359974 -0.055790688726433245 -0.0516795865633075 -0.035438815926620806 0.021291696238467 -0.0020517029134181353 0.014057093425605535 -0.10771793448084396 -3.4339496547115167 -3.373414954088326 -0.29464890494468277 -0.09315469960226083 -0.042029127162545206 -0.0019168104274487237 -0.08359162205316052 -0.07288215806909606 -0.07638446849140675 -0.08917331095258077 -1.1241168406622377 -1.6893185298621745 -0.2127659574468085 -0.0768686153534945 0.0028823981552651805 0.023892483822797413 -0.012486992715920915 0.0404448938321537 -0.010294805802526907 -0.012345679012345677 0.00403673428196589 -0.04921829762594094 -0.012873025160912816
-0.060214678418710185 -0.007377351530800441 -0.017825311942959002 0.010395010395010392 -0.013454121445869582 -0.032828743388655844 -0.038539553752535496 -0.049199204438396316 -0.11616207811213757 -0.04903809883062995 0.02911646586345381 -0.13533361309274022 -0.07081996237689499 -0.013972484952708508 -0.03699517007501799 -0.06462372316030854 0.03985735263268303 -0.1685891748003549 -0.06248047485160888 -0.06911271470677914 -0.04503020318506314 -0.03968253968253967 0.10823682216690118 -0.059097978227060644 -0.003931590328287792 -0.04382470119521912 -0.010416666666666668 -0.0503672612801679 -0.14579588575993607 -0.11898549211982046 -0.056587657484518473 -0.022330097087378636 -0.06484437350359137 0.002053598932128556 -0.00568397120121258 -0.003974957766073735 -0.0199203187250996 -0.05225125069483046 -0.19418553040390588 -0.07467911318553092 -0.021251726702794602 -0.051881897934157165 -0.05387830933581049 0.005854800936768154 -0.0029239766081871343 0.013991605036977814 0.06312185728041084 -0.17105120710187288 -0.1892450879007239 -0.003142019271051532 -0.08192724080756851 0.03208948381773173 0.036496350364963515 0.003399337129259794 0.005388414907947914 0.04388012323779293 0.053546170943624974 -0.20507399577167015 -0.17259635747564592 -0.05249343832020997 -0.035159141376757956 0.06885001860811313 0.022256628604606154 0.08719346049046324 0.10065520843224765 0.09669059011164274 0.015255530129672007 -0.6753055204382636 -0.815825957129146 -0.11510478879357151 -0.057714505579068875 -0.03307493540051679 -0.04169272461955388 0.036500050694514855 0.004103405826836275 0.020544982698961937 -0.09106052193225986 -3.222321229672533 -3.265194578049846 -0.2901332129148792 -0.0921080175842579 -0.06548724464861695 -0.023001725129384705 -0.11270780501549733 -0.07572172266919072 -0.11139401654996817 -0.09232060428031892 -1.4879257618896973 -2.210949464012251 -0.26645456353151714 -0.07484575705471833 -0.0009607993850883928 0.025883524141363863 -0.013527575442247659 0.0404448938321537 -0.011230697239120263 -0.014245014245014242 0.018165304268846504 -0.03377726307662614 -0.019894675248683442
-0.05672397242342264 -0.0064551825894503855 -0.013864131511190337 -0.011340011340011339 -0.013454121445869582 -0.040124019697246036 -0.033468559837728194 -0.05443316235737465 -0.11616207811213757 -0.05563938136552245 0.03915662650602409 -0.13638271086865295 -0.06086090516764413 -0.02149613069647463 -0.034939882848628104 -0.07296226808421931 0.04824837423956367 -0.16415261756876665 -0.06039779235655525 -0.07521089541620084 -0.03514552443712246 -0.04075504075504076 0.11364866327524623 -0.057024364955935714 0.0009828975820719498 -0.044820717131474105 -0.005208333333333334 -0.053515215110178385 -0.15078889554623526 -0.1242041540549003 -0.04804612427930814 -0.016504854368932037 -0.04688747007182761 0.009241195194578502 0.0018946570670708607 -0.001987478883036869 -0.01438689685701638 -0.05225125069483046 -0.19751442521082999 -0.06651108518086349 -0.01700138136223568 -0.031129138760494297 -0.03994426381792847 0.02634660421545667 -0.0029239766081871343 0.030981411153308012 0.0684711672194287 -0.14939915556999026 -0.19441571871768354 0.006284038542103057 -0.07412464644494293 0.03208948381773173 0.04257907542579076 -0.004249171411574744 0.015267175572519085 0.034543926804219964 0.06364922206506365 -0.19238900634249473 -0.15988987717069042 -0.05564304461942258 -0.02960769800148038 0.0744324525493115 0.03580414166827947 0.07811080835603998 0.10445351818440793 0.09669059011164274 0.02179361447096001 -0.491993257479983 -0.6451956915857952 -0.10315995222065373 -0.0461716044632551 -0.007235142118863049 -0.03648113404210965 0.027375038020886137 0.006155108740254411 0.02703287197231834 -0.07773459189339256 -2.868122076186233 -3.029077393965894 -0.27545721381801763 -0.08687460749424325 -0.08699051901084938 -0.020126509488211614 -0.14464168310322156 -0.07382867960246095 -0.15170804158709952 -0.09861519093579521 -1.8422440156068753 -2.788093415007657 -0.3201431696162259 -0.06372003641144938 0.006725595695618755 0.031856645097063215 -0.012486992715920915 0.04347826086956522 -0.02152550304164717 -0.01614434947768281 0.02724795640326975 -0.02702181046130091 -0.032767700409596257
-0.061087354917532075 0.004610844706750277 -0.019805902158843335 -0.006615006615006619 -0.023320477172840613 -0.041035929235819814 -0.05070993914807302 -0.05338637077357898 -0.127138022500686 -0.057525462089777435 0.04116465863453815 -0.1248426353336131 -0.044262476485559366 -0.011822871883061048 -0.029801664782653375 -0.07296226808421931 0.04615061883784351 -0.15749778172138423 -0.05623242736644799 -0.07622725886777112 -0.04942339373970346 -0.04397254397254397 0.1017426128368871 -0.06946604458268532 -0.011794770984863376 -0.05577689243027888 -0.01666666666666667 -0.0640083945435467 -0.16676652686239263 -0.12733535121594822 -0.056587657484518473 -0.005825242718446603 -0.04189944134078213 0.03080398398192833 -0.009473285335354301 0.009937394415184337 -0.026560424966799466 -0.045580878265703166 -0.21193963604083446 -0.06417736289381563 -0.021251726702794606 -0.016979530232996885 -0.03158383650719925 0.049765807962529274 -0.004873294346978557 0.04097541475114931 0.0641917192682144 -0.13857312980404893 -0.19751809720785934 -0.0020946795140343545 -0.08192724080756851 0.03850738058127808 0.024330900243309007 -0.0050990056938896924 0.0035922766052986074 0.03174306787414808 0.04950495049504951 -0.17230443974630022 -0.16518424396442186 -0.05669291338582676 -0.03700962250185048 0.07629326386304429 0.03677182117282756 0.08174386920980926 0.09495774380400722 0.108652312599681 0.008717445788384005 -0.3034134007585335 -0.5449504105790764 -0.08578564447822783 -0.05001923816852636 0.0010335917312661465 -0.030227225349176566 0.03954172158572442 0.003077554370127205 0.044333910034602075 -0.07884508606329817 -2.428157718868345 -2.7076956711849585 -0.2664258297584105 -0.09734142767427256 -0.09187762682044767 -0.033544182480352694 -0.16530478068939608 -0.09086606720302887 -0.16868236791852323 -0.12379353755770035 -2.1955077507118 -3.420750382848392 -0.3569298071187114 -0.07788004450288259 0.015372790161414296 0.021901443504230962 -0.016649323621227886 0.025278058645096062 -0.016846045858680395 -0.040835707502374176 0.036330608537693 -0.02702181046130091 -0.030427150380339378
-0.07243214940221661 0.0027665068240501655 -0.024757377698554166 -0.027405027405027406 -0.03408377432953628 -0.044683567390114906 -0.06795131845841787 -0.051292787605987655 -0.12805268453306504 -0.05469634100339495 0.03112449799196787 -0.11435165757448593 -0.04647560030983733 0.00322441960447119 -0.03905045730140788 -0.05628517823639775 0.03566184182924271 -0.1452972493345164 -0.052067062376340734 -0.07012907815834943 -0.06040637012630423 -0.04182754182754182 0.09524840350687303 -0.064282011404873 -0.025555337133870648 -0.04880478087649402 -0.025 -0.06610703043022037 -0.17175953664869184 -0.12316042166788435 -0.0661968823403801 -0.004854368932038836 -0.048882681564245814 0.018482390389156996 -0.01989389920424403 0.006956176090629036 -0.044267374944665774 -0.04558087826570316 -0.21415889924545053 -0.06651108518086347 -0.03400276272447136 -0.010376379586831432 -0.03994426381792847 0.05854800936768151 -0.016569200779727095 0.053967619428342994 0.05242323740237509 -0.12666450146151348 -0.20682523267838676 -0.004189359028068708 -0.0848532136935531 0.03484001100210874 0.02085505735140772 -0.0025495028469448467 -0.008980691513246519 0.03361030716086266 0.040412204485754694 -0.15856236786469344 -0.15671325709445152 -0.06299212598425197 -0.05273871206513694 0.07071082992184594 0.02709502612734662 0.06721162579473207 0.0750166176051657 0.11064593301435406 -0.013076168682576005 -0.22229245680573118 -0.49056201343713346 -0.07927027907481812 -0.055790688726433245 0.018604651162790697 -0.020846362309776933 0.04663895366521342 0.001025851456709066 0.06487889273356401 -0.07107162687395892 -1.983738026286478 -2.3174464363795364 -0.24836306163919622 -0.11722838601632826 -0.11142605805884079 -0.04983707111366685 -0.2019348173194327 -0.12304779933743493 -0.19732654360280075 -0.16680654637012168 -2.5782980069598227 -4.09552067381317 -0.3966991449592364 -0.08799433599676346 0.010568793235972332 0.011946241911398708 -0.01768990634755463 0.009100101112234582 -0.02152550304164717 -0.06172839506172839 0.029266323544252702 -0.029917004439297436 -0.03627852545348157
-0.07417750239986039 -0.001844337882700111 -0.0267379679144385 -0.041580041580041575 -0.03408377432953628 -0.04650738646726245 -0.06795131845841786 -0.05862032869255732 -0.12439403640354889 -0.06695586571105243 0.029116465863453816 -0.1185480486781368 -0.0486887241341153 -0.022570937231298365 -0.04110574452779776 -0.0771315405461747 0.028319697923222153 -0.15749778172138423 -0.05831510986150161 -0.08537452993190366 -0.05930807248764416 -0.051480051480051484 0.1006602446152181 -0.08398133748055987 -0.024572439551798702 -0.05776892430278885 -0.028125 -0.07450157397691501 -0.170760934691432 -0.13986013986013984 -0.0661968823403801 -0.017475728155339803 -0.045889864325618514 0.011294794126707053 -0.02368321333838575 0.005962436649110603 -0.05533421868083223 -0.05113952195664258 -0.21637816245006655 -0.07817969661610269 -0.04250345340558921 -0.0150929157626639 -0.046446818392940084 0.042935206869633105 -0.016569200779727095 0.04297421547071757 0.04493420348775008 -0.12666450146151348 -0.2119958634953464 -0.021994134897360705 -0.07900126792158392 0.03759053818648574 0.02606882168925965 0.0008498342823149478 -0.005388414907947912 0.039212025021006444 0.040412204485754694 -0.14482029598308668 -0.15565438373570523 -0.06299212598425197 -0.06384159881569208 0.06791961295124674 0.025159667118250434 0.05722070844686648 0.07311746272908556 0.10765550239234449 -0.02179361447096001 -0.19490096923725245 -0.461768156126693 -0.08361385601042458 -0.06348595613697576 0.01757105943152455 -0.013550135501355013 0.026361147723816286 0.005129257283545342 0.05730968858131487 -0.05885619100499721 -1.5638226776564936 -1.9129864451246177 -0.2472341386317453 -0.13816202637638686 -0.13390675398299287 -0.06708836496070539 -0.23574715882408187 -0.14387127307146236 -0.24082325482707403 -0.2014267729752413 -3.0401771591268583 -4.781776416539051 -0.4483992841519188 -0.09810862749064429 0.0019215987701767883 0.004977600796416129 -0.030176899063475548 0.005055611729019211 -0.032756200280767436 -0.0731244064577398 0.013119386416389142 -0.029917004439297436 -0.053832650672908135
-0.07766820839514793 0.004610844706750276 -0.028718558130322834 -0.032130032130032134 -0.03139295004036237 -0.044683567390114906 -0.07099391480730223 -0.050245996022192 -0.12256471233879081 -0.06412674462466993 0.012048192771084338 -0.11644985312631137 -0.05864778134336616 -0.0236457437661221 -0.05652039872572192 -0.07400458619970815 0.016782043213761276 -0.15638864241348713 -0.0645631573466625 -0.0833418030287631 -0.061504667764964306 -0.054697554697554704 0.08009524840350687 -0.09020217729393468 -0.03636721053666207 -0.06075697211155377 -0.02708333333333333 -0.07030430220356768 -0.17575394447773116 -0.14403506940820374 -0.06939995729233397 -0.017475728155339803 -0.0518754988028731 0.009241195194578498 -0.023683213338385755 0.005962436649110602 -0.04869411243913237 -0.040022234574763754 -0.21083000443852642 -0.07117852975495916 -0.04675379874614812 -0.017922837468163384 -0.05294937296795169 0.03220140515222482 -0.021442495126705652 0.03797721367179692 0.04386434149994651 -0.11367327054238388 -0.2140641158221303 -0.018852115626309177 -0.08192724080756851 0.02750527184377006 0.02693778241223497 -0.003399337129259795 -0.011674898967220473 0.03267668751750537 0.03232976358860375 -0.13847780126849893 -0.15565438373570523 -0.06929133858267715 -0.06199111769059956 0.07257164123557872 0.015482872072769497 0.06267029972752045 0.06172253347260469 0.108652312599681 -0.028331698812248014 -0.1696165191740413 -0.4479044470512957 -0.07709849060701487 -0.06444786456329357 0.02583979328165375 -0.022930998540754626 0.03143059920916557 -0.0020517029134181366 0.058391003460207605 -0.0421987784564131 -1.1828915125863222 -1.5194578049846963 -0.22578460149017837 -0.15909566673644546 -0.1554100283452253 -0.09200690051753882 -0.24889640274255656 -0.17037387600567913 -0.27795459367706343 -0.23185060847671002 -3.5136560160286825 -5.458460949464012 -0.4881686219924438 -0.09204005259431577 0.005764796310530361 0.0019910403185664505 -0.03537981269510926 -0.0010111223458038395 -0.031820308844174076 -0.0721747388414055 0.02522958926228681 -0.01930129318664351 -0.04564072557050907
-0.0724321494022166 0.011066027296200664 -0.03664091899386017 -0.027405027405027406 -0.034083774329536284 -0.041947838774393585 -0.06186612576064909 -0.049199204438396316 -0.12165005030641177 -0.06224066390041494 0.012048192771084338 -0.1101552664708351 -0.069713400464756 -0.027944969905417026 -0.06165861679169664 -0.06670835939128622 0.022026431718061675 -0.15084294587400177 -0.06664583984171613 -0.08435816648033337 -0.06479956068094453 -0.046117546117546114 0.0638597250784717 -0.0891653706583722 -0.0491448791035974 -0.058764940239043814 -0.03020833333333333 -0.06925498426023084 -0.1807469542640303 -0.14090387224715584 -0.07260303224428785 -0.01650485436893204 -0.06185155626496408 0.0061607967963856645 -0.024630541871921187 0.00794991553214747 -0.04094732182381585 -0.032240133407448586 -0.20750110963160232 -0.06651108518086347 -0.05206673042184677 -0.010376379586831432 -0.0585229911751045 0.019516003122560497 -0.03216374269005848 0.03897661403158105 0.04493420348775008 -0.1104254628126015 -0.2202688728024819 -0.016757436112274825 -0.0858285379888813 0.02475474465939305 0.019986096628432398 -0.010198011387779385 -0.016165244723843737 0.030809448230790775 0.028288543140028283 -0.13636363636363635 -0.16941973739940702 -0.08083989501312336 -0.05551443375277574 0.0735020468924451 0.017418231081865684 0.06630336058128974 0.056974646282404326 0.10067783094098885 -0.022883295194508012 -0.1632954066582385 -0.42230990721979306 -0.08252796177652297 -0.06348595613697576 0.03617571059431525 -0.013550135501355014 0.03447227010037513 -0.011284366023799754 0.06920415224913494 -0.03331482509716824 -0.8420583648919582 -1.1477918670747704 -0.208850756378415 -0.1727025329704836 -0.16616166552634154 -0.11117500479202606 -0.2723771954541185 -0.1911973497397066 -0.3055378739656269 -0.2517834662190516 -3.982916798481493 -6.092075038284839 -0.5110359912507456 -0.08799433599676341 0.008647194465795543 -0.004977600796416128 -0.04058272632674297 -0.011122345803842268 -0.03930744033692092 -0.07122507122507123 0.023211222121303866 -0.016406099208646985 -0.03861907548273844
-0.06108735491753207 0.006455182589450388 -0.03664091899386017 -0.017955017955017954 -0.03318683289981165 -0.045595476928688684 -0.05476673427991886 -0.06280749502773998 -0.12713802250068598 -0.06506978498679743 0.014056224899598393 -0.1258917331095258 -0.06528715281620005 -0.05481513327601033 -0.060630973178501704 -0.08234313112361893 0.024124187119781832 -0.16637089618456075 -0.07705925231698427 -0.10061998170545787 -0.06589785831960462 -0.06113256113256114 0.051953674640112565 -0.10368066355624675 -0.0550422645960291 -0.07768924302788845 -0.02708333333333333 -0.07869884575026234 -0.19372877970840818 -0.15447239327836343 -0.07794149049754431 -0.018446601941747572 -0.07681564245810055 0.006160796796385666 -0.024630541871921187 -0.0009937394415184347 -0.03320053120849934 -0.036687048360200106 -0.2208166888592987 -0.06651108518086347 -0.05737966209754543 -0.023582680879162342 -0.0557361820715281 0.0195160031225605 -0.0341130604288499 0.04197481511093344 0.04493420348775009 -0.1136732705423839 -0.2378490175801448 -0.021994134897360705 -0.0858285379888813 0.021087375080223715 0.02085505735140772 -0.013597348517039176 -0.012572968118545127 0.03547754644757726 0.03536067892503535 -0.13953488372093023 -0.187420584498094 -0.08818897637795275 -0.04718726868985936 0.05861555638258281 0.01935359009096187 0.06085376930063578 0.06457126578672491 0.09170653907496014 -0.020703933747412008 -0.1664559629161399 -0.4148448331022715 -0.09012922141383431 -0.053866871873797614 0.028940568475452205 -0.005211590577444235 0.028388928317955992 0.0010258514567090676 0.06271626297577852 -0.02109938922820655 -0.569169079973268 -0.8460865763008307 -0.2032061413411605 -0.1706091689344777 -0.1954843123839312 -0.11596703086064789 -0.30525030525030517 -0.19782300047326076 -0.36282622533418196 -0.26856903063365506 -4.45428661815881 -6.674961715160796 -0.5478226287532312 -0.082937190249823 -0.010568793235972328 -0.003982080637132902 -0.03954214360041623 -0.0030333670374115287 -0.05147402901263454 -0.07407407407407407 0.0010091835704914732 -0.02412661648330439 -0.046811000585137506
-0.06370538441399773 -0.005533013648100331 -0.04654387007328184 -0.023625023625023625 -0.03498071575926092 -0.04924311508298377 -0.06085192697768763 -0.09211765937401864 -0.15457788347205706 -0.07827235005658242 0.024096385542168676 -0.13638271086865297 -0.06528715281620007 -0.06878761822871884 -0.06474154763128147 -0.09380863039399626 0.012586532410320959 -0.17080745341614906 -0.09059668853483287 -0.10468543551173899 -0.061504667764964306 -0.06649506649506651 0.0454594653100985 -0.10990150336962157 -0.05602516217810103 -0.07569721115537847 -0.03125000000000001 -0.07869884575026234 -0.18274415817855 -0.1492537313432836 -0.07794149049754431 -0.02815533980582524 -0.07881085395051876 -0.009241195194578498 -0.026525198938992044 -0.01589983106429494 -0.03873395307658256 -0.06559199555308504 -0.2430093209054594 -0.07584597432905484 -0.0531293167569865 -0.03395906046599377 -0.05387830933581049 0.009758001561280248 -0.03313840155945419 0.03098141115330802 0.042794479512142936 -0.13207751434448417 -0.24922440537745608 -0.028278173439463768 -0.08290256510289672 0.01742000550105437 0.020855057351407715 -0.019546188493243816 -0.012572968118545127 0.029875828587433477 0.03334006870074762 -0.16807610993657507 -0.20542143159678106 -0.09448818897637795 -0.04811250925240563 0.05303312244138444 0.006773756531836659 0.054495912806539516 0.06267211091064476 0.0867224880382775 -0.02506265664160401 -0.18647281921618203 -0.4148448331022715 -0.09447279834944076 -0.057714505579068875 0.01963824289405685 -0.015634771732332707 0.01520835445604786 -0.006155108740254411 0.044333910034602075 -0.02665186007773459 -0.5335263978614392 -0.7094446873633581 -0.21336644840821856 -0.17060916893447775 -0.2169875867461636 -0.12938470385278894 -0.3324880247957171 -0.21107430194036914 -0.3925312964141735 -0.28220730172052033 -4.459559211220078 -6.773545176110259 -0.577649632133625 -0.08900576514615151 -0.041314373558800924 -0.01791936286709806 -0.06867845993756502 -0.012133468149646108 -0.07487131492746842 -0.09116809116809117 -0.054495912806539516 -0.06755452615325228 -0.07840842598010532
-0.061960031416353964 -0.01936554776835116 -0.04060209942562883 -0.03307503307503308 -0.029599067180913086 -0.0583622104687215 -0.05476673427991887 -0.12561499005547996 -0.16921247599012165 -0.0952470765748774 0.03112449799196787 -0.1458245908518674 -0.057541219431227184 -0.08276010318142735 -0.05652039872572192 -0.11673962893475087 0.028319697923222153 -0.19188110026619343 -0.08538998229719878 -0.11891452383372295 -0.06589785831960462 -0.074002574002574 0.049788938196774546 -0.13063763608087092 -0.048161981521525454 -0.08764940239043824 -0.03125 -0.1007345225603358 -0.17275813860595166 -0.16177851998747522 -0.08541533205210336 -0.036893203883495145 -0.08778930566640064 -0.01642879145702844 -0.025577870405456615 -0.02583722547947928 -0.03541389995573262 -0.09227348526959421 -0.24855747891699959 -0.08634772462077013 -0.048878971416427594 -0.03395906046599378 -0.04551788202508128 0.009758001561280252 -0.02046783625730994 0.03098141115330802 0.053493099390178676 -0.14290354011042544 -0.2471561530506722 -0.028278173439463768 -0.08192724080756852 0.0027505271843770024 0.02085505735140772 -0.024645194187133505 -0.010776829815895825 0.02053963215386052 0.037381289149323094 -0.20084566596194503 -0.21918678526048282 -0.10918635170603674 -0.04903774981495189 0.040937848902121335 0.0009676795045480944 0.049954586739327886 0.06741999810084512 0.08373205741626795 -0.014165849406124007 -0.20016856300042138 -0.3892502932707689 -0.096644586817244 -0.053866871873797614 0.00930232558139535 -0.0031269543464665416 -0.005069451485349287 0.0030775543701272055 0.03243944636678201 -0.023320377568017768 -0.51459122298953 -0.6329252295583734 -0.22013998645292387 -0.17584257902449235 -0.24435539047991398 -0.1255510829978915 -0.35502958579881655 -0.21864647420728822 -0.41905368130702314 -0.2885018883759966 -4.457450173995571 -6.6424196018376716 -0.60151123483794 -0.09709719834125619 -0.06245196003074558 -0.023892483822797413 -0.08532778355879292 -0.00910010111223458 -0.09452503509592888 -0.09211775878442544 -0.10394590776062165 -0.1013317892298784 -0.0994733762434172
-0.061960031416353964 -0.04518627812615271 -0.037631214101802334 -0.05292005292005292 -0.032289891470087 -0.06930512493160677 -0.06288032454361056 -0.15597194598555428 -0.19482301289673468 -0.11222180309317238 0.01907630522088353 -0.16051195971464544 -0.058647781343366165 -0.09458297506448839 -0.07090740931045113 -0.12299353762768395 0.027270820222362074 -0.20962732919254662 -0.09372071227741333 -0.12196361418843375 -0.06809445359692476 -0.08258258258258258 0.03463578309340838 -0.12545360290305857 -0.048161981521525454 -0.08864541832669323 -0.03333333333333333 -0.11017838405036726 -0.1737567405632115 -0.1555161256653794 -0.09929532351057016 -0.04563106796116505 -0.08280127693535515 -0.025669986651606948 -0.029367184539598336 -0.02583722547947928 -0.04205400619743249 -0.11339633129516398 -0.26187305814469597 -0.08751458576429405 -0.059504834767824887 -0.04905197622865768 -0.04923362749651648 -0.0039032006245120995 -0.037037037037037035 0.02198680791525085 0.042794479512142936 -0.15805997618274334 -0.25853154084798347 -0.033514872224549644 -0.09558178094216327 -0.011002108737508022 0.013903371567605141 -0.025495028469448455 -0.012572968118545127 0.013070675007002147 0.023237017579308954 -0.2156448202959831 -0.24142312579415498 -0.11128608923884516 -0.05829015544041451 0.016747301823595094 -0.0009676795045480927 0.03360581289736603 0.056025068844364256 0.0687799043062201 -0.031600740982892006 -0.21491782553729455 -0.40204756318652024 -0.10641763492235853 -0.057714505579068875 -0.016537467700258397 -0.020846362309776944 -0.021291696238466995 -0.012310217480508822 0.027032871972318344 -0.028872848417545803 -0.4845177099576743 -0.5924792304328814 -0.2212689094603748 -0.20200962947456563 -0.2511973414133516 -0.13896875599003258 -0.3465765004226543 -0.23946994794131568 -0.41162741353702514 -0.31368023499790176 -4.324580828851629 -6.354326186830015 -0.6034997017299661 -0.11631435217962982 -0.08166794773251344 -0.03683424589347935 -0.09365244536940687 -0.02730030333670374 -0.1066916237716425 -0.11206077872744538 -0.15440508628519528 -0.16502605674580198 -0.10649502633118783
-0.06806876690810718 -0.05440796753965327 -0.05248564072093483 -0.05481005481005481 -0.04215624719705803 -0.07477658216304943 -0.07302231237322516 -0.16643986182351095 -0.21951888777096862 -0.1150509241795549 0.0060240963855421655 -0.16365925304238355 -0.06196746707978312 -0.0838349097162511 -0.07604562737642585 -0.12090890139670626 0.019928676316341515 -0.22404614019520852 -0.10934083099031552 -0.12806179489785546 -0.08237232289950577 -0.08580008580008579 0.014070786881697151 -0.1472265422498704 -0.05405936701395714 -0.09661354581673307 -0.041666666666666664 -0.11332633788037776 -0.17974835230677053 -0.1628222523744912 -0.10249839846252402 -0.05242718446601942 -0.09078212290502793 -0.05339357223534245 -0.04073512694202349 -0.04372453542681109 -0.05422753430721559 -0.1245136186770428 -0.2762982689747004 -0.09684947491248541 -0.058442248432685154 -0.06791812093198754 -0.056665118439386895 -0.0195160031225605 -0.03508771929824561 0.004997001798920648 0.033165721621910775 -0.17429901483165533 -0.25853154084798347 -0.05131964809384164 -0.10826099678142982 -0.014669478316677361 -0.0008689607229753219 -0.022095691340188663 -0.021553659631791646 0.005601717860143779 0.007072135785007068 -0.22832980972515862 -0.2636594663278272 -0.12598425196850394 -0.06846780162842339 0.009304056568663946 -0.012579833559125217 0.02815622161671208 0.0408318298357231 0.05681818181818182 -0.045766590389016024 -0.22229245680573112 -0.405246880665458 -0.11401889455966989 -0.06156213928434014 -0.03514211886304909 -0.022930998540754637 -0.021291696238466995 -0.012310217480508824 0.02162629757785467 -0.022209883398112158 -0.4600133660057919 -0.5498469610843901 -0.22239783246782568 -0.21561649570860375 -0.25412960609911056 -0.14951121334100057 -0.32967032967032966 -0.2442025556081401 -0.40632293655845536 -0.3252203105329416 -4.1168406622376885 -5.906393568147014 -0.6044939351759793 -0.13047436027106302 -0.10184473481936973 -0.061722249875559985 -0.1238293444328824 -0.05055611729019212 -0.11605053813757604 -0.13675213675213674 -0.18972651125239678 -0.23065045358038988 -0.1181977764774722
-0.06545073741164151 -0.05625230542235339 -0.05545652604476133 -0.05481005481005481 -0.0484348372051305 -0.07021703447018056 -0.07099391480730224 -0.1737674029100806 -0.24330010061282356 -0.11222180309317238 -0.006024096385542169 -0.16470835081829627 -0.07967245767400687 -0.07308684436801376 -0.08323913266879046 -0.11882426516572857 0.006293266205160479 -0.2218278615794144 -0.13120899718837864 -0.12602906799471492 -0.07797913234486546 -0.08258258258258257 0.003247104665007036 -0.12026956972524624 -0.0491448791035974 -0.08167330677290836 -0.042708333333333334 -0.1175236096537251 -0.18274415817855005 -0.1586473228264273 -0.09929532351057016 -0.059223300970873784 -0.09078212290502793 -0.06468836636204948 -0.03978779840848806 -0.05664314816655073 -0.0619743249225321 -0.1423012784880489 -0.29849090102086107 -0.10851808634772461 -0.06163000743810434 -0.07923780775398548 -0.06595448211797492 -0.04195940671350507 -0.037037037037037035 -0.008994603238057165 0.017117791804857174 -0.1807946302912201 -0.27300930713547056 -0.05131964809384164 -0.10435969960011704 -0.019253690290639038 -0.007820646506777894 -0.0025495028469448454 -0.021553659631791646 0.007468957146858371 -2.7755575615628915e-18 -0.2367864693446089 -0.28695468022024573 -0.12808398950131233 -0.057364914877868246 -0.0018608113137327884 -0.019353590090961874 0.009082652134423252 0.056025068844364256 0.04884370015948964 -0.02942137953579601 -0.21386430678466076 -0.388183854111123 -0.11293300032576828 -0.06637168141592921 -0.03824289405684754 -0.02710027100271003 -0.019263915644327285 -0.0164136233073451 0.019463667820069204 -0.023320377568017768 -0.42882601915794166 -0.5126803672933974 -0.208850756378415 -0.2135231316725979 -0.2580392923467892 -0.16005367069196857 -0.2977364515826054 -0.2479886417415996 -0.3935921918098875 -0.3220730172052034 -3.807866708847411 -5.344563552833078 -0.594551600715848 -0.13350864771922727 -0.12490392006149117 -0.07267297162767547 -0.1425598335067638 -0.053589484327603645 -0.1375760411792232 -0.14150047483380818 -0.25027752548188514 -0.2837290098436595 -0.1556465769455822
-0.06894144340692906 -0.061785319070453704 -0.06337888690829867 -0.0670950670950671 -0.05381648578347834 -0.07021703447018054 -0.06795131845841786 -0.17272061132628497 -0.2570200310985091 -0.1112787627310449 -0.008032128514056228 -0.15736466638690727 -0.09295120061967467 -0.0709372312983663 -0.08529441989518036 -0.11152803835730665 1.0408340855860842e-18 -0.20962732919254662 -0.14162240966364675 -0.12501270454314461 -0.07358594179022515 -0.07936507936507935 0.003247104665007035 -0.11612234318299637 -0.04423039119323766 -0.07669322709163347 -0.04583333333333333 -0.11962224554039877 -0.1877371679648492 -0.1628222523744912 -0.10036301516122145 -0.06796116504854369 -0.08978451715881883 -0.07084916315843516 -0.025577870405456615 -0.05763688760806916 -0.05090748118636564 -0.1478599221789883 -0.296271637816245 -0.10618436406067677 -0.0531293167569865 -0.07923780775398548 -0.0668834184858337 -0.06928181108508977 -0.036062378167641324 -0.0169898061163302 0.01925751578046432 -0.17538161740824942 -0.26680455015511895 -0.04817762882279011 -0.10631034819077342 -0.0155863207114697 -0.015641293013555786 0.0033993371292597952 -0.017063313875168386 0.014004294650359444 0.003030915336431601 -0.2367864693446089 -0.2986022871664549 -0.12388451443569555 -0.045336787564766834 -0.00465202828433197 -0.02128894910005806 0.011807447774750228 0.07691577248124584 0.054824561403508776 -0.009807126511932007 -0.202275600505689 -0.3657886317585582 -0.10424584645455533 -0.07791458253174298 -0.05064599483204134 -0.042735042735042736 -0.03751394099158471 -0.019491177677472302 0.011894463667820068 -0.025541365907828982 -0.38650033415014484 -0.47332750327940537 -0.19756152630390608 -0.227129997906636 -0.23751343954647647 -0.16484569676059038 -0.27425565887104353 -0.24514907714150494 -0.36282622533418196 -0.309483843894251 -3.4082041548033324 -4.692764165390505 -0.56969576456552 -0.14665722666127237 -0.12682551883166795 -0.10253857640617221 -0.1644120707596254 -0.07178968655207281 -0.14599906410856342 -0.1557454890788224 -0.290644868301544 -0.3425979540629222 -0.1778818022235225
-0.07592285539750415 -0.06547399483585394 -0.07130124777183602 -0.06331506331506331 -0.06368284151044937 -0.07295276308590189 -0.08012170385395538 -0.1653930702397153 -0.27165462361657366 -0.10090531874764239 -0.022088353413654623 -0.15841376416282 -0.11397587695031537 -0.05696474634565778 -0.09659849964032474 -0.09589326662497395 -0.006293266205160478 -0.1974267968056788 -0.14162240966364675 -0.11993088728529319 -0.08456891817682592 -0.07293007293007292 -0.009741313995021109 -0.09745982374287196 -0.0491448791035974 -0.0657370517928287 -0.053125 -0.10807974816369362 -0.18973437187936887 -0.14612253418223567 -0.09609224855861628 -0.07184466019417475 -0.09377494014365523 -0.06674196529417806 -0.017051913603637742 -0.0556494087250323 -0.040947321823815844 -0.14897165091717618 -0.296271637816245 -0.10268378063010501 -0.06056742110296461 -0.08489765116498445 -0.07152810032512771 -0.0702576112412178 -0.037037037037037035 -0.01998800719568259 0.024606825719482188 -0.17646421998484355 -0.25853154084798347 -0.04398826979472141 -0.11411294255339899 -0.022921059869808375 -0.027806743135210293 -0.0016996685646298985 -0.019757521329142345 0.013070675007002147 0.0030309153364316025 -0.22621564482029602 -0.29436679373146973 -0.11653543307086615 -0.040710584752035525 -0.012095273539263117 -0.025159667118250434 0.01634877384196185 0.07596619504320577 0.061802232854864435 -0.002179361447096001 -0.1885798567214496 -0.3465927268849312 -0.09881637528504725 -0.08080030781069643 -0.046511627906976744 -0.0594121325828643 -0.009125012673628714 -0.02872384078785392 0.031358131487889275 -0.025541365907828982 -0.3341501447983961 -0.4274158285964146 -0.167080605102732 -0.22294326983462423 -0.2248069592415209 -0.16101207590569291 -0.24889640274255656 -0.23757690487458594 -0.3256948864841927 -0.29269827947964744 -2.9273436676157334 -3.9902373660030626 -0.5269437263869556 -0.15373723070698897 -0.12970791698693312 -0.10253857640617223 -0.1623309053069719 -0.0910010111223458 -0.14412728123537671 -0.17378917378917377 -0.32697547683923706 -0.4033970276008493 -0.19426565242832067
-0.0785408848939698 -0.07838436001475471 -0.07031095266389384 -0.06142506142506142 -0.06099201722127545 -0.07477658216304943 -0.07200811359026368 -0.17272061132628497 -0.26342266532516234 -0.10562052055827989 -0.006024096385542169 -0.16365925304238355 -0.10291025782892552 -0.053740326741186575 -0.08118384544240059 -0.09172399416301855 0.0010488777008600798 -0.1918811002661934 -0.13225033843590545 -0.12196361418843378 -0.08896210873146623 -0.06006006006006005 -0.009741313995021109 -0.0891653706583722 -0.05012777668566935 -0.07071713147410358 -0.057291666666666664 -0.11017838405036726 -0.17874975034951068 -0.14194760463417178 -0.09609224855861628 -0.08155339805825242 -0.09078212290502793 -0.0646883663620495 -0.019893899204244034 -0.06260558481566134 -0.038733953076582554 -0.15897720956086714 -0.2829560585885486 -0.11085180863477247 -0.058442248432685154 -0.08584095840015094 -0.06502554575011611 -0.058548009367681494 -0.0341130604288499 -0.015990405756546068 0.02888627367069648 -0.17971202771462597 -0.24301964839710447 -0.04398826979472141 -0.11606359114405537 -0.015586320711469698 -0.050399721932568656 -0.004249171411574742 -0.0224517287831163 0.013070675007002147 0.009092746009294807 -0.21035940803382663 -0.28166031342651426 -0.11128608923884516 -0.038860103626943 -0.015816896166728694 -0.017418231081865684 0.021798365122615803 0.08736112429968665 0.064792663476874 0.015255530129672007 -0.1780446691951117 -0.31033379545696915 -0.10207405798675209 -0.08272412466333205 -0.047545219638242896 -0.057327496351886595 0.0020277805941397165 -0.017439474764054167 0.040008650519031144 -0.01110494169905608 -0.28514145689463133 -0.36401399212942726 -0.14788891397606685 -0.211429767636592 -0.19841657706969018 -0.13130151428023767 -0.23574715882408187 -0.2082347373402745 -0.29386802461277317 -0.26122534620226606 -2.3927027312032054 -3.2197549770290967 -0.48916285543845683 -0.16789723879842217 -0.13835511145272866 -0.11149825783972127 -0.16545265348595212 -0.10717896865520729 -0.1609733270940571 -0.19658119658119658 -0.39459077606216575 -0.4641961011387763 -0.2317144528964307
-0.08377694388690113 -0.07746219107340466 -0.07625272331154684 -0.06804006804006804 -0.06278590008072474 -0.07386467262447566 -0.07910750507099393 -0.15492515440175864 -0.2643373273575414 -0.09713315729913241 -0.008032128514056226 -0.16890474192194713 -0.09295120061967466 -0.05588993981083405 -0.0863220635083753 -0.10214717531790703 -0.006293266205160478 -0.18300798580301686 -0.13225033843590545 -0.11688179693058239 -0.07907742998352554 -0.05684255684255683 0.002164736443338021 -0.08916537065837221 -0.041281698447021814 -0.08366533864541832 -0.049999999999999996 -0.11647429171038826 -0.16377072099061313 -0.14507880179521968 -0.10356609011317533 -0.08058252427184465 -0.09876296887470072 -0.0729027620905637 -0.029367184539598336 -0.0705555003478088 -0.04205400619743249 -0.1656475819899944 -0.27518863737239235 -0.11318553092182031 -0.06056742110296461 -0.09055749457598342 -0.06502554575011611 -0.05464480874316939 -0.0341130604288499 -0.01299220467719368 0.027816411682892915 -0.1678033993720905 -0.2285418821096174 -0.036656891495601175 -0.10728567248610163 -0.029338956633354722 -0.04171011470281543 -0.012747514234724231 -0.009878760664571174 0.000933619643357296 0.018185492018589614 -0.20401691331923888 -0.25201185938161796 -0.10708661417322836 -0.043486306439674306 -0.013025679196129514 -0.01645055157731759 0.01634877384196185 0.08451239198556643 0.06778309409888357 0.009807126511932005 -0.15802781289506954 -0.2986029647008638 -0.09230100988163754 -0.08464794151596769 -0.05064599483204134 -0.05836981446737545 0.014194464158977996 -0.01333606893721789 0.04433391003460207 -0.009994447529150472 -0.22944976609489864 -0.31154350677743775 -0.13885752991645972 -0.2009629474565627 -0.1954843123839312 -0.10063254744105807 -0.21978021978021975 -0.1855182205395173 -0.2747719074899215 -0.23289970625262274 -1.8338078667088475 -2.455972434915773 -0.47027241996420754 -0.17093152624658642 -0.15276710222905457 -0.12543554006968644 -0.17898022892819979 -0.1223458038422649 -0.17407580720636406 -0.21462488129154794 -0.43697648602280753 -0.5163095927427137 -0.2562902282036278
-0.09337638537394188 -0.08483954260420509 -0.06932065755595167 -0.08127008127008126 -0.06816754865907257 -0.0756884917016232 -0.08924949290060852 -0.14550403014759763 -0.2579346931308882 -0.10279139947189742 -0.01104417670682731 -0.16261015526647085 -0.10180369591678654 -0.042992261392949274 -0.08837735073476519 -0.09797790285595163 -0.006293266205160478 -0.17413487133984026 -0.11246485473289598 -0.1036690720601687 -0.07248764415156508 -0.06220506220506221 0.00757657755168308 -0.1016070502851218 -0.03440141537251818 -0.0846613545816733 -0.0375 -0.11332633788037776 -0.1248252446574795 -0.13881640747312388 -0.10249839846252404 -0.07961165048543688 -0.09277733439744613 -0.0729027620905637 -0.03599848427434634 -0.06956176090629038 -0.04758742806551572 -0.16342412451361868 -0.25188637372392364 -0.11901983663943991 -0.06481776644352354 -0.076407886048486 -0.07617278216442172 -0.04000780640124903 -0.04191033138401559 -0.0039976014391365135 0.024606825719482188 -0.1407383349572372 -0.1964839710444674 -0.020946795140343526 -0.10533502389544522 -0.03575685339690108 -0.03823427181091414 -0.022945525622503612 -0.0017961383026493054 -0.008402576790215666 0.021216407355021217 -0.18076109936575052 -0.2107157983905125 -0.10078740157480315 -0.04071058475203552 -0.009304056568663935 -0.011612154054577124 0.020890099909173482 0.08926027917576679 0.06678628389154706 0.01743489157676801 -0.13485040033712603 -0.25807827663431804 -0.09121511564773592 -0.08945748364755676 -0.05064599483204134 -0.057327496351886595 0.01622224475311771 -0.0164136233073451 0.0551470588235294 -0.005552470849528044 -0.16930274003118734 -0.24376912986445126 -0.12192368480469636 -0.1852627171865187 -0.16909393021210048 -0.08433965880774393 -0.19817789048558282 -0.16280170373876007 -0.22809251007850628 -0.19723038187159042 -1.2316777391120952 -1.6539050535987747 -0.43348578246172204 -0.17801153029230302 -0.15661029976940816 -0.12742658038825286 -0.19042663891779393 -0.1274014155712841 -0.18062704726251755 -0.22222222222222218 -0.4712887274195176 -0.5385060799073538 -0.2691632533645406
-0.09512173837158566 -0.07377351530800444 -0.06932065755595167 -0.06804006804006804 -0.07265225580769577 -0.06839321539303303 -0.09330628803245436 -0.10991311629854494 -0.2387267904509284 -0.09053187476423992 -0.012048192771084338 -0.15316827528325644 -0.10180369591678655 -0.03009458297506449 -0.08118384544240057 -0.08651240358557433 -0.0020977554017201578 -0.1563886424134871 -0.09163802978235969 -0.09757089135074701 -0.08237232289950577 -0.057915057915057924 0.01948262799004221 -0.08709175738724728 -0.029486927462158436 -0.07968127490039842 -0.031249999999999993 -0.10073452256033577 -0.10884761334132212 -0.12733535121594824 -0.10356609011317533 -0.06990291262135921 -0.09477254588986432 -0.055447171167470985 -0.03505115574081091 -0.0616118453741429 -0.040947321823815844 -0.13229571984435798 -0.20750110963160232 -0.11085180863477248 -0.0563170757624057 -0.07357796434298652 -0.07152810032512773 -0.029274004683840754 -0.03508771929824561 0.008994603238057165 0.033165721621910775 -0.11150806538919562 -0.1582213029989659 -0.012568077084206116 -0.10923632107675803 -0.03300632621252407 -0.03215154675008689 -0.019546188493243816 -2.0816681711721684e-18 -0.007468957146858371 0.020206102242877347 -0.1405919661733615 -0.1725963574756459 -0.09553805774278216 -0.034233900814211696 -0.005582433941198362 -0.00870911554093284 0.025431425976385102 0.09210901148988701 0.07077352472089313 0.03160074098289201 -0.1053518752633797 -0.21755358856777218 -0.08144206754262136 -0.0731050404001539 -0.04341085271317829 -0.04690431519699812 0.02331947683260671 -0.004103405826836274 0.0681228373702422 0.006662965019433647 -0.12586322120739585 -0.19676432006996064 -0.09144276360352224 -0.17479589700648945 -0.13879386179259115 -0.0565459076097374 -0.16624401239785855 -0.1372456223379082 -0.19308296201994485 -0.17100293747377254 -0.9321944532320993 -1.100689127105666 -0.3758202425929608 -0.17396581369475067 -0.1354727132974635 -0.12742658038825286 -0.16545265348595212 -0.12335692618806875 -0.1731399157697707 -0.21272554605887942 -0.440004036734282 -0.5037637521713954 -0.25511995318899944
